0.93442681834804642
0.26541792977465872
-0.23748651268247134
0.042809108054338005
0.90366949882487313
0.42608545758004296
-0.40312516086576583
-0.20385093412987604
0.89215183759903094
0.3648158543419206
-0.4820965434736279
-0.79655025904933008
0.049675498387748492
0.75234718746456331
-0.6568912043665146
0.4884918720339872
-0.84209674705887427
0.22857987564436433
0.62847850196708333
0.072835525291146549
0.7744092967034768
-0.89611833559039866
0.42052378107825816
0.14188614508238187
-0.58097352266413893
-0.8139194200603751
0.0022234234423421958
-0.62848055465704422
-0.072830473028233936
-0.77440810598576348
