0.096420895443632235
0.48575361246724208
0.86876143957755891
-0.46520224862220988
-0.28055928872652602
0.83956736083896544
-0.99768154740970971
-0.02494652511553868
0.063318250471938842
0.87660414627110383
0.3331536345306027
0.3472374209951436
0.59843067544987916
-0.58875237071223196
0.54337038257649617
0.9565398335386146
-0.26454354321937834
0.12267135197288798
0.85547296896592862
0.058029654590276633
-0.51458581262676906
0.14080290015592511
0.14109058637779306
0.97993264551358372
-0.32964375331646179
0.0016048353018186588
-0.94410403049827596
-0.84269817935800317
-0.032290541146093504
-0.53741706286570334
0.29296507097343655
-0.75869418488587859
0.5818544500215509
-0.48150876455510977
0.5001851518193553
-0.71969724437159011
-0.013449492890417875
0.90880395092224242
-0.41700658259686174
-0.53312909398207076
0.68990520962939206
0.48969804050667892
-0.10618647499747247
-0.82882137473157713
0.54934466532011539
-0.25075114864277237
0.33795799983682412
-0.90714290594184976
0.16647354265611175
-0.23637622906990302
0.95729454084216747
-0.47697882730902208
0.079190300238221101
0.87533998803155921
-0.63758367639625335
-0.20374045920920403
-0.74295146602874418
0.86015679070979678
-0.48827700140561703
-0.14736303910466039
-0.35227337909088036
0.79883748319304293
-0.48760859490958308
-0.91702931742590732
0.086818927951280281
0.38925532074817515
-0.14369975435204016
-0.59556412397794123
-0.79035040003124613
-0.75414047451277
-0.60598192455691591
0.25309692177494053
-0.14487690744195997
-0.38464043570143991
0.91162624847766438
0.98982036732793233
0.086025826565960473
0.11338076374077159
-0.84779059033236903
0.4976196826305111
-0.1833732979542079
-0.73294484885189792
-0.13429251949587415
0.6669013178491392
-0.035525940613271509
-0.24176954759834815
-0.96968314072053075
0.43962312718717467
0.30182337183942476
0.84595162879070673
0.11805389187728829
0.98915709589914425
-0.087358561372063673
-0.31611924732288643
-0.93397889359893882
-0.16658945880131187
-0.94081231262042797
-0.2183763565729174
-0.25919868694061732
0.71462442858635655
0.15222882735556315
0.68274322419894673
0.89604567689231063
-0.016422487674534494
0.44365802914089214
0.88841520113183647
0.4590015245777252
0.0060025688835993038
0.67414478508887132
-0.22300265322178678
0.70412969358884658
0.63193328798646375
-0.027599463243143156
-0.77453120606164572
-0.35694318883908821
-0.3374034516941431
-0.87106283971149923
0.19569291905986919
0.75118523425595518
-0.63041654900998068
-0.92885363027834733
-0.3659292724262237
0.05767756149795044
0.67590866776888414
-0.60916941279640424
-0.41480127693653041
0.55375619952404131
-0.36330385225271478
-0.74924253912002881
-0.49423414500398399
0.44895181924087602
0.74442922693328517
0.77176149506242187
-0.60701292271174234
0.18952442164524283
-0.16274175558323573
-0.043504857905076993
0.98570910938691514
-0.020188785385581526
-0.99961503268111307
0.01903153652736457
-0.88291895280500543
-0.27084145583467295
0.38353491181255928
0.80825827297257025
0.45876107094530061
-0.36912984701391904
0.40146847351459131
0.50856443788690464
-0.76169894137424177
0.031187178377905023
0.10638875800279009
-0.99383539485945482
0.44675189235667867
0.89293526258859601
0.055492012952870456
0.55723491758685739
0.66809144269248999
-0.49309539728437535
0.62751236622307027
-0.77369030242182235
-0.087358721233499748
0.45150423758356223
-0.049093704877660259
0.89091735395909277
-0.49844390597584953
-0.57462297575239363
-0.64912410857477998
0.67325056579539433
0.31891126953052512
-0.66710514750120931
0.45574243635941453
0.78943190965056764
0.411212951798266
-0.48349264903667166
-0.76294578689050896
0.42912537164973591
0.95822232788612138
0.19207743142363651
-0.2119344961968215
0.49698596954751406
-0.82230457565546133
0.27716444744773644
0.67587773148561547
0.72235961092089518
-0.14623913495392182
0.097694379344075155
0.79037361539285711
0.6047853803915898
0.035548400539266216
-0.94841111504298847
-0.3150439145294115
-0.76688027465508624
-0.42739968142495549
-0.47877359645534578
0.37491854120929236
0.19244670736228645
-0.90686291813201325
0.96271585203301191
-0.1585404735029817
-0.21918737761514087
0.71350638719901793
0.66386994249581599
0.2240208358095449
-0.58864135948073404
0.79389783985946694
-0.15240593746683698
-0.95758652085715645
0.15956693845459741
-0.23993008820261286
-0.14457387251169171
0.97863866235582164
0.14616690435724874
0.37516203397018566
0.60890329749284799
0.69892075557225342
-0.64742206772352873
0.6195353673195656
-0.44387002023655708
-0.20394762344150705
0.31226156132763244
0.92784593775571944
0.66720238374505603
0.49040025835473239
0.56066796388818807
-0.20628830625400624
0.64004920927424158
0.74012306031515562
-0.74997343867324395
0.64681399850236743
0.13846115926861777
-0.78864195272302406
0.31507034071738932
-0.52799105182327044
-0.25485310442574516
-0.81945613922673555
-0.51336296228708733
-0.27191820040765252
0.94693188954654073
-0.17140737687416441
-0.26907818306455411
-0.93389562318047969
0.23544828817178082
-0.56689696766414832
-0.74842409628995143
-0.34422260260732856
-0.59834773865668311
0.15997116047291537
-0.78510458632043567
-0.65025339374723046
-0.48286985615365019
0.58652129197358416
-0.79164943623697714
-0.5923495399492642
-0.14971036245888761
-0.5700923661041174
-0.82028732901490164
0.046080277423292959
0.41642488794582871
-0.65307683595266064
-0.63251953253742754
0.095882109567004548
-0.78235431367639574
-0.61540909071683114
0.35942213041000254
0.87991493244257979
-0.31074980906849364
-0.47369486869233496
0.86216929001983944
0.17965880641159113
0.071623617749551144
-0.6105916890358265
0.78870009931585705
-0.78450806252705152
0.45290795288244079
0.42358173478785471
0.82934726334067432
-0.35776672322218622
0.4291690675528626
-0.32887995387871066
-0.61578022615306782
0.71599768785633211
0.32251717544614772
-0.94652322930761312
-0.0087434503101636724
0.16559453395088203
0.94246504075507498
0.29041022240982695
0.19500951618544718
-0.48490417993208684
-0.85254866423067499
0.40027737957053811
-0.44495905832288751
0.80111762920344765
-0.72332003267106504
0.21149464621693057
0.6573265132020043
0.38169791701992994
-0.85708919299138575
-0.34598383690574575
-0.21809052437956983
0.85907443042806642
0.46306332845577131
0.31467653804607632
-0.15293094067110849
-0.93679816598282595
-0.93864741045077638
0.32600948666098245
0.11251157034320589
0.083975594634897358
0.45157002350287517
-0.8882750775403575
0.1386456249944166
-0.93582938113238967
0.32403820774605602
0.80611156898663683
-0.2971203585476333
-0.51176521069962189
-0.14360503128960331
0.66939240908487274
-0.72889738485459155
