0.60416507253657037
-0.4501182535204058
0.65755465398293722
-0.15865646212362189
0.98678140689441707
-0.033023961511160334
-0.95706994317886962
-0.22181490200825765
-0.18658851280468
-0.83014279954880887
-0.21564257461012268
-0.51416068730775577
-0.97876942556811031
-0.14487689521363248
0.14498654008675971
0.65491945309031463
0.52081180381269676
-0.54757243810590772
-0.85577170853624696
-0.30314252744366965
0.41923667650149232
-0.63779310532167877
-0.50448747426226925
-0.58198998540920455
-0.8709558388173112
0.45685675982536855
0.18088070055121805
0.85213272842271537
0.44540206242511615
-0.27474864137664368
0.36632017740822931
-0.3236919609442076
0.87237207775334991
0.81358370266803648
0.45090439400029608
0.36710596048578892
-0.29097094546483288
0.26739311446541436
0.91860591726364749
0.999682812991184
8.2420076566104246e-05
0.025184650423710934
-0.30003918031869237
-0.11099645310512496
-0.94744724268518987
0.59502540317313202
0.74515368074293753
-0.30114906882456771
-0.78356581175354623
0.36987054430801347
-0.49921979037724457
-0.58774854858069814
-0.20303972675464638
-0.78315165389640939
0.032564758853939717
-0.11379435772453582
-0.99297048326264226
0.60512901554974607
0.730643320620182
0.31619489650041632
0.92678024836912354
0.10472323395181357
0.36070959996032748
0.59160995615027079
-0.030657363816855993
-0.80564122649457026
0.3613418413987779
0.66427914230022833
-0.65434340736299423
0.020578331999040151
0.79962692669545321
0.60014440791839563
0.05677637336823127
0.28185811752516493
0.9577747360482638
0.0026114834469619791
-0.44015699752402332
-0.89791703274013202
0.76316411195427503
-0.53590368359905882
0.36109248140885297
-0.31427880404694281
-0.39044532931206488
0.86532148831819522
0.021611428945099286
0.74721285408957616
-0.66423331504996097
-0.44987258485679066
-0.85157966967788779
0.26912213507173494
-0.20497202604399481
0.52228788531885306
-0.82776919089114487
-0.59656523518857707
0.22453947716330089
0.77051407732735755
-0.69151225173791608
0.72232827169883185
-0.0072576580889150092
0.28330687338729443
-0.94250117788473664
0.17728154212269134
0.045680530969630227
-0.99121967796216248
-0.12408400022129923
-0.082582189124885658
-0.97692187601248659
0.19698687826245004
0.57997319687845106
0.5023867155140358
0.64127894007023878
0.76898810455714572
0.63904898949033051
0.016543399922495233
-0.33237353624549537
0.75784638898142276
-0.56142379991543123
0.28192827020382299
0.1178060703708096
-0.95217549865750495
0.74201406486257615
0.19333044294604337
0.64190222571385691
-0.44660730269985194
-0.64073906983386086
0.62449608610751262
0.22646983843296239
-0.019287448936643928
0.97382719544776741
0.77682236216289569
0.19875870836706994
-0.59752991012326162
0.28225367633424064
0.87651218209309412
-0.38994776167867445
0.93661478951066945
-0.25657585906108904
0.23858240634411584
-0.69433995944475579
-0.6143276830223896
0.3748246504575134
0.14501517691990312
-0.85936867928483429
0.49036320368389069
0.82645215213092615
-0.14873695514445465
-0.54300474989866987
-0.43100119030156131
0.88604579199529054
0.1707654193508624
0.2631233605297354
0.92622913621526781
0.26993644505597519
0.15611601425134275
0.46247501268678293
-0.87277984207624448
-0.8722955561384852
-0.48194706602860732
0.082628616637749147
-0.92831507107019162
0.12638472735027881
0.34965415701309865
0.030152664954598788
-0.35341261509390587
0.9349814652112749
0.29486240893335292
-0.59520216610428678
-0.74752293694761296
-0.42577411362901429
0.87810437188261492
-0.21828677523859649
0.59882825846832899
-0.39367840054506625
-0.69743962735427256
0.49884236309532198
-0.70973630162289447
-0.49742404338766222
-0.074797378885562982
0.92448530507010351
-0.37380780198022523
-0.64021326945426837
0.66838492764990165
-0.37866681674674363
-0.32381311309113375
0.79565014973169734
0.51194326543295443
-0.13998844722428541
-0.049767537913208891
0.9889016264592706
-0.076539708657635597
0.95200507571060178
0.29635790662618677
-0.78002078266073183
-0.02715015776064628
0.6251643364355578
-0.090509066992541271
0.22001672391441196
-0.97128819100723618
0.94074990181361329
0.33480772653754171
0.05379041260707676
0.58250267203741213
-0.066687851079255359
0.81008849367689839
-0.53967922191225692
-0.78135493528995048
-0.31341793588468791
-0.63965639738152558
0.67635238324299796
0.36522205159382781
-0.081873397931056538
-0.64568907362958794
0.75919850296650837
0.35595078220349374
0.75273335994060731
0.55379737222313097
-0.716862200394631
0.098386451351789139
-0.69023814139452622
-0.14201713799220264
0.57249221933898775
0.8075170532644026
-0.76540506621898052
0.38321877297329404
0.51700914561268729
-0.43787059774354736
0.20090396759708271
-0.87630299293991853
-0.17504570074580056
-0.90809186673249542
-0.38043154998593814
-0.52743063644739308
0.48563879477191674
-0.69711683722972728
-0.031559010821492144
-0.72359108909617031
-0.68950704464609136
0.34109650789563889
-0.26359226392435908
-0.90231496202857642
0.85809416515319037
-0.51339265103209353
0.010118774445970426
0.77909645143235362
-0.47801395022699167
-0.40560002804968009
-0.47758608713679718
-0.082858924924260779
0.87466903908493254
0.80913213125681516
-0.18043824161062036
0.55923808447947421
-0.92972558422743778
0.091812588515888791
-0.35662415316823648
-0.3317861091353117
-0.45083343105895485
-0.82865384523603214
0.38359154209807317
-0.90865157342801506
-0.16495407523797287
0.60287538439134813
-0.78458362021371475
0.14480957767815533
0.66810079746455908
-0.71981609830780058
-0.18843064783669053
0.47807242651025555
-0.74358521325993088
0.46746955583415212
0.22744199926293129
0.54532854690522592
0.80677562735962438
0.49127065503373202
0.87100492592804069
-0.0018874617390188789
-0.19773632688656087
-0.84350530143345226
0.4993987900296436
-0.87168310409717953
0.45800795715674097
-0.17434814943845736
-0.33426889865144011
-0.94054611166007984
-0.060310158642288371
0.49519603236273713
0.33563743267391355
-0.80132914792878163
-0.36201747269463341
-0.71071925647536915
-0.60317616658724882
0.94641000354180205
-0.25166754569225619
-0.202414306908485
0.26539952985908
-0.62496094618281028
0.73415727558668631
-0.63442819060418665
-0.35540287961078409
0.68643256342561465
0.17426839924674054
0.98176571548130886
-0.075938165170435307
0.18483457393482269
-0.86893502555734048
-0.4591166536273722
0.94697617985589588
0.11034835424207902
-0.30176042732869834
0.43304631114384501
0.25666168247338333
0.86405767929846011
-0.6616520373980832
-0.74971503965789155
0.011997529651200742
-0.98644705381422415
0.16292740756068441
-0.019413136964226446
-0.8017914654071302
-0.53254464179001804
-0.27115798070687158
-0.47513008263896761
0.54556490673349267
0.69036971045401696
