-0.23621277769990154
0.96802550840381718
0.084440148808656815
0.59995647694421061
-0.32734761721491701
0.72999709812875768
-0.9026490393898351
0.33503263473454314
0.27014411959440854
0.24185174814686122
0.36576722503859066
-0.89873359178672985
-0.078972902201357761
0.26567824679166674
-0.96082170557268376
-0.29997979653416662
-0.61084879746044896
0.7327181370161675
0.075065382884540802
-0.98255162498622006
0.17016901165998372
-0.45607325721670278
-0.76728085896908393
0.45086280342407054
0.81539237631414485
0.39686968999488953
-0.42146141200842135
-0.081789216928756958
-0.67112002398501514
-0.73682320633957599
0.40817778100412949
-0.9013399552030511
0.14483502424864952
-0.87523656508770509
0.23449501324927971
-0.42305205813787905
-0.63623624253539324
0.48586757609243175
-0.59927968611200999
0.8935744761178438
0.40436054071214145
0.19498002140143891
-0.97593017972404517
-0.047935762338029923
-0.21274972853769938
0.85215169562003457
-0.29062621468153166
-0.43517110541921794
-0.088105077073115684
-0.98395625355421468
-0.15513731493581548
-0.12013268217232292
-0.35978983809770232
0.92526721063469708
-0.95362447389387428
0.29118307671258092
-0.076241580694700856
-0.98886563709797815
0.011967142597345612
0.14832915851195441
-0.36388470475287948
0.45653969808415756
-0.81188633793169362
-0.79478832780408104
0.5427953476425762
-0.27144930385611105
0.04665323191338068
0.98853083192500435
-0.14363241377103925
-0.85779036597442637
0.094201620230508085
0.50529371932313472
0.39924876604097298
-0.10769855215102626
0.910495164555712
0.67091469382603197
0.72225785731863312
0.16797934739073947
0.58624870428424825
-0.7994897032269509
-0.13087654930934811
-0.27374330354287979
0.0036269651267085597
0.96179594971563509
0.34515759936050056
0.93834438818365706
0.01939177062401733
0.83562030937683729
0.22438502784687592
0.50138813092764312
-0.024336935099624382
0.59491655237513918
-0.80341895005036756
0.069165498627167143
0.96683028304372376
0.24587667150270326
-0.89581645178826386
-0.24646413533897626
0.3698220040737108
0.2835884202919523
0.68246299981997049
-0.67366301794965866
-0.5450380688801939
0.74466620815196183
-0.38523465823823277
0.084843458953373807
-0.86962648731696446
-0.48636545933031122
-0.05226398549047339
0.29233083128348747
0.9548880357935986
-0.83208985519436474
-0.10140947510658328
-0.54529129026716394
0.97593060162689649
0.047940522275875967
0.21274672061416175
-0.62369424814018004
-0.505051619899752
0.59659730645846187
0.31120376653699477
0.87856803457417043
-0.36231260579459151
-0.2562854030321336
-0.85798218736304299
-0.44517901832901435
-0.26509666749949345
-0.94968130738650036
0.16682077592833178
0.91347009452652972
0.041971066051558772
-0.40473548895567385
0.41473273469722888
-0.78351741512285911
-0.46270640688210835
0.85252404456245245
-0.13525040522742415
0.50488620631652759
0.56319651642319346
0.36014797130012022
0.74370903091006435
0.30569269456869463
0.21749707431107787
0.9269557697934957
0.53940028853068245
-0.73596293007620084
0.40915265401396284
-0.70784621926811009
0.58364534682014779
0.39788420300764865
-0.49705076238897278
0.82097699173681415
0.28095785920189481
0.37658083101814482
-0.27640438752419055
-0.88418747574655265
-0.3740344832174225
0.36514080002415533
0.85250829997249611
0.68188687130437897
-0.1689897769838114
-0.71166898907967513
0.040729672943996216
-0.6665326982394133
0.74436231495123562
0.74973600323144296
-0.47330330986029079
0.46247151515940471
-0.54665785263815803
0.83528915323962094
-0.058798151580428434
-0.94571895787617488
-0.3239366550418441
0.026090155881157068
0.82617637630214902
0.55071519552747239
-0.1189343039471281
-0.44558891001670708
-0.29144754573665305
0.84646845857019659
0.1520242731738419
-0.0096097482900625222
-0.98833004259901291
0.21335872210520784
-0.85280019969559984
0.47666537015056776
-0.67656292735902257
0.35449174963533525
0.64544419182751112
0.0063216422538355573
0.85702830466920032
-0.51523055211725455
0.53299349774258686
0.43121703874595751
-0.72799024503030973
-0.62899596556647919
-0.68434991518977528
-0.36882145935511945
-0.44277388059665035
0.6453510067581737
0.62247358878718273
0.46365559630099012
0.082166360846776157
-0.88219735726421811
-0.31101770701549186
-0.40300459188969229
-0.86072950735910536
0.72928086587181218
0.16312951241327656
-0.66448339396336042
-0.57645659949757089
0.072197011758773452
0.81393204899966964
0.10982885461354237
0.80928223450737391
0.57706142446452713
0.96843230476542264
0.22469996008406243
-0.10792960217174984
0.875249683760289
-0.47003684742845792
-0.11403224604045449
0.58942814316411962
0.65475674430029263
-0.47314698544889777
0.25515155526691546
-0.95090059591867238
-0.17517345839592224
-0.25946536662536296
0.92391547915407668
-0.2811723864490589
-0.77911188389918251
-0.55538668666578517
0.29074095109129
-0.78112348321248259
-0.62020076937747348
-0.072090981666145207
0.42411254075251836
0.65598270362311706
0.62435186019082967
0.70066178850233918
0.54744903698766878
0.45757251887977007
0.56450292320791562
-0.48862649135945907
-0.66526731592004629
0.049716067320071312
-0.38107563342981648
-0.92320619270902338
0.060906626491394653
-0.056402126588447031
0.99654863552449791
-0.13433938394443559
0.62575054191973867
0.76836787361821868
0.22034256243745667
-0.39421364728455494
0.89221340242853564
0.92738169310328211
-0.31491035049549548
0.20197689582646411
-0.42068369340698131
-0.63908106008252863
-0.64389488951633422
-0.20656277229223416
0.86364607600343413
0.45983396623870371
0.70441583845057798
-0.60055056159460118
-0.37833496997816446
-0.86733107799107045
-0.38062525988214174
-0.32071983519966407
0.74443397852653326
-0.65273391749059406
0.14055776240584983
0.98533579198202348
-0.1349354557597631
-0.10443083748617375
-0.29726155132518212
0.73027585282756946
-0.61508759447798345
-0.78635278834927935
0.61482930781935596
0.060284446598481908
0.40133076649046417
0.84799880289806306
0.34616707837636501
-0.58349105018732428
-0.80009725241328977
0.13922133827828903
-0.44092217744218226
-0.88379808049476338
-0.1564882946210884
-0.5575579053085441
-0.16372305924680272
-0.81383287110979774
-0.68009488691817233
0.16905828221334041
-0.71336543370339511
0.18883182424906608
0.52562715820371197
0.82949299738422122
-0.17687951600856422
-0.10920547227286494
-0.97815530548182195
0.39815191526834115
-0.60624534236762473
0.68843419237114678
0.66244195873504874
0.035438219498973182
0.74827453779078623
0.25605717455378052
-0.61977488716545248
-0.74183139094984751
-0.12803967879842246
-0.86300761291583605
0.48869591844265214
-0.40145659609153178
0.13330099481848115
-0.90612551351068582
-0.67326250137875487
-0.41244101731281035
-0.61368559660073185
-0.72707206835269422
-0.18873675150424213
0.66010957124780523
0.58912910547163155
0.79139905790693366
-0.16313929088424228
