-0.84006394947113416
-0.5417057958868583
-0.029109989720805807
-0.29271633567010541
-0.65707217143832042
0.69467496597559675
0.53148416376610252
0.67573509767728812
-0.51079023231940579
0.42636085344714414
-0.11448670853375786
-0.89727878400022887
0.9807317757165841
0.11343391704446827
0.15905323185570522
0.36004733993669458
-0.90980406195021102
-0.20645212971390503
0.5414450229814014
-0.83411822176800599
0.10528095365852881
0.332464725992421
0.22103358292578007
-0.91684860319999206
0.7921769791982497
-0.59047025088348892
0.15427416002015848
-0.43824025403288092
0.75176505359410606
0.49274210692800247
-0.94055718025575363
-0.069472082015071449
0.33245423818901304
-0.79076051066506514
-0.061807956820203354
-0.6089972013453242
0.43824036717982867
-0.75176601036483115
-0.49274054657013289
-0.48434691610798514
-0.70372867948955464
-0.51978265700249393
-0.53050591403775738
-0.42343570812464065
0.73434710883610588
0.21581944374294423
0.82361337557266545
-0.52448353194384045
-0.99059072007493931
0.12709283415308076
0.050768462733776595
0.47695843710342356
0.84748841413116716
-0.2329678887514311
0.10949292257737449
0.15848971179073892
0.98127076342972408
0.87459822537280818
0.060617157813019851
-0.48104418129045717
-0.74268057342197102
-0.57362507420595454
-0.34551387830856434
0.80852295161436583
-0.39077729660146171
0.43998152367303706
-0.6991982684405611
0.64420703333514884
0.31003077203924023
0.17982110923918901
-0.33577528723167471
-0.92461847545702558
0.58818624683138621
0.49994878866819548
0.63567928057127321
0.45501253203400027
-0.47373848843273852
-0.75401289131517635
-0.24463080349755612
-0.34709220953431003
0.90536333483344178
-0.90202005100378146
-0.2785525533422375
-0.32980039814053508
-0.18692600142113625
-0.21913141888336057
-0.95762210252837754
0.69400555619644988
-0.53371832802700125
-0.48321944734925415
-0.076868225802431037
-0.52727164819511818
-0.84621267118354482
0.018005919778906275
0.36099866780851847
-0.93239248639904337
0.94320881003460555
0.26467785803716337
-0.20075550338150761
-0.57394475576116499
-0.80297211121842793
-0.16069600474086879
-0.46092343679807335
0.84988245446080424
-0.25543961910778701
0.186352462952874
-0.68429348964299386
-0.7049930351312782
-0.57497028110875992
0.47063391437393243
-0.66926294868518144
-0.34448513797485891
-0.93687241492726048
0.060000565520716448
0.24294538872460766
0.58012839891286594
-0.77745004911714044
0.28939277933992114
0.67500881127477164
0.67868617487564575
0.66766083718720359
0.74247385007238409
0.054420478178469976
-0.95774721887635295
0.044658667969529879
-0.28412298060839514
0.98803454333398621
-0.072704014495033734
-0.13602156981562666
-0.89561767084120825
0.38661862042749712
-0.21998870429117112
0.15185351530347141
0.96537699615327488
-0.21210319466726202
0.055054628784862482
0.99140322816046467
0.11869552241921563
0.15555288748544804
0.88859743841703276
0.4315065371852751
-0.067505988318410745
0.69222600606547346
-0.71851659554097846
0.27956473665288706
-0.86906326236440568
0.4081330714714726
-0.76854931415555516
0.087739792492132873
0.63374575385122967
-0.2098499495821681
0.97470540213326418
-0.076891987310728757
0.85247095627657665
0.27771750748636026
0.44290659821283102
0.5329413488313639
0.42362585873396086
-0.73247160389855448
-0.37709783558056198
0.7286361197187845
-0.57173999986148294
0.077701304153380307
0.0020284749075380184
-0.99697461984867664
-0.37055783580664098
-0.83570758734476203
0.40531434563397273
-0.68466559571002061
-0.38066105602254541
-0.62155464963174656
0.88600541500010288
-0.44519251255880277
-0.1296072195214284
0.656876817428792
0.10979313968185467
-0.7459613349252241
0.22502729636726496
-0.96951121078096025
0.097008907115147688
0.33978584314991389
-0.34443269895452283
0.87516381134379928
-0.29151311689828302
0.45325857566943301
-0.84236379685879481
0.37205837769091832
0.35018710720709439
0.85961709704724287
-0.02200924739658763
-0.81192774536075096
0.58334289173902121
0.093175647989977031
-0.90055224933575317
-0.42464566975063239
0.4807114533560331
0.78107831594318011
0.39853878478222943
-0.086672973724573749
0.76219223082055765
0.64152225129181706
0.89438987067137099
0.44090030253132101
0.07532385059353934
-0.80743546640765573
0.26403438952682684
-0.52757351026586563
-0.97578706082614608
-0.21864411701182254
0.0058619126905407274
-0.27845800764089618
-0.90767470505929948
-0.31398689108970168
-0.51360375719818474
0.24173242494374411
0.82327189635182207
0.37819763140124629
0.92047636573312774
0.098436841320819576
-0.12012157529273902
0.90055775517236647
-0.41781160437223286
-0.34365880427683188
0.56110158969924939
0.75303627554055685
-0.031369864479450858
-0.99355989046085735
-0.10887917923069702
-0.23820877053909761
-0.010875454753399273
0.97115308068406925
-0.64128522197815507
-0.7476268073869794
0.17264825787936772
0.87687761444252565
-0.26158558998036829
-0.40330959374183961
0.66736402256798688
-0.15892177791761022
0.72757757654107325
-0.071864254565661617
-0.95912432583749285
0.27370797668774072
0.57261290009680477
-0.47247999453965839
0.66998292620225097
0.76549091393818602
0.59947395111158153
-0.23378332407755212
0.88087596182772776
-0.055257363950783872
0.47011079928383465
0.053690197406674585
0.51864140511945256
0.85330443312932125
-0.8782969873030384
0.2811796948343725
0.38669417025248198
-0.69079425403001482
0.61187624592523615
-0.38524116897283317
0.77675855423999018
0.38868474045890583
-0.49555052310475173
-0.26026340357790501
0.12203076005459015
-0.95779510040433158
-0.57092347155693435
0.163423303399331
-0.80457393291818025
0.29231257728634746
-0.66743868555468377
0.68489339183937892
-0.65850126228488925
0.45783220158248389
0.59729872154839181
0.95540412208020886
-0.24642870392158325
0.16271403564435982
-0.63120336066375349
-0.61047534286053218
0.47843721975416914
-0.88582789020213992
0.45202384231515508
0.10480169330058273
0.410057027611059
-0.0047253972508303375
0.91204764389126369
-0.71011784949164125
0.70202687150915077
-0.053767197364572979
-0.54311693558245799
-0.10090179258469226
0.83357232591822294
0.068890373614035355
-0.18556909456203827
0.98021335818623889
-0.85822591160902373
-0.42667252788303867
0.28530481698134313
0.025269645834618333
-0.53766534606112226
0.84277958010642773
-0.77813139735978354
-0.25586834881913162
0.57362262552612231
0.67066051845608432
-0.71654671299084949
-0.19176881155762834
-0.50930105139590398
-0.15932723624213163
-0.84571110365092805
-0.47367435892614357
0.87081079458166744
0.13160988464379172
0.68784461514864681
-0.2281139862208634
-0.68908184905817804
-0.39853413225495876
-0.4877733313894615
-0.7766902359454595
0.66813513165186267
0.17633342419562678
0.72284297697632327
0.74260257530308804
0.57528217173449914
0.34291666340039456
-0.19426346813280171
0.31494014738967163
0.92901798072544739
-0.19754810945845755
0.92250492431097852
0.33160128026198143
0.58066980791348421
-0.69811702692173916
0.41887371712685545
-0.16112099526132886
-0.77012584024888431
-0.61720840489007334
