-0.66246418181130751
0.73997550461239758
-0.11652236004605543
-0.089360037114830843
0.61954584142109581
-0.77985750887239813
-0.76724120939014639
-0.15153937625826761
0.62319879978767678
-0.41415276714810612
0.53108993222343626
-0.7392029283995516
-0.3326460527896728
-0.69871032455484405
0.63336441794903109
0.36473894556108205
-0.44911643368296256
-0.81563467961268488
0.9943756987178487
0.055578296990309091
0.090155547267193936
-0.029422859339966745
-0.98585034644413561
0.16502542156964259
0.76201229833424111
-0.18432482893861543
0.62077501127551671
0.29177427208201545
0.90592856886444573
-0.30685697363140874
0.2846732417434707
-0.90480224501673501
0.31669234731508744
-0.72905841736906984
0.46823550736765635
0.4992287388597143
0.23134292269306739
-0.90868673767533537
-0.34751815045085882
-0.34724408625016973
-0.86215347300912537
-0.36893486354990623
0.64178346359759764
-0.27367787862697052
-0.71638984121978744
-0.57952889354235859
-0.79914982418887937
0.15970541646560735
0.31572664503752934
0.58180996243926431
-0.74954242923250702
0.52703480779407808
-0.79960739328129216
-0.28785817338292835
-0.31524403438986837
-0.42217839131098339
0.8499332942600083
0.81028478859376807
-0.57294269624659344
0.12318777614372332
-0.51322641261835045
0.18676225032070895
-0.83768640388038018
0.47884066253470869
0.85356871862285499
0.20526096192861124
-0.03334699115880832
-0.84062669178434368
-0.54058740573598663
0.49794660703617827
-0.16026213254929381
0.85227062920876873
-0.81709769440793256
-0.56909024975384648
0.092128418136563431
0.15047803817333349
0.92914468743522949
0.33770772842562347
-0.056567227235022832
-0.97956779117185067
-0.19299505512225668
0.37994901341196535
0.2119027474588267
0.90040878095822396
0.674407368187809
0.63696499404190576
0.37343044613312915
0.091498509240667145
0.054382006706101799
-0.99431917418571036
-0.92400207783481381
0.30238450240960613
0.23405933619371233
-0.2638222656664313
0.72723520543637687
0.63366139862906412
0.27352288895022825
-0.96171789993410395
-0.016849634021482658
0.90472765242575437
0.36765751081570031
0.21516465712794636
0.29643428041783942
-0.72262446489067123
0.62445224007495448
0.38940310981887527
0.74661325350778585
0.53938285822772258
0.57181771522001013
-0.81826347965272062
0.058901429755048688
-0.45765116374857695
0.87991207973371377
0.12771117515027275
0.61024412820723739
-0.57362211987276268
-0.54640622944954331
0.2153248207212396
0.522764670601922
0.82483472329420637
0.75151514205180781
0.58115795777812862
-0.31221854425707335
-0.21716991369626543
0.29215403638801951
-0.9313878073108669
0.28080644043191266
-0.44079877497170328
0.85255157204441556
0.93710052950787837
-0.23718286613938222
0.25609936666450767
-0.60577961804880287
-0.63794071714697675
-0.47546050915154603
0.09823338267524824
0.38486037503705034
-0.91773236526479718
-0.95563346575354358
-0.071626659394772238
0.28571716923527063
-0.75465280772916532
0.6288875555090826
0.1870817530180274
0.77330422853053149
0.35623115118711624
0.52449970167837212
-0.33569531394603663
-0.94176529215243887
-0.019666994984069302
0.036591044102263791
-0.5997659400721248
-0.79933842183452342
-0.17844351553363738
-0.056328159334043476
0.98233652595739052
-0.77319836881551707
-0.31268201147830033
-0.55171935090125979
-0.62335332782421593
0.1747554448449487
0.76216216331402842
0.089239770903086005
-0.28176536228443999
-0.95532431346945357
-0.77740109950412473
0.52141200673202648
-0.35181962669166023
0.77337795735139625
0.63247018367438346
0.043220386924154787
0.84383532296665509
-0.35198843223317322
-0.40502603778991048
-0.31171922577901112
-0.88386865383765023
0.34872242119335256
0.95022520560097889
-0.30203884975316708
-0.076449930545168479
-0.48157447947449999
0.48822900136879988
0.7278176027970803
-0.23320382798211725
-0.053328220959041092
-0.97096450782911248
-0.014646609279844231
-0.33889986228373248
0.94070843526603432
-0.9403156847981633
-0.13973504942401518
-0.31029103900214272
0.037433693000386722
0.232821447630643
0.97179879200970642
0.49902700181492016
0.71538839481380267
-0.48907207651361834
0.84474894168244097
0.27859139905308405
-0.45693113036872568
0.21788244575461452
0.97591261572653276
0.011036589046627616
0.39801793112060307
-0.10640643511841419
-0.91118570943132415
0.77180873942081485
-0.60322840553296786
-0.20106407066357135
-0.6951431188954641
0.36064573743912365
-0.62186067275498091
-0.90112504845829466
0.42845379359839419
-0.066339986374587448
-0.96185515485063844
-0.27320257865702524
0.013964673372709461
-0.84306500026889619
0.15029125759525244
0.51638545991540397
0.55379270793377988
-0.48292018260983177
0.67830799336839442
-0.7820409993123788
0.019878248238342399
-0.6229098896642038
-0.29004638772326441
-0.67991755077552207
-0.67348735483014166
0.90022510955130375
0.058501245223352316
0.43147694775116385
-0.91282759663384405
0.19858905054198789
-0.35680270154318044
-0.49299603089484934
-0.12209817329251921
0.86142147036195638
-0.59844726271300941
-0.42736469426845186
0.67765794604958263
0.52261249958777889
0.47921834306465033
0.70514250683460067
-0.32461072873885377
0.23313700693894537
0.9166651573956438
0.97187881964749034
0.0014922271273858712
-0.23547682089496841
-0.12546080410745583
0.51067676771764225
0.85056970645924845
0.62044730462986475
0.43448836589666778
-0.65288973194405431
0.06726873188261967
0.76955619509463447
0.63502612568489902
-0.0093241456372810238
-0.86336737771212391
0.50448967423588142
-0.53103317608624856
0.70634153652199061
-0.4680655933515141
0.66175408978150052
0.1241738334008826
0.7393662040937411
-0.2254975437311981
0.81433221683594481
-0.5348026723888466
-0.62313775226656332
-0.64735520158735926
0.43889700919232155
-0.18945667133039468
0.91089919351647797
0.36656354011199305
0.93055497105611151
0.34336703307041377
-0.12714765606640541
0.84391468640139677
-0.053732186206095947
-0.5337797806601009
0.55730214172749359
0.82075074073052789
-0.12562859712755828
-0.84404003751219103
-0.38330285715836671
0.37506710702306578
-0.83981197596101564
-0.48171021087405674
-0.25034200161404446
-0.22770890173457631
-0.38417083771601396
-0.89474098124508028
-0.62780505350924409
-0.7598460503735357
-0.16880401215608998
0.19789097310193171
-0.074648716283871153
0.97737747668029495
-0.017929704291471508
-0.6423882840502837
0.76616957536758945
0.65366097802458523
0.095130224922719026
-0.75078463364276171
0.12536418494802123
0.8039748454246709
-0.58129877778702987
-0.5420369741577028
-0.13744041697482823
-0.82903923334649665
0.39750253093331628
0.24830136769640326
-0.8833675162137804
0.77330949479574351
-0.46444523193359499
0.43160520362120425
0.31235126518287426
-0.72161288272386215
-0.61782807853448607
-0.9962388834024809
0.079741365699565914
-0.033902828692399953
0.56392802632854611
-0.72812247991713519
0.38964449869145013
-0.039094174242422973
0.95939925887498245
-0.27932903109135904
-0.37185045131393529
0.90393008222311555
-0.21127623697362224
-0.51781268683755077
-0.44230503485676609
-0.73228155615885304
-0.12428974833613698
0.99096765184625579
0.050350486123349525
-0.52571586815415194
0.73720693339181742
0.42443935176884673
