-0.12057934335312391
-0.10903814702352503
0.98669716957646414
-0.32769337222822653
-0.81681665493708855
0.47479217139194485
0.93713848773767039
-0.029280759897395977
-0.34772703648204162
-0.65075424459715503
-0.040061246145490594
-0.75823084195781465
0.033566475596837689
0.20999530132330582
0.9771260231608514
-0.3948657426172355
-0.91635841896446102
-0.066093065447840271
-0.02912514948338437
-0.73835106312299037
-0.67378737985563419
0.2616271113862601
0.3884277978544044
-0.8835582043315876
0.81958954290753194
0.55679745635288225
-0.1350909832504853
0.96206925117046238
0.23872232988678777
-0.13203940762412328
-0.73650877712752472
0.5963036367222414
0.31933805605650445
-0.75096959599174973
-0.0027326480953649263
0.66033112794292459
0.68177428831925724
-0.58788898775246912
-0.43539678210357458
0.1473194661885239
-0.9687448426128864
0.19957556161229345
0.34209552026965234
0.27432735175895484
0.89872974752611512
0.22341656533656121
-0.66990287508769819
0.70803614051999475
-0.14774116720601166
0.023476423928658584
-0.98874739192178251
0.13922476632039066
-0.89861783263047512
-0.41605583197635904
-0.46915892018686411
0.80194756500473263
0.36982429691959889
-0.41244272519290487
0.86610404213863135
-0.28240889969435062
-0.69928878106776204
-0.70788399627783349
-0.099475868865206943
-0.79679836096710477
0.43143271235009389
-0.42305813628197336
0.80182790658824965
-0.28038032911271332
-0.52769203069873216
0.68161710529912523
-0.6764046924586542
0.27906059159894742
-0.21569049356272368
0.74367857481089206
0.63278731684027056
-0.30691172838290315
-0.36341146250740203
0.87962338526169837
-0.70386908617176114
-0.549367749004813
-0.45029255588463224
-0.11287582224529209
-0.66330995611126808
0.73978304311204435
-0.53667361714290651
0.57589096585742472
0.61670983785452249
0.23719232591484077
0.95396099604433526
-0.18357074536321916
0.11841357736188025
0.75725478604070284
0.64229542557518748
0.17936085237250321
-0.53420185019908428
-0.82611020322962003
-0.10067624372398727
0.95902944918604494
-0.26481467018188343
0.49619328192110712
-0.86365604705913657
0.088828257635433991
-0.53609742484881806
0.63176529334172604
-0.55988585015100067
0.77224876320306524
0.089885467745740105
-0.62892960688734112
-0.84914521363570084
-0.3064498230643331
0.43016382007721093
0.6660569625317051
0.72197466002553445
0.18740521055737192
0.48797416322899856
0.1276950249219175
-0.8634669632540376
-0.94719771899833372
0.25189944226154437
-0.19840149221383527
0.63239591615359869
0.28557157201826056
0.72008630211056657
-0.56633807177960782
0.27459368736455775
0.77708396928034185
-0.43368066120552401
-0.58795608022085433
0.68280944034750124
-0.19628156031345603
-0.89101234445641775
-0.40935382141515825
0.59687344523684882
0.3954528817666052
-0.69811110052310577
-0.95907385224524599
-0.26409450160076187
0.10213442203150329
0.17973128240470299
0.06616326507722925
-0.98148820088653188
0.61579718084160573
-0.16364303420681553
-0.77072354928542175
-0.48508728576435423
-0.073534661520955391
0.87136845177271038
-0.9975544584974545
0.049828910844592275
0.049012059494494879
-0.81680383140249091
-0.554071244927833
0.16073753933145954
-0.92499287489337501
0.01284366754208043
0.37976732560945453
-0.85210739824323056
0.10056066796944177
-0.51361516129948115
0.934436870718654
-0.1438102409481358
0.32580108845731126
0.89041275565338607
-0.39485376539811656
-0.22639705943468577
-0.23699996027159939
0.7849592619702187
-0.57242464646312163
-0.66090332197684531
-0.60102205420267008
0.44942106021188294
-0.6789905973133642
0.68871775825180215
-0.25424322651479425
0.35526605575246079
-0.38179619436926643
0.85323953002379971
-0.16696662530793349
0.91995427754809822
0.35469180037637854
0.79024122753588677
-0.029692077463345234
0.61207612503551023
0.32895475814712744
-0.23277955367403486
-0.91520623166785864
0.73494946041290521
-0.6731039412819132
-0.082343031699921354
0.35161844041820645
-0.72641709007663968
-0.59049359319340233
-0.61154582648623756
0.78907475315903741
0.058075261809730848
0.58560963484459616
0.79948392356053566
-0.13374158495184063
-0.073540801749511747
0.34381172145788025
-0.9361545014933208
0.38577590891258512
0.91473943351444997
0.12011959405664031
0.015628678481401273
0.99800980942488793
0.061091445396423014
-0.37926811242026826
-0.19552998086687989
-0.90439135637364676
-0.41586790371945687
0.18326983277756534
-0.89076711605765269
0.99035847925120457
-0.13458771675033426
-0.032805930487840758
0.51767224925475075
-0.47396550591666231
-0.71230059774837295
0.84315392677938661
0.33087597317106143
-0.42380720396732724
0.34916303220705192
0.63496045443544014
-0.68913743059212551
-0.63956886529866874
0.32024025470771422
-0.69885466715570532
0.091067327518345814
0.84803601451585242
-0.52205522690873962
0.53264429395915802
-0.60251602015754779
0.59436058211010201
-0.32089549130861705
0.94624249735835542
0.040635204574652591
-0.28816012883417808
0.18598650347053769
0.93934698630329028
-0.070485133946972978
-0.99151928785528032
-0.10918492434139025
-0.88312234633014342
-0.4282563054164642
-0.19155014561044353
0.79415899227462583
-0.40907627729153451
0.44940860510970471
-0.50332152552988652
-0.7890680791266087
-0.35219172114306146
0.49881392512610728
-0.81706805552382633
-0.28910977282478645
0.63288902715565665
-0.29822016717441596
0.71450417157384727
-0.26582394223486844
0.49136662719263885
0.82939524318387758
-0.78510781154848019
0.3229278007144743
0.52851051055893772
0.21949652287996041
-0.087355041654202242
0.97169458840790079
0.25822353215828636
-0.95930365987633837
-0.11426764891062127
0.035948241039844495
-0.41075896378116195
0.91103501449701019
-0.84903942991130243
0.52773498226243354
-0.025056634896960934
0.85342290669127985
0.24915024648112852
0.45781382352764316
-0.0011364459466211159
-0.27104219264589069
-0.96256679679714607
-0.9210207716618577
0.32342917240716351
0.21705830692100633
0.52019793920663282
-0.015323747962377897
0.85390824260780951
0.40734511886468677
0.81102794550081847
-0.4198852530797379
-0.54795896566137392
-0.80977700349536996
0.20976695774448553
0.36937627662769562
-0.83153308423705574
0.41486611826451869
0.86902215621534107
0.46124941966284949
0.17902364331988077
0.89182258930660174
-0.43696329757075797
0.11711338855381681
0.97541154560567533
0.13772991863213127
0.17205460241659917
-0.19443525383911744
-0.95756819036900709
0.21273949529399289
0.021466082079200803
-0.86685041877253222
0.49810597144990582
-0.38261048398313946
-0.67005845830182353
-0.63610602890113477
0.44279835757637659
0.77183430913763118
0.45629093105791518
-0.5656827978372756
-0.39544964524262549
-0.72361768241832902
-0.20778472829000408
-0.49190856234964697
-0.8454888958327913
0.683067759869462
0.54138994852585165
0.49021970488964522
-0.33143518496177604
0.51015769278645018
-0.793656000204219
0.0062697599162617424
0.63191730279324509
-0.77501045963335391
0.6602436020542769
0.60661006199647016
-0.44283475318794963
0.066839658497051632
0.51714415797209179
0.85328446600611085
0.15776205170496113
0.91853439000890336
0.3624992543617338
0.40244697548162545
0.56105934874181762
0.72335941212864541
-0.6418802558913399
-0.32285062284308969
0.69552657204933366
-0.96184801444210044
-0.10690666423426648
-0.25183201197641775
-0.81507078008119693
-0.24332115061752804
-0.52578935051976017
