0.36045033871502807
-0.87944516160097774
0.31088866344215865
0.36972423862391413
0.9265642991598767
0.069156249871820855
-0.60355640139114664
0.55591827957229845
0.57155449152040161
0.85314385350266442
-0.17278416870283789
0.49223083637282766
-0.99146648996364473
-0.032152723507975683
0.1263344832189125
0.38422707210532847
0.55675648990160764
-0.73647251680820214
-0.65179637804049351
-0.41624247591202895
0.63395873905161848
0.65982866818852237
-0.70462360682357994
0.26102049985296122
0.21662291531414854
-0.97625061115905076
-0.0030424944336846474
-0.85603502424197431
-0.17795722227020061
-0.48531975471117705
-0.40550268941626649
0.13185286849742631
-0.90453434978732306
0.20800459234371829
0.041137210447891204
-0.97726241075797526
0.010233400768351549
0.59328665311135953
-0.80492622317118945
-0.70132533268320219
0.26017602343167673
0.66366498669741159
-0.15818449027466361
0.27973395608273471
0.9469564830819035
0.89842302769051596
-0.38600301276882337
0.2093746342057648
0.81306120550940708
0.58155437130465992
0.026944188836026818
-0.22912562589463686
0.972416837123944
-0.043668552028387708
0.61066201379449736
0.7614087706317435
0.21759730906770447
0.31967891444505464
0.89868540950550302
-0.30028307711417551
-0.61021480148342067
0.31295615450668546
-0.72780240546932584
0.50088275440234642
0.20216797697787742
-0.84157267982450057
0.60169556717680528
0.78584384407765606
-0.14287021090848495
-0.947151012094401
-0.26525437085210885
-0.18040254718934534
-0.30043160341288311
-0.91207190839605468
0.27904423589377908
0.43871173168211858
0.1740956086588599
0.88160236815141202
-0.36824408854048168
-0.57652176654017384
0.72939628732287032
0.14298020715351883
0.40165410278525038
0.90456102175481368
-0.74844785676287284
0.46109907637014508
-0.47666911739451007
-0.0014430531092480042
-0.60815447259192845
0.79381739402973361
0.72423511509826821
0.012786767804882726
-0.68943454847266106
-0.97761820904933749
0.063361439097699632
-0.20061895566130916
-0.33931092351297309
-0.54930465611954282
-0.76363112295804458
-0.50597077184121453
-0.68105101556570191
-0.52930434745931521
0.94710805182108027
-0.29889603705505358
-0.11682250300546464
-0.33031212704877327
0.48718164088754762
-0.80842312405486738
0.95229966208379091
0.26637451798768069
0.14889583527395397
0.52713465259511827
-0.64023582038458493
-0.55877289870742786
0.37711496067390582
-0.48429000915747966
-0.78946025451960966
0.63467760347247171
-0.72355125299723255
-0.2713999335603724
-0.61480526874127572
-0.75477049944870256
-0.22877057216767122
-0.19523823318474312
-0.37082598263417466
0.90794830409351979
0.10840404900647016
-0.27646737590515758
0.95488970683483598
-0.47891853123283973
-0.22422855778591869
0.84873941484711701
-0.95270091783040178
0.28669768176889654
0.10082361049600685
-0.5017696092388424
0.65055136155609106
-0.57009664551005323
0.092031139676269164
0.99181543289172891
-0.088500940151388791
-0.40558742430823463
-0.91346868710815476
-0.032768871141925421
-0.098303719057107858
-0.99482192114918211
-0.025801628254661212
0.047944322226983145
-0.59107351729462188
-0.80519155430193112
-0.14754184957154737
-0.35282971539439217
-0.92398192328622919
0.34883253823016303
-0.88449683294488779
-0.30980834847105926
-0.10648321018110786
0.28920691303278179
-0.95132575251780871
-0.29985038688403232
-0.88951527788000917
-0.34474964235448641
-0.62507036032551244
-0.76517282787906826
0.15426466905316902
0.47975162766347074
-0.14899773782625655
-0.86466065590895747
0.76104565130479873
0.55097477888238411
-0.34239788209853522
-0.68009411765906969
-0.025207707038650405
-0.73269131469629489
-0.43756549229479846
-0.20511014322331095
-0.87548059321707605
-0.1032232935177174
0.60659852071580278
0.78827862227816059
-0.79322377761465634
0.60642239058182712
0.055207996049089471
0.030842322961399746
0.97286938052038185
0.22929003371327211
0.17114049857281821
-0.79478267760097754
0.58226405104013401
-0.30200578320529525
0.91034963830526039
0.28294176600148291
0.42852380510438987
0.47759002408406481
0.76699094998196515
0.80269086581889781
-0.46140481760689228
-0.37787956840779152
-0.77774889450607598
-0.49547199267076808
-0.38679989862128311
-0.034852887494846489
0.85044837231711523
0.52490269789403921
0.67392847666849676
-0.33386527322871673
-0.65905567873070769
-0.12026607059350944
-0.036968612849895513
-0.99205312051721894
0.86708314301341161
0.19920689154957813
-0.45659986581375367
0.73514571209991086
-0.48134800632054786
0.47735194436845935
-0.89845154368053326
0.12208567734652744
0.42175811912150157
0.6662768814636667
0.39665036996791114
-0.63146148040190875
-0.59754451282747734
0.74196679924417386
0.30401615748036931
-0.47071752752225082
0.11762812860254913
0.87440758953979891
0.79581429811661142
0.48764973973923542
0.35899489445592547
-0.72122230397323617
-0.065420715054797476
0.68960751032254264
-0.89687832113714527
0.39477423715530546
-0.19940556349475849
0.88821048561616123
-0.14384724605893842
-0.43633714378077187
0.20845983953801395
0.7002463081080651
0.68278811009039264
-0.81709796345594388
-0.5745089463255848
-0.04785800568363887
0.59955143918721188
-0.33701733966116476
0.72591830431271942
-0.38526240146862556
0.86282113600178956
-0.32728056661404259
0.028365370474670314
-0.94069978085685568
-0.33805225639492248
0.47630429128433449
-0.66983314379027814
0.56961195702351652
0.92611762859290248
0.3384070089898385
-0.16669383394718087
0.13168323313884817
0.068010379003760432
0.98895607306789135
-0.85513459116610391
0.15259800953829786
-0.49543786540405832
0.51517063560852361
0.70759196502771449
-0.48364535274819648
-0.52990057551229319
0.84805849060502425
0.0014753252076992452
0.21245307140054737
0.35400455742653103
-0.9107933167155543
-0.6364391541947656
-0.38008459737688166
-0.67117874060842031
-0.19436007069716332
0.76260401413663337
-0.61697591568981613
0.8026327093436515
-0.59594436532599881
-0.02512065540271825
0.68571786253682687
-0.001923354310313555
0.72786490072411281
0.030826059805869093
-0.95300704644053791
0.30137571811864283
0.21561490312384365
-0.77514023765966555
-0.59385842211070228
0.88092309888808351
0.14852818345920535
0.44934827535412303
-0.33828320186602356
0.74212835243457509
0.57862767290202599
-0.1681407656856086
-0.80639149288919054
0.5669756988713005
0.69012997729424774
0.32897329447062745
0.64459071197542306
-0.18712704151837956
-0.048374755569578869
0.98114390043263378
-0.50516401944134182
-0.72216648208885625
0.47253030126043088
-0.8206580199757566
0.44660701835714695
0.35645839224741155
-0.050919938589519986
0.92652569753829161
-0.37276975689454972
0.98835035819956796
0.022195582683023758
-0.15056867388718945
0.52072971638198451
-0.85369368355396869
0.0069034148647031911
-0.765833116522743
-0.54024183291127004
0.34876697035375082
-0.87191954298216201
-0.21207134529874935
0.44134120028494528
0.1754558186309057
0.78945125643031622
-0.58820232014941409
0.1715067930036589
-0.28092782413088457
-0.94428013723824922
0.4030311130198902
-0.15247764214723786
0.90239486400531299
0.54631173853093362
0.65518060690323565
0.52180634020795169
-0.14167368058937502
-0.78052147058230581
-0.60886353330470899
0.30764983773808624
0.86408938409101721
0.39837308347946332
-0.92831647952584773
-0.34317623483601567
0.14303351245254461
-0.67616316520266828
0.69245356430925775
-0.25161763709746893
0.98195215232626831
-0.067134402153994022
0.17681329867754594
-0.4020934723195424
0.4442328020897589
0.80061105230036289
0.3131548690346786
-0.5042704426169613
0.8047641571931291
