-0.75106779466548068
-0.66022505770273854
0.00020247900391140482
-0.90963946477446267
0.10404499517007534
0.40215753518352487
0.23481208532020481
-0.8869700124421368
-0.39767761015170616
0.28861611047701774
-0.43998556385106713
-0.85036077306974611
-0.80329045022165368
0.41814032955961711
0.424126298852674
0.15819063949252204
0.94090117526780837
0.29946736041946825
0.85152008157317305
-0.52317722550798107
0.034628620928180483
0.028898579476829691
-0.95887852698510989
0.28234171245334483
0.939714871147311
0.34003583840594898
0.036215874201188672
0.8018727813282448
0.58138122666876357
-0.13782565741555022
-0.41352241048300381
-0.66980084430386155
0.61673823053071741
0.03806649453787038
0.0069998931649616365
0.99925069101265951
0.30071366297847818
0.77577409731311886
0.5547484500528882
0.36270691814522482
0.69840259901285451
-0.61699068163278059
0.93406539002668942
0.22917359597432571
-0.27386367057805394
0.54143860816573419
0.19140150355573823
0.8186633606215411
-0.028898566111377484
0.95887854256319516
-0.28234166091561663
0.08683505680625965
-0.21766091055395922
-0.97215400062247082
-0.77044192991661908
0.42134238533924839
-0.47842431683912978
-0.36249209347855244
0.76771958594869427
0.52839958319088587
-0.86568054820640383
0.10520587500369703
-0.48941691053923214
-0.36026202595028417
-0.78019241973531828
-0.51138152180710017
0.58591273339763539
0.71360241490271359
-0.38402846546516162
0.63866984531911719
-0.76478761258263717
0.08485715243987943
-0.99766575385691891
-0.024325182748776819
0.063806967216318733
-0.20518479492377859
0.6184008907435351
-0.75860367667161333
0.95847700080847575
0.086761086199406146
0.27165116020861829
0.68130753628474949
0.39944564604896221
0.61340298079984279
-0.29671155558601242
-0.88836279215459679
0.35039092781779785
-0.23318645028092158
-0.2397205246775162
0.94242142879590751
-0.94967519663722755
0.28877361884217445
0.12135410150809797
0.41500146384307762
-0.62502146140877191
0.66115199295362181
0.85041753275935295
0.40123428133648326
0.3402955648489866
-0.62423411373337645
-0.7264767696915776
-0.28733825772075072
0.56373005450605151
-0.46034225307786841
-0.68577943661048635
-0.77080370441601465
-0.14137313116717129
0.62118860826848643
0.46001664460977298
-0.87291649754190948
-0.16248530703153227
-0.50156923723342761
-0.86172557797423033
0.076533185782746815
0.99838874507967856
0.00033554069249669242
-0.056743291327422514
-0.50360906030416663
0.57082641027523373
-0.64848679532573739
-0.57387275442711339
0.52770383269384247
0.62625771586980628
-0.11970679597673732
0.043414308327716117
-0.99185960741901857
0.57688754215777427
0.45536259728105383
-0.67811921422461929
0.73799688149760623
0.6552097169530563
0.16143366969162309
-0.35369753105306978
0.91554826507304876
-0.1914926391501594
0.90891651686936059
-0.080057908326914409
-0.4092205965935598
-0.23883336204097239
-0.28090185395832867
-0.92954439034345193
-0.53778239774627379
-0.31271666594290287
-0.78294213037479576
-0.095614783403511192
-0.79976028507434371
0.59265613943711415
-0.3341525104243791
0.33375251189895583
-0.88144844465131511
0.95607100829287117
-0.23844881601329285
0.17050040833884128
-0.71687340422083956
0.1973990091971603
0.66867492362791958
-0.050560042122494833
-0.78622949010081067
-0.61586270469674542
-0.93847688428817255
-0.34533923762602198
0.0013959271621101356
-0.36888018949019963
-0.90531686528548305
-0.21054400782577704
0.24054328596132737
0.9702172371518335
-0.028590913108714255
-0.17046989941600416
-0.98474420168328902
0.034912327969347352
0.29924182283745898
0.89133805206699712
-0.34054486988108618
0.81199515404380251
0.11070980894944329
0.57306824027489001
-0.19175308222793658
-0.54176152572837355
0.8183674020246352
0.54973762106948743
-0.73654089572015058
0.3940762069861854
-0.62200422693128221
-0.54522774954208153
-0.56199416616980569
0.11907108740901297
-0.61480109936437566
0.77964202321552067
-0.61222622517325254
0.71720687577605746
0.33285634521465385
0.34731419888427889
-0.052927004255306047
0.93625401439669675
-0.95639923458312348
0.21356576684818709
-0.19922391251895755
0.22532990723853011
-0.83555423251278738
0.50107440309183848
0.72671114994968411
-0.6452726915989494
-0.23561421437480151
0.78640655729580722
-0.51234531593372579
0.34506086982288636
0.1494494595973293
-0.98651798863987106
-0.066686708690784219
-0.45005634822204982
0.31498231292528589
0.83560482643966971
0.3511672686616949
-0.91852383884929589
0.18164665393625587
-0.24836186857503828
0.58160737688501207
0.77462845377048417
-0.42687717862527458
0.0092520079256384179
-0.90426228203893877
-0.91835310994166841
-0.21069556745081683
0.33501484044299323
-0.69358092754540634
-0.45401504420572714
0.55929941585891674
0.39455394576059122
-0.35764035733247329
0.84641630341803387
-0.021710859830579046
0.79615815846194116
0.604698954257329
-0.54846709034317986
-0.046097551900413952
0.83490051294706646
0.93396297208772461
-0.30725436602673839
-0.18250457891946459
0.55031380521549
0.83068698741957403
-0.08434361102680131
0.44548398642335124
-0.16326901574767327
-0.88027680097634364
-0.090491317471053184
0.33897772812690607
0.93643228334796025
0.5538882575248637
0.13539783385605383
-0.82150789695727144
0.46055001457212519
0.85790578772082138
0.22779671523692388
-0.27762654273974707
0.07534114375027974
0.95773024115602368
0.78569636695899236
0.16564635747187123
-0.59602223381660968
0.64201119458858791
-0.11861859495069409
0.75746369877034858
-0.95725146487247215
-0.12742472632961152
-0.25967782369568954
-0.089253568282478657
0.99559997871491757
0.028539147354126531
-0.82053807182853356
-0.50483293799941709
0.26806897879237873
0.23883334355193012
0.28090246029925764
0.92954421186172198
-0.59383354350096174
-0.7229196591885626
0.35319808744072179
-0.83500296166143761
0.51790577735654419
-0.18585924727422468
0.85727575706591197
-0.1943809908077041
0.47675392684243573
0.7782184655732266
0.45505725864664154
-0.43278044224971179
-0.29437797927480625
0.81606133028169814
-0.49737863900347268
-0.59680805767828515
0.71203032929006849
-0.36990938412177327
0.10091507366957535
0.58010927801606915
0.80826318329238489
0.65876424090269547
-0.41926006680498412
0.62470046525561018
0.59286510702825279
0.6627550030389785
0.45745685131516178
-0.8372912458159224
-0.4687206425165894
-0.28150369262028591
-0.63074901819931528
0.77410387500554445
-0.054026537386737433
0.22835488930952186
0.082240182522173716
-0.97009824085355156
0.71564785380314044
-0.15673585410991794
-0.68064823615682246
-0.80742282442189495
-0.26242236232182076
-0.52839652379250646
0.41089516839596474
0.52104360827660445
0.74811678156752248
-0.62114007452803577
0.27542978109092819
-0.73370528381872069
0.52665649996308661
-0.70806910435794679
-0.47039459446337883
-0.022084523367895063
-0.53729446630264033
-0.84310552738561373
0.111840304921225
0.60300101222072622
-0.78986171286871909
-0.69229716674666297
-0.034800002822205509
-0.72077291341872551
0.08399885260913291
-0.32329609580693114
0.94256237310659963
-0.49421145712344139
-0.36848283297811529
0.78738519001080232
0.034393584515502167
0.8246985539327798
-0.56452579789178514
-0.072076952783885026
-0.94450033351939644
-0.32050590144198343
-0.32852250472307087
-0.57059532020022696
-0.75265791994509712
0.78748805790751486
-0.41222963021810438
-0.45818041274512755
-0.15796156521573743
0.92733761301836093
0.3392537330612635
-0.80920037618544982
0.5729511512095542
0.13008354818720608
0.32796200381538093
0.37801788679620441
-0.86576174627638292
0.26146137445948753
-0.69846334487326422
-0.66617332994815037
-0.4108752868438364
0.8998633066157109
0.14638144714284748
-0.012581058607444283
0.34167530360052445
-0.93973384735988186
