-0.24003581579629304
0.40849489636627467
0.88063313972261714
-0.93296128648425025
0.35900384496145726
-0.026447631737881238
-0.76572124684480458
-0.28722027787589488
-0.57547848274920888
-0.34843097893606706
0.81884722636581442
0.45616342772154211
0.78978824764437539
0.39496927366166817
0.46929073797167692
0.68524039430842798
0.66969628139423554
0.28627345789430575
-0.22911107391455099
0.08258497462308706
0.96989063186331748
-0.10217222683841971
-0.96549764938736915
0.23953105245529863
0.4906127617482412
-0.8690460938407506
-0.06370247083038931
-0.17415878034825102
0.95892455365844542
0.22390270123104986
-0.70949479722563724
0.043620488725836043
-0.70335935742198752
0.68829234845246012
-0.59305791926233531
0.41777499621450132
-0.69494804338895821
0.35256011798857262
-0.62669656149826025
0.72827546471300486
-0.68149035670205593
0.072012090784543736
0.98920843837721828
0.13760927099632458
-0.050302623978926632
0.7413999924021849
0.53489016863474015
-0.40523889098152877
-0.45435391815875698
0.07372947257282246
-0.88776487986849262
-0.98011325179189257
0.097825661148174925
0.172650379909355
0.54764794507219583
0.78242363913812252
-0.29647087070411854
0.9028593736837387
0.18915685123463202
-0.38608889777149263
0.61889355212125263
0.03103370415987947
-0.78486156763397175
-0.66031539295202457
-0.72526533918194724
0.19486859575598245
0.35757708527350818
-0.2233152718402347
-0.90679044847760959
-0.57534843145456571
0.7972202962101157
-0.18279491714330157
0.43528692178266121
-0.47565025685168921
0.76438349595075461
0.81854756868238954
0.077720171731780141
0.56915679097251515
0.14837462023869546
-0.68541370738051821
0.7128765824488249
0.050816529345257822
-0.36350729333548049
-0.93020434746200564
-0.14181373398975447
0.72061047946958556
0.67868210653478789
0.95175522508143495
0.12729729600481496
0.27920850624586918
0.49790995673931826
0.86488176266643668
0.063759011808903712
-0.97162548524931935
-0.22429209353857371
0.075079778836304262
0.12176483997009227
-0.40728122853191923
0.90514933830423183
0.98384931385963736
-0.1536174749498263
0.091881439953670943
-0.84728712188198363
-0.53038497515036453
-0.028218987006837205
0.24288148717543326
-0.77188403772614189
-0.58754030967333437
-0.85448589522509333
0.43362379576214344
0.28604939889851505
-0.11767057772791122
0.51398471163440906
-0.84969015019786642
-0.14497381557581587
-0.5659052580940378
0.81162419361358984
0.41182670168992663
0.82074271319118808
0.3959547531205595
0.48893510653219047
-0.83316081257713759
0.25842894958993962
0.065809399083927342
-0.033513483661135067
-0.99726925622176243
-0.48372475363459583
-0.1034546363335456
0.8690842887443333
0.23914080690316347
0.72173220681988426
0.64954930229552521
-0.22897022947536094
-0.16170785685657907
-0.95990791383593299
-0.43903842216023564
0.3787682478718864
-0.81472687341900785
0.7214305532247024
-0.64325945052768241
-0.25642783815476056
0.20673899756107614
0.95892708183518371
0.1942108097158855
0.55135325945741809
0.58559392561732038
0.59421320884492057
0.71823539784289314
0.29880791825840908
-0.62837229511774073
-0.98796860892026894
0.04692669146353242
-0.14736320238253126
-0.39896253934684717
-0.84741234615889538
0.35031586857490749
-0.38525014008277009
-0.92203619116055735
0.037836381385357845
0.45833709207581458
0.37716044415376504
-0.8047838898693368
0.50373429098273292
0.62175136793230645
-0.59973077339955549
-0.4597735540927696
-0.41394256049753692
0.78565885444361039
-0.6098414864719639
0.6257034417060281
-0.48640370518212189
-0.071329270292264851
-0.99348341766594861
-0.088897885364946042
-0.26892731125802177
-0.73413870639709877
-0.62347290320360005
-0.71824961256668329
-0.29880070686362475
0.62835947643495249
0.90202852525010013
-0.41690765435177568
-0.11194886054815334
0.89287674096776781
0.4218004428168306
-0.15765630935139643
0.37184071367075788
0.12338087881835004
0.92006067321608376
0.88404916356072971
-0.19367357295137339
0.42537938777968959
-0.53026149875869699
-0.23632373544786198
-0.81423205230336482
-0.92878639388323092
-0.27546655504141726
-0.24793953212627756
0.62082652151116402
-0.29630858351007705
-0.72579312033567789
-0.90144508485959141
-0.1523634860161486
0.40519393765392236
-0.62717355878053904
-0.76927589000312779
-0.12193413068722557
-0.02175687228608637
0.93434633167997172
-0.35570151951391388
-0.69261557005306462
0.39328655077004593
0.60465639920823488
0.63104447433149313
-0.07626628465809597
0.77198855253179743
0.42976759023442845
-0.71101375950623924
0.55656019636414533
0.8878811377147785
0.4302586932049236
0.16292495883658156
-0.74907415725122117
0.6578880355946165
0.077918159371415621
-0.71995627261492856
0.020237300918053487
0.69372430919924588
-0.63385409293707029
0.65929313540979084
0.40442743535577669
0.050477833834538029
0.53761650713381703
0.84167718250443679
0.29213529954590756
0.93924705450978907
-0.18019971518819894
-0.87013124642248008
0.16702142297508404
0.4636544599878657
-0.50816611372508769
0.23915385512490775
0.82738904660409651
0.46797221021150454
-0.80063589461016937
-0.37414459067522687
0.82419723372881815
-0.069273409879107739
-0.56204992180186708
0.35168548999920585
0.095995789310179519
-0.93118318528565258
-0.4421476284954608
0.57781370348397632
0.68602973600418482
0.21183337259357748
-0.97277275373670891
0.094020167214969752
0.37474356231142347
-0.19918204723837682
0.90547985872910131
0.61669985526475002
0.27225155282511387
0.73862059306571637
-0.034266173785025361
-0.88680376178353937
-0.46087407978828454
0.57508184703591936
-0.57847000375618474
-0.57849228513790485
-0.33441549376767088
0.84534018736215255
-0.41661282404487476
-0.16714799649900208
0.1991021347568239
-0.96561891406581568
0.034280388771833606
0.88679655025531834
0.46088689870826072
-0.37445903364683697
-0.68480342526876348
0.6251597402747926
0.076027458368962367
-0.079278407706346699
0.99394907296375212
-0.54431375122369707
-0.52007747378432556
-0.65821118304910431
-0.52736237299492505
-0.73602719284734619
-0.42444422358940986
0.20396745866207847
-0.94652930334463348
-0.24995910408876135
-0.29992287245155708
0.94837447596270441
-0.10311219095176372
0.18830147007986647
-0.89117244966120612
0.41273989549182921
0.87353888294272586
-0.43409494428420431
0.22020762778357156
0.81215950497662404
-0.37837632996797232
-0.4441039195910042
0.95807936347379385
-0.12614327282647839
-0.25723881512375774
-0.64036606418367592
-0.5861465668538951
0.4963501848567205
0.32949485478272128
-0.52066284800675178
-0.78761877794857793
0.73399325351780886
0.67744500940391028
-0.048188826755561437
-0.35742301358416567
0.64880184928913676
-0.67179234121818432
0.0089403743404931763
0.99903235237289023
-0.043063077211706831
0.0079644655931545433
-0.64612220719750901
-0.76319241391279202
0.20843278833497217
0.61147399847637873
-0.7633186241237786
-0.89090108035575277
-0.015503728610628433
-0.45393270362479998
0.067254771338278799
0.24314465960344739
0.9676556568524568
-0.099193338408121418
-0.83037473961283048
0.54830509155795382
0.35363688074126792
0.4407424869748231
0.82503758505587743
0.26420808925113232
0.82619185524246053
-0.49759532142624369
-0.30777796144544017
-0.90766812892871984
-0.28532664469959029
-0.76693975661871028
-0.53422580585206692
-0.35553649331586679
-0.79391959029231329
0.55954298514269651
-0.23791454753269176
-0.19491829836716074
-0.26102258470466749
0.94544913519223506
-0.26750051677791514
-0.46753662934831286
-0.84252772876693305
-0.84423769087528933
-0.44900763552864781
0.29266852332038107
-0.049314919401160243
0.77167561368512438
-0.63410155808682855
-0.49565448397835266
0.85469941032128871
0.1543228774634344
-0.88029820091149236
0.29055585473080547
-0.37503649522898558
0.69494804338895966
-0.35256011798856951
0.62669656149826025
0.13586560929854422
0.33047693108235698
-0.93398369056013086
