0.64264164538949442
0.76543828510338174
0.033405797536917615
-0.55912377299743277
-0.0016957613969147591
0.82908246324620816
-0.38953848807398272
0.91462165705454535
0.10829123120471493
0.82526522649825429
-0.054309533860044563
-0.56212790400823343
0.079495146727589838
-0.66072279104172349
0.74640867830217106
-0.60233974792474776
-0.79729837678853699
-0.038757275966136713
0.12726071157238472
0.63626795240621947
-0.76089933896073725
-0.99068064959920343
0.1171695242561466
0.069448924363795961
-0.65206301888584162
0.14499459094477943
-0.74417094003880491
0.22212551683923554
0.48653837592556609
0.84495009528410325
0.88459889488629595
-0.14795869419532184
0.44225899649182832
-0.015370064330683558
-0.51099250507840122
-0.859447741794794
0.43646671660680175
-0.89308660511163596
-0.10905558704005291
