0.25083829298631971
-0.33363922516770583
0.90871613730647594
-0.16056363154766071
-0.59300935991158521
-0.78902421970525027
-0.0094725339116556086
-0.94746739669142788
0.31971206312565198
0.12956404248897208
-0.68497440912364937
-0.71695412526857194
0.56612479856224496
-0.69048777253372795
-0.45025475947986182
-0.27668482082735896
-0.55557530507839692
0.78408009177046367
-0.1708321387728122
0.88506283657972928
0.43298978702476382
0.14206837615003678
0.78825194324225967
0.59872819415231582
0.53546068626641496
0.73441610694350634
-0.41703097645743842
0.30832415518572176
-0.018565261746519512
0.95110017684011294
-0.14276357641514173
0.6999875764100979
0.69973991891321663
0.94144949681860124
-0.26002831925408981
-0.21461155170655563
-0.25872935155108312
0.63396325608185822
-0.72880018700878801
-0.55647071404396931
0.61974847850847425
-0.55340054914846837
-0.45522403822350332
0.74246688943586048
0.49144073204703365
-0.66271793701650672
0.093172710307717038
-0.74305032266361304
-0.57635733463793781
-0.050190358300190113
0.81565504396328636
0.10583023929595957
0.22242462777789643
-0.96918896269428489
0.33753185235007949
0.39582610615963243
-0.85404563246446474
0.53930602276770645
-0.26878516786115353
0.79806237058536322
0.058902891387475689
0.56324174210488065
-0.82419002016334464
-0.11757223551452385
0.987480503965253
0.10516189293012695
0.9356504278906741
-0.010290512893563128
0.35277809191102821
0.07535669661354151
0.23284471064961959
0.96958996952216325
0.66796261691101888
-0.38953007818454316
-0.63410745193454954
0.11980076252250943
0.94068983481291257
0.31741205392782518
-0.97387342432126911
0.2206440770118844
0.053728434560655736
0.40099769661261886
0.59852303253214956
0.69352074723103529
-0.45685675460734193
-0.68931768270635885
0.56224819971075291
-0.83361515142203613
-0.53038740916077654
0.15419136008004716
0.23978646370725487
0.89597906416337925
-0.37379669394429471
0.53891230637643717
-0.83623946991984044
0.10137590928920592
-0.86795046435909939
-0.277823013047724
-0.41167507191947866
-0.39462372399782414
0.14438558205299137
-0.90742763907283974
-0.44709274846243957
-0.45358287609021103
-0.7709543752972895
-0.9229646680345962
0.28213102736645179
-0.26179821419738142
0.42744989960105678
-0.88021295223954876
-0.20618375794611973
0.16193939430773324
-0.1160403670596013
-0.97995421616722367
-0.69790649412327588
-0.2265627892461948
-0.67940843973970633
0.62944015432359157
0.38663880844165432
0.6740293197865439
0.85617420890053852
0.50514356704142704
0.10860801393175404
-0.93687819920749082
-0.34110320430486196
-0.076862499716600696
0.91215730697986119
0.36528298370252832
-0.18584237713886984
-0.17541391317695135
0.37076536891500689
-0.91201041675918793
-0.69806738727556317
0.65031764562964756
0.29964793108743698
-0.65478881727140581
-0.52870270404029618
-0.5401157797331908
-0.99093538835350614
-0.088039544509161433
0.10146967385039404
-0.0067862111366724428
-0.072723658648277553
0.99732904139567569
-0.18226257842268259
0.40485219094781072
0.89603295474634903
0.3021026914563657
-0.9071911857793663
0.29281071745932968
0.06859439607065719
-0.61523762730057185
0.7853518133812798
-0.77787562516225661
0.55991070970357837
-0.28532351627172914
-0.31905076055971288
-0.89348875598074717
0.31604502072053858
-0.008529566537642681
0.80966340115902258
-0.58683253430453541
0.65122379257853413
0.74443872603187733
0.14737216549832532
0.37398272660792908
0.31205843354773716
0.87335929276021995
0.28530864942779566
0.70639790709609707
-0.64776613944535666
0.78948022035806997
0.13299276735264287
0.59919438039359063
-0.54351856137774246
-0.77721833158934239
-0.31704769117492149
-0.26175677977529377
-0.92331910651723081
-0.28100750129114138
-0.069577735186897166
0.95863015883030978
-0.27602021184550457
0.64096229583514674
0.23869185821436203
-0.72951595742650666
0.41277629865953142
0.075208255546421687
-0.9077221191326128
-0.92287383089672004
0.055415443019334036
0.38109450392387323
0.77772324576720686
-0.1831413402624808
0.60133667980606587
0.50844028188919954
-0.73025698536125783
0.45630386266556983
0.41800816167782484
-0.56450382841814783
-0.71176162053877268
-0.061765763807222769
-0.36903438033056679
0.92736110364590174
-0.5113534709540497
0.26227135281330843
0.81837116593677894
-0.33622753205421763
-0.22233507844403183
0.91516018247190822
-0.37792670192811695
-0.72401837839291361
-0.57703448399470225
-0.42232579059452557
0.88273519865043015
0.20595993703216778
-0.97660268004104278
-0.031386120333168198
-0.21274895249350667
0.73562062655032912
-0.63078361671696659
0.24692979300838588
-0.67873879953023208
-0.73382482163426199
-0.028544231741330955
0.27643639691705635
-0.83047159173374552
-0.4836319404079249
-0.14314242299931279
-0.79585774072123361
0.58832023870676031
-0.6479438129870938
0.76161661192662811
0.010437990666301401
0.8800142069266651
-0.47478021314367108
0.012599397385699755
0.97798254165002874
0.18865912511953445
0.089206965741929239
0.47761992697758587
0.86763575727926923
-0.13815714981264837
-0.13168492205869822
0.004563950974228315
-0.99128111636099436
-0.6770234826599929
0.46605098091581942
0.56959256237624523
0.88083980635041914
-0.34437276907230518
0.32485170689105025
-0.55484903000190078
0.78278175316170595
-0.28177168208149644
-0.86984587038636829
0.3663099004687167
0.33043186679008496
0.85098558238534472
0.16646791496945471
-0.49810839368354159
0.19118955703359838
-0.79955097843057965
0.56935471032740137
-0.77816917859631685
-0.1766427627373903
0.60270230118627832
-0.44441735663704246
-0.16192207216114718
-0.88106438792337083
-0.60314501917477226
-0.74621369068477106
0.28174671902131604
-0.082496556260275425
-0.83990981545881727
-0.53641944418629228
0.76408867758951515
0.46891621889309765
-0.44304184050550627
-0.75797354877048007
0.35230106911018672
-0.5489627091780499
0.85466969875096577
-0.15261744822391834
-0.49623343351144028
0.43717272454936351
-0.265292151857354
-0.8593602754799532
0.57819213239401979
0.054921043877165662
0.81405008259756284
0.069471756212291791
-0.95973150952951103
-0.27219313860747074
-0.86241334910343148
0.039932848177875888
-0.50462717220201858
-0.42077936270790595
-0.9071345563051213
0.0071850314014077774
0.6684754866045447
-0.072095841713430614
-0.74023152689982674
0.86628470756392828
0.3336031134385834
0.37183298420791416
0.97427657295304004
0.055681997185880704
-0.21836820873073798
0.14670946932649856
-0.42235250366327692
-0.8944801251337553
-0.90152344188836753
-0.28079869935324969
0.32925305490955487
-0.30098802250374757
0.83237126884665824
-0.46536467539757198
-0.85757161851509212
0.51382170277559602
0.02362576716621248
0.70253133280209756
-0.69954585756339216
-0.13071082433068157
-0.41293875037125477
0.54548877828522613
0.72933091337658107
0.39561754020870643
-0.56658275895931931
0.72282137428915205
-0.55551650262680174
-0.39041010155069755
0.73415350432757631
0.54273923770004751
0.52276610040614302
-0.65738095814141562
0.98634407961323156
-0.14702816178802214
0.074216414984571974
-0.27237832684031271
0.098422746484038037
0.95714315023522489
0.43326067495335857
0.78657594436732836
0.43998121696454889
-0.34141631486481799
0.93345299482272259
-0.11000184726002389
-0.1547822801202384
-0.30868417369063311
-0.93848629541070616
-0.11604297667243349
-0.99306439084135689
0.018898232930242405
0.67665793974475941
-0.48079034500943951
0.55765103490093293
-0.71816779638825656
-0.50291258698038288
0.48095108492188121
0.11598932907729241
0.53757531364195532
0.83520013032982277
0.15802385744847072
0.98573411119202559
-0.057937229046379962
0.68362777914330308
0.58891543633516497
0.43108197414152855
0.38121592983025121
0.91108448095293015
0.15684222457739688
0.20828905336477416
-0.97802804315078895
0.0087645341601730233
0.73709771595632245
0.65555552948930129
-0.164115522995158
0.79480172413892536
-0.49049468453410527
-0.35735862064539597
-0.50027093826652869
0.40275329517806963
-0.76649773094845741
-0.79293575966646634
-0.5532656013845394
-0.25524508882007496
-0.76193610388334387
0.16294326940378198
0.62681964276422997
