-0.40681617792887803
0.43411948452092997
0.80376667667590029
-0.8516286306640668
-0.22801865650234682
-0.47194932749195789
-0.54819684736656771
0.39336887674462462
-0.73806581234062607
-0.68707747004415776
-0.38174914523594811
0.618216903901327
-0.91064621309921401
0.33616012631817843
-0.24024954535192608
0.98761230509897524
0.14268710996382189
0.065286472314415103
-0.78611444922079887
-0.084500689193208411
0.61227747488549078
0.32888114535661284
-0.062426491813286682
0.94230574939814959
-0.28632110344769396
-0.89924151210410863
-0.3307339242188671
0.12372914779171713
-0.69053779374855517
0.7126350071331139
-0.7084332654946317
-0.70567264879892111
-0.012182818956513845
0.086438341002588653
0.7681037391803095
0.63446438754428702
0.14909154753261974
-0.72542392712458781
-0.67196118668377658
0.87691400408829101
-0.063023018865055444
-0.47649756403047405
-0.66097751177155528
-0.20276794753710362
-0.7224914451977088
0.30867752570627899
0.90983424472014762
-0.27734424864844043
-0.16214321845410223
0.87057817552433792
0.46454624851575343
-0.27795033708550138
0.54239279979978816
-0.79281376176211971
-0.86376079946099837
0.40096666427393524
0.30519340663836469
-0.091305845998996174
0.046235834416486557
-0.99474895833180876
-0.40485550028332257
-0.44030310915205384
0.80138954071124191
0.066517518634347905
0.8737185619950617
-0.48186231865545437
-0.84244653354176202
0.53825579612089802
0.02375996771308922
-0.49689777216303316
0.82056299156608925
-0.28243402927325278
0.79472596677691587
0.4685195940153441
-0.3858756635941088
-0.63562679710003978
0.10112692961858243
-0.76534431396219516
0.73521838377759186
0.65483332627833213
0.17506353975263078
0.73897549917624716
0.65830283079364049
-0.14336176124160799
-0.62386804234443149
0.78140548565541323
0.013933152154282745
-0.089553143765619334
0.38585586700363617
0.91820231122589036
0.63166138104782021
-0.6250619702613891
-0.45858634195286579
-0.20629212644176509
0.92517619496070025
-0.31857898054670131
-0.97211224813560793
0.029948677103501613
-0.23259590229512705
-0.74015804791701967
0.61443838691793728
-0.27318772444118028
0.69565494362675362
-0.35181424426038699
-0.62633133159945853
0.24904835116939539
-0.96158665603393612
-0.11543838927011248
0.026406658923874522
0.99069308933158917
-0.1335286153418429
0.97356865705624007
-0.15589843673608991
0.16691239444976053
0.18039184397970817
0.54046574240988476
0.82180019707160745
-0.54502124265527063
-0.80376174837233627
0.23857681552898147
0.68236695872487574
-0.050940599284113916
-0.72923273992953652
-0.42027298162260396
0.86645208887366976
0.26950213098322723
0.76749349773298148
-0.61336543276701982
-0.18637751158366797
0.20424107410960668
0.19656941354500651
-0.95898177735821766
-0.3240558570980353
0.94584382019429825
-0.019164270941356875
-0.76551029384875402
0.38452440886584577
-0.51588270856655627
0.73872803342410454
-0.043842230675390143
0.67257620493350867
-0.9398259783996511
0.054474311182568035
0.33728278898622049
-0.67737905780441443
0.66568005891183202
0.31309370995780733
-0.5938777170746824
0.1709747641092087
0.78617866111969992
0.12105386310558564
-0.97478157449799108
0.18747491631264038
-0.32026872585820881
0.13411247983144159
0.93778557569980825
0.77456870292251379
0.22999346872165932
-0.58919124976387216
-0.57262181707029614
-0.75376880565356597
-0.32239237310877733
-0.31095044376764158
-0.84308560060466065
0.43876701285965586
0.1513597138314472
-0.46481629688833065
-0.87237380014296717
-0.53731141264159421
0.64460830367837618
-0.54385345514575956
0.39392702572773369
0.70864220451349558
0.5853611913883211
0.91362468390092799
0.095713129425240573
0.39513153989849586
0.42585295811310153
-0.011109326098338902
-0.90472417948232264
-0.20546582111066672
-0.69081331335711205
0.69322490033457973
0.071101392870373439
-0.92116200162987338
-0.38262927055459073
-0.077785911737100574
-0.47430145231295734
0.87691931457178407
-0.14088778778829197
-0.79835623169578163
-0.58547242340236028
-0.00068948088077323995
-0.88126647833773963
0.47261921117778688
-0.52056935519605463
-0.64150975627602702
0.56344722825960958
-0.79764565790505937
0.2271352946241123
0.55872261665447454
0.86397705394798807
-0.35672376642991177
-0.35537558261002256
0.90639007521510895
0.42051138537333183
-0.04033864552696282
0.32276171834753081
0.72957824595472465
-0.60294316166532347
-0.8872010985906299
-0.45448020941827355
0.079510690518328944
-0.9428787843768639
-0.28026365732763281
-0.18008853476372888
-0.17476880866745803
0.64305408731336033
0.74561203337026327
0.49043996764834402
0.44581144392403865
0.74881292363276908
0.52316417158488593
0.85152559072291412
-0.034690314410400686
0.91578026185721473
-0.40126641058350504
-0.018214821716427996
-0.84659281548271614
0.082406622811303606
-0.5258229295969159
-0.6434875441436575
0.48958892850596641
0.58841011345518524
-0.54585237661162755
-0.14319911659944934
0.82555387222916909
0.44694764259064945
-0.31251902445107843
-0.83819428782282179
0.55467023615895794
0.73825423342121521
-0.38382498088975331
-0.42966168515977649
-0.41204182450058702
-0.80350007540005153
0.74731594640646182
0.28540886489145972
0.60005054461102092
0.25537847283611642
0.25954031236479075
0.93135420859599916
0.43291750686546948
-0.88750011999150669
0.15787960369993234
0.66442454578575949
0.57210071267653917
0.48087503315558322
-0.4289856757365943
0.70946532884664049
0.55913346991335233
0.874418674118706
0.3888717842463757
0.29012190156815915
-0.24616856113910968
0.77331122024778498
-0.58428657022524688
-0.79873084752197721
-0.53693726227027538
-0.27152791680143201
-0.66932180919692286
-0.48953227193201582
-0.55889754917197199
0.52920420335952367
0.26707288015895714
-0.80536636869825362
-0.078180181663886045
0.98079072681400226
0.17871040649795111
0.59574066363194356
-0.69467865423020903
0.40313103211273293
-0.14753868927040828
-0.57174530739866858
-0.80705615581319479
-0.74596368449237016
-0.57455068235066831
0.33679325235068036
-0.42469643255018719
-0.67620418095666579
-0.60198076865948891
-0.078866849768818359
-0.99163470548006794
-0.10217940543476292
0.30922457992549152
-0.83452093809222072
0.45602079235006743
-0.40177473369251238
-0.093421442566433116
-0.9109607551563994
0.93959204025887222
0.19689247474901037
-0.28000027012376294
0.28867893969602021
0.48555054723414842
-0.82516976184091995
-0.97455606237623493
0.21780723117162901
0.052919668697722501
0.36705268626202769
-0.82028935213705412
-0.43863162708405046
0.54432129954791175
0.13795269653423967
0.82745596642806596
0.18197686972407365
0.90937001453037447
0.37407298159377123
0.25610940917388242
0.96375133212355857
0.074775265714479469
-0.43236877801374518
-0.9003814769945927
-0.048687120308521258
0.42773999902782978
-0.58379572816136194
-0.6900877053043456
0.26759836785189317
-0.42138589981917268
0.86650160816734145
-0.14550911308432612
-0.2837843330780952
-0.9477834933722119
0.68272318501945417
-0.43052203897963692
0.59037261673430275
-0.98943153907826098
-0.11865852805288103
0.083338965661612044
-0.88916557124077222
-0.27867182562119719
0.36294159382057661
0.029709306925049084
0.66628977001629786
-0.74510086528849373
0.57792511613506892
0.52146939301169815
-0.62775172822723357
0.53721049698861334
-0.25430338038784661
0.80419815508900627
0.48881613427928111
0.82050642438140464
0.29635788232659183
-0.33648973743285893
0.22495050207181633
-0.91442436987429598
-0.20710169596094227
-0.96218729540662229
0.17693076636976002
-0.035768082640303178
0.38616963101539109
-0.9217340507682642
-0.25640930062182332
-0.18092470534314392
0.94948434507954049
0.86397637003255867
-0.2179175768826988
0.45393475490530161
0.058627484579444902
-0.21103804073405702
0.97571807578573511
0.43130043566508591
-0.60249103142304417
0.67155378879871097
-0.0063897064075182346
0.089601783800365972
0.99595717377396198
0.53055184888844686
-0.83111195321548759
-0.16663630115730366
0.69813929995840407
-0.7087505767466753
0.10136142172860674
0.83017599974139
-0.4818889021594906
0.28034067744247315
0.98084717818168488
-0.10481170631050213
-0.16417466087465243
0.15373211922476279
-0.16092094110728
-0.97492096409494178
