-0.73876257339331619
-0.62297755575046332
-0.25715525502012093
-0.20838876120337571
-0.42703345581856139
-0.87989576190352181
-0.67873068212711452
-0.37791718111602951
0.62968505251163143
0.93117255627697471
-0.13791537626463826
0.33748632479907636
-0.32178277072505335
-0.92498359754426729
-0.20214151661292312
0.6787303762987088
0.37791722607060396
-0.62968535518027813
-0.6020829576669835
-0.7499678885782719
0.27394210736654917
-0.4977252207624589
-0.32396571780189559
-0.80455939389585418
-0.42686257784616011
-0.39553177910569454
0.8132299498616703
0.21017804634256396
-0.97687521275271805
0.039242929872203708
0.584008707757804
-0.43161155558705738
-0.6874920322060325
-0.32616875147295843
0.84202630339236328
-0.42965759618324373
0.93324855541529306
-0.34537665192734651
0.098803350746446847
0.49875494290695072
-0.72218041798319788
-0.47926918407873648
-0.56477010339357292
0.005258855045923984
-0.82523152797043486
-0.42330919807110934
0.71506437055084748
0.55632029335367117
0.6473229675399943
0.38183162831623002
0.65967990973849722
-0.31980814060787571
0.19586301241833526
-0.92701695430415298
0.18485682098969483
0.56387869278732849
0.80490296033375197
-0.96343334975608474
0.26577269319697505
0.034074273706068837
-0.51855736660557539
0.62642492326432653
-0.58197085240789648
0.83551970757559568
-0.5338546203302913
-0.13002331561989813
-0.012677760287040143
0.1346262781867382
-0.99081534082577227
0.85668659571716477
0.35499027464380989
-0.37425924387628395
0.35331780329707801
-0.48026974393314298
0.80281224637876603
0.75822379854900912
-0.21140303673219002
0.61677015765544285
0.63279827594902183
0.62956269664273024
-0.45079613236126947
0.6579431454922906
0.74649674546975209
0.099264426169593703
0.60318069347268344
-0.11148379111213594
-0.78977491435286706
0.42668966298535571
0.53092554771373834
-0.73215708306777361
-0.80626765365281305
-0.58844217790892384
0.060566277176245326
0.79027044097320209
0.58943662376518291
-0.16744281617412907
-0.86248542210246626
0.34097995669515252
0.37396733252104075
0.031341571787744285
-0.96075880776018951
-0.27560881551411359
-0.64877876850796723
0.76058599586844466
0.024393696359750024
0.83057274135387615
0.089074546826252682
0.5497405264555314
-0.63347173243692778
-0.10132278300780284
0.76710315984677768
-0.7911864085421545
0.1292167935404045
0.59776842272346853
-0.66801824923769249
0.64679130144075669
0.36798455275456915
0.3250708815704984
0.019424938384027236
0.9454901341229085
0.54256129418318688
0.81339395150257188
-0.20980353122218126
0.32048129201912051
-0.72410332556786483
0.61070951799305861
-0.36118895405520862
-0.91898969651468332
0.1581153919400472
-0.6594535730076011
0.4387276937011732
0.61044163998465739
0.6663898478778163
0.63102036898562031
0.39716226478686578
-0.62379110632217327
-0.51867726110782253
-0.58468671481661594
0.83436967921037808
0.368245520401772
0.41014933270505111
-0.807667378627556
0.12419103341171615
-0.57641130516413552
0.94249643705699893
0.042736203337236031
-0.33147259775007193
0.24124598518611104
0.33990357623714196
-0.90899171255451183
-0.85693028993198261
-0.16391372759205189
0.48867450118045536
0.12355620845547835
0.94539701635527928
0.3015930118862869
-0.032419119958170511
-0.95106053699070059
0.30729929326325789
-0.10804151464368936
0.96552513314543942
-0.23682957665371684
-0.78842615985254716
-0.49680615439124221
0.36272280796656686
-0.18002083878190975
0.70963828267011986
-0.68117986271854847
0.25101978033198685
0.92938095009640587
-0.27062911794554406
-0.83436990760691043
-0.3682451157734023
-0.41014923136471826
0.42134172330177599
0.82881734633760762
0.36814801183080648
0.6142135558420786
0.081953003445003614
0.7848728642564814
-0.99835694218762949
-0.03926425408925021
-0.041734090820106491
0.099627925480860455
0.99500867945215621
-0.0056572324732526522
-0.61524754730778108
0.72941981078175733
-0.29902708099913794
-0.93129068182031383
0.23063569072823475
-0.28196603362278422
0.60519431900047782
-0.49997065082396674
0.61949106899470885
-0.39594421300354099
0.48696715840615867
0.77851857191902485
0.95819883074467371
0.27279504197850407
-0.086243062512217514
-0.18164259684427911
-0.85350165267764355
-0.48840648632895706
0.56568602313336225
-0.72391207085250964
0.39490585828218872
-0.44724306050362517
0.85802777209687531
0.25251136042131545
-0.27832499491089852
-0.11654329868821743
-0.9533901912326963
0.033858152731292127
-0.17809399425484243
-0.98343080829511376
0.51803460239295995
-0.2162769107295284
0.82756537422058651
0.10649592661799975
0.2473067106821851
0.96306698025907411
-0.75851824037798998
0.44245607397290693
-0.4784168701230751
-0.8355192556820713
0.53385525312841942
0.13002362128347605
-0.099627930792144478
-0.99500868000182519
0.0056570422573029872
-0.029229107245325476
-0.69663541597710865
-0.71682965654054942
-0.40311910756752006
0.90865711295792173
-0.10879906334588001
-0.16312094554159992
0.88769306723122965
0.43057238127314446
0.6254198083234348
-0.75913394502446696
-0.18045973752687208
0.36273460663970991
-0.29384277107916495
-0.88435288829202818
0.10148820702460411
-0.46462048401495931
-0.87967491135568709
-0.74365673982723135
-0.18169206197313439
-0.64339929120685568
0.18379241836104704
-0.83317871501901863
-0.52156838074432244
-0.13517017748256629
-0.35042411525861134
0.92678582345898619
0.44534866499356757
0.62855002449912234
0.63764365698295766
-0.1014879759771001
0.46461991290633009
0.87967523965551397
-0.24086216734477039
-0.64125749828573808
0.72854254318762779
0.32374467686445541
-0.61431890867489214
-0.71958436798364289
-0.057187064843274571
0.44353640613989481
-0.89443003977008584
-0.35773460436357457
-0.097891614229322146
0.92867819221968073
0.74021864179580643
-0.51943946786306094
-0.42691802674999774
0.29840437159785849
0.011293375472002437
-0.95437272104861404
-0.18681838942253973
0.97542360653345672
0.11682327332699081
0.40153572598141879
0.33387097634691121
0.852818405004099
-0.4968601699529287
-0.76439723869439002
-0.41088542562463659
0.39415512093757871
0.9169411432523813
0.062134374139428572
-0.58242512250380907
-0.8109165537631482
-0.056527157272609062
0.49923583122282966
-0.86125861422018446
0.094853488363780478
0.80730165076417404
-0.22293028955715899
-0.5464120520920096
0.35687384019130691
0.77309625988705077
-0.5243693689907557
-0.60495083454830945
0.30889428662399288
-0.73390653864804778
0.93046721632668095
-0.26372340945506301
-0.25432405046844203
-0.83135541433424121
0.52510339310004428
-0.1819741784209028
0.86142353760165458
0.49227018595305583
0.12497820965110089
-0.03406820374464279
-0.037509305765057843
0.99871537961254842
0.17945404962067465
-0.26507708038396305
0.94738080280838211
-0.54385044772419022
0.19808131874134791
0.81546948543516118
0.13478578010033629
0.65177711860854259
-0.74633731056479391
-0.9327092749964877
-0.07772409420322518
-0.35215390600675528
-0.29735277955006317
-0.83652233780061747
0.46023005427116681
-0.34915928824583581
-0.63845578344164189
-0.68590232833952447
0.057359415084994883
-0.57893096374086583
0.81335652497731858
0.74471876943521309
-0.65155736314856072
0.1444539960603245
0.27961407707226132
-0.89493237434741624
0.34772404755484448
-0.12566831856349658
0.71199684122879181
0.69084583793321519
0.013538165405909283
-0.80983171300661605
0.5865060227194705
-0.95861150716474408
0.050978208037092049
0.28011640551146721
0.52319597210325997
0.19539198993911927
-0.82951066602097168
0.99847510869050171
-0.053454729689287918
-0.013785833284053603
0.033016327765067376
0.86273741609847943
-0.50457315917974577
0.80808004675074785
-0.44796342875818962
0.38253810860947635
0.96289418360818768
0.1573293498099449
0.21927669019278281
0.78894866552643439
0.086658056483640875
-0.60831766735032144
-0.52262962181184092
-0.63995394351675905
0.563309176724613
-0.92968448681440408
-0.35045350636395239
-0.11344203301179635
0.16097152789107422
0.79898708752047176
0.57940296960230309
-0.94220207816173074
-0.27378854413367226
0.19311933359682024
-0.25245886999705824
0.19977288382435179
0.94676043107446706
-0.35331794670188404
0.48026923321036868
-0.80281248879790679
0.35112711554903914
-0.90542597702013716
-0.23856560704205046
