-0.44972158894335246
0.54997388996176844
-0.70376076389536446
-0.53732367909400613
-0.40462377816231787
-0.73997490635191998
-0.21221796772630075
0.39590344953618689
-0.89343382117505876
0.59101142940702911
-0.55778706862654903
0.58273413868012014
-0.7680157893345535
-0.44832212270914584
0.45733906636366461
-0.88269244912749367
0.12419678313205888
-0.45324298043428685
-0.48969839859662501
-0.66280257440537904
-0.56646996899527091
0.84131724904766492
0.27203169699789703
-0.46710174724926196
0.41401580239280461
0.78891739033605268
-0.45409279513596623
-0.52895279917135596
-0.84860162471375455
-0.0091770791629543873
-0.011315737028473294
-0.12591348378410974
-0.9919766875773095
0.074764271953353237
-0.8550253580531807
0.51316853052902156
0.91213583315275992
0.39582130183520764
0.10645994031654341
0.69944442140218277
0.21023813244244338
0.68306473268386469
-0.51316144827761434
-0.66869304408431374
0.53806592606749892
-0.18619557436555986
0.52878299198840828
0.82808197388330218
-0.088143683493429936
-0.95781091590013179
0.27354878987625036
0.11664735523591351
0.50379924672410459
-0.85590870629798554
0.93772715125481809
-0.23824736448606462
0.25279632733678692
0.55071324165413571
-0.78858303125053031
-0.27359043896035318
0.25240017988097613
-0.21335288447927217
0.94380861189142862
-0.51445167267199898
-0.10313997736020576
-0.85129408640910853
-0.931243439260102
-0.16205932640235787
0.32637774366679889
-0.74789052683074353
-0.46387757679096764
-0.47484455733152592
0.76197300417557057
0.64746858453265843
0.013474900776323809
0.63846274408598613
0.30069624092046304
-0.70848224756199463
-0.40109272751501351
-0.86993639492428676
0.28694127050792523
0.29283857228572563
-0.52309226980369261
0.80038743609159602
0.54481060642797607
0.82778368495232557
0.13399841062613396
-0.98574176591080931
-0.16815138151226455
-0.0061873931955401199
0.84372238172712866
0.48211899794987167
-0.23599536942175992
0.91633664256698677
-0.31016524377030408
-0.25322851151868792
-0.76550956311148033
-0.64314363110972372
-0.019009959175916257
-0.77966602624967507
0.60659319010401436
0.15545285211753446
-0.70538594684021683
0.38440720746365725
-0.59553485611702295
-0.29259161675355566
-0.28082432334180663
0.91407212255114567
0.36441537431028581
0.30783726851063759
-0.87888432178654985
-0.077284133661317492
-0.96340025224841086
-0.25668485863392521
0.97696253837447211
0.10150050383455925
0.18772811812362805
-0.65900246109281635
0.13853302168029147
0.73927285773098639
0.063745016087578432
-0.67813457489294138
-0.73216806216794517
0.4433960321968507
-0.89604017451289364
0.022626627919166493
-0.42464733703973334
0.6321797674223657
0.64809210827386776
0.36010880750096647
0.61752842888941539
0.69927125371603971
0.37426311778066323
0.92079453811954382
-0.10983868734791728
0.051733671296237675
0.99846229943310894
-0.019916421991950387
0.26865505955091523
-0.93237769555192707
-0.24186006659837841
-0.85998015717731746
0.37869675994086294
0.34208609043860388
0.30469050535526565
-0.27177610695799859
-0.91285346230000552
0.79186310524571535
-0.30101088888511118
-0.53136171044139835
0.85081455436851261
0.3199619025370054
0.41682007509189017
-0.77720420938054779
-0.17062178573847428
0.60567468425927451
-0.70641912612844704
0.089599220775693406
-0.70209970650635523
0.55265838735439865
-0.7711706303912147
0.31601355304614998
-0.48490924735604862
0.25506816849757558
-0.83654243840219045
0.17730834875331616
0.73843232771509737
-0.65059929822251994
-0.23132270056185156
-0.80037206893846935
0.55307717315753135
-0.92561507552065281
0.3784656897480993
0.00067353722362916292
0.15990241497556634
0.93253175820725598
-0.32375258704737092
-0.88619615170259969
-0.42274056550626221
-0.18959640023731608
0.061829290579720676
0.67801991775654746
0.73243848202549611
-0.24939273480301929
-0.57517756580085544
-0.77908538147424744
0.43284114961737513
0.56210808707356508
-0.70475743177664085
-0.14706603703936738
0.65807410079980544
-0.73845112133848301
0.1935236231117036
0.11713745185848516
0.97407773030175593
0.89175495039467234
-0.45190551735594192
0.023548074865129609
0.78968434911650087
-0.32592590522799325
0.51977969666173118
0.77787500676637922
-0.55193584448661226
0.30046180692236979
-0.36693608713046127
0.78667116371616508
-0.49649409678146361
0.52121567116794809
-0.32416551819338629
0.78946243795595417
-0.060118101775482068
0.95368552442549814
0.2947367203796889
0.76893576422114551
-0.0034880548843867105
-0.63931652878270451
-0.068072899055750979
0.85754310374336185
-0.50988813051133797
-0.34794111199954308
0.061737457004815324
0.93548141028194687
0.9934379335826955
-0.10850596341043778
-0.03615975695876146
-0.64909481789677648
-0.70025203479850295
-0.2971918658713712
-0.8608594527276302
0.11590334186836997
0.49546686871397239
-0.97741487954689965
0.11381538212141032
0.17806238241941291
-0.55888975560703669
0.82322998346038723
0.099672641227758776
-0.67159068432792957
-0.68998924872187539
0.26996442241926072
-0.43953139773563693
0.34804829623322497
0.82805466842093611
0.61683514036643927
0.75214791734976649
-0.23192222842048571
-0.98192185148034328
0.10937428492536624
-0.15448865130642891
0.091413046174216764
-0.8654225383626547
-0.49263321557025586
-0.62483339122644033
0.66328609729833998
0.41186743782338919
0.70326491004508318
-0.096443433561371458
0.70435582656933737
0.61372523956784708
-0.56107317238826004
-0.55546217291869904
0.54132710537218853
0.01099077556235605
-0.84074024992378327
-9.6463949516935951e-06
-0.39933255324364836
0.91680614735442068
0.46947325398862938
0.7674469724400087
0.43660051337806804
0.37347678867962347
-0.75781251498069579
-0.5350096078167087
0.93061522119749851
-0.01698800453496371
-0.36560459211756452
-0.27372483153203092
-0.29108953756704425
-0.91670147688425019
0.025741611797332142
0.21934805112849451
-0.97530702954926285
-0.052907475602927558
-0.080486615404132947
0.99535054315859639
0.35039550685128018
-0.54137496849903433
-0.76428799039439588
-0.92423816714096829
-0.16495559079551275
-0.34434497740667985
0.029060118089200556
-0.42871532547728508
-0.90297213646797947
0.1699609853236301
0.8511803760637926
0.49659362749809988
-0.376807104363518
0.85398304640802791
0.35878874362059526
-0.24244843647912623
-0.97016108089892661
0.0024965491890727013
0.26262887135420437
0.025702495921799847
-0.96455453844487549
0.26091369597689207
0.94258871124958288
0.20844799033938483
0.44252002485816316
0.32768005100421566
0.83474655541272247
-0.56080798298971801
-0.42056664370418712
0.71317466613614333
0.66627337721182922
0.55883594290131799
-0.49374302601691333
0.88376675949711447
0.0024840095580433291
0.46792108790316883
-0.38283960720881433
-0.87339264831276442
-0.30103009322228319
0.70137029280991747
-0.7125325739953684
0.01941760436473609
-0.48228829461955308
0.85180865281434159
-0.20449943731849204
-0.86046213826524842
0.40582752261607291
-0.30807293048772932
-0.63500286080378532
0.640180524274093
-0.43236589031878542
0.968618273510508
0.2030008283434579
-0.14342002619366853
-0.27326843952911012
0.96001939968306027
0.060721595742385663
-0.16596389721743629
0.8031409707100956
0.57220675108499508
0.019984120097229652
-0.66423525498449465
0.74725642250811253
-0.74119636137650335
0.65559669606788118
-0.14429458058814901
0.34969398285654624
-0.74088879571579536
0.57340902568474095
0.14813935470592476
0.42267115593037774
0.89409385722741141
-0.67994863840057373
0.41744209869444954
0.60283658098590809
-0.18148612853710461
0.95421700521647923
-0.23776604489351943
0.76881259638288613
-0.57643025219917987
-0.27686703666669249
-0.20792484419363255
-0.80475292021394507
-0.55600359402991373
-0.55254218992840132
-0.13472689554855793
0.82252403731743584
-0.7614506621847219
-0.19688579771667525
-0.61759928085767468
-0.89031089306761702
-0.42514510822900531
0.16308939460948879
0.47290171169728951
0.013018485700634347
0.88101900666434885
-0.26360780988150168
0.060363436365123507
-0.96273941340306202
0.6258685553603871
0.50126868403448743
0.59751004829829857
0.26962497441854355
-0.92107034878400829
0.28094801255873891
0.58000546542570486
-0.29521908252506845
-0.7592360327259029
0.10277378663721806
-0.99453132963067348
0.01857372238654334
-0.11104288246554295
0.25090082313571466
0.96162271978336944
0.72896114815048074
0.60400730204937225
0.32216583238787355
-0.28054598644669293
-0.56543380176940938
0.77561495943879533
