0.60026648765978152
-0.51935491157934088
-0.60823566124570849
-0.42631333237816299
-0.89612091945374395
-0.12338654851320939
0.34990475127624215
0.067579914134869606
0.93434448692108996
0.3819962625161043
-0.1682298574167653
-0.90872304389030567
0.81252711609463146
-0.021076887597293929
0.58254223058946764
0.3804281130570551
-0.72799722082609986
-0.57034594525193516
0.62010911528605306
0.7744339105340623
0.12536667561225542
0.67000992117007352
-0.74068632614155738
-0.049703840903842104
0.78247925179628253
0.2616371479478794
-0.56504178900505153
0.99980689568376202
0.019504947052177313
0.002393404205512983
-0.85970258445883785
0.41274534854276934
-0.30091982907595594
0.83000076999411831
-0.068603041900104592
-0.55352718492520614
0.43912741782990061
0.8924352578603556
-0.10356843842486269
-0.81669010011243315
-0.57701887758287029
-0.0081544645040871871
0.56856424329263
-0.1211149711124519
0.81367429910346123
-0.50402525672857501
0.029725328643410109
0.86317723870404228
-0.22106125948655317
0.16809101370395921
0.96066504603123459
-0.48185691109349854
-0.056944024574089092
-0.8743976757155395
-0.44274948638479339
-0.5966849283521577
-0.66928319012461523
0.29432255921796724
-0.89307190764299105
0.34028928709892553
-0.6071003292399052
0.52731896205107298
0.59444419628605827
0.48375161388751858
-0.45880896825847789
0.74530443894210907
0.053404292977471471
-0.064221604699520624
0.99650567834879633
-0.15315147415307828
-0.98810137757042193
-0.014152512433259112
-0.66407872052737416
-0.70893436060299542
-0.23751110563328987
0.41858054787879045
-0.85956843148287365
-0.2931423485877877
-0.60466556277053574
0.79070307584979971
0.095750733893047293
-0.89292106348926803
-0.25014464768067923
0.37432556633751785
0.88122078515023006
-0.30373161239131552
0.36221131325979256
0.67925550930109047
-0.56867587573082512
0.46391777444488513
0.36795610849145932
-0.46693938983897498
-0.80409943939827944
0.63425575529698641
-0.24320501869832811
-0.73387393723486016
0.41468120523275032
0.81275845756690002
-0.40922266271577307
-0.93622942004246568
0.30256860610808201
0.17868047359675573
0.10481030168091275
-0.3531011884332082
-0.92969583810438361
0.57517790314240724
-0.7754706737064555
0.26041431212197141
-0.4981862371017729
0.76647153315278493
0.40537866498965563
-0.50521774376800632
0.25135713215836863
-0.82557532878295592
-0.69296390548472453
-0.53041766569199755
-0.48832174395290839
0.095926799743487348
-0.81320200349572658
0.57402138514301815
-0.43787072387613818
0.78319540299700541
-0.44144556844139354
0.82319340436116684
0.56737251076146789
0.021001263021552596
0.39870035239453067
0.36790513750025822
0.84004990256614687
-0.90074368314122966
0.11193690638802183
-0.41967957571157932
0.16485249518608139
0.98631710653211058
0.0014900312239458972
0.81399248700785709
-0.36895656797167403
-0.44865051214205359
-0.21311500699130526
0.72350235554156206
-0.65660211339966523
-0.14586319430742434
-0.52666419396820319
-0.83746567412536832
-0.72537949512365896
0.014576960677844066
-0.68819481273222494
0.1695792189511553
0.85905898719900098
0.48297054259296485
0.016190878109110698
-0.37549773594116159
0.92668187948676195
0.41671302759979012
-0.90895771550962223
0.012088177867029978
-0.33827191722149152
0.65330553368325683
0.67732118649731576
0.095647978597919514
-0.029369962127285331
-0.99498184381162147
0.14796897166113407
0.94234872719558993
-0.30014006693275441
-0.26168494041690143
-0.81174953554753215
0.52209547354614039
-0.35394646206083902
-0.90898987338195103
0.22013475891753134
0.62959024187327572
0.18212705729861228
0.75527866535319166
0.35880729808616812
0.14003088370090239
-0.92284813184513081
-0.85542000077831826
-0.1985746629325249
-0.47835627466320146
0.33528376391609155
0.66416504644413499
0.66818379861840305
0.62508843877257703
0.58356244849747207
-0.51838143525448277
-0.55789194004897114
-0.72283484790367281
0.40775772939880534
0.62599191256674525
0.063632485435961256
-0.77722907318130507
-0.41659939325870721
0.89685182529124785
-0.14866656990807955
-0.94816416059794839
-0.31074067861075982
0.066520336846053948
-0.65559588735694929
-0.30118846681383282
-0.69244461145927561
-0.46752525119007493
0.54102172411528915
-0.69908199342779342
0.13380733797239666
-0.96836968161832193
-0.21060806258823686
0.95736370362683398
-0.28116436390097849
0.066342591523620015
-0.87405818941828817
-0.41124356932678868
-0.25865229207990176
0.51569555704592762
0.73965863731870252
0.43239240590339995
0.92717614696094164
0.30216326475981364
0.2214537286575978
-0.43584130219047662
-0.78979974583082235
-0.43157701605910181
-0.67651496148902401
0.7100967373432201
-0.19516692982167433
0.75925276785178408
0.55604644945886383
0.33815319095580948
-0.78884656620723104
-0.53993270151453809
0.29358775999396403
0.032274561014200315
0.27596969850885716
-0.96062431689827166
-0.72988671763600643
0.31219466155350717
-0.60811172716535222
-0.16840455256174891
-0.76589193893745622
-0.62052352457187387
-0.15704302923345798
0.90943203790058458
-0.3850595478743114
-0.10736761494027186
-0.65637238050404179
0.74675798848990882
-0.23302755477700035
0.43308038433901025
-0.87071208755559781
-0.90202595104251382
0.058144978895460858
0.42774799248517181
0.13307037873734143
-0.98657559964540142
0.094661821697118217
-0.013040063158428655
0.96826560653705895
0.24958299611601226
0.82890608667696186
0.45766982047756838
-0.32164115858191306
-0.97335448587277396
0.20015842915182228
-0.11188229560937125
-0.023635818759190682
0.72768853638312203
0.68550035892636285
0.95166044159499119
-0.0008253205538021279
0.30715097712559869
-0.23331549820959513
0.11721862355053997
-0.96531014321207931
0.95205108389757243
-0.18349855562070191
-0.24479994635329011
0.41416126160568245
-0.71262526333567078
0.56624701627554319
0.661602290117831
-0.66502922355787664
-0.34643692286597999
-0.53583404425863324
-0.27553262375375082
0.7981000252229109
-0.74953834785678997
0.59772026153663271
0.28446924972779192
-0.75380155066714694
-0.11636180740426087
0.6467172117621568
0.27785755415936797
0.4285113392695325
-0.85975183146882883
0.60754824496438486
0.49014799316313029
0.62501205975473129
-0.17081932731251542
0.46676928741100948
0.8677252962466393
0.20317812865781132
-0.58428140604264323
0.78570597973283984
-0.32741830874523009
0.92894183563416488
0.17281295410657541
-0.61455200488676087
-0.78228374840688419
0.10177411393933899
0.66816719011127712
0.71168583267278385
-0.21692367697336934
0.13224306827034629
0.51871987602478786
0.84465464014073421
-0.99085720391613152
-0.013089717431652537
0.13427829588234017
-0.70057315204883774
0.19244400016727067
0.68714086287163545
-0.2486162821180013
-0.14012603206349852
0.9584125622110562
-0.6987609913682663
-0.43227238762122566
0.5699768941301766
-0.66645683550463997
0.57830397830933933
-0.47053139648777137
0.35048135900879646
0.65616095672450137
-0.66829306135686783
0.094185614732121545
0.81189351198647097
-0.57615796026073152
0.085936236887793852
0.24258066563348821
0.9663175377950971
0.71954192645878456
-0.3093726091034909
0.62172984873213177
0.93715449702049425
0.11980908576782277
-0.32769991101882062
0.12049403253032621
-0.65311510035849873
-0.74761076357171918
-0.19970356391396005
0.86110236500467652
0.46756946386971826
-0.16698200981230452
-0.19168999933924313
-0.96714629325266221
-0.13097509027718562
0.98834766600052004
-0.077552671380213933
0.55546932790075132
0.37500187452409489
-0.74217748542036943
0.9477289529860965
0.30792624771953409
-0.083613740720324389
0.34658076401069737
0.90829616815652281
0.23426447645756898
-0.27785821725418813
-0.42851154490925875
0.85975151467374855
-0.45791662533318012
0.35340889653330726
0.81572943804583997
0.027128992704967672
0.59495526552303291
-0.80330084637153909
0.85752968130503937
-0.49141811788313766
-0.15215478663871301
-0.4485374561758621
-0.59459083107603317
0.66728996246579242
0.81594973533892312
0.27962647341305191
0.50599907585579762
-0.97631086917894749
-0.11031140744400737
-0.18614102210627897
0.3040999027388539
-0.26257965064926547
0.91573750399289056
0.10996789701508082
-0.86102329312795378
-0.49653393672253093
0.81280666313735794
-0.55740966523099833
0.16923295620705789
-0.056892809383393542
-0.94242859841346838
0.32953231272955641
-0.16607179947319692
-0.92851299689693967
-0.3320900058917734
-0.39735474228332662
-0.35225139682876222
-0.84736542425162531
-0.84685543114737127
0.5317527008885985
-0.0086570106780837434
-0.81720116758650119
0.35330632999307732
0.45536456700327682
