0.015803513435823108
0.62697338560423099
-0.77888036482315559
-0.46182143640082979
0.60712823291298312
0.64661910711069526
-0.81715077422816151
-0.4154736192272096
0.39955761024483061
-0.98660916412556354
-0.088391993285263218
-0.13707374944355513
-0.82472491003837534
0.42659836071543039
-0.37127168138319033
0.30050363296588978
-0.89426455073345257
-0.33164511134011621
0.04305439528933163
-0.85882985625425967
-0.51044842741706764
0.31939142157673944
-0.46992370640346048
-0.82289782475300288
0.72695748383557957
-0.2312065540516601
-0.64658823532368714
0.56847531394730999
-0.49805268584776896
-0.65481244608844369
0.034868296584665281
0.12085975136706113
-0.99205701569656568
-0.45587035220822769
0.36002975294133677
-0.81397837746130963
0.57418459321670079
0.21412326355777661
0.79022989118100229
0.17208088310732825
-0.53852853694371949
0.82484858281157225
-0.21143204240554633
-0.14563005798964751
0.96648247664101561
-0.55660150476895665
0.28916307797956953
0.77883212518636802
-0.59886270676350517
0.55133893937054335
-0.58085181619897908
0.32271772130445131
0.010103088059702812
0.94644133466777558
0.18749252050517864
0.37719590999335506
-0.90695633866184522
-0.24280839458969372
-0.72416610557120498
-0.64546691244293064
-0.16278724204721842
0.98657613792668764
-0.012955226756865005
-0.70901054336697322
0.43520812121922692
0.55488552028260751
-0.27511972149512265
0.8245296765039527
0.49442891441412817
0.4593652551512849
-0.87281403761239262
0.16486120861666514
-0.88304027116099248
0.2133046855174332
0.41802032324305705
-0.24091669947835334
-0.47036063969390779
-0.84895230286465129
-0.44778161872440092
-0.31214213399633778
0.83788955723100367
0.88088348717507503
-0.23466401694315073
0.41106821961127565
0.77232382983692693
0.29292115786340067
0.56366044489744549
0.51947583618723581
0.78268755718945759
0.34284842633206269
0.17169269453061495
0.59204975987071939
0.78739996220589203
0.14646199409936858
0.9888297146123155
0.027652844051979916
-0.94902287862319612
-0.28230344468436946
0.14021533785246787
0.89550987708629415
-0.23126837181736495
-0.38023282372493233
0.9333825405691486
0.096189560077841685
0.34575222557882845
-0.89781721445788598
-0.11222457862857992
0.42582847882066316
-0.90479723658468458
-0.39833326662015234
-0.15057413248110355
0.3637638222369306
0.094471905994455055
-0.92668815715393382
0.8735426981776554
0.48418884715490401
-0.049842900711203113
0.46099224369756642
0.88492479343592856
0.066289223958820712
-0.75180693045748948
0.083972920777058563
0.65401444012518362
-0.10074101137165405
0.81654481541877433
-0.56842397296431457
-0.52320147624180524
-0.71403455056349607
-0.46520412278910639
0.70331373832280253
-0.69218510552557777
0.16195544194299016
0.49603150675635121
-0.74833535800272211
0.44039406929244795
-0.14189901541667102
0.38979113108680463
-0.90990523877481266
-0.33661326682700987
-0.57970929608274646
0.74204355709843273
0.54303500283542039
-0.83022891943505672
-0.12582895942203909
-0.6646587675374932
0.69171042500770386
-0.28242770875252732
0.20937224737514787
-0.91953814798899236
0.33258511154598269
-0.78639874795600873
0.54995048551298986
0.28130316865838623
0.49423152251076924
0.33536763922630858
-0.8020372489582136
0.79453447716988579
-0.010897403736503979
0.60712124915883137
0.0042043694297707983
-0.97761372313587369
-0.21036570921638656
-0.26530865877504911
-0.96293817045260688
-0.048594191673190325
-0.28565347752359116
0.11429479375436548
-0.95149292740373337
-0.77602984427728006
-0.01987292728405746
-0.63038301654798978
0.34859495694887144
0.73414575706638796
0.58267620800169517
-0.65957815976897272
0.74831073916608326
0.070623571167747493
-0.38894409381194839
0.90097208889560132
0.19228049022170479
0.77560041476972141
-0.618136072508774
-0.12787412745533752
0.76856821222142913
0.54044580542609488
-0.34237586737399572
0.38985799770518359
-0.3186098390920476
0.86400145373665005
0.20906728482276754
0.82109047706039251
-0.53113209176020704
-0.81181485940256781
-0.57172637993492526
0.11868268845831931
-0.73514528178597238
-0.65347582373535551
-0.18036286330955659
0.22205516902610542
-0.76712375039612601
0.60184105334130378
-0.60455465618747917
-0.51096827959153401
0.61108516995039808
-0.23026398825912509
0.92366459936061085
-0.30630410313772116
0.88112667500327657
-0.43921451040498916
0.17523240695538039
-0.96313656534123182
0.23382905871608578
-0.13301100632144919
-0.37068792714582244
-0.77311877176987331
0.51466282691231535
0.49942323466842298
0.75785480819458084
-0.41980057452281361
0.73125517964037945
0.6641625612024018
0.15541542570215547
-0.27955217020040912
0.15367257178981419
0.94775277621104659
0.19994471213711984
-0.15433389945599316
-0.96757591927822995
0.049784697751857329
0.82929937076866977
0.55658246245497589
0.29059219325084323
0.31357153964240086
0.90400722715471626
0.98483859120544937
-0.017900663516272192
-0.17254713998830293
0.87301630317270806
0.40360865404855678
0.2737564406032682
-0.078127983230315556
0.95517552656474491
0.28554462293681154
-0.6280708764956322
-0.68917814867786253
0.36133150081741083
0.97824214568819234
0.20203870942183186
0.047145140730748054
-0.42467522953000486
0.77166447654959358
-0.47348166284987159
0.68064675518090956
-0.32752790214747896
0.65532088931802734
-0.91043236967696006
0.11419016217492833
-0.39758459113358352
-0.02694622105344046
-0.98967274188535137
0.14078979061022145
0.92125940218485747
0.26790509818903596
-0.28197158057208871
0.64844840456158714
0.057626773415058494
-0.75907431889591803
-0.30174608478812037
0.43982882596268691
0.84587227414505373
-0.33938648655273995
-0.90797575457040558
0.24575768931549105
-0.30301151800705911
0.61572152861144425
-0.72737268243964459
0.027160811429667829
0.082538564652290217
0.99621768487997731
0.32326709599704384
-0.72055876407694197
-0.61342762585128829
0.57880492805703809
-0.085574669502696862
0.81096352026240437
-0.74625336360221073
-0.49185084128028805
-0.4485405970971405
0.35365052870252084
0.91036998584663587
-0.21484364644555698
-0.67155066588750034
-0.28502304081493812
-0.68394558946648731
0.67398143216169648
0.56309096507758605
0.47820246146298906
0.23587375199032426
0.91881514766860084
0.31645267819491457
-0.98775502534166781
0.025910153468842321
0.15384626696641743
-0.718536504847199
0.28079231989671466
-0.63628685691988973
-0.13255362943891955
0.66422437875108875
0.73568710060412223
-0.71330018764536751
-0.22568189130880628
0.66352884356323472
0.039720520773434582
-0.40023913525493565
-0.91554951523108152
0.48962073287422786
0.49528362673985338
0.71761108340320479
0.56083403408968968
-0.71953345635713317
-0.40955682315088127
0.86413593323137905
0.038121023662653401
-0.50181259096723052
0.98403738561636866
-0.12462159919081429
0.12704283027556593
0.48844317763329131
-0.20765299407387949
-0.84752787345057057
0.58419325002619726
0.54684122318552142
-0.59973571116683699
-0.080138302106966749
-0.89168376531295579
0.44550860284928545
0.24370994344022714
-0.96957805019803156
-0.022888163808932251
-0.56441338187765311
0.72936336231080778
0.38660913087523413
-0.46703990946970225
0.87551419807394704
-0.12388951502635559
-0.52172498157771285
-0.020065296764951474
0.85287773300952663
-0.83907453759602024
0.53918521350268167
-0.072341038823701034
-0.11580030080853811
-0.43420793353476816
0.89333854768957455
0.064025988644723988
0.95628174645656272
-0.28535222825843093
0.043751098660037027
-0.65958383236193896
-0.75035658819842255
-0.24629868028468621
-0.89017752509734527
-0.38330266618116193
0.7584684149430071
0.30324924731089914
-0.57685835136471386
0.93182764215535752
-0.34732615505542352
-0.10517503187355265
-0.93205126486387602
0.33164406491406617
0.14592002560623232
0.31526696087952727
0.61110374010229762
-0.726057134260638
0.46860205782097647
-0.56080334654663477
0.68257726149355513
0.72317228733581562
-0.53330306089097357
0.43887320272921987
-0.58564411246188863
-0.80575067356411934
0.088242991731325757
-0.013339846817812808
0.38103610967379048
0.92446391579744214
-0.49559311169023645
-0.52045215164359093
-0.69535388507920581
-0.42863061032328303
-0.2179518869753849
-0.87679688346717954
-0.14042497094679987
-0.15406452388261926
-0.97803116004318214
-0.49660547222621265
-0.84551123941730122
-0.19619823896763064
0.65478594213214936
0.7431117153337764
-0.13798676936505952
0.76653436097500016
-0.49538428531748596
-0.40868017239050369
0.10742386116384334
-0.22925272746424655
0.96742095336149048
-0.88581400771473606
-0.21837504073527536
-0.40944582708854715
-0.066439059767037123
-0.71408523202512464
0.69689894012037057
-0.55766172903347044
0.054745989717083547
-0.8282609930337762
