-0.11771716126217842
0.47221021241726857
0.87359039900471225
0.11771716126217845
-0.47221021241726868
-0.87359039900471225
-0.59556718332003611
0.28006825706660543
-0.75290205308254554
-0.65379765807085866
-0.39388164025713501
0.64606955954402412
0.20849832254821657
-0.5181951832090016
0.82945898126041717
-0.79076488535231926
-0.49481240744100369
-0.36034924384015538
-0.91590033238141133
0.33934197706293046
0.21441456048188981
0.89797379212381367
0.064754970642646834
-0.43525838583058635
-0.31570722931971362
0.94825262000735944
-0.033851351589676122
-0.14159246889188645
-0.98991108907475112
-0.0052543772171569731
0.80869097323710926
0.090717274382137753
0.5811964262910545
0.24880182803619033
0.55985183762968671
-0.79035660955578335
0.70277654246432708
-0.71012750851162154
-0.042708933690300412
0.54658829892656835
0.82394089170214646
0.14954142722881855
