-0.081193504703789512
0.83503087712547475
-0.54417924348598223
-0.20185116737425837
-0.97932126199261194
-0.01363715655284981
0.48596595961505212
0.84510045442851134
-0.22280553857600854
-0.078073079406555307
0.96190216942563267
-0.26200918061441902
-0.55752400594216367
0.0070200906589809519
0.83013113489697632
-0.98841589853022493
0.12637577730565874
0.08404269416837308
0.90769406914993755
0.035158824017477545
0.41815706848472223
0.41879629040741101
0.51523800523275343
-0.74775628723853904
0.67815229049484571
0.73490080065083641
0.0055030990681896068
0.20982193131428417
0.96869120661072561
-0.13271060008379315
-0.77261422230705123
0.05988391141097283
0.63204523623154796
0.63346911969970354
-0.51855219652802109
0.57430000336309173
-0.66605541023959158
0.63397646821092291
0.39299367456153023
0.58946672469392203
0.34694821658504638
0.72949017504492519
0.80386283248620505
0.3295860828435781
0.49515407757897101
0.50344746669772156
0.086764101836772273
0.85965844316688034
-0.88415974910064099
0.024654019298483005
-0.46653372590062714
0.25574734411643824
-0.90387103078074416
0.34294380836041222
-0.86660101520063981
0.40258085829379564
0.2948411996120136
-0.96832433859275013
-0.16121372881967855
0.19067802424235433
0.93166705924436277
0.30044025751157333
0.20428446437588135
-0.93019750798975442
-0.36554617251531152
-0.033295523558833563
-0.52365765549588295
-0.10941032649479474
-0.84487397894411309
-0.70747518895166195
0.12017650413936251
-0.69644559361851943
-0.88599681779034689
-0.26793242928128641
-0.37844663058984584
-0.68380141652311144
-0.50352349497046389
-0.52809062931822182
0.031537717591051027
-0.1777909881437244
-0.9835627773070843
0.07717032595773031
-0.81449003681029986
0.57502236541575846
-0.018845838468297266
-0.96145158978763157
-0.27432767790958118
0.80887866112860596
0.13531379203348362
-0.57219357673458116
0.10853802649572823
0.74502581612131002
0.6581459033658027
-0.35731224794237904
0.69987077639873274
-0.61847300168511732
-0.24998714973104644
-0.6134196311228225
-0.74914803685419062
0.1928350354731703
-0.84393113370235406
-0.5005945371874535
0.56237910010430081
0.77401121134007966
0.29092334469021097
-0.49541421668028901
0.5716027639328104
0.65409099839045892
0.29078464817856475
-0.92978218788715372
-0.22571967453335964
0.55566574658456591
-0.75316984750596361
0.35209481518542785
0.64206856358271081
-0.23306715449974003
0.73036132232767426
-0.73410601196947955
-0.20735921478137159
-0.64659919520172582
0.38792678948462739
-0.61196078035104451
-0.68921463225347313
0.12588108723067154
-0.99179611262119027
0.022235621581581048
-0.91360993335389051
0.40658680472206815
-0.0020149200973025379
-0.014183933191527777
0.99816931053123159
0.058794927951515218
0.97805270547076695
-0.18216075942051108
-0.10114525717331332
0.26300063182484451
-0.40409301670705433
-0.87609331780828292
0.67105558630596485
-0.49834110965750189
-0.54894493213152729
-0.7983917954068418
0.55320954429163938
-0.23775983919004537
-0.61064318255649708
0.6509301300522452
-0.45100428976611706
0.39966682270286635
0.91246887986134284
0.087561259214231635
0.78693350026373032
0.55997937765980332
0.25915007767394754
0.87371348038628227
0.48383696075933025
-0.050264794781871278
-0.016924144463088424
0.24371998420259999
0.96969796464387648
-0.75514851200899913
0.64974852049172227
0.08704932469245559
0.60608510308544117
-0.028490221720623939
-0.79488939801976222
0.82710907559047442
-0.2541189103613225
0.50131243398966774
-0.63525042147572619
-0.71936307120195131
0.28102255035105006
-0.75344385532907765
-0.65732407765996825
0.015729392719617364
-0.2825608133595307
-0.29111640274090789
-0.91400800150151529
0.1975381675651304
0.026621992082258416
0.97993364157609286
0.47608699500783347
0.71962855674079806
-0.50544625184837133
-0.94756186500751216
0.21659599033257954
-0.23497380482797278
0.97590298553167931
0.18578465160633764
-0.11444398655179186
-0.29902875167106668
0.12945001104924234
0.94542292140258288
0.61059264261475688
0.58570991741839851
0.53302956524236111
-0.5030711509381024
-0.42745183208836807
-0.75113537284440979
-0.033452677835396613
-0.45941376283994367
-0.88759219963837277
0.49253530380145738
-0.74712039421104048
-0.4463407790726111
-0.74074362798606364
0.36362457024919498
0.56486817002654022
0.87527042205074623
-0.33969000739142879
-0.34425628122304408
-0.042883352696276772
-0.96307846916882844
0.26578352146992179
-0.37698586807025525
-0.89389236291606988
0.24256565873107727
-0.45668887323870055
0.19159113322358634
-0.86875089106720826
0.78293951454371846
-0.18846110935204322
-0.59286434099871754
-0.20050187281298695
0.69154233556407263
0.69395114894427001
0.683483512883028
0.48434033375733443
-0.54613618147208454
-0.69813172605427876
-0.49472706083143564
0.51754925210801184
-0.65863304907874964
-0.25438565966694121
0.70815989918735489
0.6095362488090138
0.27294148234990956
-0.74429060762612753
-0.52828058328147709
0.83233544928636094
0.16774184090158981
-0.53734912710024385
0.30228849750893033
0.78732304670852815
0.084115356397344659
-0.68260575736139961
-0.72592973959965157
-0.60580362251562825
0.42826861845620473
-0.67051320747063292
0.79110518338167812
-0.52556039556499023
0.31295184843712376
0.1940165127646466
0.70954893781573103
-0.6774200304236756
-0.26106616301575064
0.43781515348488947
0.86032688549599357
0.42289237165778354
-0.90092166262281115
0.097479227585188108
0.40414156229274772
-0.47446216023035359
0.78201998448704824
0.37032365700513314
-0.71598093720041867
0.59180375685522202
0.93626592812799103
-0.013057735114332813
-0.3510492948010514
-0.8095796162909682
0.34847392783074116
-0.47238413024612091
0.15201562455301029
0.4364587477718343
-0.886789158360205
0.36921611753223232
0.20646992554102789
-0.90611788879897259
-0.1342973780790698
-0.83013130653293921
-0.54115268469721423
0.54479729948117184
-0.33066824244061921
-0.77061950138784707
-0.36555016374267174
0.85838433053582808
-0.35992974158613839
-0.37012165283340748
-0.21136546076363935
0.90461848538488365
0.71932999796357033
0.63372524096310312
-0.28452886144640344
0.39939314126819225
-0.19113486666267843
0.89663402871727216
0.99138951871076297
0.012095776899533726
0.13038602061432286
0.36353787935271736
0.57474334240160529
0.73315093987579416
-0.91873647123058111
0.10741215672696157
0.37998147983558639
-0.44247043251724999
-0.71237159947971418
-0.54474454618904755
-0.46839147311037627
-0.70151669989253884
0.53710683079753618
-0.32660873198495516
0.94296791018137704
-0.064329282285335021
-0.32654231137037626
-0.89773347402270132
-0.29571054851666034
-0.98515758532702868
-0.083735505662738907
-0.14984290828739169
-0.50942429323485539
-0.86023640221872577
-0.021913962671107824
0.88220794167678029
-0.47043217388212255
-0.020067820483530396
0.048585068459460451
0.52069684376437453
0.85235807499935612
0.092990439600520128
0.11721607775788993
-0.98874322716161167
-0.13375491359351352
0.3106265594212419
-0.94107426044479248
0.87217568410759228
0.34386450802732293
-0.3479465133760945
-0.22794807171076675
0.0095965823416165191
-0.97362599709061992
0.34787744645123697
0.79810280659335597
0.49194836350817844
-0.077770730513966713
0.61806702103869593
-0.78226905280707359
0.29621502762331431
0.32241628760867092
0.89905750366412152
0.11888619074766349
-0.59668368338142652
0.7936212293253524
-0.14851587141059422
-0.41612840865522044
0.89709541490814981
0.34014758725296812
-0.10804656014520296
-0.93414429277642819
-0.18742675815786053
-0.66136003216749717
0.72627413431695464
-0.0885350551311892
-0.094765089764013891
0.99155490103923927
-0.84949531747791163
-0.46218715825352269
0.2544420097559269
0.74959238513495774
-0.60663249859921275
-0.26477965894486916
-0.065973817500192683
0.88380102706541308
0.46318808270784784
-0.34738033540125857
0.47110115356531557
-0.81079627878150629
-0.59620437541467008
0.78823017108567683
-0.15242552321264227
0.21185667785663329
0.88124849923993032
-0.42251370467112792
0.1328499344899863
-0.31551800130097984
0.93957399163718935
0.93719786062399102
-0.27238512314753183
0.21786811315499591
0.55991167714265611
-0.81328814406261163
-0.15830763887598884
0.74207574251454589
0.056563389973949406
0.66792527672348223
-0.85694585990405092
-0.20991736263340527
0.47072124878567184
-0.39416874576365335
0.79377466476717706
0.46319842555525198
-0.60190128515615315
-0.74492374360680313
-0.28775590200410667
0.70539143078639543
-0.70424678254658646
0.080370384134349285
-0.80940896574985854
-0.52972692631703622
-0.25346895213901349
-0.24378743441287187
0.94095286443795512
0.23489443102891336
0.17487070218533157
0.94133903331342528
0.28861923338155226
-0.20944428234658799
-0.84808730432237756
0.48670423959477238
-0.44921006447866385
-0.47904449730793336
0.75413970030098798
