-0.94017521473331989
-0.33650915378821994
0.05321799524495404
-0.81199484791217169
-0.20796110879899976
-0.54535909655123527
0.76157941015795338
0.31566478060023156
0.56599695079750356
0.67841053941793739
0.52130124905711939
-0.51769117023390532
-0.95622749231606641
0.27399141789538511
-0.10275060028342296
-0.33113521010217484
-0.8298593765343838
-0.44909117983829538
0.097788144257844961
0.99459013558850229
0.035041989564685926
-0.68970415017920472
0.61399179068665488
0.38382582794149739
0.20635252535170415
-0.10893597456819094
-0.9723947700012856
0.10920760096176135
0.70409195394572355
-0.70166104372486715
0.87089495507053094
-0.47290575080772801
0.13379883439580781
0.62807733405651245
0.77682991526291145
-0.045322678617686865
0.098449700022507108
0.93761540518920028
0.33344416101855789
-0.46622042274507081
0.83777948399828628
0.28419017155238235
0.89472452544199066
0.067027178250378835
0.44156016684976968
0.71703601398066563
-0.26127999398346069
-0.64621367936520924
0.4256210982947754
-0.68782867513618884
0.5879952332687266
-0.92823261577076621
-0.27799535226719696
-0.24718979577886735
0.10047517762510937
0.23711405650083314
-0.96627204393531041
-0.86721754138247087
0.3041657384168856
-0.39422955177390379
-0.37424582295176267
-0.91558282092543231
0.14713314388466506
-0.99725243293985988
-0.022566704624893495
-0.070557273458539127
-0.82705708620155682
0.54712075699997109
-0.12897849985004994
0.16454174186177348
-0.97659605450624531
-0.13851412024746071
0.44484626818523298
-0.84068793627897109
0.30879700691016454
-0.68690438301964374
-0.4985657136044232
0.52876705438833338
-0.82254904074122681
0.33576663896935227
0.45899220007633246
0.52100604029480269
0.35877161538410896
-0.77449056415879436
-0.072632672940446924
-0.78728727489534878
-0.61229342770389217
-0.067239084932381163
-0.29622889794848745
-0.95274726212027538
0.52203720660883601
0.36457181247781367
0.77108011805692755
-0.60299426871818518
-0.40132095790740929
-0.68944862073783331
-0.67927937805700012
0.72911468023560022
0.083494368740853128
0.60372678085782572
0.75358133126584159
0.26005605403960258
-0.022839023172910363
-0.15943732946444458
0.9869438266658106
0.49942706114668417
-0.47966617397927769
-0.72145198879375727
0.63655842346971825
0.020983820333875601
-0.77094296338571144
-0.21150732593767024
0.70120019591740168
-0.68086925053206326
-0.61201758914415005
0.43907162073251582
0.65776179764828546
-0.072166092252757649
-0.0014002985718954721
-0.99739164538955105
0.14805552977297681
-0.66692787755900795
0.73026486033375593
-0.086311010254510462
-0.94618468252772026
-0.31190536394676355
0.47047826507721419
-0.20655093003956873
-0.85789679763344717
0.66318634664027454
-0.64958074864310955
0.37179123257842323
-0.95772803948715024
0.20574503787346313
0.2010621341042286
-0.061129558716226426
0.87015746135016581
-0.48896745240127626
0.77075248476257519
0.52674895893412121
0.35843568669167963
0.31101735808356046
0.61136454083321023
0.72766860670398603
0.94664424607711828
-0.17875394936570613
0.26816356380993833
0.56719127781015022
0.59734754406479318
0.56698321489780379
0.016989015945389808
0.55202579000561103
0.83365394529498171
0.92312555499745663
0.29402909316641385
0.24776218856470825
-0.48987066024413756
0.66416100596561223
-0.56472727434286252
0.37148293715022962
0.91536834027380776
0.15524570535320181
-0.42593328567319233
-0.64502069247134275
0.63445184406653632
0.74786323115612396
0.24688660040032465
-0.61623663801131823
0.42440770164956643
0.63366925072357083
-0.64679315354134737
0.17554585288918298
-0.86586506657014473
-0.46846701060681734
0.47735365804426683
-0.70561937286392495
-0.52367431270865139
-0.51686971610934773
-0.38661180306433579
0.76379120857757032
-0.17630180879523338
0.97030046085184474
-0.1656341990237129
0.97026986498862189
-0.23648387696872564
-0.051495291326511081
0.71752965527370371
-0.51355759501894793
-0.47054201767871279
-0.73516490366895071
-0.18888706063211791
0.65104089175656332
-0.70156449431137713
0.13746044347831896
0.69922234432286656
-0.80197158483685171
-0.55762956181969925
0.21422149495099418
0.69647834436106337
-0.71373280148985052
0.074184930501562329
0.27899488484966101
0.83519747794728538
-0.47392723814760657
-0.45683503940294351
0.22964939782526989
0.85939682385508154
-0.0439075424602937
-0.56275009243667928
-0.82546015117485017
-0.23749339595198049
0.24716331315803508
-0.93941853479050486
-0.86754180023794314
-0.30564462961429351
0.3923679207425731
-0.61255862435181796
-0.11945296274700218
-0.78134686370598017
0.38294586110379986
0.13071526936167266
-0.91447579837805137
-0.35219868727189807
-0.36005625076687348
-0.8638955845283931
0.97334075826378719
0.020747428070967057
-0.22842353760266451
0.88666958649576177
0.29214141557435569
-0.35842773007908596
-0.6097764927316337
-0.75031445065863311
-0.25534457903926905
-0.81640708734427581
-0.56717543904091472
-0.10858862317379947
-0.55236901106519132
-0.64470337086589158
-0.52843735599313879
0.99518426371266211
0.048946882085763727
0.084926344515520891
0.89184059651792891
-0.27178537029110345
-0.36159792988659756
-0.19467421076649352
0.87936867969394039
0.43452580686971731
-0.25019076574788102
0.034721230439002215
0.96757377852610837
0.36208517285562414
-0.45407311806155698
0.81407120760531015
0.82297375199387657
0.56420719105942863
0.066215172626450686
0.10355570072409413
0.10830118181108003
0.98870980113775819
0.67601082026980286
0.08518036689964277
0.73195196288622022
-0.320890108109815
-0.61930910946213635
-0.71657921087238274
-0.52013830716800491
-0.081285336357787202
0.85020517259635831
0.81518177761492694
-0.39991499024249538
0.41898289944091099
0.097223358491406633
0.79180365649413675
0.60298804973744435
0.55442635599638179
0.75212005996937525
-0.35626792048714789
-0.28009834261268091
-0.29179240981570781
0.91455022171533651
-0.43440810817837977
0.9004157915820824
-0.023259359804021121
0.22804342733484825
-0.66963905064289675
-0.7068095479713441
0.84675749104400477
-0.504914148718422
-0.16752150245509836
0.22914693734982716
-0.41134484701671453
-0.88220581381896945
0.18075048834839835
-0.86070296937695168
0.47594081508892838
-0.18158346816303406
0.71179477303294958
0.67850987109463368
-0.65725632918414889
0.38448294865071592
-0.64821831194762514
-0.067932331033374108
0.49463517254649714
-0.86644171441607598
-0.37116109446074247
-0.91559554418026357
-0.15467463087381525
-0.18702735072918741
0.97059359806109202
0.15155473427790045
-0.34974553150688559
0.8555919616028278
-0.38162869183486636
-0.38989149815502966
0.46909224782448927
-0.79242481201524373
0.41560892579296344
0.093964513096858257
0.90467667764770499
0.24917325783815877
0.4658358158102977
-0.8490640024678191
0.36794306660064058
0.80939905372522958
0.45770194621524135
-0.97161630665815035
-0.088928697391367217
0.21921094730019702
0.9465639787965735
0.3152596908674225
-0.068029121403830342
-0.87693036224327992
0.029159825377510249
0.47973205475538433
-0.33368189793553693
0.49177109415301379
0.80424970124065664
-0.86040134002308377
0.48181611552518139
0.1660203749746002
-0.35405150035359018
-0.068396332279024974
-0.93272154302779398
-0.77462032987024554
-0.48531197308555868
-0.40550663783902985
0.85701015526800239
-0.01509721032056997
-0.51507831250019709
-0.62839752683471672
-0.77660387617058613
0.044754528093057661
0.38029727881488501
0.91231470994737263
-0.15184152837624731
0.10694811075683626
0.95914710694764704
-0.26191397221130158
-0.071564758318212129
-0.94723380469828533
0.31245256376555242
0.45925695275286993
-0.88823040237025908
0.011393140625643672
-0.72017697667447456
0.56075284547019599
-0.40853563928388398
0.19280817453305937
-0.96703887361484442
0.1663154375004379
0.61722139640449725
-0.45226082773534709
0.64381510662349417
-0.09745462029937918
-0.78450196046153753
0.61242082836421241
-0.10596114262314762
-0.99434451662397694
0.0071567111040422588
-0.12319738263158839
0.30902658616304851
0.94304028225582071
0.27752818871183221
-0.17938533013086352
0.94382149149305283
-0.93189894600536982
0.016132623266542412
-0.36235906625972608
-0.45743458487127753
0.69155755181039291
0.55901856239096193
0.40533579092657485
-0.86975215003346507
-0.28148551313716424
-0.32533008906331118
-0.84119374889207243
0.43191829085483169
-0.589625456244385
-0.72893881866802013
0.34783619706331859
-0.52562239097148433
0.17721242202963322
-0.83205580316936167
0.78983362860223771
0.56619831940049092
-0.23575899184778093
0.78506959357753836
-0.16440440311982177
0.5971908618480477
0.55342878221258285
-0.19223159330338827
0.81040952459527427
0.23787938730614958
0.35871952424832537
0.9026260022943644
0.058852646127000925
-0.43136032144943193
0.90025809583857264
-0.19278016477245905
-0.56256298690077911
0.80396436105064839
0.65485053480124167
-0.71849926692138455
-0.23437060503390975
-0.5993076056011778
0.76677581457832222
-0.22996791960256854
-0.77329769950433402
0.099228998675802441
-0.62623020828055109
