0.034959261685320098
0.85753326076837111
-0.51323927821083859
0.20846002416533629
-0.93358861881187438
0.29147334209138925
-0.17598568007688889
-0.416680851464103
-0.89185543023016067
-0.34392662715039102
-0.20954488680287039
0.91531711201732069
0.34134887031595496
-0.92247843051591594
-0.18031775832378194
0.25362818231796275
-0.793638058790894
0.55300214897657296
-0.39502757766790414
-0.8724763868743064
-0.28764242946509766
-0.42219528693061337
0.90462873897114182
-0.058292232081631083
0.24373263027316386
0.62954995488496546
0.73774064497251546
-0.65862176946865314
-0.67682799133548888
-0.32881793583493557
-0.26592482430945302
0.12969191003268563
-0.95522981333711532
-0.3564982687654028
-0.93159709640430843
0.070963612776777207
-0.54669708852104482
0.066558059642647008
-0.83468096785491563
0.53896239553107916
-0.10823793047496882
-0.83534668647807331
0.6497061032892264
0.20961536539759559
0.73071429296131973
0.62938643687707585
0.16784404949795168
-0.75874968739585491
0.82845354624414558
0.12455897062003181
-0.54603093735939312
-0.5009669662845978
0.7944655585199154
-0.34330245413810506
-0.92186746113379847
0.014181712765853165
-0.3872457399710828
0.64356819609358529
0.699035721820773
0.31171948382377324
0.97866968408469113
-0.16055773198279963
0.12816732873127437
-0.15240090953983473
0.38100993421827184
0.91192400604349655
0.25609618157557568
-0.10912922110480557
0.96047152944971159
0.26190802308839906
-0.072866145644405481
-0.96233814860518485
0.77258011343864863
-0.056875428554175496
0.63236473173786634
-0.33758859941195946
0.59536932110119545
0.72908799814464986
-0.8597740554650285
0.30091288014395834
-0.41260151734171557
0.19296822443641856
0.44647342510787469
-0.87374180684587766
-0.15078932338362919
-0.97816866807076186
-0.14299872991806226
-0.5997003233827678
-0.76748572896392009
0.22655060796944276
-0.26137056949315352
0.79473701507604622
-0.54779421525865046
-0.8199202249860329
0.55835050076345671
0.1263943944803344
0.62206013384702075
-0.40953001332008626
-0.66732777408727484
0.44305497136946054
-0.89154464234231778
0.094076793395157551
-0.25786438030156911
0.092210563854640964
0.96177085279462315
-0.44478106190106859
0.32077303826502257
0.8362263239676111
-0.28081610223264386
0.58795711935934925
-0.75858337875379356
-0.27890467674251379
-0.71414480547353709
0.64203534023160902
0.35616782146880765
0.9227892831141653
-0.14698442747382665
0.38224047454026389
-0.36840710936196525
-0.84744818212961837
-0.44077987272451391
0.35022600630446271
-0.82647132334339823
0.92377097624020343
-0.019506985700666418
0.38244824612631667
0.87977067974598355
-0.45955710660013349
0.12169969939405656
0.37271150732950348
0.19947830194086405
-0.90625302171024991
-0.12934462454503368
0.99149878926831814
0.014146341603522605
-0.79226360613321978
-0.53855124292796841
0.28684653935079418
0.085210912363525862
-0.93987897124824815
-0.33070624399837112
-0.00068254247566143197
-0.67385630430713805
0.73886210843519029
0.76008775232558856
-0.14924303010046364
-0.63245009821413334
0.1158350507339766
-0.38742014164926053
0.91459711068094007
-0.63489945501194223
-0.22577951025813039
-0.73886825264937306
0.67514711720501008
0.49119934337500942
0.55036313030373318
0.37032335274388029
0.17600976070580954
0.91207520443701096
-0.45179219700248252
-0.49157785413546168
0.74446962600984934
-0.68918981322582495
0.71642548329852562
-0.10840631082287698
0.6024508510882477
-0.77689435182538036
-0.18299764513476119
0.43569167681907972
-0.33963566686982305
0.83355886207302077
0.69637982368379081
-0.71006838469022859
0.10420187248577722
0.11017993734827877
-0.58310159684792595
-0.80489310418174664
0.72723036012054088
-0.57182842771844544
0.37966860888411458
-0.17608463073242861
-0.46255947254283269
0.86892631286014166
0.72841739999874211
0.40723412442965323
-0.55097047042385705
-0.88396175144045008
0.4460134904621223
-0.14029821209169463
0.94735037063452399
-0.28812122450663236
-0.13969049805705822
0.17981175872479854
0.98022696737996051
0.082600386472345674
0.50018104013637921
-0.78532117546132141
0.36481444387542883
-0.21818722694402087
0.93278950265441518
-0.28687641544087844
-0.17626279195694275
-0.67158995570546021
-0.71965155427267813
-0.94998024505251599
0.27799607663862608
0.14232257510139765
0.80988438104078575
-0.56186506335630004
-0.16850798178663287
0.93051498249736431
-0.084138061510994414
-0.35645848840096633
0.066372816952493391
0.16439331072711291
-0.98415928007511555
0.1546694792007284
0.39783242784454392
0.90432666197513567
0.0037190206467429504
0.665352885454076
-0.74651972961427093
0.11889166249199196
-0.99290388877371283
0.0025768678524419847
0.27891138020415873
-0.58263146165061797
0.76337999835434245
0.052483851664980173
0.1301094175920002
0.99010958220203016
-0.059158902922713356
-0.15656317324802027
0.98589461758724062
0.13783021324153275
0.8282106516759008
0.54320341380404946
-0.16835138239390585
0.82064291111785748
0.54607968693046005
0.52100046257830546
0.84923695528134335
0.085761948308475139
0.29229026809307307
0.67667724251223593
-0.67577681866435457
0.072032736862368663
0.97051132717736277
-0.23004140636100878
-0.58400322264234705
-0.80872055966972456
-0.070080612945670737
-0.5298137984225938
0.60305886592711189
-0.59633660228744023
-0.83313499495280341
-0.24675883824132103
-0.49497086372309429
0.8417781875126652
0.46836772915167546
0.2684048310243225
-0.7276486722910781
0.57145939793796563
-0.37942267489095732
-0.34150683096202822
-0.86023988576763222
0.37862966516209973
-0.43800813387375626
-0.70744633209725349
-0.55467879161057887
-0.54487185873553845
0.041492477413369297
0.83749210854561518
-0.44017165343206954
-0.47287365271670562
-0.76330821041125885
-0.58113252380129887
0.79574184574299534
0.1705283105934719
-0.98017159993986347
0.15128696128997765
-0.12796831644971007
-0.93197062163415822
-0.35641307905070346
0.066336094944138474
0.11372472765041287
-0.79329329051418129
-0.5981241021276622
-0.79301753700810396
-0.60898214581717103
-0.016245986381698933
-0.68067354492575749
0.34078788701902951
-0.64849606112859937
0.46416281097096895
0.43733443552029816
0.77025416351985443
-0.16765569227376137
-0.86224182897662105
-0.47794413607790748
0.56121272893069329
0.6542298350747171
-0.50697494591377246
-0.72679484729926447
0.20227875579389482
0.65639359754168303
0.5279735366128725
-0.59426355220955229
0.60670814660080219
-0.56016734591538475
-0.65715861230748518
0.50433629934817681
-0.99265412487747151
-0.046100430940881273
0.11185945928175357
0.54711594563997668
-0.06618948028045539
0.83443579425062853
-0.67000437022805404
-0.48810499139844565
-0.55932786560945791
-0.096326090499056591
-0.97301952192473962
0.20965279450204957
-0.79388987561993396
-0.085483219651951201
0.60202282726330403
-0.83498984603549598
0.35978700342837633
0.41634753413662506
-0.90484388414497596
-0.2416826933608103
0.35049539377186928
0.48793699305413629
0.45041252088334022
-0.74769382225667902
-0.048483117046190946
0.63764716600429538
0.76880132612279994
-0.60061948417922173
-0.23862698778504166
0.76309461793733224
0.75841203620812725
0.65151089402707729
0.018567129521842658
0.91844352758116798
0.25794284233117148
-0.29987826986024974
0.86149112935475669
-0.30981564140248902
0.40230250109268562
-0.042093717833470365
-0.8687400843763341
0.49347622507751676
0.38645261002290193
-0.8068558322105146
-0.44680873562897661
-0.68858165138947769
0.61548223917625078
0.38345393807904504
0.33862214179572242
0.88412779816064357
0.32195198649067219
-0.9199545770239429
0.074506025669365303
0.38487975830336169
0.45419075406882414
0.70598286659169451
0.54341416157233768
-0.087296124081383833
-0.10414098075730312
-0.99072399932941702
-0.44814718256532882
0.75230933236420972
0.4829024448027518
0.96496095693319384
0.1910778543204619
0.17983215836680405
-0.85350289313689576
-0.44771892556852644
-0.26660940548809009
0.32636448214297742
0.84261798159690726
-0.42834701106124234
0.63949135426154757
-0.62487793219497434
-0.44785977457287346
0.39221738336189199
-0.62271983055400837
-0.67704175412121959
-0.96799910348746709
-0.1825737672281135
-0.17217594247627738
0.60006376687993712
0.76730374372521859
-0.22620442202380731
-0.7287825533786797
-0.40705127621809117
0.55062260071674773
0.99462699697654555
0.052745704733290003
-0.089078771419499853
0.7912162428136511
0.54148098041102277
-0.28420979040308808
-0.11124836573919264
0.39514636678621162
-0.9118569788821137
-0.0096217192638937653
0.95099808495736626
0.30904702704576986
-0.60527968500576301
0.48007466060334664
0.63495261489807731
0.10350225513917569
-0.32255463090776743
-0.94087501468636048
0.82521795709814449
-0.3762633463645314
-0.42123772084813277
-0.37751195270483423
-0.18236758323161953
-0.90786936843977806
0.91858304008333147
0.39388154361870259
-0.032596442563758973
-0.76736935753700197
0.046392423196099132
-0.63952483312475283
0.83779087766065774
0.24720503422183276
0.48682246904181337
-0.31082561102693768
0.91545706540245952
0.25558912522728328
0.68067345066566964
-0.34078795436444292
0.64849612467538198
