0.6206049573459187
-0.43281955197694566
0.65384762930222995
0.82724680054631872
0.14089429932115363
0.5438855830086694
0.31627248292826687
0.7799494570423311
0.54004681371318375
0.44049390111622766
-0.16850354699114575
-0.88180024820296454
-0.94378989206619013
-0.16307107255997189
0.28752124256797013
-0.72853617880316157
0.62420301201167916
0.28214470750030929
-0.70188591700010305
0.65334595361466019
-0.28371680318986159
0.12898837029310056
-0.57605066409196093
-0.80717261643860339
-0.30163584693894491
0.3583818943737917
-0.88350338631296599
-0.65221665468934942
-0.51986646222506194
0.55168133627976945
0.81683918666354804
-0.40388254242229626
0.41188910529089662
-0.81128591098793768
-0.230864477372593
0.53713756498680243
0.18114507588327516
0.00044942471154359528
-0.98345628245523509
-0.24830238063190785
0.66372473358982176
-0.70556034879636431
-0.9446456468015203
0.074589278102526205
-0.31950123876298442
-0.59467133234522818
0.5746908137545278
0.56222457708011109
-0.82914643401120014
-0.13575416901496004
-0.54229788544818069
-0.49919613793174372
0.79472386906850323
0.34527842070830356
-0.82783028124548008
-0.46396018059384037
0.31533787637446969
0.57834782061192824
0.74606127325865335
-0.33000965885426697
-0.42060158393285502
0.15566775016370693
0.89379072447197794
-0.58732589765727805
0.23370315810748196
-0.77487490850566454
-0.30350766767906706
-0.78827184364700897
-0.53526684576326811
-0.87493760242212271
0.37470013415566483
-0.30673115481077945
0.37259821220435035
-0.92315863785072783
-0.094597577261316304
0.39757122531877198
0.26878891645411085
0.87731957643150482
-0.14523717505792152
-0.65248143781546319
-0.74375677226325854
0.74350739618113715
0.50502780757062637
-0.43834195031316781
-0.96872460855058573
0.24178393290038858
-0.055795721876637026
-0.84482258342064176
0.070910807251099967
0.53032674829530346
-0.65516642847637463
0.002444249200033553
0.75548062625282419
-0.37489871654624002
0.057442103736320201
-0.9252844735811403
0.10586341701610705
0.12506119226684084
0.98648498981305854
-0.4971483311965067
0.71392525416604469
-0.49310675137588311
0.39720358284112139
-0.45304847725194264
-0.79810800712552199
-0.64338795898730083
0.29341489537091647
0.7070782371171026
0.93281732187925614
-0.11448271407679184
0.34168048258515393
0.30625693940887794
-0.72766542484054608
-0.61376682588384857
0.3721918235056092
-0.80159067147813445
0.46789490477542384
-0.77559581966014302
-0.43434577511258288
-0.45803370199971161
0.99498762168076493
-0.089771661796349531
0.044053166065298757
0.086085415610519023
0.99098876077812326
-0.10261860080221284
-0.36955323071906021
-0.887861479637849
0.27410290520239716
0.28960992887418119
0.95198504255652883
0.099250026932669363
0.10262246236425984
-0.90189219776645069
0.41959396304796559
-0.13614560494954261
-0.40099787446754109
-0.9059056677852485
-0.63547692063342742
-0.054947572300532439
-0.77016222163939863
-0.95944379325126605
0.12369202398680344
0.25331381879729709
0.69536265846071366
-0.63979241352944138
-0.32731703409480728
-0.4025029151773179
-0.15572239354733083
0.90207645985340457
0.85330802048488585
-0.11228981826318744
-0.50917228802300885
-0.76821999325842216
-0.63659825071804754
0.067680936317043569
0.17746804241608302
0.30900008051570149
-0.93435755691399713
0.091858695410598365
-0.19716816639347734
0.97605670646663611
0.89949652269490254
0.36944596734058616
-0.23327169325822064
0.12950352432895818
0.40752006395910306
0.90396694334314431
-0.169560774471638
-0.84534396103820098
0.50659918209253252
-0.56554630475446033
-0.6420074618358671
-0.51767151372819675
-0.26522458391561399
-0.96357048170330994
-0.034465154530927279
-0.89645822127244279
0.39968028716028864
0.19135915334396014
-0.16088671699277327
0.30044163794863171
0.940133121681196
-0.63135420602580272
-0.34402152222716537
-0.69501155298169848
-0.24127052829311033
0.85999033966291538
-0.44967226717202236
-0.63550713713639895
0.77136661161226849
0.033529526368652661
-0.93715455034688211
-0.34505910561742076
0.051725838752396711
0.92334125416394541
-0.36057836286068096
0.13200065376983353
-0.20598269400940236
0.96484131116113536
-0.16325554828394004
-0.5423428776479865
-0.83984380932314762
0.02294730934304319
-0.084809530266817548
0.18134878753514841
-0.97975505144676511
0.051927272584896988
0.92220236012410994
-0.3832053827171733
0.38060731176678497
-0.60170895158121862
0.70219969511293012
-0.42373503638410132
-0.86302933531505521
-0.27500724595220816
-0.80303239205858745
0.16652237456328023
-0.57219688576089756
-0.15919333687236986
-0.01489884007561367
0.9871349989033118
0.8852430579509698
0.45498049194525042
0.096630638510122852
0.65370897395405858
0.37330205104391423
0.65826298396487315
-0.12625841717868469
-0.93915636085712328
-0.31944348788657145
0.61996495253163952
-0.64561317996758749
0.4459003021804106
0.84574641963447439
-0.52319953582491729
-0.10476277672942197
0.68410845439102419
0.012051934767834227
-0.72928072338371597
0.59445196894267283
0.63390782710939875
0.49476026856409977
-0.85072267378419486
-0.49246646139242373
-0.18370551628379256
-0.11423309536820112
-0.1163064796743845
-0.98662232019570262
0.22400014665082166
0.61375706634154348
-0.75705098759345957
-0.13719419926827797
0.57920759856904191
0.80355230660301113
-0.61877123053328154
-0.71970702680820875
0.3148713385292744
-0.49036171132139444
0.50448818952907137
-0.7106595941065128
-0.086930458894476106
-0.97545760251016778
0.2023006698493883
0.656754534549574
-0.29090795642814271
-0.69573417498019618
0.023099487983317426
-0.82079789394301939
-0.5707514616307281
-0.034310557934762925
0.81136896584440599
0.58352650914828574
0.086911568793572577
-0.50070752115869765
0.86124233376265968
-0.47735060801096779
0.85251358451391424
-0.21297179449588305
0.34122879054160216
-0.35377269353331642
0.87086611704423189
-0.039963874539749242
0.5059444703649767
-0.86163976326471525
-0.37664565146974899
0.92189832290516482
0.090782902870380419
0.46045818578800463
-0.80802056912395437
-0.36753369779303258
0.011297338560828844
0.7710295433365183
-0.63669915458065596
0.78607520665836017
-0.15369324752994337
0.59871876130677248
0.46967926539331717
0.83307516935969916
0.29221079695299129
0.42378804309394241
0.40854827888146983
-0.80838851943455714
-0.99855837424215943
-0.051656072395087106
-0.014588468582035182
-0.072718438137471753
0.9874240974689027
0.14037692293453874
0.11385065073563826
-0.73557902921113227
0.66780350486642392
-0.40112240610190059
-0.48494374573981192
0.77712957657707415
0.71254347462176992
0.67193147006304776
0.20196508686613801
-0.16178974576537389
-0.64449881564213496
0.74729201441007054
0.13007335709885184
0.92592417619380118
0.35460589633121614
0.3493415750944649
0.90969503863422618
-0.22453374043736091
0.5158858056440947
0.6087488781626621
-0.60273264294431883
0.30746349462800387
0.80322398991806543
-0.5101935137682948
0.41709673857423224
0.53380226464391822
0.7355851092373763
0.96389622375238926
0.032917750951500235
-0.26423567417776672
0.98056746996213251
0.19568280587635076
-0.013988435810370124
0.15484469106200466
-0.29650375923081945
-0.94239516255756783
-0.16897222378618998
-0.34790812923605019
0.92217586240381588
0.63280177511436186
-0.77137383850177488
-0.067411532300863289
0.84950226948829544
0.19612867906832315
-0.48977488235019773
-0.66512334417939767
-0.7071605941072765
-0.23986419317909558
-0.60941592910835951
-0.28752620848180577
0.73887813933359281
0.94412130023631136
0.18049568981797884
0.2757830241280792
0.14735711297864529
0.65109888322868603
0.74455095561885942
0.44953639357500624
0.12505534447267908
-0.88446491828132823
0.8093359823249342
0.43298724351171985
0.39685931344779662
-0.83259575919868289
0.55193431330746734
-0.046398443488797868
0.56997535283300882
-0.57229746640405554
-0.58957926278863149
0.053954330130553806
-0.99582751776484402
-0.073596773859134476
0.94291871577256192
-0.26119287541350966
-0.20659762166841431
-0.71321409535421043
0.45589176356055816
-0.5324362441698719
-0.33424154714990129
0.71778607013843643
0.61079108185537556
0.62514619957477024
0.10023822251870583
0.77404426740562593
-0.40624369667706262
-0.52413946471893624
-0.74849440908686937
0.35295631481227929
-0.029428281409055467
0.93517689026592421
0.76037399871531464
-0.62441541782951182
0.17870861214412376
0.51791123381469351
-0.83135080552486518
0.20155344710944445
-0.93906701482758959
-0.21830033784643052
-0.26551479084776791
-0.22128490112004509
0.89991973573636197
0.3757358936387209
0.66439403533048813
0.31329625760197466
-0.67854699232246773
0.7681348421748061
0.62799726760602992
-0.12485309814516482
-0.42394392553139737
-0.71337523329723707
0.55800297895543693
0.56948520610819631
-0.18485160215083324
0.80094724246118421
-0.40688670431264568
0.45606166675557563
0.7914865545097528
-0.39853813678924305
-0.24003345898519068
-0.88518432661913027
0.18552173915556305
-0.92045595931241386
-0.34400946392062981
0.24379362960257656
-0.95498221285279172
0.1690373902424753
0.5599812429934935
0.82834406684905304
-0.0163436351964142
0.80614039949876803
-0.39427947650223133
-0.44122709652184006
-0.80502936373684197
0.36313298413090095
0.4691078334004265
