0.075445741836848587
0.79588038444932274
-0.60073484474224215
-0.27097175700629844
0.74515845102972622
-0.60935473228973835
0.13851591886721357
-0.8682810382616406
-0.4763416618517205
-0.33099045378320979
-0.072570617841105939
-0.94083942568886059
-0.99314206637243163
-0.02131022669058619
-0.11495525320702979
0.0068858984689319372
-0.16402734708144068
-0.98643175831463381
0.22344042901348371
0.36009458282332879
0.90576280896466654
0.74523356273783803
0.63631934343856
0.1993103864202482
-0.13282275940062754
-0.62685712689912398
-0.76772928629887416
-0.57299465428431384
-0.66923853178960124
0.47307178496471186
-0.94527057424883432
-0.30750124470703466
-0.10911702874851037
0.24494447039617789
0.58998007603185554
-0.76936708813659416
0.074751051223945847
0.85214182174516884
0.51794458774442254
-0.77330504889026153
0.093474232953507971
0.62710594729645441
0.96865608986873564
-0.12638335911496335
0.21385187887654911
0.89507814409786002
0.44473765162963469
0.032303826109120609
-0.40164588829979103
-0.52096966161972269
-0.75317407820749094
-0.018434811144964397
0.15856486730823022
0.98717644856103248
-0.9024490025293026
-0.39325845524632447
0.1758794621641239
0.99700646773747459
-0.033056482562027638
-0.069895437978958239
0.89985248279108232
0.10396691474698755
0.42362293357739444
0.737661328288302
-0.026815911217517689
-0.67463817832487971
-0.3080383631150746
0.2340538116342176
0.92213403586944964
0.3137063934404844
-0.94925144185916344
0.022583153961820111
0.10472647177399984
0.36233312836920695
-0.9261463546308184
-0.58200045078365203
0.52760917552466435
0.61879239910474815
0.33921955400168563
-0.25526751490230443
0.90541073001069472
-0.54140763615948029
0.83910559129114715
-0.052721704943392247
-0.19592534463784936
-0.93794250653113853
0.28614177215259051
-0.81923069738973087
0.11970542067095528
-0.56083123728651652
-0.15315199969070617
-0.94683564575990908
-0.28292529916773745
-0.7312322442818614
-0.64923372720356365
0.20927248358033268
-0.64165893396833573
0.32925850805940393
-0.69272119018340583
0.83829709092721971
0.48004962442193738
-0.25847697273706532
-0.87431736137818516
0.43647208499561607
0.21227640144930773
-0.497260256732874
0.82973375475870359
0.25352343735437932
-0.42988658425154513
-0.27881750146733836
0.85875393772375219
0.13099363295337832
-0.45625320534478886
0.88015548668305277
0.74652377930975311
0.013910716163888148
0.665213303310217
-0.79506581608618188
0.42269600610299812
-0.43496946388888935
0.52166809765407951
0.85058001897907576
0.066151547249697518
-0.30951922048814612
-0.78770323577556478
0.53265510839295971
-0.88139141310353952
0.45715601144667189
-0.11898553737961724
0.59135530753639687
-0.80571443897241923
-0.033513326899804033
-0.42517620055169136
0.20681134613514027
-0.88116642332433381
0.84992662882226744
0.39330866536258402
0.35061805339930591
-0.62699150990397912
0.020814022517326919
-0.77874798425098757
0.72558143033926892
-0.47811037946564394
0.49491620805348291
0.64581582506401425
-0.28374539730084536
0.70880919125493269
0.44851313488013062
-0.4909986789740155
0.74683081423155651
-0.3390169108394816
-0.94076179771111756
-0.0058969595726451069
0.44258868897448589
0.5110084897391719
0.73687554974115954
-0.29403514827726895
0.93952270435308827
-0.17561440596552458
0.85380492069010805
-0.20665498404310612
0.47781887256103833
-0.065312301937393555
0.61412785873807618
-0.78649938101528361
-0.57647916745599126
0.27867097500494581
0.76812385536385996
0.01802195032080826
0.97861888076742343
0.20489093565150671
-0.48104624361625131
-0.84139354519892373
0.24627507709932966
-0.92801936259710505
0.13844993923468782
0.34584921132015595
0.47216062756415816
-0.84601814419813592
0.24762399210448566
-0.014498499889031029
0.99448154556719637
-0.10390500001081801
-0.60882079426194957
-0.79234838113906891
-0.039003632914712691
-0.83485534603723477
-0.40967445419351184
-0.36767294267364425
0.52643337338470819
-0.045705449902567037
0.84898699356115015
0.62757970491607429
-0.52510026190809711
-0.57481599570775777
0.2243936684795875
-0.6790257759406132
0.69897888176576639
-0.34719279671465386
-0.57215665025472406
0.74303023456569417
-0.52046149486656712
0.0066018335077583316
0.85385961852964687
-0.18924947147588195
0.37664773873459606
-0.90681923140845155
-0.81435216456960169
-0.57456290882767802
-0.081902477742017032
0.87947783320686257
-0.41764342475820859
0.22823827604938793
0.95523300778174858
0.22020382336742364
-0.19758587251775417
-0.66548391841862764
-0.66754929877182034
-0.33392976512350653
-0.74346197432467787
0.66589198813737127
0.062065714107797966
-0.099606422280996851
0.11042057533104806
-0.98888111377654486
0.090089604788216163
-0.4468453967823493
-0.89006351148866214
-0.88149614405552268
-0.15224525053171911
0.44697419579409658
0.13596967724055867
-0.96875004145524257
-0.20745024476139809
0.052951249472030372
-0.15851964032227725
0.98593493132734011
0.38793524271397162
0.31575781686555732
-0.86591180183015704
0.83605875464937685
-0.4520330178425685
-0.31092106643692247
0.70525826077012921
-0.66523070737451773
0.24510995814428119
-0.13712577406636495
0.71247096356636552
0.68817268774742502
-0.64680503313784032
-0.48601560342479938
-0.58773470404187089
0.63980461739398631
0.24044987515057581
-0.72995473085761087
-0.98006468280135528
-0.10459148542190333
0.16891962201804372
0.28292716788264194
0.91309435705833319
0.29361694907163766
-0.43019926358689836
-0.8564687516351156
-0.28528910088167897
0.14885949734438533
-0.6913219722739713
-0.70704651947492347
0.87853549782125306
0.1186931539877799
-0.4626957037453408
-0.52522436560689711
-0.26055665726888694
-0.81009233678988501
-0.4277950323141454
-0.72225301273749243
-0.54345376612822804
-0.59617752098554122
-0.44795343958538103
0.66626577237252771
0.48905753687667991
0.008856630742200897
-0.8722065613809673
0.57157230605157228
-0.27582996008415922
-0.7728020005634425
0.93249810509282094
-0.14096526439084275
-0.33252981555571559
-0.9750471417960509
0.21634852266558577
0.049763319983399314
-0.40506246131675161
0.7394172160259721
0.53776071172633666
-0.91572608826081847
-0.1115933415810804
-0.38599567017430142
-0.68476551904415162
0.63413706506629086
0.35911887535648179
-0.15535523720899383
-0.37906914178984424
0.91223425501043764
0.46467408077648276
0.8520895937871531
-0.24087615659125633
-0.33946635852229157
0.51190942291740671
0.78912060812019269
0.21097651330986028
0.07206597359370738
-0.97483096292721716
0.70975480647397027
0.69683384401521287
-0.10329912159393735
-0.39913747079408796
0.51542703935123158
-0.75830353191431377
-0.70053027146968205
-0.18097835922534139
0.6902928163082076
0.1847349188635746
0.92535442985200378
-0.33104710979819996
0.14185768375624697
0.62852142847266945
0.76474650146959677
0.76396987585521725
0.38672042283267288
-0.51652429115181298
-0.14992071243534283
-0.82227590443998511
-0.5489864451516846
0.34529839055426537
0.74144620230544689
0.57534906845102674
-0.068937311099904974
0.44871373694064354
0.89101269879787781
-0.23455755240482337
-0.065689200919444954
0.96988024183010524
-0.75963117152343862
-0.20406353800125657
-0.61750996405591518
0.41391584936887038
-0.72929253589183751
-0.54479910676661281
0.30400575514965678
-0.23165670676356576
-0.9240755764802715
0.36803149068189617
0.76360818924770157
-0.53052366128223494
-0.01762300814048888
-0.85012216195496515
0.52629054650173623
-0.19786647280037109
0.89126041017814439
0.40804869830772156
0.38009898576314516
-0.50641995354313818
-0.77399198424479443
-0.93427052818795209
0.20872055496854444
-0.28909221728200823
-0.11744974040255619
0.90563752662892349
-0.40746316255683529
0.65328969934237036
-0.68788563407638625
-0.31626875148279116
0.78932920239069027
-0.2783706223676306
-0.54723779735681166
0.80320268665442707
-0.59452625383456503
-0.037469689784527929
-0.58162542999364619
0.60355071315568609
-0.54537913036159436
-0.78662663477382477
-0.43200433316411341
0.44112446496633756
0.27594587787619251
-0.84165371554988733
0.46419058110242456
0.64527150681526724
0.56114404656089989
0.51840335791892123
0.51997662330477901
-0.67765495006074095
0.52000776905228474
0.26527713096576416
0.062034103138130452
0.962174523584168
0.41193461898024869
-0.867784381082638
-0.27795707876328768
-0.45520540975949531
0.80678671898190135
-0.37667389742336566
0.97285972192140502
0.18428506377074683
0.13993918941461092
-0.79018917631213026
0.35916944211420332
0.49658672705835488
0.94414983521754747
-0.32481694053501486
-0.055453077463297945
0.63067821497229315
0.65872474009501092
-0.4102763775141367
0.71949203900179393
0.30250131248213652
0.62515930910418815
-0.70312537773333594
0.66338341834441128
-0.25600223329697203
-0.050396509148018624
-0.99858974027651104
0.016694983683246709
0.53285012695411205
0.76966916884170677
0.35168183453158752
0.26345882028950041
0.96448420861323114
-0.018964739580971616
-0.2689755786160184
0.95599641504772925
0.11714517712679348
-0.07301416762945348
-0.65588741642529036
0.75131925857143822
0.52299188629960902
0.52794224933910405
-0.66914607390878711
0.5056684145799345
0.24252308106459752
0.82793840933196849
0.11928986368925447
-0.96056553634897379
0.25116484387670102
-0.21293785969008935
-0.34879794345724807
-0.91268694663098915
