0.85115522584037773
-0.15437934517356011
0.5016989130030064
-0.40556466489869508
-0.34768410673213229
-0.84535972491684774
-0.42712421037511056
0.89404168055130362
0.1351087796867359
-0.48135681878591469
0.54834821829539537
-0.68382003809523573
0.39846719314463275
0.6950698506498747
0.5984160749052444
-0.64723553074946216
0.31647938478131848
0.6934889809823227
0.30613207742385712
-0.85400308510590883
0.42066837509104876
-0.31896489219739421
-0.91615556699781009
-0.24273519440828056
0.94773407145259603
0.20769795442811956
-0.24220175378031539
0.35295368541259459
0.11138665172649699
-0.928986926587682
-0.9893293762495835
-0.02932346083185396
-0.14271482030417443
-0.62220493618321437
-0.5810574991211529
0.52462672454261561
0.082100918776102441
-0.098491751582304804
0.99174533727483161
0.36237507703378241
0.87381746238951485
-0.32423347447157441
0.59086218026732962
-0.66574638719588897
-0.45570125286788377
