0.70665149395456162
-0.0084524968556063708
-0.70751128711045475
-0.059606081959291853
-0.98694243281585026
-0.14963872928153707
-0.90674422634696938
-0.39472773059600985
0.14834057666383688
-0.88830140629576249
-0.28818920060652986
-0.35758578862524759
0.91039589444223001
-0.21107626437722307
0.35584564912232491
-0.41451136299389257
0.22748537459221807
0.88115307086543349
0.55710997052236466
-0.75516713072288577
0.34547226432860562
0.22717821923076872
-0.9730657936820476
-0.039153772143481459
0.46179231187112546
0.86239659604241459
0.20741256430403979
-0.37742658488645781
-0.90413205928065266
-0.20023584195111493
-0.35838288428815707
0.12969115511800944
-0.92452253219348735
-0.32372566007080844
0.86987583387934775
0.37217970208546952
-0.91945480862685125
0.39254519988381503
0.022607984013085967
0.81348958576290242
0.25525582675034103
0.52256976258228061
0.16294265446648576
0.96859772566316416
-0.18779812883935104
0.8677116159560806
0.4102879598890804
0.28060709453779625
0.99364827086450624
-0.087611765116529766
0.070620764801457916
0.49835193871781802
-0.4852781614439598
-0.71843611490637227
0.80267098022836214
-0.44122506397577893
-0.40129757091067736
0.3209158074366143
-0.77474466288150168
0.54477862648412934
0.73927144749134721
0.61981030245638669
-0.26327346218897724
-0.94762883775049322
0.0053404921453793922
-0.3193290857521352
-0.058746157851901827
0.84113704198626393
0.53762195410551983
-0.67674087304313746
-0.42859451442950147
0.59860549024691723
-0.48769758488465409
0.59473062368004614
-0.63909823263315246
0.7323799256812259
-0.67185649693869232
0.11058251209133695
0.77001364885225854
0.42436686537425033
-0.47643650589943642
-0.91219665967880315
0.31136857409458973
-0.26635852743461369
-0.57270064869816706
0.78458983469907229
0.23755580032401016
0.19900018216282023
0.97390070088378833
0.10916204613889488
-0.62221595262014551
0.30635203967812946
-0.72041358683054735
0.85943322793242094
0.14625934726201115
-0.48988032218507205
-0.60654553746523543
0.027360543873852207
-0.79457781973821517
0.31872008779785516
-0.56222555242715855
0.76309890173692707
0.64431637939320374
0.28523738001028287
-0.70957454878997939
0.50579972172100618
-0.86131284294127908
0.048029450250491809
0.017775641986375046
0.77565111785658936
-0.63091153890208374
-0.57539764445676722
0.81294618752521908
-0.08964400114795823
-0.70409684764344094
-0.15328353105929038
0.69336266718403905
-0.21898752512487496
-0.26101857165817965
0.94016688363779655
0.4297493704423857
0.89604465896815222
-0.11144257597085949
-0.30139460256235917
-0.14936821419921353
-0.94172736507612187
0.16405046037629789
0.47498121180271724
0.86456942745203924
-0.28857158749904688
0.79448650595392367
-0.53433849828119806
-0.0645776898876112
0.64171994601097415
0.76421543615688114
0.20961232592372628
0.89122479582620717
0.40222013391348421
-0.86837222822012805
0.015751001703087943
0.4956627676166116
-0.21113593786356064
-0.77404283585943556
0.59689136699834866
0.6553097421657339
-0.72729248232425026
-0.20399702688350507
0.05619117198001676
-0.69898924525124773
0.71292116479636314
-0.52186071702197889
-0.84833255773305127
0.089405053097716708
-0.24346222525287717
-0.70087177426354852
-0.67045126662240162
-0.022509982451141275
-0.54908458829215989
-0.83546359321641206
-0.80804738579807012
0.49925101700801133
0.3127424568576696
0.85213981310695008
0.52318661713625814
0.011554331117412678
0.020293292566644739
-0.98379174242625667
0.17816281826103408
-0.51736831804304473
-0.77243738939874218
0.368334770207982
0.35386573606827354
-0.024301314548710259
0.9349804740998946
0.67002522375483375
0.51763427155014063
0.5320911204380695
0.37960626475218684
0.26609342126258051
0.88605495028337122
-0.2562503027648973
-0.96437916431740611
0.065640001244363505
-0.5069216056798912
-0.54986088008720102
-0.66383996433225523
-0.76266020715588667
0.64313242190623809
0.068775695663194802
-0.97397429757738696
-0.087843783785186091
0.20894386162062106
-0.37316522483531134
0.40215750259692601
-0.83607240002204053
-0.17728817890463369
-0.88798848769430705
-0.42431750770272952
-0.34560767898725708
0.71330333189292272
0.60971607239394288
-0.78113198812720974
0.58533222881895131
-0.21729933048739786
0.87957864182236301
-0.14299369886263544
-0.45375567757936558
0.9136238678775821
-0.38752101200826822
0.12295890897569682
-0.057621416952050704
0.040016796983886847
-0.99753617892665336
0.25219506191691959
0.86051375799521623
-0.44262142181063918
-0.85650147967592749
-0.49589988008870589
-0.14313812993383013
-0.86364292284093502
-0.27534096361934496
0.4222656220673634
-0.6385885973293175
-0.74763535374091183
-0.18233480522839426
0.94554883657494593
0.088851789498275366
0.31311780076309997
-0.71311333428932366
-0.5727615428914502
-0.40424446495081251
-0.065484223366940264
0.96576247243021385
0.2510272163242645
0.302376193394503
0.67816953498393806
-0.66981692983077057
-0.18223581432044722
0.61316199977774255
-0.76864977070673957
0.70384386619598216
-0.30233201731217269
-0.64280569640152108
-0.74805102761070652
-0.6580448480090586
0.086003709799641545
0.49468864993440892
-0.19025839726337773
-0.84798872745859222
-0.46518901077918223
-0.76048105737385607
-0.45306483600675507
-0.10995931982864238
0.35125380975267523
0.92980089756735218
0.10477716214058669
0.52982896569801086
-0.84160739861359413
-0.9417471448999678
0.21042935072514024
0.2623581586803716
0.30273013104559143
-0.91434002427882344
0.26895499206915591
-0.19151107523361099
0.051420773239609009
0.98014254684831781
0.41536445143470302
-0.87403019820062144
-0.25207852966433025
0.25166492991234723
-0.36243006248814591
-0.89739022329032092
-0.063300714083912954
0.92401660822428389
-0.37707602326607415
0.80856463440573889
-0.028138404023243722
0.58773417648401105
0.84220265550403928
-0.52436932904357991
-0.12542525192452417
-0.5586645390099827
0.73705684439107455
-0.38031715842048858
0.28034391325888519
-0.30459750887286569
0.91028987025405217
0.46162007403682509
0.11096369639264599
-0.88011020067325474
0.77425883373287496
-0.51731537538067818
0.36456557816304669
0.46605182427549557
0.73924888505290975
0.48611396095721482
-0.60367382599256214
0.63449183823846356
0.48269868346648437
-0.58420593082079131
0.43135301409766269
0.68748673268847493
-0.33269883170360609
0.910993452983481
-0.2437261085815175
0.038611688707444775
-0.78873773224543164
-0.61351603665062682
0.027640299901950424
-0.45066977813683856
0.89226272190169575
-0.82314377382380144
0.20010381754973669
-0.5314064262098569
0.18901661458305513
0.23879598895986004
-0.95249629661655033
0.35421618776890473
-0.77475721865130487
-0.52371952844070846
-0.32597161107726008
0.50106165259782331
0.80167308116690161
0.9727445781729106
0.22701853577072256
0.047228911185027693
0.22612470016680639
-0.068049360936913675
-0.97171853149487153
0.21089349870133656
0.7205195254638046
0.66058727328864209
0.56631704133356153
-0.57465569426176244
0.59080948007605028
-0.54018290515368339
-0.25391941284110991
-0.80232621841876295
0.0490840034042931
-0.13372265550438589
0.98980251162272903
0.65680289081168375
0.75394867891489115
-0.013090155992413748
0.04930564832675139
-0.88544712551546001
0.46211723724558029
0.3956369664196473
0.41780232652121591
-0.81787077631843419
-0.72065057195074256
-0.3528050444295488
-0.59681768889010967
0.62256523928279339
0.26472372032434976
0.73643321131952844
-0.02608694713565058
-0.26904093182429917
-0.96277538823562314
0.13547057332269138
-0.92390168093147096
-0.35784550819539956
-0.80076419521095354
-0.077389266417499478
-0.59395926216493589
0.74496606842404145
-0.31682406531629093
0.58706734582438225
-0.23133779477972888
-0.55118175788277701
0.80167418224843923
0.43895821248865008
0.52931423524566468
0.7260455413092668
0.91165482378215412
0.34262387401570865
-0.22692369472841992
-0.25071124829243119
-0.90410707868638629
0.34602638663665397
-0.66499884398574116
0.13329862635539821
0.73485237545332316
0.55894114631004432
0.58014713126838857
-0.59246443019195083
-0.73800855723957115
-0.57206310434229857
0.35789268516053696
-0.97597526996268169
-0.20328494439285641
-0.078406018930079466
0.24643653071771612
-0.61985834102949411
-0.74501320349640743
0.69554025025218247
0.66509119761312341
0.27180408226638664
0.60367093191085752
-0.63450652623035142
-0.48268299549183336
0.95129364968777153
-0.25171864569043767
-0.17798346966921194
-0.72736435073697059
0.484340431931017
-0.48616401273012938
-0.46563272400772326
-0.071918283679783049
0.88205097744161109
-0.79550219367973385
0.30647217031155993
0.52273422374592371
0.10951984432857628
0.1650598738894403
0.98018398361218217
0.53661592379299616
-0.31699377528286787
0.78202192856959207
-0.095761597843442098
0.99394815721929886
-0.053821716238249974
0.60656572500187733
-0.027350858368746279
0.79456274251907877
-0.47094655287201875
-0.36251193311552188
0.80423531549342597
-0.10041995773962804
0.33280705180352188
-0.93763281638252149
-0.35007654172993963
0.93356933074996107
0.076777077396029222
-0.29251905114820015
-0.43833277094946704
-0.84988057197886269
-0.46962952902781901
-0.63198284782926706
0.61647853613464798
-0.99412026704405998
0.10269365555965572
-0.034335226226745591
0.97560924001821969
0.048902082201010819
-0.2139981241681275
0.51735283263663823
0.77244828368723928
-0.36833367425675989
