0.38888386452909252
-0.78843550441999466
0.4765908048618932
0.58786576167340598
-0.69847638548716351
-0.40809874438539201
0.010204330656867442
-0.99741781887068437
0.071088439531980796
-0.95035873683589955
-0.15870570243152135
-0.26763925596853433
-0.70321746045398403
0.61925504917887708
0.34929699022338567
0.42820937732119363
0.63646114148288802
-0.64152470299786191
0.93900625713133534
0.059211025585604246
-0.33876437758020178
0.87155464947896999
0.35154917487632614
-0.34176844590360278
0.78366455360363196
0.20738452051105477
-0.58554378835200716
-0.36651144953147963
-0.30096821443912075
-0.88039053337689921
0.75135745878493732
0.51290086888380049
0.41520436874686595
-0.92503130268056477
-0.22308075268148322
0.30749319804535596
-0.75926442714084441
0.14446123738039729
0.63454588531721645
0.27477809046726026
-0.64065966643727112
0.71697433203682437
0.34202739403654869
-0.70697993091840894
-0.61902878689699803
0.5188342992322118
0.18939510567106704
0.83363089187485429
-0.64980902087555403
0.60232163589282128
-0.46363442853626552
-0.026480789202426303
-0.65490578996115278
0.75524643268179359
0.58017709586786359
0.74668772204436973
0.32534901748510286
-0.75629726269497999
-0.44132497201756604
0.48295622939742167
0.33634657865824336
-0.87021865842574053
-0.35998675746838038
0.98082167932021269
0.18417927353828062
-0.063771691010897025
0.080636642194200359
-0.96167356891641365
-0.26207189621020444
0.97201367766449576
0.062312076075998639
0.22650963689927314
-0.024950267663863136
0.13251428159822792
0.99086701898691087
-0.40312037956900137
0.91498450199693993
0.017242989345128634
-0.65564143377140849
0.75244067186633268
0.062986868818140765
-0.20465714319049799
0.67391504211171926
-0.70989715435171563
-0.79386349089919206
-0.15735871497588369
0.58738317360857972
-0.19297313460356597
0.93393244361802497
0.30088462918357722
-0.13132946176058943
-0.47272133924864257
-0.87137082111615582
-0.84390278898595106
-0.44190198077163967
-0.30422150175790447
-0.081716926428626893
0.85527676671787434
-0.5116874009076996
-0.51366287861036886
0.24989546113920824
0.8207939483449741
0.91027545832883927
0.35457402014378941
0.21371910116621107
-0.18468434757362928
-0.97128111423996799
-0.15001562879269925
0.37566123259574513
0.44490749185015155
0.8129796811853619
0.39234791153384785
-0.13958025273401159
-0.90916470969881868
-0.92003762711326997
0.37593909081615101
-0.11045616638336377
0.10117293522359241
0.95247862072216449
0.28731257237622904
0.16477948076979693
0.98631669542626921
0.0052056738891493575
-0.19287787216286437
-0.88005160404387262
-0.43394389113079168
-0.092348451759468139
-0.15096138094305681
0.98421665547855597
-0.96552723338991941
0.21779805348402206
0.14255233944407636
-0.32727077732210691
0.053364145802737829
0.94342254915479318
-0.31193038338663898
-0.94411573106881463
0.10651254512339037
-0.10867673517858974
-0.93282750282221372
0.34354361762285052
0.13400364770683254
0.71536642581798771
-0.68577977457319395
0.78307832833845725
-0.57358724953146811
-0.24038718531064132
-0.42681289856301213
-0.54008260875225589
-0.72535613690351963
-0.1730751033672131
-0.70837779962989367
-0.68428495642235088
0.089556376936431564
-0.83398257109501472
0.54447472527176932
-0.21321700287183507
0.34500866325456636
0.91406101107401416
0.24569224363772491
0.85306156013878798
-0.46034910234499005
-0.41517258478814573
-0.83856128873106495
0.35277002406954239
-0.37771436328365809
0.52423326292330197
0.76322430897738636
0.2979856144439863
0.45603437317645756
-0.83859240639657318
-0.59417912640541704
-0.36019814096878328
0.71917206910914455
-0.093798641285707932
0.62583003601374654
0.77429876721843471
-0.2505644911719378
0.78726039295191919
0.56341681679990485
0.9455969282113571
-0.23617591389977424
0.22375742904058357
0.36712565477957304
0.91114319640107633
-0.18718127378212643
0.77571491368834533
-0.39950476864822032
-0.48853076925493144
0.20734947617541602
0.665237226292269
0.71726259311687879
-0.1248151036035999
0.9920698410772707
0.014785815410096064
-0.66189327429484268
-0.68683248076361336
-0.30026394524043809
0.067952468640307351
0.26107991583033463
-0.96292249924680506
0.72297974307702384
0.039350753403776549
0.68974764175518266
-0.87494968174763132
0.083756419625941103
-0.47691499932499715
0.76316694251021711
0.63368415541250533
0.12657254456929695
0.68403889760259751
0.51138753119792224
-0.52016687659050043
0.53918949020382201
-0.8300844235942153
-0.1422481752431361
-0.59673427256204692
-0.048548158427934918
0.80096896585517019
0.20138413064343064
-0.1326480905126862
0.97048900870042198
0.83530381015669486
-0.50817360784623222
0.20982642594833517
-0.84810403546169277
0.34901935818950586
0.39862894104991575
0.14337559691039467
-0.41587321499468943
0.89804950156467944
0.85478940334726283
0.20903737147802987
0.47501416110552597
-0.66490858515747919
-0.69302390340305664
0.27859368746594104
-0.94089849116404334
-0.33739836527913664
-0.029535951520020268
-0.53738423520572598
-0.6394038453148807
0.54989172238623574
0.64156068670755773
-0.67976774194337763
0.35540920399523779
-0.38447061115006681
-0.24239230265923051
0.89074593503055066
-0.49773632426854869
0.25034175298192912
-0.83041408840262865
0.39713564506280824
0.90304344754689225
0.16369426154624489
-0.62068811374185728
-0.26543087510655305
-0.73776196432165342
0.41893251581449897
-0.38218985242888831
0.82366647612593724
-0.70233752756655032
0.32561443961469366
-0.63300650398405411
0.59414182931627013
0.8034605438555551
-0.038034735756300786
-0.23327029042295863
-0.77924983016240679
0.58168262291205575
-0.4772238326186376
0.53591001635423463
-0.69646095938823627
0.87085398631916722
-0.10702430787648801
0.47974903026017063
-0.2006142902595032
0.13208404758364364
-0.97072535297971774
-0.44410965900479371
-0.86738643376875524
-0.22451589095778235
-0.46794028990670788
0.83218491854308041
0.29748974172477438
-0.54058493533040564
0.80764937630813705
-0.23552157574816443
-0.44694601618739821
-0.73587544194732046
-0.50865173994890633
-0.14464138469789456
-0.42128344925316225
0.89532068289414257
-0.65866006842336777
0.42410525040244185
0.62153169737802316
0.47513756462031226
-0.095643983487524051
0.87469796107531683
0.11270659996634587
-0.61341176617080473
-0.78167974736924062
0.91420971628180925
-0.40176006438549527
-0.053004200974040981
0.36780886993255318
0.16997900161753801
-0.91423398219932894
-0.84379825841349332
0.37049739296193046
-0.3882475768202146
-0.57292378710148917
-0.81900228994938518
0.03152115529213563
-0.25952980941937409
0.9289457348276996
-0.26401534002434129
0.52648559743029033
0.75702688991206291
-0.38694082706344091
0.12809039890917354
-0.018492276032540063
-0.99159007933441179
-0.7829364016517002
-0.62045299752209049
-0.045262223040196087
-0.91972320850314027
0.053968928738324533
0.38884003712519999
0.56664227898089814
-0.51872035807462058
-0.64019193824217391
0.0086262018118436878
0.52091125241958613
-0.853567253205604
0.88719012726399693
0.45671146933569745
-0.065637732003180432
0.085814853351649303
0.42320114735222986
0.90196263770956231
-0.6708119899485403
-0.49999372848831858
-0.54773857415160132
0.61689677853642266
0.051723721302857892
-0.78534261395009508
-0.39305441736822555
0.77354615727035569
-0.49712630946228448
0.078832621584387905
-0.83203334846536459
-0.5490955516261683
-0.76411805885733497
0.61804794507700367
-0.18477101968163578
0.71845007623131196
-0.69493747673955919
0.02985617835685786
-0.25583913476930153
0.40600076911158411
-0.87733101655036527
0.78275159519665105
-0.4024179188700876
0.47472071662122106
-0.84702324110675908
0.51626169964752944
0.12659181056468591
-0.70031736637917641
0.026908065359719353
-0.71332428976331064
-0.97606871968227604
0.11122103803145998
-0.18686822939442352
-0.85068546429532677
-0.48390584717277968
0.20535182470248164
-0.35410674651222951
-0.55414605017985963
0.75334624651921123
-0.5044491669112714
0.66746566392016937
0.54774138559189745
0.99342730876023022
-0.10381074362724488
-0.048223559770767858
0.62211244173019054
-0.24584442970963477
-0.74332807442289206
-0.44979729628031062
-0.025480447358495917
-0.89276712476509423
0.73739650039685911
0.63247131797201772
-0.23712113601533713
0.21158853803322802
-0.93638508921311825
0.28002366912870363
0.92132688923014205
-0.23971094631152295
-0.30609708492559001
0.81495912191136066
-0.095437704259197551
-0.57160587314967104
0.11936806730727362
-0.32000482656334561
-0.93986604124390472
0.66834135328564759
-0.25697471995803323
0.69805718160534636
-0.13580805424125891
-0.15290731687644865
-0.97886440575232303
0.32042811392741904
0.82533546059489027
0.46491633794644988
0.36001147987894616
-0.43463040169797817
-0.82552295442054513
0.28696138698338369
-0.95720474312295833
-0.037579810051199328
0.66161571893835225
0.36809477276181418
0.65327703060731868
0.55651140809869926
-0.55543796701004022
0.61788649237522308
0.50348553609593216
0.62255654809006056
0.59910404720080146
-0.99594906019408369
-0.063073456665219463
0.064087507072923974
0.48546051160418463
-0.85709045029539643
0.17240664629137095
-0.82069010170235179
-0.21597899156577771
-0.52898093743537966
0.028148430673088441
0.834204164646697
0.55073684962670577
0.043385826210904546
0.96351662041896435
-0.26410867509495839
0.56448096601309483
0.35491476956547974
-0.74524945176310309
0.25715780593411797
0.16658444111524073
0.95190308688724901
