0.74525910630032699
0.37530751446787486
0.55111989082266299
0.27393679008107591
0.72902683457190776
-0.62727865380079739
0.80648577363218044
-0.56990741445972681
0.157436450267188
0.057021833272097401
0.58578024811911245
0.80846150894387059
-0.64199510789712244
0.75900647079024997
0.10840414537595555
-0.20959707439880032
0.97754666504340637
-0.021715986415036297
0.56240683938844938
0.28032469417758826
0.7778924172681827
-0.94133810172607169
0.31574369392205454
0.11911548172765772
-0.36836257718779508
-0.6098464664155987
0.70170955467912355
0.7249214518350926
0.61361608687068725
-0.31299231077265616
0.33610191335428669
0.2201920580589676
-0.91572428241657089
0.34349247583014431
0.50144690194153774
-0.79408055232533659
0.99162835372450242
-0.010363066424704758
0.12870825515059336
0.41208565153846932
-0.90999839533550475
-0.045698318162945346
-0.87886188151069755
-0.04057885920384556
0.47534739866038067
0.40291491652642886
0.9042871479444341
0.1411535479646957
-0.82827023419813939
0.55979845055162791
0.024374451816516072
-0.57672756562672889
0.71361042071660186
0.39767509664415968
-0.49635330246754772
-0.86543399311960711
-0.068245166001781307
-0.47722398170746788
0.87034248724790841
-0.12149578665284963
-0.80367393354736449
-0.5393125022569224
0.2514959909141371
0.75086522118362842
0.40345373985419242
-0.52290199790642056
-0.93353670669217004
-0.01799251436430856
-0.35803000807919355
0.2909949726247319
-0.14241686410012225
0.94606520004015515
-0.12123719650558341
-0.82154460455182043
-0.55710502144143292
0.040314361606773215
0.3168256826596505
0.94762663483857656
-0.72468479557340504
0.16977529281414722
0.6678385261532932
0.49412180025290459
0.55649204301185251
0.66795228316049871
0.71822581566192456
-0.19436927924345523
-0.66811096458832553
0.25495832029828264
-0.90427177080447596
-0.3424745529770285
0.51833005705200064
-0.80552513619999144
-0.28716407662946808
0.56260714143168977
-0.80539597296306953
0.18657580535785709
-0.68018864618364938
0.28817333529452033
-0.67401745854843109
-0.62907592385890099
-0.24099579352682357
-0.73904296865841757
-0.28430723006966196
0.74641025126110794
-0.60169854224723351
0.69154581401805015
-0.71931041464300394
-0.066006927668405435
-0.97657412201775207
0.047411710343128369
0.20989310119104934
-0.13797743637219087
-0.39943282398030622
-0.90631983658048421
-0.30830362162781394
0.83105345526584429
0.46292443377064796
-0.42392630131492021
-0.71476637590527414
-0.55623333137154929
-0.043366094806720323
-0.14128540785126631
-0.98901861223614784
0.62249836583082052
-0.46850139490026232
-0.62689889736261795
0.071673266429696125
-0.60621856584735467
-0.79206186204189521
-0.88298396564567083
0.41695348457917331
-0.21561333008404182
-0.26820891355993975
0.90564690097089584
-0.3284321382703122
-0.40234847498660498
0.89586925188690802
0.18850461055248771
0.91313730453748465
0.19761683693824808
0.35654992472378794
0.2489798322896408
-0.44514117172038953
0.86015020801742581
0.706330863752064
-0.60583536807181682
-0.36614234623237674
-0.030436032448945296
-0.94665266658004177
-0.3208151754291913
0.18218711823393915
0.9225539979430416
0.34014992992638238
-0.87250137458612997
0.25617387922933699
0.41607246357564526
-0.51115934753749592
0.54717109327460889
-0.66281212731037942
0.83970622840159181
0.4761316366819785
0.26113619920285663
0.84539816716281657
-0.37278345250708095
0.38253684331662946
0.50307970416167413
-0.29982672290629941
0.81056446226803669
0.11881634856597566
-0.88147357335459131
0.45704158978252357
0.0037343983320453512
0.97500152735913725
-0.22216677500573084
-0.72219553641271828
0.51736035339648012
-0.45909897834673441
0.06334556756822235
0.12615367952721906
-0.98998615556542191
0.75282429970725129
0.10037421024734525
-0.65052332140170699
-0.2659380628154423
-0.40027297312343252
0.87695980166305099
0.64562209030176076
0.74202299380340642
0.18048266726036294
-0.50271852325394151
0.078492372579990463
0.86087922139179318
-0.22243722097843419
-0.10088801756273097
0.96971299395009314
0.17746717865826669
-0.7069531852273494
0.6846331823655496
-0.59740486122582825
-0.73709704871955517
-0.31590405592943926
0.0026379089066626811
0.84038091857653019
0.54198980906384897
0.89601800107480412
0.39338973247657294
-0.20590352141700335
0.77548342151662131
0.10447130959683913
0.62266460347766328
-0.99260798037509967
-0.11908894068072121
-0.023392766044430784
-0.44212076232362346
0.30613459626711381
-0.84309598533663366
0.22150127195273775
0.89088276117594933
-0.39656663042020518
-0.23858294955377615
0.54413212548849155
-0.80436211136129276
0.44007562021565144
-0.59258889484365995
0.67466424997903918
-0.7899897247068034
0.52891508500460371
0.31010493016435864
-0.27596118304072648
0.04517106118453329
-0.96010676525385752
0.8674201786510729
-0.48038807553306584
-0.12965157366795871
0.2771143571789671
-0.081371833396494966
-0.95738511466127407
0.89451646299127763
0.19003265120376675
-0.40463302993458394
0.27780202340780624
-0.93652186731374554
0.21389910666878453
0.44852173818723406
-0.70619431228091567
-0.54783012300857192
0.57540774106020465
0.31421783780565982
-0.75509806113691513
-0.019887855175790472
-0.98487954664928101
0.17209518240907695
-0.031111190534445766
-0.55105812580020375
0.83388670442278667
-0.77934348762911732
0.0061579424931042228
-0.62656668283139316
-0.93482733882091151
-0.25420712734309303
0.24794471763073583
-0.92708673013974718
-0.2810282801822499
-0.24805906662849173
0.55682260578940568
-0.0081234814405812348
0.83059171361817763
-0.58237488779536961
-0.41375530968600022
0.69974712130309802
0.01809528780132769
-0.27644393090807928
0.960859674262312
-0.3296242189533754
-0.88564363232890631
-0.32708291119323002
-0.34828388424160911
-0.92028383256872892
0.17825824943095606
-0.86191720258610449
0.24456119989092717
-0.44417176339120701
0.80909911441782179
0.58755416357623058
-0.011778281391295714
-0.23885234446068498
0.18610551040574463
0.95305524317441914
0.47471244923831707
-0.28170753569690582
-0.83383988563136913
0.83425550472742049
-0.36011535479374529
-0.41753405139434058
-0.70660268199431586
-0.12370463089470253
0.6967135811031997
-0.22696293838252674
0.45739071863730302
0.85981483768612699
0.54648331841953146
0.5919810580883651
-0.59238029132792447
0.66632056296273168
-0.43791085233454408
0.60353209755626214
-0.2103079783412638
-0.63170019844915815
-0.74614034438924748
0.65431582684381095
-0.63959963613385729
0.40346388214948981
0.17237821596067382
-0.35060416815781875
-0.92052293177985489
0.91161057656794586
-0.0930837454852535
0.40037678880761024
-0.90265590442161592
-0.43035898952656398
0.0018596629988646453
-0.6990836883326238
0.6847326025982754
-0.20596907448995186
-0.41781586195023135
-0.78150361726997963
0.4633378914968237
0.099311103029463596
0.99329969068693635
0.059101855269592982
-0.36907376901218664
-0.21671186698125905
-0.90378123444594483
0.045580268650047696
0.030123423826367141
0.99850639379363348
-0.79583319919459072
-0.53066331471628936
-0.29162641422550045
-0.47183447802993639
-0.2027927312856625
0.85804856125974494
0.98539266392706981
0.082034382303520684
-0.14923691902070668
0.74606218210294628
-0.17135689737656029
0.64345010230574162
-0.63655377543674085
-0.60016804125637457
0.48435277766491414
-0.60342860504436624
-0.76722180652861449
0.21735827152694109
-0.65112908917068668
-0.51861248293459683
-0.55414077794380423
-0.18349826117888191
0.69424272253276587
0.69595648596346904
-0.79953656204715418
-0.33901864574366042
0.49578991900597541
0.35357183329217678
-0.54112206574564481
-0.76300319046880483
0.95461080098952567
0.29022683378436442
0.066982113923337513
-0.16244255907214394
0.30352327848770222
-0.93887487687027271
0.54277786265600259
0.010002934962337768
-0.83981672590078904
0.65245410278676641
0.61959248237798237
0.4363585676223225
0.94733436820768313
-0.29756460548324437
0.11837609714866937
-0.1133204259931546
0.95598869282092414
0.27063647250744066
0.24925654738923855
0.72225757669781698
0.64514739903854024
-0.68634534044819429
0.44990034659945266
0.57141906843816892
0.40347117674398081
-0.79281756519278401
0.4567836663658334
0.12959092317373266
-0.98885466898602403
-0.07329826911681156
-0.0328236431872658
0.85306910387447954
-0.52076454608844813
-0.51366466383045395
0.74851984358653956
-0.41936458707087931
0.59364692444374245
0.79812596757452214
-0.10285071211089543
-0.55533474296313023
0.033506490483733775
-0.83095164621868178
-0.97989346056556714
0.15561793271976024
-0.12486738948526727
0.091916204959845191
0.42790918663021876
-0.89913577354215235
0.9653970827609416
-0.20500501418547079
-0.1611875204706579
-0.1970663526201078
-0.97777491601206601
-0.07156162576831733
0.42663209313897837
0.79602857552422857
0.42932920242247863
0.89638483625430376
-0.089481794261577485
-0.43415116472154452
0.31877751178976699
0.1556911578608744
0.93495516541760715
-0.12371538870935984
-0.75288524905111553
0.646419603939834
-0.16487926276302925
-0.89987608843752076
0.40377946229236011
-0.44459818908674897
-0.46783650276600619
-0.76384648781051301
-0.49476451786725273
0.3538997825541419
0.79370209510099965
-0.73439512702051257
-0.6779242593748851
-0.032901306350031606
0.30373319845907248
0.43673360769633357
0.84676437103976376
0.49003144932222287
0.78478126844640783
-0.37945690054446068
-0.81251330387898935
-0.27441925193125427
-0.51431138932473586
0.018674067132715664
0.66537983501777198
-0.74627136778014291
0.3241762999799826
0.9365548411749155
-0.13332200119679069
0.1670161441173291
-0.78836593860893034
-0.59210197976821521
-0.4534430478503097
0.61045671090277775
0.64940896703847883
