-0.83082374830459393
-0.4011438655001196
0.38576611881388262
0.41679111465459956
0.78242969708442922
0.46269745608263813
-0.81324493403292764
0.35755842785468545
0.45911289236947478
-0.12661272439069571
0.83860614237740472
0.52981973914648939
0.0091013613266862203
-0.99323946279720421
0.11572611962872552
0.0754974458282546
-0.62561948711355053
0.77646660779275489
0.89102683511467096
-0.40244746799109998
0.21001717694770977
-0.97409960225963932
-0.21157290315653363
-0.079792678408037984
-0.20265228946638769
-0.72847218982449602
0.65441601311882236
0.34276441990649903
0.91312009792882221
0.22073567723551005
0.79793738028471384
0.59132595162223756
0.11674568978092226
-0.99753173283711871
0.055531744649365118
0.042972867244028413
0.23701080985917988
-0.88550263121351491
-0.39963854434205598
-0.63933481016008076
-0.1048086907448629
0.76175201926999903
0.12831939870271192
0.64841756932824146
-0.75039242247175553
-0.079579210838867112
0.082936334515992888
0.99337239423053969
-0.61080615101195568
0.43650858648207397
0.66058769275046436
0.10434030409390918
0.99137693469473875
0.079277199098191836
0.82193850581689554
-0.46198777933247193
-0.33314318903879847
-0.34437192770527042
0.80713863178407153
-0.47951559358408069
-0.74939128087864038
-0.28528272962560031
-0.59751692220424801
-0.064821084471029591
0.4073121094276248
0.91098576965922917
-0.15091290249970027
-0.2117462108473939
0.96560283660047685
-0.83586811437406516
-0.50542058238860321
-0.2141834033502826
-0.38609331957219545
-0.04386898704487991
0.92141600841171556
-0.42885085184259386
0.60878756945429313
-0.66743137636150707
-0.56257575219555433
0.19124053975808405
0.80432305636146162
-0.39320104713908005
-0.80608027066278998
0.44229801466537727
-0.37170388482914918
-0.25787547034092367
-0.89181638457664925
0.78669312509289324
-0.39192698842913787
0.47697710917028707
-0.4765384205466483
0.35876916886661347
-0.80261810172314541
-0.43731888910559125
-0.67561802315962305
-0.59354231189809425
-0.43330396136247007
-0.32020188120694604
0.84244788108174617
-0.64203676619926975
0.75676695319950615
-0.12285181884498352
0.88255849746254211
0.020567076145791646
-0.46975258800295427
-0.11315605765045252
0.76048956725937156
-0.63941482990830079
-0.66906013487503113
-0.37384397343658693
0.6423388665230757
0.38654050985937594
0.68953251469953414
-0.61247966938486242
-0.8983232204173871
-0.26083012253412785
-0.35352940307386976
-0.59788232319597234
0.69033890625293937
-0.40739283513984653
-0.8396607879832384
-0.14304599571026416
0.52393473280039982
0.55467767332137885
-0.33077744718343144
-0.7634912960562118
0.14724100033138576
-0.083235126759044861
0.98559220851973994
0.39577425242618947
0.85072916858323655
-0.34586503558204018
0.96664151305535595
0.13731047193826684
0.21621752827683172
-0.39481213616210503
0.91583115509105251
0.073325796986490527
-0.93497347376962803
0.31703051235415669
0.15911083427477685
0.1464100040634686
0.84806483631146445
-0.50926431656080517
-0.70406470273468169
-0.70784877994272988
-0.056947336168718492
-0.13111691917261631
-0.91669207351448956
0.37747052317020346
0.98759999208190274
-0.13465878164830672
0.080704821199350477
0.48039052200082172
-0.81820734341630819
0.3158507393554838
0.68524879327534349
-0.058623066543386435
-0.72594588461106047
0.59380184175675144
-0.80359094706973844
0.040508795512219649
0.15048003140507515
-0.75540785588478943
-0.6377419003138125
0.79235110892458172
-0.60945822918440529
-0.027210054490838947
0.66157853588920057
0.16023705125434248
0.73255575095416126
-0.39966051468666208
0.8914086069414584
-0.21368708073040074
-0.79124735137425006
0.55412866955056816
0.25859049968115794
-0.67546075710394171
0.45005752286063938
-0.58412412356374643
-0.35409006396108778
0.48291214739967253
0.80088456377799533
-0.68546776759746464
0.17190541393683609
-0.70751852855183461
0.056516619588800575
-0.82085056162404546
0.56833988703217375
-0.36820880555306862
0.69238099568604261
0.62050852719844785
0.92314719179234472
-0.12732472544615395
0.36275015723769077
0.72213996336842023
-0.63672078567254642
0.27037106797657129
0.91996531610309018
0.25797914374732472
-0.29514501276277472
0.85675469109171687
0.3980107004452379
0.32796170755658011
0.11623487067102992
0.91065105899899634
0.39648972695909163
0.37226180255257391
-0.57597527647350266
-0.72778680343324487
0.93916576414447051
0.34312981153742367
0.015152554016572034
0.4602798446421093
-0.73623460224028481
-0.49608575375667191
0.3930067749595923
0.070329763382890154
0.91684207975984999
-0.89590171745569125
-0.43897324765440254
0.068283237355072898
0.78410338400423407
-0.11734082846683312
0.60943663589238373
0.2919161967154561
0.16859677096827524
-0.94146697388397771
-0.83072473527647417
0.55619047892359053
-0.023421472083943864
-0.18627175626181944
-0.060481976755552336
-0.98063487767205082
0.59356123018511542
0.78643408308877449
0.17089909004278242
-0.32925424959425947
-0.86032124975119584
-0.38915162385715601
-0.83944717314171979
-0.014509342229165952
-0.54324757016709457
-0.14364794420274696
0.95935883869508887
0.24289068887862886
0.19693844924646506
-0.92165176768014923
0.33432509080302908
0.99170842271064363
0.068713191597018872
-0.10859512707906725
0.34469534635966326
0.44582041014280094
-0.82609277935235359
0.32370052474734817
-0.94342240684369616
0.071917539887977514
0.92729491049782153
-0.36577179760578515
-0.079593599246860672
0.69114192519109552
0.40928210438839457
0.5956601365464651
0.85327280367531777
0.15508817414233342
0.49786863804547865
-0.10605409787161563
0.92598101787319631
-0.36236953909394376
0.94489236640823648
-0.16914708395381778
-0.28029926844956793
-0.61684180258888743
-0.11611017843020811
-0.77847582945380978
-0.30502413820067831
0.2350559075631482
0.92288081323353877
0.06294401319093379
0.41113704265522177
-0.90939781358882643
0.054116674113248386
-0.56452540602419876
-0.82363975835078163
0.43518380851297694
-0.093712843388347081
-0.8954512581889712
0.54411002491922977
0.19721717586106308
-0.8155057733258434
0.45865228972153921
0.58895105025012617
0.66541320812143701
-0.04832041804397838
-0.90741595961651988
-0.41744630005940331
-0.77454371297817282
0.12827667193310591
0.61937640585007114
0.14602091410101856
-0.12176723308188106
-0.9817589488223093
-0.2304263527429834
0.27456374189851418
-0.93355152380372253
-0.062693102915162016
-0.32855214964107871
-0.94240281186608055
0.12728270173257386
-0.9803436233699131
-0.15074977266187339
-0.53021922939350552
-0.43565670017856328
-0.72737253754240849
0.63784659327548154
0.76023071790635699
-0.12329225035843774
-0.62107855766509379
0.76565477267697102
0.16743414910233326
0.58377570221805286
-0.61449708823896632
0.53065926736998692
0.79358493551431197
-0.26059063291822082
-0.54983222182773739
0.61398270607002803
0.67644860555092001
-0.40674626082502757
-0.59161997983599468
-0.73810221013814137
-0.32433150764002017
0.17424259181857288
0.74958468565654579
0.63856269717665437
-0.53843008754599042
-0.82088770739599048
0.1903586422292711
0.20320059644166333
0.52609536736768125
0.82579245700116244
-0.14381158230825195
0.98682257027086984
-0.074158233514498836
0.39632036856826591
0.91604165748285804
-0.061626676155478503
0.64186295417133377
-0.52274139289519406
-0.56102886219555648
-0.62169166377275409
-0.62537600165730345
0.47159763755407957
-0.39349363259513104
0.84374361431483635
0.36504722216450974
-0.80068124134230545
0.51478701292651996
-0.30643740157613908
0.015088222727212495
0.13643528662667756
-0.99053407720180442
0.65985468339779429
-0.69841501989108434
-0.27714302587027706
0.59882981719137129
-0.37961359683405332
0.70519243270277754
-0.18792605447794206
-0.49118475552001906
0.85054178850488749
0.17343721389853861
0.24843109830916743
0.95299607671176345
-0.251594903849994
-0.52840060227770691
-0.81085930214141888
0.14385709222159926
0.96569440310163657
-0.21619310080509088
-0.9316092793328361
0.090944119694026007
0.35189958475967559
-0.15072371667593518
-0.74846435464131178
-0.64581999896469389
-0.96320608936415308
0.028472023984208228
-0.26725151685642123
0.35347845807154477
-0.53482597486037287
0.76747257690031845
-0.69962307319840245
-0.53310551934594985
-0.47573738626610762
-0.85785244322261966
0.25869794994269441
-0.44403215689004888
0.44008577778292163
-0.87619964444088561
-0.1964654963978828
0.44986194680214059
0.34699486132051072
0.82293304407864654
0.66538318709268796
0.62540325990965817
0.40759781259073208
0.82314955543216473
0.54035116502914748
-0.17448618238551933
0.26893114797482637
-0.36354924129593297
-0.89191254436861345
-0.17143311420407095
-0.97436764821877975
-0.14566527883781527
0.090597468641270301
-0.37715338345316413
0.92170896926612611
-0.94385558143925885
0.29701310584131568
-0.14463698124772342
-0.74798935211274287
-0.62744986627362631
0.21637604867260152
-0.44143227755632591
-0.5739547984431842
0.68971982259137554
0.35930452168530208
-0.26842465855093894
0.8937832306428154
-0.44036687767466537
0.069272145896668677
-0.89514154347228081
-0.2864047474328148
-0.94828076846480636
0.13687916133488617
-0.18731508286282747
0.5427411260975995
-0.81874607160853075
0.58125480109917638
-0.10802861780831882
0.80651886148656271
-0.08451144496480148
0.65076077024318058
0.75456493132298674
-0.95609332625881516
-0.18086441048866297
0.23059405131517027
0.77556359805615416
0.44688705683372276
-0.4458621578522729
0.75507745540693916
0.21767080712592932
-0.61844761787990454
-0.60840829472575497
0.64532943017724442
0.4619407683415831
0.57969917308819108
0.47250515058543158
-0.66384316776713637
0.33252224695372451
-0.7500401159290343
0.57172439144924292
-0.455620867102764
-0.88419098474554236
-0.10303362536198232
