0.069198475341167881
-0.95837000445903076
-0.27701715752576594
0.27305760063818052
0.87900095463282135
-0.39089240014140564
-0.73717601488255646
-0.3812737750412713
0.55785466884095447
0.55597832381997137
-0.25742283934610866
0.79033004828699416
-0.64905448467786619
-0.74243452165813228
0.16588929130540619
0.17800844616912284
0.75323422450406297
-0.63320707207691318
0.67408563531198529
0.67318869031784589
-0.30401569613126955
-0.19951360731421494
-0.96479608161679853
0.17135589103774929
-0.87908675743340803
0.10626869768448866
-0.46466486503463905
-0.82997347659580034
-0.48135308682985434
-0.28185676139991922
0.96113799998797733
-0.12553722209944504
-0.24587425820257267
-0.95484399350890559
-0.26583075303344827
-0.13269121599275113
0.84951385696673287
0.029761680549223565
0.52672616148468576
0.90493180572177989
-0.22585019938616482
0.36068007212812359
-0.55327000654563041
0.374510178838938
0.7440661434328435
-0.74519624640162752
0.62814851732086496
0.22385708507108704
-0.99239754770406075
-0.058392274452544551
0.10833951077619387
0.34394277851752164
-0.88910211080185808
-0.30199470471074052
-0.49180904007797505
0.85537158210052622
0.16267551946259018
-0.59130431885026979
-0.66772986162961512
0.4522123775363891
-0.97263060050589123
0.22343228446347338
0.063778752096468355
0.12442254382130513
0.79218095479040751
0.59746829661195733
0.38930205029767118
0.91687597582101943
0.088217677345771642
-0.87525167695438766
0.37293103590536197
0.30798854596735564
-0.16096324199961429
0.74476570598998248
0.64762248100742814
0.65875390442929205
0.0091201796947205909
0.75230320730507272
0.58626688219428857
-0.75329199235708333
-0.29806428349080016
0.67627223885760024
0.54773344677864644
0.49258900741948408
0.089501337585657911
0.98687814615083558
0.13439135098758379
-0.31843882174271693
-0.2422193314924054
-0.91647504726450812
0.85536360208390605
0.31915506118556547
0.40803572778579489
0.47361756955515932
-0.20434703787048172
-0.8566963790761718
0.19119323764324739
0.97254329816022611
-0.1326826254003225
-0.38520422423179673
0.91805116119496077
-0.093807094947898351
-0.43247262447583362
0.63314519021666649
0.64194594568739671
0.81395362878571553
0.43356665229900937
-0.38665158502299629
-0.60735126058691191
0.092022822071699123
0.78908570287482049
0.186340333331975
-0.63935880998538697
-0.74598766227585711
0.12171724039124628
-0.95793141769625645
0.25990827686316514
0.35728311763960341
0.55644597780842286
-0.75014441784935904
-0.10282169770944875
-0.8917077969855367
0.44077761203961752
-0.53300035938278612
0.45390905670067094
-0.71405685007772868
-0.63022155046533301
0.60094452922616537
-0.49161618171314725
-0.38679995808630513
-0.067483536014940046
0.91969112466705505
-0.065004503973626962
0.30223087779800589
0.95101572593127481
0.67991377286268084
-0.28471537642809697
-0.67576210007445814
-0.1334704536981296
-0.28579265257085951
0.94895110397012949
0.38476893199605078
0.10763123630569678
-0.91671608796940263
-0.048559629762259894
-0.19487618533268233
-0.97962504804008266
0.82281653087545303
0.56351185517583147
-0.073670520524679831
-0.30283153868997892
0.85603431912412031
0.41892517667999324
0.76502300155364278
-0.64382290417152488
-0.015227447520791811
-0.78364989118168527
0.56876736540745676
-0.24979297848096846
-0.61817795826470834
-0.20927697560316169
0.75766691850579704
0.82837862883388558
-0.058160208293284943
-0.5571411288556728
-0.93072382424284961
-0.33874471492362573
0.13785928005787865
-0.51142576843886489
-0.52718824687092736
0.6786134656325904
0.76000019345502456
-0.25575208451202641
0.59748688455570198
0.019382597747368443
-0.99981169023773853
-0.00094813950453531616
0.84647702204220565
-0.31675187499035223
-0.42795432097906833
-0.31578753159130801
-0.74844308530333703
0.58319052028740159
0.54542398391718605
-0.5113895321173566
0.66407335755072727
-0.79511637219331166
-0.52072641333074765
0.31086002819571779
-0.38816108101846619
-0.34642340937090677
0.85400339380028967
-0.098301283614544904
-0.70984895419000282
-0.69746062245483942
-0.44713615500591397
-0.89436266185732227
0.013589994923184606
-0.0070802055455534939
-0.7395247987543484
0.67309207595749709
0.43467103563340936
0.7181417090850728
0.5434460198159059
0.64563875733737974
0.76343011210126877
0.018029391583971165
0.5093055206401057
0.46330214698574501
0.72523031324118692
-0.15643087872162659
-0.88077117170505137
-0.44695807776086866
0.4526826953256306
-0.48996893840510991
-0.74498913867981442
-0.89992781858654614
-0.20672343826047912
0.3839210093337253
-0.8273697749922525
-0.56164704970071344
-0.0034419459254320427
0.29700537226007484
-0.95466681427957567
-0.019977050881961618
-0.65535270707741755
-0.74242008843507357
-0.13901525676830592
0.47835788159623593
0.85621567394317533
-0.19511139589679444
-0.025502662307719217
0.91893286725938417
0.39358861732228156
0.78258961843170116
-0.55375167490312971
-0.28445135201806115
0.043691206005251358
0.57012972017557983
-0.82039208960735466
-0.67141613954301149
0.19713828140142581
-0.71437865699309044
0.22191972363915202
-0.38861718172402732
-0.89427530566867197
-0.90180233568708934
-0.17166677886151871
-0.39658928929639597
0.55108500425194762
-0.83421986112560109
-0.019558665399603204
-0.049988047214905212
-0.47100970639537609
-0.88071053792774734
0.48905762158096006
-0.72428377324357651
0.48604079930559513
0.31810672536922757
-0.39281329471955573
0.86284751072622001
0.4698414075655088
0.71959711172200458
-0.51130132851207244
0.053657013377431895
-0.50205414939390314
0.8631700620339996
0.16468965258625301
0.10225583276376113
0.98103061267057767
0.63556504931154179
0.022513675073271219
-0.7717189919448092
0.75884166021964838
0.23445560221355111
-0.60760999440905239
0.93497065962783676
0.31909435689232613
-0.1549472717880522
-0.54548059475297894
0.78490869564762633
-0.29388647509655541
0.56449264800067878
0.77087784016899752
0.29511930789015345
-0.79898154905041963
-0.053923449492744691
0.59893300616328971
-0.40850690096932041
-0.85370333942823218
0.32297479794796147
0.2799351974013255
-0.64571046419402911
0.71041838495791498
0.40881135146727482
-0.72686352714131319
-0.55185386817815252
0.91865604944221058
-0.38094862259752876
-0.10463847172181137
-0.2782000053561276
0.48627850339367512
0.8283344579075882
0.22153388514747507
-0.11489400843742083
-0.96836052405942663
0.27967999088473311
0.89137175053058404
0.35670086214467944
-0.11537062821410671
0.010215198101653633
0.99326998740182737
-0.78159560308320664
0.23364243600319373
0.57837662931647904
-0.22147191203800845
-0.96231583647779573
-0.15779234151969793
-0.11046314539606457
0.76489502509995877
-0.63461286946180129
-0.002767526215606025
0.91615831640876377
-0.40080703595833395
-0.5553609983990645
0.72540815190140473
0.40664133411666664
-0.21736394307322734
-0.5711370664281864
0.79155250464101501
-0.43553148219767335
-0.84602682348288583
-0.30749136892302503
0.66012920097229233
-0.70910771917052995
0.24778151794767039
0.06007594336187793
0.11678632888791746
-0.99133840559824149
-0.54996602933242578
-0.52258458658649953
-0.65149268333768939
0.70833349912450438
0.27430575254008077
0.65039988325756626
0.62647828499288505
0.50498137485916084
-0.59373291089321056
0.86619410396331353
-0.4627671782969105
0.1885585133328844
-0.36781446131854062
-0.731083616901824
-0.57465578144024521
-0.69762999230143452
0.4985509744166069
0.51454768462189426
-0.78386683982195904
0.36618417156454647
-0.5014597989102636
0.26788007227131722
0.60474624706536195
0.75001482888025217
-0.74966829210211072
-0.076388967835169352
-0.65739042996516306
-0.98324424522557119
0.030381453492882602
-0.1797434881002834
-0.63744733644038631
-0.65041636934868063
-0.41306106055683567
-0.31313658764718905
-0.5104664335386393
-0.8008554786645441
-0.34949597718517872
0.21609952726788756
0.91167623433210798
-0.56784342613737371
-0.26851443118599883
-0.77810914635250794
0.39029706357123933
-0.066882926976927562
0.91825643272817148
0.93238600535143878
0.33606190414950365
0.13311173353313524
-0.93046521982854169
0.092161990437542918
0.35459926989210483
0.91987469414524892
0.13363228768439622
-0.36874511353971806
-0.92244429884406343
0.30768432932090939
-0.23329566867052326
-0.25872634967834274
0.54758096159317082
-0.79574855732374317
0.78622413081641374
0.57523186870773568
0.22574302501955873
-0.39139414946515161
0.27240286474313014
-0.87898082973645475
0.64384697821400294
-0.54610308936704632
-0.53594074712459139
0.22732507618051837
0.36837818013759022
0.90145483865695597
-0.10530234739299646
0.33969596911353755
-0.93462188301020388
-0.0054436226302596175
0.57033368720872557
0.82139506463550105
0.13213587187930231
-0.83421253544586282
-0.53537795721124126
0.13065497849331395
-0.19677017427105287
0.97170508649088128
-0.75790127640892058
-0.36285380773327647
-0.54214644648027666
0.7382975250932069
-0.50659188028006086
0.44528803181262139
-0.27929432624736428
0.8845163192554637
-0.37366503756278474
0.97891494678451285
-0.18512759613534133
0.086332497421449758
-0.10014031504888647
0.98694019905136365
-0.12617828972673709
-0.50756598545762988
0.0032085076679877898
-0.86160691494728003
-0.38733375106521301
0.71312540331058294
-0.58431560345319378
0.46542278193894554
0.20778519218640448
0.86035280435427863
0.21325679012812979
-0.83919280825620901
0.50027689536426156
-0.22782335605232151
0.046259980946489608
-0.97260296760799969
0.52468645180861639
0.31614751578933886
-0.79041436952317246
0.96248426236051954
0.065674538041175443
0.26326963319267321
0.40770146544776797
-0.87854379370687929
0.24887811798321466
-0.67049581689505666
0.74107509347310874
-0.035257132045217868
-0.20910082705196895
0.96603618403650238
0.15182534458507105
0.99676544343684126
0.07186300605817042
-0.035977202926860297
-0.87299589751069662
0.48757727183366428
0.012106482591328984
0.21939312184606713
0.35233974288722458
-0.909793033425076
