0.42335003916173108
-0.58836048708417132
0.68891703533868109
0.78132554681755473
0.21475418170407315
0.5860128252272836
0.19414073293219314
0.81051895262627138
-0.55260148683310906
-0.59684294777003266
-0.47823908584687785
0.64425606125633061
-0.46696973630158511
0.095504449910931877
-0.87910077091630301
-0.58175520938668424
0.76882463337806117
-0.26546103190966713
0.89577250032542621
0.38862619153979477
-0.21578070096746213
-0.035731187373316174
-0.9909815866729621
0.12914633995600358
0.44906393195047439
0.034006101590994813
-0.89285226665768325
-0.00058195904567497135
0.1273468710564406
0.99185807238525991
-0.99942701890069874
0.033715430302435886
-0.0029838985880647219
0.84271434033655046
-0.5235656175818787
-0.12534586023175409
0.22109679785327455
0.90629977408079421
0.36019012407356449
-0.5917813103465791
0.54748939188443635
0.59165044282793855
-0.67767106912159736
-0.63709553000498331
-0.36724815550695467
0.14329649194453173
-0.70884368853780266
-0.69065674587056169
