-0.484433581504635
-0.87068110077445071
-0.085079526707564843
0.38814303167203279
0.8307454342593622
0.39900753178563841
-0.11821365744552853
-0.0066664609521782034
-0.99296580479476959
-0.099164388977740006
0.10264444206861789
0.98976287183905509
-0.077732350681437704
-0.19412251777395007
0.97789269848518667
-0.35009279441963093
0.47773104252243831
0.80573450112669154
0.67268770854912741
-0.055544680885585007
0.73783875961638312
0.76866300729913017
-0.30965229721802467
-0.55970763442841953
-0.43429719207404932
-0.58395227557713825
0.6858466948268237
-0.90526030997388018
0.11874202520093417
-0.40792658976484364
0.71476908748861101
-0.048285500664540966
-0.69769166685311146
-0.17186790809683039
-0.93589704728801359
0.30750307160091439
-0.62313424093253011
0.21314453663729649
-0.75251121206206084
-0.51895474690463239
-0.3928597336727806
-0.75917534227851524
0.6181708245885803
0.2155732979796203
-0.75590540732664735
0.083301189885802651
0.99460975838874044
0.061744151799996538
-0.58276109673458976
0.52454899456520721
-0.62067532288091531
0.83340774673825202
0.10963520346639766
0.54167485619839428
-0.91474248267962699
-0.050881754680970885
0.40082070483159671
-0.31568967456770292
0.66125419252466378
-0.68050196343573666
0.61040417965888916
0.77574257829463344
0.16009431493889242
0.12713743717118145
0.87465028459024274
-0.46778515553163003
0.19506860296179857
-0.27490704312055581
0.94147456565817267
-0.61261174301518062
0.77095711444300929
-0.17416078780716052
0.70264953840778743
-0.59715064013795882
-0.38690404386378446
-0.74623365437544154
-0.30386668494221741
-0.59228402887440867
-0.84561745968900426
-0.32286638250724747
0.42507459453112367
-0.81953441376610292
0.5688344681917783
-0.069214828252527769
-0.26866337570221849
-0.40045132458103766
0.87604721744754199
-0.41207767968913389
-0.62917151054831788
-0.65904111875995053
0.93069137884428221
0.2592735100441862
0.25805194115583746
-0.74330522864969995
-0.17081681272787572
0.64677581398155848
-0.029759344286194946
0.96605384096675428
-0.25662103924081647
0.38980561235281019
0.40515504329257662
0.8269830563396332
-0.66527445686213638
-0.4748078529399129
0.57616612173346304
-0.26701642633868883
-0.81726672020101532
-0.51066362325623971
-0.21873922223424305
-0.97542096873660178
0.026591096354000907
0.76864535095386988
0.63739086755764673
-0.054011169318141178
0.97386689187484332
-0.12896877115002758
-0.18695008151398132
-0.90523662663358873
-0.16782866017319883
-0.39035905346937955
-0.94377346523873651
-0.28804763181959253
0.16223503972444436
0.58415498119034759
-0.81003142241861192
0.051108244393491577
0.81926962173504758
-0.20803835510821184
0.53433821658756686
-0.48765665197893149
0.74606382525850767
-0.45340904095677453
0.87528816841802826
-0.38029994912469478
-0.29873495095681057
0.26702888144414438
0.70241281838542402
-0.65978163739417162
0.34619704169618692
-0.53055293134633441
-0.77373199194593256
-0.35710293779930491
0.19981866488090821
0.91244177511790692
-0.44111154544846387
-0.87089958346478091
0.21668991668496901
0.32470596840294308
-0.94267798844759421
-0.076969111856018818
0.54603685404797742
-0.27694407463998111
-0.79066157965541262
-0.41719792321658611
0.07666069493957782
-0.90557662884769097
-0.65335274047588432
-0.56397338587665313
-0.5050388267603545
-0.44519659202534401
0.89402209460978621
0.050244291203576708
0.14149817044690671
0.56287128917910756
0.81434278997116927
0.072235936441548618
-0.99421085862805636
0.079540795020388133
-0.78916607265247618
-0.55162156876768287
0.27005657674744216
-0.5821921668909672
-0.70210858166692558
0.40999490284692369
-0.35377757999568654
0.90111527553707649
-0.25066448509139555
-0.77451025579469657
0.33287625957787781
-0.53789149414940074
0.4011815070794742
0.83383784868010136
-0.37916729880882671
0.61682436393607365
-0.35267688740107694
0.70366662358530696
-0.95428225300961333
0.29754143284936196
0.028539049193077891
0.72303889352718642
-0.50486405192855555
0.47151569169780833
-0.57207860302791425
0.52482976801248726
0.6303013458383131
0.15811977360949928
0.28322955657593546
0.94592766926202121
0.17311711872071661
-0.67428411453477666
0.71789372200339641
-0.52689514377645785
-0.30738873501117825
0.79239742115494904
0.57036176575598552
-0.74294658314036621
0.35031104858934875
0.75886171867319119
-0.64128603473904733
-0.11349499363866031
0.37276400157569889
0.66871547891901939
0.64332465162107588
0.82782180419630702
0.18810677784167745
-0.52851386039269876
0.94459312480259472
-0.028609517089131075
0.32699437932110742
0.62451864940611379
0.66076807831995965
0.41636762988651171
0.12542852296209245
0.78870360020388897
0.60184243507164903
-0.11670584052262721
0.51289032528016321
-0.85048413331579298
-0.3269119743940031
-0.79580226702762846
0.5097325894932575
-0.23277575799129563
-0.47105778253766462
-0.85083489115237632
-0.99254756321181359
-0.004138817586777783
0.12178754021357954
-0.20889198027024958
0.26074193036911969
-0.94253794954163983
-0.018464298633548329
0.72593746703234974
-0.68751280979675389
0.25242889500113608
0.95308817493624798
-0.16704066500465589
0.92143794417362179
0.38774262835282308
-0.024652975380950345
-0.77905615292259067
0.38815039527524831
0.49235229383148182
0.0041710893062532374
-0.88219478820825403
-0.47086617809330206
-0.34164746999574075
-0.10163091435020777
0.9343169502336186
-0.32631176549739943
-0.20922895029834432
-0.92181553363730162
-0.026343755510362953
-0.82413826024459969
0.56577569278523676
0.35518566615612801
-0.46691925689799046
0.80983303840671761
0.032003011855352557
-0.98014602859168409
-0.19567720835124347
-0.67111287177948309
-0.73549817751228175
0.093005076248596635
-0.72989749909974444
0.57946780712943247
-0.36258337152790876
0.58590021108008639
-0.51066649635902794
-0.62923816806731059
-0.89910311358541506
0.35915252017330324
-0.25024599576052653
-0.59619023197884535
0.27438108308946541
0.75450131115569485
0.45514283286361512
0.46067669500503228
-0.7619855539130147
-0.10164427019862345
-0.69501597017484951
-0.71177330909335312
-0.2493051349114041
-0.93451844266864148
-0.25401226352084599
0.34881127292505987
0.23623053254588255
-0.90693209854624079
0.17923613889275603
0.0020210174636011136
0.98380400588899231
-0.58034719179707028
-0.0033316323590873234
0.81436235006235291
-0.70793672675827102
-0.67763526041337174
-0.19908803266717698
0.45079569812940762
-0.17054334768607218
0.87618388772451616
0.43208729810253488
0.11854664295205827
0.89400629766419892
0.84740121584725581
0.43533591055301851
-0.30396352472552879
0.17330908725135649
0.50181236506518989
-0.84743631651220974
-0.50818187987279784
-0.77779091239643505
-0.36985466545992124
0.53704578093272648
-0.80799274144178612
-0.24234182255596143
0.35958683237332939
0.92494333099633175
0.12319555360939539
-0.79059694263765112
0.11911285577589233
0.60064016006333609
-0.59162419535830779
-0.11952379206087747
-0.79730475641251697
-0.83817916723638075
0.49941672370515072
0.21917714227204574
0.26995457534661765
-0.89265331556371896
-0.3609634129140053
-0.86109768736913772
-0.5081055896133726
-0.018425053898689196
-0.1627045027628691
-0.65344853849624918
0.73927819683648399
0.53198336085169362
0.83915982225698071
-0.11315695509587277
0.59017783545174518
0.49220010281596782
0.63986653399708548
-0.18863776694268911
0.98160590414404114
-0.029421791795111594
0.88912564988968334
-0.35253584897444323
0.29184594205867725
-0.41450345739608019
0.40613532048046147
-0.81439608622888704
0.11247888375929883
-0.93111745864265727
0.3469420397113927
0.070755237417735914
0.25414896519292746
-0.96457348080347094
0.67282897870402625
0.6686441411630123
-0.31656938876725693
0.95074105473017845
0.16829609293598724
-0.26032263050497417
0.70458686400983306
0.43526262821167327
-0.56044963694078331
-0.022093343198967486
-0.27109995525947694
-0.96229761427772553
0.020007412355967404
-0.48366802854474611
0.8750228234820262
-0.66839746432290914
0.73398616932412686
0.12045386223612635
0.44496550264159607
-0.73049821353183597
-0.51805218027309585
-0.37147408941662863
0.71665797373938533
0.59026125535041285
-0.98706794821113941
0.056768326645148172
-0.1499140510564678
0.36375780446346784
-0.90772916802378079
0.20906462448432611
0.77215059023618537
-0.60747520884047779
0.18643319619136661
0.18519961860442938
-0.73947282177226292
-0.64721020320212896
-0.10143328986556986
0.39535250104287872
0.91291165379032579
0.46517206519696336
-0.022623716177334226
-0.88493113699695269
-0.96438022909218701
-0.23693984231577633
-0.11760223152421823
0.90706053908437512
-0.4207429501409391
-0.014715581628397055
-0.64333171748066742
0.65793456686738494
0.39146699350571257
0.89040623479933501
-0.078543405488530255
-0.44833878985063963
-0.92417778574621579
0.22226070574447329
0.31063740762372832
0.79189728449318886
0.38872846899805885
0.47094465513766981
0.12240413158027048
0.93137242414015065
0.34287408202338576
-0.42527070253739596
0.84143984694162433
0.33335238643544379
0.17908256373499101
-0.02075107278605634
-0.98361518305907158
0.81354800868579924
0.53962703825747127
0.21666171130322101
-0.18969160433300292
0.85317664236053248
-0.48590813141578454
0.6435423046324098
0.23066352622439201
0.72982713009187028
-0.13607880528859492
0.85151442569323943
0.50636522549197727
0.31264902108750797
-0.80615267009275204
0.50236287891856579
0.27718275006806542
-0.2817140978140828
-0.91858962010111023
0.9938046577160824
0.10911730901966628
0.021111967556977071
-0.11979581130331203
0.65796386112515781
0.74345983149559269
0.073414382728907726
-0.51613024579359368
-0.85335801266852707
0.49229930256348114
-0.61724666070272871
0.61371651154815798
-0.83991291139084201
-0.44178599895215304
-0.31523234670447103
0.52245562664778644
0.64793261959511994
-0.55427740225330713
0.98142171579711923
-0.16922791355518307
0.090406465673633613
-0.778466777136682
-0.00056360123053873757
-0.62768555762266864
-0.16905572902250671
0.95367126458721663
0.24885995978720166
