0.69362981238964116
-0.71992865816306817
-0.024091710604171323
0.64514425940096642
-0.69901079345337069
-0.30850088362542455
-0.86316252717294228
0.18598498203226127
-0.46942522103406331
-0.57138443619766377
-0.5878606158875832
0.57266021545009504
-0.71870727161783166
0.089367911862694951
-0.68954567220232343
-0.45059341654736673
-0.70182090318394341
-0.55173634357204104
0.2942661080818661
0.33615520665693294
-0.89465475725096677
0.14993242794240988
-0.47349192575580723
-0.86794335258434419
0.69986643512226565
-0.2666635534724609
0.66262924945907087
-0.0027487216876820363
0.51472351322151821
0.85735182362084073
-0.60604195938756111
-0.4752233574889837
-0.63786824968686395
0.78913765790134094
-0.43274149470683126
0.4358859433852898
0.6160196713824585
0.54332255960288345
-0.57036861826052365
-0.049861772673660786
0.9152373360047561
0.39981798659984963
0.44096739331615631
0.68867717604387402
0.57556190390625162
-0.67060412810788883
0.38772673745432434
0.63242239083359764
-0.31079716541060071
0.91500073853872688
0.25725234779554468
-0.61174307268375328
0.64673319316738609
-0.45552891223165742
-0.26323251428393646
0.91384116799873016
-0.30919728830388149
0.3090373383061823
0.38162118747504487
0.8711263931271781
-0.29587044432663612
0.95483878989006532
-0.027268397371945211
0.2279669328041197
0.62676904792644494
0.7451118292640776
-0.9518628210409904
0.043810925372963806
0.30337727788654811
0.92291905579821554
-0.22187004182301498
-0.31463328016276965
0.53294315540306159
0.46142754906567657
0.70926455577046199
0.93424457030681685
0.28445599159590401
-0.21510897632925927
-0.60317507849806706
-0.16069086788594059
0.78125429256863221
-0.82253812869038001
-0.54089350722919149
-0.17568506108327037
0.6712294171148091
-0.6727795723375376
0.31115706105604213
-0.99002408883248072
-0.12950151575331917
0.055512709797029235
-0.45260386516875634
-0.3306013650608664
-0.8281621089220359
0.46107422156096312
-0.87462119674908312
-0.14982764901430384
-0.049619537961139125
-0.26002393093088105
0.96432642647382405
-0.042420473446455012
0.99190338091788788
0.11970040248989218
-0.26707637025761138
0.58671729866580569
0.76448219331539624
-0.21489782819130041
0.31516301251147943
0.92438693142176753
0.96321573242024594
-0.26596568590103215
-0.03844095135819077
0.70749614832422547
0.67861704182756299
0.19730207968390381
0.75535256662074779
0.035016609383215047
0.65438240896799182
0.47947069239921897
0.81204711623323933
0.33269706362920221
-0.16375914739877975
0.67121895968561285
-0.72294401567603328
0.90740843195594467
0.070327620482646611
-0.41432350091746256
-0.189675689083069
-0.47825745549596682
0.85749223858492507
0.20269300129692183
0.83489662567679512
0.51172568008528496
-0.89758790318634352
0.36372210433367314
0.24908269083303999
0.68208913804975735
0.72688410954430549
-0.079961859949111064
0.99132940301069616
0.013040181152679511
-0.13075155219714221
-0.74473030115128402
0.65015860506180201
0.1505674825824273
-0.93698874641221697
-0.28301218391648925
-0.20483210893725057
0.062675137341041437
-0.22086005126093622
-0.97328960999093084
0.42009772112923777
0.88001216784585057
-0.22157727578717923
-0.75399078912312234
-0.65245107189066887
0.076193757659066358
-0.50545339430531389
-0.85465989378130747
0.11863107580630448
0.30458394110021919
-0.63176811120474208
0.71280970566389656
0.28092476635147412
-0.21919272073638624
0.93436386211504896
-0.91143921248940873
-0.23480840282297366
0.33785141097886567
-0.97515249348917621
-0.0083220918502523184
-0.22137831246325398
-0.73595655689409611
0.54032548451764106
0.40794156094392198
-0.8850518637953293
0.46512206096878367
-0.018565203811572648
0.57198267700606453
0.19879910122078445
0.79581074041431765
-0.50326778520572213
0.61875711021114532
0.60320906403773433
0.34293157107141703
-0.19897829539520301
-0.91804443003817049
-0.5416672778740772
0.76458314726741106
0.34929811192611326
-0.31359136350015931
-0.94663834966887739
-0.074406260988541459
-0.60402856071211186
-0.78438678690042685
-0.14102080123187127
0.80891937762183674
-0.15701881942402132
-0.56656379239639643
0.38566187550122738
0.76185191761735294
-0.52042922036299788
0.45131471095166065
-0.39342040514368898
0.80095906043642118
0.79783141544642022
0.32388745324463147
-0.5084898722270369
-0.51358315905805296
0.82416767056060758
-0.23870481673952973
0.8491294094958709
-0.50354214434553768
-0.15945079114601898
0.65250449963113133
-0.38235074034973676
-0.6542520839211251
0.22509943572382088
0.94280194714481602
0.2458754410199615
0.78110526594768348
-0.4589077108549468
-0.4234126550147872
0.83965629506209905
-0.52710252388351908
0.13092072211156527
0.023536081018402131
-0.96144995123062571
0.27397088197274272
0.00012228709373031296
0.29792511607361566
-0.95458923640400917
-0.17996335262230814
0.03332442196909751
0.98310867894315956
0.17841830710496484
0.91080132947589298
-0.37230074659439533
0.72928192788605628
0.10091584126800653
-0.67673027318124879
-0.024025680930656282
-0.66826761051503913
-0.7435328959718851
0.90964208538540947
0.15444698453754174
0.385613025535891
0.4178638586591274
-0.4458456571629128
-0.79158792664837618
0.1761045808696714
-0.95273387213653227
-0.24755877177035557
0.8586956722497765
0.4244315835535471
0.2872273896092305
-0.9398276800964217
0.26829646551324698
-0.21152053876084323
0.96563988229295761
0.24778087792784165
0.078385293636950432
-0.69482906276785217
0.39178586455663039
-0.60308905633145238
0.56991823082222959
0.33624675102265811
-0.7497541814509382
-0.72834316803250254
-0.34452686174623404
0.59229846455623103
-0.30932956697738195
-0.57974647643073851
-0.75379655216757846
0.1353010705621866
0.74501632724456712
-0.65318013782090945
0.15717622204708187
-0.82168133677732336
0.5478461609017965
-0.69689024598414029
-0.20351137162777097
-0.68769695845651935
-0.39714270058031281
-0.85775367424428872
-0.32639900382231368
0.86237673858851072
0.50626015474793318
-0.0026488593851423277
-0.036237807799110962
0.74843652794309612
0.66221566345594518
-0.82121404055390435
-0.073610222664376501
0.56585248494323259
-0.062688952517845647
0.02947057093070217
-0.99759790531116976
0.92870513922494657
-0.28348208522873253
0.23904951732129073
-0.035065041452939934
-0.99924585444251823
-0.016678286702929285
-0.33871019935393615
-0.20688085670288048
0.91786475691329339
-0.14154296978031097
-0.41501750665489617
-0.89873581038908379
-0.10911487711067766
-0.94689438330835152
-0.30246482514867484
-0.46119834471460852
0.36388915861144677
0.80924703711385826
-0.98503113972733947
0.16527951833354662
0.048952370595196339
0.45124274071874221
-0.75374998644843838
0.47774569268347861
-0.12240920078751517
-0.85239932986521427
0.50836145606044458
-0.66475491828455224
-0.64139652931384961
-0.38302922969487091
0.096626755789892549
-0.85138788007941379
-0.51555983912578196
-0.80763227401905258
-0.38269674603128828
-0.44863494128286235
0.094724842019696429
-0.02049665357863285
0.99529246530676652
-0.45603575039521049
0.54595289361405275
-0.70282774014399862
0.98610190553224375
-0.018129670978119246
0.1651494684699378
0.5863593681978666
-0.54284933914537548
0.6012464439113363
-0.52155168954142916
0.27901319767898713
-0.80630978578796064
0.60699484195197329
0.71369584859238244
-0.3495647258315665
0.47885604732189541
0.87556593293279705
0.063884137552067941
0.7587388863192982
0.31594041931648326
0.56964634101262857
0.26836787097209491
-0.68340780474713581
-0.67892006763727752
-0.62790903813737675
-0.70748397730816504
0.32434034851928922
0.59502650549134983
-0.14543690276274826
-0.7904375782296359
0.80253984366923758
0.51920288870842424
-0.29386758868610102
0.67808863073771053
0.57359133039760679
0.45955282020346733
-0.24196715276314379
0.4350603232105667
-0.86727989262499017
-0.84286536946451374
0.21904990348453104
0.49152325350980774
0.36592619581481567
0.56523631273283936
-0.73932802596998926
-0.30488362129257485
-0.67184655099837831
0.67503199137456382
-0.54407508498253387
0.8370047116106466
0.058355930656846106
0.13552034868152033
-0.46488069877029126
0.8749400956660317
0.21750943730693972
0.97517656194366686
-0.041476712962194066
-0.5152842331074724
-0.032358599170670348
-0.85640824387120174
0.87757493733049896
-0.1249043725946228
0.46288349190278388
-0.18576416588730274
-0.81178384999603592
-0.55362320720667779
-0.79949025834384047
-0.48882827306714499
0.34908773433549872
-0.024459680888667977
0.98297783070580869
-0.18208873757519109
-0.36468768194742213
0.76354901639451978
-0.53291255774167801
0.29095916621667794
-0.90607363925682805
0.30720241509204183
0.3461087544960198
0.095551092700255136
0.9333159801187384
-0.8085470224532364
0.47714232793400124
-0.34436450365234755
-0.44365920374827955
0.079520529781868146
0.89266062771506471
0.53509787840265399
-0.62821121201786689
-0.5648193814167688
-0.24616858626294524
-0.94467866816277313
0.21675617881738021
-0.87268468313604464
-0.10398697058581252
-0.47708296319207061
-0.39127479743420207
-0.81326169154941996
0.43070808438082547
0.21811294932174288
0.062510174893722251
-0.97391951380641661
0.2471129846811333
-0.96849775742134181
0.030777697636657053
-0.91149446828499059
-0.40319191492247397
0.081327203486969521
0.51172945643618972
-0.8464732913762113
0.1470235709069993
-0.72537533459492787
0.67250922823099946
-0.14683991931842655
-0.290009768225094
0.79721293050358455
0.52947698512014085
-0.010003789700059197
-0.67650970712823444
0.73636576533194931
0.48075714466291014
0.096116628120597999
-0.87156994077027017
0.068076228755895141
0.25748821724138748
0.96388041014444681
0.37793905793551313
-0.82332959115111537
-0.42342703364541329
0.07184140650423998
0.53997783954731271
-0.8386076228542817
-0.30447642067071751
0.16082658019834389
-0.9388444601515491
-0.071592070490421197
0.86010595632604869
-0.50506664840924487
-0.46995103489829626
-0.42236027941256499
0.77508568505202069
-0.26552020911023677
-0.15812338011050131
-0.95104995411202564
0.54145882214669172
-0.10203433666205822
0.83451263505201112
-0.67345456028720474
0.11678316060294447
0.72994564772177017
