-0.47057648146182574
0.63444630252106926
-0.61321746902086205
-0.6340059709487893
0.63685656426761383
0.43869140104466803
0.70121761811365624
0.68988119990541452
-0.1798826897288226
0.051283778564453396
0.48981700785723264
0.8703156168137739
-0.39436872928105177
0.75567565279622995
0.52290306284840238
0.37753515479068911
-0.22889612938606368
-0.89725903107700655
-0.48661365400960749
0.24169288242270498
-0.83951873255909093
-0.20744397768929787
0.92341926943364161
0.32289913124547398
-0.14872596549634942
0.66761884338557254
-0.72949685889912441
0.79440413195920434
-0.068196337329552395
-0.60354894971408646
0.59033517497324239
0.66581680982699298
-0.45628100655310777
-0.28744652677561472
-0.88901999689210531
-0.35639576227923514
0.73451433052157922
-0.41269629117305029
0.5386747344274142
0.85854777117689873
0.21643561532175953
-0.46481324101995075
-0.53620021445197796
0.77219157311770115
-0.34089515166347373
0.10725063189644134
-0.92548294480072979
0.36328861920074418
-0.51140647644655246
-0.34484223974527706
0.78711323552331558
0.67975391241985883
-0.73283874369999358
-0.029698388543993207
0.025899574581848078
0.98674943004331273
0.16017107836833946
-0.50952559059299385
-0.59396201467246512
0.6225695123093381
-0.69471071927936212
-0.61266580207076748
0.37685226746211098
-0.69635133908885827
0.09665479093309802
-0.71116289550203127
0.93283186525443251
-0.049225019579585957
-0.35693361933744155
0.47889845124682412
0.28450710343766289
-0.83048900142440429
-0.63100888072438099
0.40281711404204334
-0.66299786204919497
0.87901816346666828
0.40888353229453633
0.24523728369485059
0.012105347402061964
0.22682198427678038
0.97386100035529677
0.64199585777827783
-0.54925183461407323
-0.53494274531823338
-0.86418510693708073
-0.11101247016496527
0.49077523614789209
0.11648301040077713
-0.81992690351142639
-0.56049226683883568
-0.17425664507556668
-0.89322320542587264
0.41447186507136685
-0.72486641044219391
-0.39879760393158636
0.56171982171815382
0.3609251356182821
-0.82729997755648454
0.43047391746070368
-0.96846602127089032
0.24031021677500897
-0.065761427579391671
0.55504677481778997
0.33397563142402731
0.76182895414869334
0.42786146208354486
0.54657520801312665
-0.71985422916666864
0.17658835088357075
-0.22533457924248473
0.95814449939966428
-0.99847435911933757
-0.039963062566458922
-0.03810390808745779
-0.82979459549398005
0.44750711965035705
0.33343411215894364
-0.82349699607020688
0.26508681326670241
-0.50157918506996491
-0.23662356322743947
0.38775553864646267
0.89087312877566438
-0.96799840715476415
-0.079179460835306512
0.23813797833959585
-0.45233325983262829
-0.78835516279310602
0.41700210952301348
-0.69528380096325604
-0.15251291072576006
0.70236760188667868
-0.54283164310665644
-0.78018179363292339
-0.31088611439857178
-0.94095628966087141
-0.20617688815552057
-0.26850018945645521
0.99631470529791832
-0.026298944878118905
-0.081641738745692
0.81587529462412978
-0.32900912178710234
-0.4755002643562557
-0.66037979473150787
-0.19261363159848846
-0.72580886990502758
-0.48056728934920467
0.83971643138815666
0.25284658444261604
-0.46421364006804833
0.54064612476279872
0.70157498826122711
-0.3282579679520144
-0.92757523005139852
0.1784682018487026
0.44992320892511112
-0.47901175138887897
-0.75373526393680823
-0.54017252938481697
0.84073013075007297
-0.037235544134255949
-0.19213706143854845
0.62557340451030796
0.7561357452145363
0.15816515956355759
-0.40845186709114323
-0.89897211000675292
0.95089335146498843
0.23577761560143876
-0.20052618313073731
-0.86796729816597884
0.17606494127324449
0.46436397983575334
0.74020080089360252
0.095250765096212345
0.66560503761995049
0.7380528225773445
0.66677950366133254
0.10335920173241522
-0.87110225941746811
0.41779810406670598
-0.25811934812417309
0.6976060875638449
0.1808570001897675
-0.69327951944091326
-0.58657421447734681
-0.46157079888006458
-0.66549461946097099
0.57408851888400914
-0.65063928178914632
0.49708238500118684
-0.16609006835652623
-0.78685642457291138
-0.59436609619127734
-0.33636274308604142
0.47606616562415455
-0.81253991348828447
-0.056855024286245885
0.43445341495307493
-0.89889806788590976
-0.038141318239579974
-0.98986114358733557
0.13682162204461432
0.29804274011697851
-0.89448781500731256
-0.3332597693496876
0.096022618573909146
-0.13937917558243659
-0.9855724743194535
-0.60128202215821047
-0.78262682491990099
0.16110612261837845
0.57557712473616174
-0.75725738692832667
-0.30866198895059221
0.0016928125373863662
-0.60970308544613505
0.79262808553771047
0.46428322117208765
0.84490761402714554
-0.26565431352987035
0.67268381139539191
-0.18448897814722606
0.71656144665252619
0.8814618869921147
-0.35629288547007998
0.30996825892937002
0.22298603400216571
0.36216878651218792
-0.90504751185574461
0.44304188476201206
-0.89278698394046108
-0.081518646045054405
-0.27668360841554174
0.95949818564869183
0.053003892036560217
-0.4616476174152172
-0.031338635578300966
-0.88650965434954176
0.74593519374620321
-0.60851609476177393
0.27071913332214637
-0.70322450808536907
-0.57832567604280594
-0.41353924077132287
0.9690841108120275
-0.053910964083385152
0.2407687565346924
0.5165999065396466
-0.45871510619869199
0.7229833939367839
0.88197216817809942
0.46883243155379656
-0.048179307618281479
0.54772907032406926
-0.809359735397432
0.21196623372445303
0.81085247225026769
0.47690419483754071
-0.33923540085313308
-0.19022860048093884
-0.081994873502169316
-0.97830972614935519
0.66867919658672836
0.44069626380706678
-0.59887806364786789
-0.12321002577722641
0.81532843094549223
0.56573742959073969
-0.70901551595565726
0.68674121052898696
0.16026074970283455
-0.8605243541025196
-0.47073940997645541
-0.19468498630212913
0.32880525036933106
0.55284685354112006
0.7656679853952657
0.29967242209784656
0.30731761674895958
0.903190080697164
0.78242050786969508
-0.56098042265787884
-0.27040546270280114
0.058681329036059722
-0.79629656541839966
0.60205338760397475
0.9615310463661233
-0.26840866748222036
0.058436581817275304
-0.28437685877825664
-0.50894222132596334
0.8124700717830815
-0.95642083105541564
0.20708740256753366
0.20584946349480843
0.056528276217619258
0.80527085865110737
-0.59020623361260161
-0.05084530254107484
-0.057226049823143839
0.99706566204595848
-0.45341086797083846
-0.88854602331638732
-0.07003248713679347
0.52472816562833335
0.85107009363668507
0.018440388107861697
0.31267661003497654
0.065440270641812792
-0.94760271660404261
-0.44421477251708796
-0.69750164721858421
-0.56228523722836043
-0.1270573382078834
-0.35656207773303167
-0.92559165809239607
0.64008516621423495
-0.28545006534739309
-0.71330865702419732
-0.69579868009523982
0.40064945409453712
0.59610755045668706
0.25972550778099324
0.96398611980733384
-0.057213821990021049
-0.28434171881303605
0.80820506023510597
-0.51570763767159455
0.51816788292508897
0.064687911924419458
0.85282912658737786
0.10616576209532248
0.89858572279697946
0.4257611181685681
-0.07752174716922737
0.92391450729924629
-0.37466299779644829
0.97510759802894753
0.20021684269256293
0.09528057602910503
-0.046499725233999215
-0.61295811741566142
-0.78874591716687237
-0.23340251649792293
0.20343054063773397
-0.95086238774508058
-0.30001266225108691
-0.20579892480709142
0.93147152669164301
-0.94888906793857675
-0.31385814148018476
0.033205478061058273
0.41635404264928205
-0.72769764936814496
-0.54507379525498767
-0.32298242681127848
0.91946285100765834
-0.22421065449252311
0.25143902617266511
0.042429572575930989
0.96694268055990051
0.34509786379934138
0.77740933292628434
0.52587279210873872
-0.062661381655391979
-0.36621221645001961
0.92841917460369228
0.037794206007180801
0.14699609323266183
-0.98841476444184173
0.92527704198951433
-0.31056703918754974
-0.2177395456443624
-0.80404326933333659
-0.33284012981105277
-0.492678261167591
0.71678853635575623
0.58643209061921187
0.37724209367586931
-0.73725844623695591
0.65975551850568359
-0.14550821026171087
0.33868928020111394
0.76258359749278937
-0.55114047965269863
0.85338845297735511
-0.52101484602618375
0.016482674092162926
-0.87408920631272435
0.48317558124205634
0.050094082474804506
-0.24088608450479232
-0.73118426424090799
0.63823464808676134
0.29054510498012404
-0.94528158844364596
0.14841246754079104
-0.70483527370992483
0.56114345696565904
-0.43396458108800184
-0.27326624728924714
0.11398804438494298
0.9551608680372895
-0.84883965153474739
-0.054774997759293037
-0.52580504524285254
-0.49890404983644493
0.28215872899465794
0.81943956501313342
0.8980304822099181
0.1615844824663103
0.40918419818941787
0.44171321698186344
-0.21442467645583313
0.8711552628953948
0.14185692074282244
-0.98517766081962166
-0.096444754441820116
0.15376388556900278
0.61223034351600736
-0.77558408568832438
0.53478071122997972
0.78555932525055661
0.31129750626731234
-0.0054768058447257888
-0.94026710421796378
-0.34039356239991353
-0.40781066418218259
-0.30161284095337332
-0.86181213518453204
-0.31721256695401051
-0.55346002635268576
-0.77010271171846412
-0.17810723947732612
-0.97871755360323909
-0.1019301796067153
0.54710670817983131
0.58654001351287566
0.59719767448722072
0.56208105389345064
-0.026888091026389328
-0.82664497785626467
-0.87747788220373535
-0.35741302002436492
0.31982573279883314
-0.71017771941381158
0.13012991761818773
0.69189147370731563
0.24833662328946218
-0.47142241241129151
0.84622091123388454
0.75325051493245365
0.36035575027360373
0.55023394569831974
0.30897220085816463
0.92425140250332882
0.22426663609973649
0.85650591341863369
-0.12713820076272581
0.50023344368977241
-0.82000769680969077
-0.56012736302229882
0.11766356431178003
0.31436229480953304
-0.67636020892508975
0.66611801911139823
-0.028442155607434808
0.99337488133086849
-0.11134356256778152
0.20308823483769445
0.91923253444662201
-0.33729322033706738
-0.50468289160583057
-0.017880653521073115
0.8631196099904328
-0.94676643797323679
0.094474326343114673
-0.30774650865522996
-0.7095819002703847
-0.69741996167436282
-0.10049340210580957
0.22560664439882813
-0.63616272907942328
-0.73783373745940972
0.10961867313607782
0.71515739022971869
0.69031417028748843
