0.71664006224479415
-0.62670390015336563
-0.30605431334705557
0.69357023372392901
0.16313295705458861
-0.70167511657088166
0.10820226869845001
0.82682529588044029
0.55195307693746098
0.98187320310852155
0.062802520918839824
0.17883192216058758
-0.68753528485109128
-0.56110462406510186
-0.46093039923343065
-0.32385848053699207
-0.68767016928608549
0.64978875248677337
0.5169492556176567
-0.65224305447686415
0.55438476259998426
-0.35671445500065596
0.1117734032991597
0.92750283229136743
-0.7166424072883989
0.6266975883784498
0.3060617467056671
-0.82320141890276344
0.2741171816066767
-0.49719130590195287
0.050470431584735159
-0.48990639446205742
-0.87031285191064345
-0.058692927781069652
-0.99383799227318004
-0.094027577565842499
-0.9323576132260305
-0.22982068201399372
0.27909090844755657
-0.18009968983938821
0.92715484803354509
-0.32855439349923465
-0.10106262043339978
0.34088603614712981
-0.93465665199100367
0.48738399990484699
0.13610966805831823
0.86251434474900568
0.62507546410549453
0.77178737422262689
-0.11672580333346833
