-0.90463300321618523
-0.13357107996545348
-0.40471952768420694
0.32521466347099176
0.13302272649593549
0.9362373507284556
0.86122972320727076
-0.056841979242934125
-0.50502708170955923
0.073963343835838219
-0.74615930598743652
0.66164621502504561
0.17807096977633097
-0.89137840330517104
0.41681563291705009
-0.29268913208198039
-0.065447158368723501
-0.95396527265019249
0.50447596880772694
0.019218417809944602
-0.86321182180991218
-0.67588839717490301
0.6048409620895997
0.42112027396323276
0.42002863038946398
0.57950862027800387
0.69838793566085866
0.66343699023214175
0.37605025628576083
0.64686750168727036
0.85968658207063264
0.23215763057457933
-0.45501847783767013
0.422029035940515
0.8769131892133607
-0.23003206604030685
-0.27436199001811362
0.43237412113126239
-0.85894011305170104
-0.10109873050362832
0.93396586307527629
-0.34276349470241013
-0.85534210780545394
-0.51586611584587028
-0.047665806790804746
-0.77845251859782527
-0.18718837688167089
0.59914287765866658
-0.54679017514101358
-0.099160971454096414
-0.8313769338329875
-0.75527563633706563
-0.12313309910253113
-0.64373671097821261
0.87555073989076693
-0.37993299399774422
0.29843227363782349
0.8406054693404168
-0.49693909990505503
-0.21548544243296644
-0.12505701428304425
0.012012664212965027
0.99207683123693458
0.24625380087583365
-0.91860757591240239
-0.30906178513453442
-0.32227497121466653
0.54333498698827543
0.7751941271984949
0.52008685912684616
-0.36556407787004369
0.7719278230084704
-0.40597537984049437
0.056304932950208698
0.91214787479269976
0.71358875029817848
0.11538238429736389
-0.69099782983866131
0.49613916667562008
-0.78552078359556432
0.36986893060898235
0.25073900441985653
-0.10945148988190805
-0.9618473491283166
-0.5739594511241044
-0.36447616648254538
-0.73329916986964094
0.44004629749215812
-0.12264906852559698
0.88955970123047201
0.0088116436129093232
-0.97620634288740438
0.2166645588074764
0.12593993902612891
-0.63819585144058122
-0.75950325013269471
-0.059355901307308723
-0.21999627517168349
-0.97369323500298688
-0.34025556005437685
0.92312835521264125
-0.17905360553333199
-0.0080893542683752179
-0.97157383485072835
-0.23659849065657659
-0.038303773762657013
0.96484198718210279
0.26002453862285796
0.79504711384733584
0.1275278597683846
0.5929896556820502
-0.97263567926848227
-0.20456513751127109
-0.1101496251874369
0.68831860775920961
0.38578245830774566
-0.61432026588291522
-0.66798179796349
-0.43316981930674736
0.6051150512350717
-0.83065435231693607
-0.40290892373203041
0.38428862350325754
0.93708413845587357
0.31698844391468251
-0.1462588249609609
-0.20370953792327473
0.28860805994373256
0.93552542022897534
0.96567157935756986
-0.12172826529981838
0.22947904097793667
0.59937669307324815
0.099839129050575973
0.7942164239745988
-0.74454703864965865
0.37692507716273133
-0.55097839653101899
0.45355292932095459
0.56085968145052845
-0.69262266641194536
-0.5325770870914277
0.41783267916978317
-0.73605536376213632
-0.54792797442355046
-0.80832592445914231
0.21536976271375269
0.056606662565447059
0.85952201106542225
0.50795432693033904
-0.23982375351804999
0.86901808526650359
0.43277261319110005
-0.57597573192284901
-0.6099402165129324
-0.5442654577649545
0.19338871140858366
-0.8089072700621569
-0.5552205280249608
0.7154558918674444
-0.60631081441009715
0.34714559355049324
-0.70671699639231034
0.69877522484139187
-0.11074417437542049
-0.67347677731827771
0.19143084598779972
0.71399107950826823
0.60311204699773413
-0.78897193366033502
0.11738460998987336
-0.28738698339764512
-0.92727666030307609
0.23993065046128506
-0.86714224904417536
0.44180388814498633
0.22994269795447198
-0.10827860578733077
-0.8776709546125957
0.46687197277001646
0.1621061501876796
0.96373278231568693
-0.21199226486217446
-0.43037505465920467
0.70384131627541491
0.56514132199900036
-0.61542220931916281
-0.068006290957408316
0.7852583324403104
0.81205505836864045
0.48070700934488014
-0.33088873257426793
0.025026084868014831
-0.53486076484330336
0.84456951005078051
0.16191698768932272
-0.98660623415089377
-0.019774423688378381
0.4885999824812548
-0.80075283117715168
-0.34650391120605478
-0.87037685398708531
0.48955380267579751
-0.052737143733902439
0.93134571046282844
-0.23542697500757204
-0.27779364111021965
0.022928191864254922
0.34087758802388884
-0.9398280523589686
-0.44636557946644612
-0.59093231699858295
0.67197973644617437
0.6883037332037375
-0.16791688904409477
-0.70572082952931969
-0.31038067901653643
-0.19780596553942659
0.9298046214610084
0.80253906024446287
-0.59160270457022557
0.077053856017263084
0.024617936045911129
0.043562340294845771
-0.99874735530707448
-0.45912796848230164
0.30862023035445851
0.83303965210143249
-0.75633344829008142
0.55669599264044545
-0.34358301293239724
-0.59070468562531342
0.47633242015458438
0.65128749403775299
-0.72836709280502754
-0.61358110264177002
-0.30495837191272857
-0.064498326861266553
-0.87297779300627643
-0.48347671996693703
-0.38294072482607644
-0.79371552459716199
0.47262254208102616
0.27450881269433064
0.18234524625296417
-0.9441372373347503
-0.83997148871078453
0.070688002577220743
0.53800660260319411
-0.62561389331079809
-0.64808000911399133
0.43428050645097349
-0.71989588024908002
0.67478141729011532
0.16254218061889517
0.45912695578074531
-0.25898528864927367
-0.8497817712440987
-0.12711157196368847
-0.71127284014913028
-0.69132741529546615
0.21031953389604727
0.44458887533157476
0.87069307197953227
-0.43273491204267167
-0.90108543541254282
-0.028027379235477878
0.65012111974737163
0.72395351492370041
-0.23072459315825636
0.1493883102789427
0.87125281791929943
-0.46754856434351527
-0.55978433016673068
0.62351299222031065
-0.54577747501363538
-0.99503552749490998
-0.025376474059993687
0.096230627074796279
0.52255315658934987
0.79860632425007494
0.29860699490516068
0.74464901559913799
-0.37691390560333327
0.55084821078957524
0.25762128612522689
0.91684970725392001
0.3049883395206856
0.63947807388670397
0.76789103532195746
0.037565288370028718
0.3328472150843737
-0.92394701633742238
0.18850634581295084
-0.5206624476052637
0.85352078491973771
0.020319580795164747
-0.28051157402289506
-0.91937913895063939
-0.27578117358075571
0.67639133091243708
-0.72092206269892245
-0.15088454851452784
0.98753892089237005
0.14223047305514841
0.067360019724180584
-0.9028184794412093
0.32327075791296317
-0.2835750522486789
0.6780840071753077
-0.59924932807733278
-0.42556118480418581
0.865292815805488
-0.12604081392803995
0.48516188652837017
0.99368294270141666
-0.10251123759286541
-0.045668977998551762
-0.10321634481047673
-0.4863517952611654
-0.86764527164631411
0.36226831628300965
-0.50987850949403546
-0.78024712275894625
0.30302621409584524
-0.55224816894031736
0.7766576295078842
-0.16127053415036258
-0.9868956022205011
-0.0053744890632892329
-0.31861986816680354
0.64507734292568464
-0.6945189711255606
0.43398676556047161
-0.89718057065561807
-0.081990919963249545
-0.54356120544176356
0.78028044113849981
-0.30936006386637094
-0.92753961167258903
-0.12832832790944138
0.35100157981728491
0.14617304042296261
-0.068425932636248896
0.98688972737401948
-0.79745399547113727
0.35122802178040263
0.49061797951496261
0.34566217998444099
0.77641848405315095
0.52696488967388622
0.16311967773610253
-0.37294647477389631
-0.91340182706681372
0.82292685528829523
0.56588232652911763
-0.050681193428235294
0.75188484917883425
0.61210813957700416
0.2449342749369724
0.45902035386436413
0.33731343428613414
0.82190021400917523
-0.93975666114085421
0.17370602712014571
0.29442084502210231
-0.32575839230986831
0.81962041540131436
-0.47127894552702754
-0.29326349342738833
0.94477341573990603
0.14628641882934529
-0.46617376444921887
0.17692443593755675
-0.86682164561541808
-0.078542955822471089
0.78698633709065713
-0.61195057751692661
0.14931587183100539
0.9871798295261659
0.056398179013483513
-0.33635981749928917
-0.32677483401476287
-0.88322153564463601
-0.20541914249313029
0.18961705369295967
-0.96012933964450242
0.33691541335222386
-0.73963969802916796
0.58259859366893552
0.68925411227678057
-0.14562685579749129
0.7097334623505388
0.19671476927295908
0.69591770047811763
-0.69065320799308194
-0.77030615933654623
-0.6060257359582758
0.19839664373272536
0.56210109770038319
-0.57815944949485465
0.59141694845838744
-0.037179207206440211
0.58572046394927357
-0.80965995619306008
-0.10273809894325463
0.99314570789148382
-0.055735858495671739
0.80104131623167163
-0.34479875516717784
-0.48933283981866116
-0.5281643847571087
-0.79658559280374996
-0.29409824210906643
-0.87747443781763546
-0.38355409944255381
-0.2879667754749432
0.81743916862558663
0.39138135427216747
0.42262730759475781
0.92785378605414326
0.14126971381612141
0.34515245857925347
-0.055676364805603638
0.51475179008594374
0.85552950679994055
0.1415599323341975
0.68217439726070705
0.71735547483763462
-0.36783990364766406
-0.5696699785958862
-0.73496253018166835
-0.34848999283699567
-0.77937179388455435
-0.52070560952388689
0.40222259868798393
0.77625099793957919
-0.48543935697725654
0.24212127430025218
-0.32505777652542234
0.91417434357543126
-0.19248704092061569
-0.70079951872356128
0.68689793538374389
-0.51074512017024398
-0.32229148609286679
0.7970367746938245
-0.67057452505766424
-0.7406323196317699
-0.042350601655134983
0.60639664438948493
-0.44373126788574951
-0.65983761000239871
-0.25140645411123175
-0.46713080029817383
0.8476931108862481
-0.1429441294899666
0.73198218715863561
0.66615993089258674
0.96299644494419601
0.065572546036092333
-0.2614155470341899
0.501124382395843
0.29935319553358208
-0.81194951671407367
-0.042125409882477316
-0.28220752496072476
0.9584280686091029
0.62359918453578189
0.61882079133976686
-0.47768701599680569
-0.86532067553793046
0.12617079204412895
-0.48507840574647015
0.43662499438524793
-0.6835551185402059
-0.58490256812187724
-0.68931717325663155
0.14548662749633867
-0.70970097637894547
0.61467455201471577
0.61421647236830135
0.49488717924083275
0.90787906190222512
0.38992962666901482
0.15398212625268604
0.40986406632427436
0.9111418399713298
0.042801805917395012
-0.93475765027981028
-0.32672104205894481
0.1395761294752268
0.93291981286831738
-0.35960129960205062
0.018642105091959741
-0.4984530695724243
0.81062496559944885
0.30729741713968317
0.24983258604875153
0.46092410882478985
-0.85154720647317395
-0.75463064832343341
-0.3861275844636613
-0.53050737330145836
-0.96950382432343907
0.24467931372861898
0.013941594439592401
-0.97676931252486332
0.063339161534736996
-0.20471897988653234
0.06443614079033147
0.23054739967645241
0.97092527017401009
