0.23688930359192054
-0.52568565440989623
-0.81703001817030807
-0.64687317362789065
-0.66904644183046358
-0.36596715141468217
-0.31481467815539388
0.6729150241060079
0.66938560542509917
-0.30396491989795793
-0.95229508160456655
0.027192002926962472
0.27240450906067937
0.92615658618682428
0.26082515466530021
0.072739956331810643
0.97295152315813982
-0.21925836891006442
-0.060429499819736658
-0.96996028920798194
0.23563809732533608
-0.79988007049055898
-0.13577069466315048
-0.58460088205775407
-0.73096166036949073
-0.44133113631013593
-0.52050156502462275
-0.82986670668503615
0.14791042653670899
-0.53799977217231354
0.92365023375158006
-0.27483188927262348
0.26709114236434672
-0.83080347182377501
0.52259511702295924
-0.19146784291186203
-0.61259319171180338
-0.29994327301789797
-0.73127533422074098
0.55191546124184809
-0.53705158877905224
0.63793801786074322
-0.23307109398343362
-0.0033368348167169774
0.97245397355492946
0.8440507395437975
0.46805146832837208
0.26173683743642867
-0.14326662699602363
-0.6931384290488003
0.70642323840948451
0.31141509859471733
0.94994445767693858
-0.025023263098754328
-0.5112394794997327
-0.012827950498720183
0.85934256166376677
-0.41562074885009431
0.41788804223736342
-0.8078545520576772
0.13647656491005317
0.82795421496946542
0.54393562591969324
-0.34317265711154532
0.64645317322611606
-0.6814182432521797
-0.58572604545136675
-0.28780872731836427
0.75768802033507621
-0.84526606565862938
0.16348558791344531
0.50872167320704642
-0.19878827960567144
0.97602072866791756
-0.088694741117863324
-0.37327657732259129
-0.4316575346007907
-0.82117986436876211
-0.66369202328091836
0.74429711902149032
-0.074395543210533793
0.031817168194569381
-0.52894182424780112
0.84806144492571234
-0.1381006105672615
-0.84100138612846875
-0.52311078166191871
0.52824330585163992
0.017690544209621573
-0.84890874331019717
0.41056990545011485
-0.84488264311351446
-0.34293683398580171
0.97946099661226615
0.16361762420514042
-0.11783645091724403
-0.88978555928427616
0.34688242829248472
0.29657080003108355
0.012500343865636499
0.94387946804332357
0.33005346719810946
0.5618996126408583
-0.66317595699472154
-0.49443551184981493
-0.68040390643956616
-0.54263288058629633
0.4925444964755939
-0.40841560848890074
-0.78559609803312025
-0.46479615047650408
-0.99711643999263766
0.052883901289990036
-0.054425160365028501
0.30258784107471287
-0.55945871661331192
0.77165182747086813
-0.88839503446424106
-0.27113745690346819
-0.37045747691631192
0.17681640632103429
-0.89672184549428868
0.40574116166471463
0.94378324344649833
-0.33037561413927463
-0.011186731949273571
-0.32248527675823835
-0.89594737634156796
0.30542027617829054
0.43514953529970779
-0.85576497301101839
0.27984137095129352
0.44589786889410099
-0.89505346427929844
-0.0073747269322723312
0.045847684728669
0.99730515792989016
0.057274879061046231
0.2319816727311983
-0.9584667613629857
-0.16590952618576429
0.010970876649746955
-0.083500548387484705
-0.99644733844018329
-0.75060402830412787
-0.62639592517571396
0.21028965171134165
0.1844842584812012
-0.31262861765831751
0.93178801548082335
0.24920388644606767
0.65001323654288046
0.7178998643956026
-0.23073578421236762
0.036801809206074648
-0.97232022745753022
-0.036661180998509992
0.6803984267995814
0.73192481759839867
0.042172713801284782
-0.71062304164296919
-0.70230787756989455
0.61720781846615314
-0.76645710943645395
-0.1777582859350523
-0.26437325238850135
-0.48744747112217673
0.83216689811486766
0.67390286169358782
-0.28583241447677699
0.68128904573284388
0.55316187389238236
0.74262515569343424
-0.37751797229161244
-0.36085854457166228
-0.24477985439864181
0.89992440443083965
0.44467711729833465
-0.32315813354929968
0.83536284456047971
-0.45618749195679975
0.15672437845105117
-0.8759739958362327
0.81663628261875165
-0.57390763926628463
-0.061116311263248603
-0.58745694261891646
0.55358254253660566
-0.59028866596567997
0.72823826439535178
-0.40918886134878107
-0.54975767936294784
0.047857904933414186
-0.034416388130796748
0.99826105461618331
0.35407145693394171
0.73802524473577091
-0.57441460768105579
0.28067091518630893
-0.033694427113273868
-0.95921244933017213
0.56010684809869771
0.54209298219464053
-0.62643077619818743
-0.22246058574225697
0.95350940442843868
0.20330052498145715
-0.74436960311936662
0.56663016148043721
0.3533329224011969
-0.0070925959115729059
-0.95309940471991916
-0.30257432112750549
-0.48481867056702233
0.45702172631877086
0.74570905743609939
-0.089475807654988193
0.23917527233065533
0.96684500771842652
-0.927914950908727
0.26310232223962698
-0.26410416867624464
-0.9695185283246992
0.099063152626922085
0.22409889563923477
-0.51487105568071723
-0.83809087618418809
-0.18030939875404092
-0.44102237788936116
0.87161188535781597
-0.21399061545733003
-0.9434541922643408
-0.0033391027141482215
-0.33148610452310751
0.19056845455448732
0.20781996325958615
0.95942406004826597
0.62923186974334455
-0.67122252375907676
0.39182595332339909
-0.71582721509324476
0.40313753751477699
0.57015043977740765
-0.18448434656637058
0.31262879908984553
-0.9317879371679052
-0.65380398465902878
0.29485869771324436
-0.69684912142215272
0.11532916147075759
0.86876879117271555
-0.48160146594331521
-0.90181956026655408
-0.096961179076613807
0.42109382621063446
0.10589494149096043
0.43688511906585675
-0.89326236577247464
0.7287340834760766
0.44920646119051127
0.51687541129848735
0.51447126721597658
0.83873286585621021
0.17845586272749869
-0.37422955243111439
0.239095785189367
0.89598295050290322
0.50708123620404522
-0.47889691305471732
-0.71660754011972272
0.84930501515947032
-0.15870539360738448
-0.50348146864099863
0.20730334660337407
-0.96960586572815155
0.12996071572826659
0.65548986917169783
-0.74621464276525873
0.11617546357122002
0.32296569307913064
-0.072220598256792903
0.94365107231505208
-0.16268597413255423
0.84098432036313031
0.51602194403329937
-0.11782149596134479
0.78766460765918556
-0.60473346271769368
-0.035723148122633427
-0.99875216084627672
-0.034899540012750092
-0.4904897281738414
-0.5348825921704804
0.6879828770753954
-0.78618133428502213
0.41942561681738083
-0.45387339818409933
0.63990329776761734
0.67148403530243728
0.3736749387369766
-0.77078547516367868
-0.29820278469151323
0.56299631480048706
0.90444068930167132
0.10418124267995688
-0.41368261772665471
-0.97218354662523765
-0.17593233083259996
0.15461877841641014
-0.12350243595833182
0.5634895921888794
-0.8168394137204501
0.078176641706632327
0.46459045915879205
0.88206809144764753
0.77336617650122341
-0.43139764477062564
0.46454367838798089
-0.9677610768382473
-0.22390364032970453
-0.11535015389665641
-0.51886896749934164
-0.58002712434987358
-0.62796777750501109
-0.94627693916201061
0.32306867595791072
0.013659612914682444
-0.61713159377172577
0.75679216286109907
0.21543959292755202
0.94624937068390969
0.00084358642862559651
0.32343688231591999
-0.64739329833107262
0.67865790993923436
-0.34685062858949034
-0.089949308224852517
-0.27803163783042689
0.95635115429176998
0.50886103892552426
0.58009112311443189
0.63604617123875007
0.33571205916311814
0.24419294458343152
-0.90976217724641206
-0.63301048202307109
0.2102880206629866
0.74503468242395421
-0.44377497485631956
0.89408271501370673
0.060661935387784839
-0.8926827724536851
-0.44914702191347089
0.037207801207034943
0.96915477493653113
-0.09840222615269896
-0.22595580122208636
0.33128829500960477
-0.70346144209248285
-0.62880049704082885
-0.54535529870775734
-0.83172266708663234
0.10404327573501254
0.83952258614445396
-0.14235374775737561
0.52434457931093115
-0.40306302542727046
0.83216135046223894
0.38085126273950853
0.75439289523469166
0.63447616208276836
-0.16831921865354585
0.38821829389682777
-0.74543787734406053
0.54185692512379835
0.061386342788290846
0.18240528665855379
-0.98130526765022985
0.40243347355660636
0.7853801933902238
0.47034588463331872
-0.18896890967581736
-0.26777876040198217
-0.9447673187899287
-0.72480196864896096
-0.68584457659978526
-0.065416534540219409
0.40579213267037012
-0.26923519919619038
-0.87341007125898218
0.12322514189541635
0.68215614970029381
-0.72074860515364503
0.12859543369148235
-0.31600575945774384
-0.94000190128703165
-0.097551206427552287
-0.86549269480066215
0.49133100591273171
-0.36497760782283389
-0.74271736584205972
0.56139314233837379
-0.54786389021960036
0.64899877609070677
0.52786906181951065
0.89118106153797849
-0.34919053796115068
-0.28958985437070101
0.16721143255543872
-0.85990184750629228
-0.48229570750528467
0.64814072476493734
-0.21304092125005686
-0.73111364832979886
0.86599285030708262
0.22814196883142923
0.44498047740854196
0.96110434082900609
0.22677708667572874
0.15764072760080353
0.58873435550430964
-0.062228735177710076
0.80592769102885886
-0.27105731390503079
-0.92848936409946192
-0.2538413546543713
0.12833248050465873
-0.74818023446130888
0.65096629037834397
0.88805860308719076
0.35897104146187131
-0.2872136989675233
-0.86766439331917511
-0.38512435921593358
0.31438468236315903
0.76566020664912626
0.30463632710138205
-0.56653433802744668
-0.82046275982824213
0.56550706892885705
0.083920287931568763
0.55418377959564979
0.82610412681189005
-0.10213868071129988
0.82182742710499168
-0.53021379682220737
0.2085018218562337
0.33455341198160027
0.8923592084587203
-0.30293408129557814
0.35969387443854295
0.42127498035143418
0.83255492769023254
0.57135599579626206
0.2901772559856749
-0.76769100957109437
0.99638922523774964
-0.063265616084894435
0.056621317995219515
-0.6547014870254988
0.0085682944198524052
-0.7558389691047529
-0.55324638699896644
-0.74655487209372628
0.36955954625162879
0.75533249526659285
0.086076919943556984
0.64966420976329975
0.45641535915621395
0.16257792195590873
0.87478765378736489
0.34928737251124503
0.50899027072570446
-0.7867192864743846
-0.16962238349787109
0.91679496634314317
-0.36154562188522793
0.61884373812001292
0.31258882384619058
0.72063906013766998
0.73206681550795472
0.673522978129516
0.10220066322480331
-0.25541208702305851
-0.66340229540618778
-0.70332215964828437
0.8965170232297065
0.44265058547419595
-0.017823754898934448
-0.071980774328187794
-0.50737335820450224
-0.85871476260246071
-0.40656497294066724
0.78705602025253873
-0.4639479968293751
0.73183703060154559
0.53644135668428705
-0.42029184084280508
-0.83409782063883153
-0.49941019969852468
-0.23424405657909719
-0.210573352105414
0.47518843211103062
0.85431540859974542
-0.44132532183222578
-0.14310872099051733
-0.88586220953720596
-0.7372508130814388
-0.041011990901652223
0.67437323138825755
0.74360935434678987
0.049235196769697807
-0.66679908782705999
0.74983008108711591
-0.57582369905260655
-0.32585566913322578
