-0.96410388469396302
0.13506937948958339
0.22860437931568237
-0.77168462153521111
0.43428867149649231
-0.46464631139811052
-0.11379051872727072
0.83744196125548265
-0.5345490430038663
0.011368765630038228
0.67573096677535627
-0.73706065673653465
0.85990351473232907
0.13577176851022937
0.49206907261744431
0.12928992060885619
-0.46668992203016746
0.87491978666871617
-0.9793108690064628
-0.13099251386079075
0.15424390801012941
-0.16480078414338228
0.37992183507384431
0.9102198090460617
0.48612741037294199
-0.09727826468281188
0.86845672321906642
0.22757274891855089
0.83275163194688639
0.50471314965973679
-0.15276118984614381
-0.8748540899179289
-0.45966764105238345
0.79076706531528485
0.59535425972692413
-0.14227000329534795
-0.085738097861097137
-0.31560829893451176
0.94500813764688008
0.84747351774172164
0.38111347790667266
-0.3695147543527213
-0.17115659967138083
-0.5330788639804046
-0.82857247309230109
-0.44165552749987697
-0.47766218436315766
-0.75945982952241919
-0.13548341610094999
-0.80359155711205743
0.57955573787154924
-0.9527463372363888
0.30376420482990224
-0.001313296121389566
-0.27941912545730102
-0.2921555170151533
-0.91464206452922647
0.81633270434878558
0.13702796190209965
-0.56109201871667624
0.0023314036736042207
-0.96775610581138927
-0.25187831232896157
0.96492405389747782
-0.14911181015278696
-0.21607229874052972
-0.64146647539742541
-0.72018336068756339
-0.26430415798842705
-0.41182852868531383
-0.83063778605137006
-0.37475075896463239
-0.24428474626530838
0.92171962156335518
-0.30126052175351353
0.46847383694030925
0.70279632510375734
0.53535930880398286
-0.70645663011383319
0.49827936634961034
0.50262978705846439
0.91386749872931949
-0.30019921832067226
0.2733617092532804
0.84527853080500392
-0.15405297165287832
0.51163647962694292
-0.022473227381726163
-0.051789935134491108
0.99840510649225656
0.95857799406250366
-0.0023116936027458589
0.28482079518847236
0.42920471595093124
-0.90313380621135997
0.011516938988374399
-0.55227996025612525
-0.21391808223413855
-0.80574555511821533
0.32056521452716674
-0.90817828667340417
-0.26916564203128068
-0.76310935177736128
-0.59355642816251153
0.25564601271464582
-0.31184484076058455
-0.13927445451041254
0.93986989610894167
0.57667408838408241
0.79144365929933025
-0.20264236956094162
-0.90390044644805323
-0.41702316910541037
0.095161228135676193
0.69766206366734385
0.3736101479717977
-0.61129624753626155
-0.67978634123582049
-0.37511549326942073
-0.63022130793750197
0.3187637153265574
0.91489501299072939
-0.24770306618187551
-0.68443850291372188
0.72630712192870406
-0.063418454450306833
-0.48529357108507454
0.85356356455032523
-0.18952411755667994
0.92835645028753688
0.35737847770774067
-0.10215148007161773
-0.92539668007943576
0.252845652044971
-0.28232970219215653
0.99424244130889505
0.09935343048395516
-0.040135567159295088
-0.090110088580562756
0.99183801802847593
-0.090208192141000718
-0.80071616021977199
-0.12982300775577663
-0.58480733358957449
-0.74669775673017835
-0.52089929684680414
-0.41365007269263787
0.042304016357861289
0.21849080418737554
0.97492160643076731
-0.82904104704320891
0.15568495637683386
-0.53707833383543135
0.38888333338060838
-0.75601258560341944
0.52651184547740149
-0.40912597911377563
0.78023337836567597
-0.47312980089852535
0.6461264372963651
-0.75641309072765117
0.10178341319954166
-0.32896449341822387
-0.93445188526547329
0.13631594255219767
-0.53991685012137403
0.82858460334817441
0.14811262623207463
0.26698668259450448
0.059398708828143812
0.96186792477279892
0.2838126071623322
0.64277492686238036
-0.71154114245964806
0.2706534675039135
-0.70700703855526348
-0.65336647293951666
0.94978637743593908
0.25387038899952319
0.18290889214673681
0.57179074609511982
-0.53589952053429901
0.62118197540744424
-0.2695709311068149
0.78111149580736539
0.56320186808975092
0.77168462734080112
-0.4342886709122315
0.46464630230227438
0.057034600308931753
0.52259073604510486
0.85067383700654386
0.17248802378518999
0.44797520295023358
-0.87724916596847036
0.46121558932392692
-0.05741776795372374
-0.88542835965864297
0.42610622251118968
-0.85951232631509145
0.28226237448456443
0.94186240097169494
0.12342131349289366
-0.31250983506367153
0.50005571842546226
0.1826746145049962
0.84650709606325558
-0.30881658419163976
0.90001287513444128
0.30758599109914686
-0.24920268040228399
0.12361960271070888
0.96052913433480169
-0.014659707873924713
-0.73495709239678397
-0.67795513516804073
0.049563823626302912
0.22007294455882717
-0.97422344791159077
-0.83667731902470499
0.22289878540749813
0.50028711285969996
-0.85268388949285068
-0.49713360650940847
-0.16058755206519856
0.52962736512359643
0.5835759264055006
-0.61557614657505899
-0.55522704714315385
-0.1908640957611637
0.8095022069580583
0.36661219578096044
-0.49349727413950195
-0.78870522904412399
0.20874303670498492
-0.21098868484639499
0.95493985124402991
0.98709424202565355
-0.14910296798866382
0.058423131521445675
-0.038391411076888281
0.8975299209872819
0.43927911455939811
0.83561219274802168
0.39077712761548766
0.38606411366952015
0.14230333319724267
-0.8685543927571463
-0.47472416010059898
-0.080160798330809468
-0.99569899576676291
0.046451654868553155
-0.64784279170954484
0.67547573124100291
-0.35218213148087996
-0.48684915265940187
0.57128632942388657
0.66076458165386343
-0.50838427794668339
0.083963360089900477
0.85702717582293908
0.56076906456533626
-0.55788827302858013
-0.61179958404996171
-0.53934972461016739
-0.64041254834175376
-0.54678482284108587
0.70095541686360208
-0.60413715939221779
-0.37905117888099976
-0.22123786031438572
0.22385772814577343
-0.94917939648568284
0.68538614567710443
0.65509027427650968
0.3179662935944787
0.26890856601094237
0.63713254952855103
0.72232284849448514
0.66125763980860341
0.74744394916142221
0.063764227092723488
-0.64824030490431894
0.30689982266933713
0.69684790732489466
0.3303647628844299
-0.59233659938582339
0.73484452537414535
0.47692449428786737
0.45936702839608068
0.74934969137967644
-0.83462259414636086
0.50948299009960007
-0.20936142944575453
0.58011475731526996
-0.79057295224933422
-0.19611546475690617
-0.55554261397152949
-0.45359212516931874
0.69686913265408845
0.094519215896986655
-0.71208670762083259
0.69570010683910477
0.91760705386148445
-0.39656615974020204
-0.027066134791571082
0.46485251513395009
0.83596708053277824
0.29166964092812969
-0.88049615726950903
-0.28871542331445593
-0.37599191663383202
0.84585313735718126
0.51828700506342018
0.12613901222620824
0.74639795569394907
-0.35562042072171479
-0.56251596253049052
-0.22973806608359926
0.60135076155978306
0.76524354460762134
-0.99658111150691064
0.045973920810442527
-0.068647554894300203
-0.87297610873241582
0.3919440057591958
0.29033189616686095
0.78083846103341603
-0.61574478182227632
-0.10559195722025345
0.44695895236669358
0.3986496971457234
-0.80081590510234657
-0.38651428415947753
0.44994488271727917
-0.8050815552832028
-0.33830127842297641
-0.40605448400151051
0.84892402548146007
-0.50435391058388213
-0.86057017315823769
-0.071035976442547097
0.42165357325498615
-0.35714292611483428
0.83346097358390825
-0.89641275594769387
-0.040564844035458007
0.44136001676934788
-0.71043191413985529
0.65018296692850308
0.26934848224489871
-0.73143879095847708
-0.4700004844753663
0.4940615747800291
-0.94039726277788271
-0.020748687219708409
-0.33944436972576919
-0.72997562274295102
-0.68347317379794892
0.000104401147897134
-0.12694225935360143
-0.58204206366475131
0.80318908042569948
0.70339681011575528
-0.0030716007749011791
0.71079075176008
-0.37832973875535025
-0.037449686190889155
-0.92491303903529887
-0.96637995601421556
-0.22954362361609487
-0.11584258919393675
0.10182737188465404
-0.52936519144994787
-0.84226105241559435
-0.83860679601484622
0.54125454400101525
0.061499270531992521
0.65959015990648295
0.51214433698298456
0.55013543700692424
-0.35857217348483411
-0.65625737030749443
0.66389175346546814
0.45684083540012127
-0.76364989893906909
-0.45621845968929048
0.17511944041629268
0.82716654221021446
-0.53397443106976772
-0.75611718551618101
-0.22466162076240662
0.61466572860661239
0.27194016876945398
0.35350652591655995
0.89503166465999706
0.17020887397405404
-0.037873295651101035
-0.98467992398393545
0.14241044074160736
-0.8685369101647038
0.47472402725091817
-0.11073405406246044
0.46982791142634861
-0.87578519222218365
0.68793751306733597
0.60874235619314598
-0.39518947593672815
-0.0020521977089577462
-0.29614243337702945
-0.9551415851265691
0.33025187217204838
0.1878869544070903
-0.9250038882569549
-0.35003954033454876
-0.84338689154769408
0.40764061545422092
0.69557619273166205
0.27012960577846512
0.66573550017022276
-0.42163174591025926
0.35537893809877363
0.8342256776175464
0.42954234864443858
0.90267262325847519
0.025990497122647685
-0.33035231836961981
0.94360132969027666
0.021997189696854196
-0.66302281776481109
0.032017157741583299
-0.7479141961036444
-0.26237524905190684
-0.94991724090344309
-0.16975412843091608
0.66127368956313515
-0.27939195289550378
0.69617328600628947
-0.88688569509236714
-0.30337745543051881
0.34841912028049249
0.70779085458076996
-0.083556045557991815
-0.7014631090959339
0.17452647749941047
-0.95926296780395448
0.22216000371713401
0.81280730338889817
-0.55019134281417559
0.19139951371412078
-0.65103563987398172
0.32661575013687849
-0.68518227310431723
-0.29390173594538999
-0.71052199020586237
-0.63935926601730464
0.43542127171895112
0.77797273037599879
-0.45295336065202674
0.55836090549031669
-0.29760767603528027
-0.7743789578655359
0.2093512602160322
0.94458793780267192
0.2528352776090691
0.055194185255840501
0.94594486227541219
-0.31959649473781065
-0.72619789034755067
0.034943548864962266
0.68659709615427944
0.8660949028556254
-0.39390860360365115
-0.30775904739670379
-0.10846351200188797
-0.039658611805376498
-0.99330904610493043
-0.27038475828934366
0.66704912696083196
-0.69421721723507057
0.0036423861330893764
0.74115741078139108
0.67132140250932093
0.17066123510411979
0.98514313311406176
-0.019176811803490332
0.27951228560938202
-0.27539695646310702
-0.91979856412383931
-0.065875619573305316
0.98102126390574751
0.18236688984188612
-0.51345391019059561
0.73836859879397043
0.4372378007732366
0.60239572852526824
0.16431850754099717
-0.78110102697027017
0.87285159378477994
-0.12736342825511518
-0.47107181232851741
-0.56565677442941742
-0.797643980184641
0.20927612003597332
-0.47885220116816879
0.20018502492283086
-0.85476694205674875
0.17721769793574149
-0.98308306428886849
-0.04627716766143862
-0.095381023974688409
-0.94063769827920463
0.32573483209742843
-0.56002682952580829
-0.68072792464146836
0.47220699150329248
0.63160531700260913
-0.67710771554910665
0.37762397312393159
-0.5486843051125132
0.57673764463761579
-0.60524311031275169
