-0.28273616819547526
0.95919757751699442
0.0005162166883546258
-0.68163740171174514
-0.5729023902542828
0.45514097137984666
-0.52897977294982779
0.31817366641359734
-0.78673115980675223
0.21554868234383165
0.97215518290517777
0.091940556287409742
0.58911415014179824
0.71776940352305085
0.37114902865139071
-0.033314813279309075
-0.99119778833370165
-0.12812910527488794
-0.8546828017764504
-0.47074568570506692
-0.21889679700174511
-0.12430215782608832
-0.34094204781096166
0.93183018495552405
0.43346228070505938
0.26211428091743855
-0.86221027304544584
0.44605866650620962
-0.85339050401402361
-0.26973378300352502
-0.31103371221918397
-0.9455781861305721
-0.095602948579901259
0.8531696531475419
-0.51720128482198624
-0.067855537184447715
0.77421155192058932
0.34166513235035612
0.53278645835712313
0.23842098342051909
0.085011897076405232
0.96743393160477009
-0.96933627638742326
0.052763263495635489
-0.24000671095753767
0.67874144046089302
-0.71536255652256986
-0.16603153232613704
0.71884710893635118
-0.68375847822640279
0.12543196334014531
-0.056600772696647574
0.84359966937111819
-0.53398122660547009
0.70587207433957766
0.68924206208749572
-0.16337072723385485
-0.29908350767416081
0.46582060099060507
-0.83280263155808509
-0.9337612249747308
-0.3570247524529111
0.024965994264757384
-0.6948312559101395
0.70614665404155186
-0.13625868337929553
0.58731942469802367
-0.68173527890333185
-0.43622574760206312
0.50123446006102101
0.86459944167044223
-0.035097314861629515
0.31234099316310987
-0.80017235650143603
-0.51202275719036261
0.023589488654783729
0.55386485523845463
-0.83227234614439272
0.047610880589156093
-0.44886606865867557
-0.89232979130836509
-0.18393710147199974
0.45003469044191363
0.87386264372665012
-0.11642577344059579
-0.63568980008176079
-0.76311435404582073
-0.31281039546036427
0.90899016509166874
0.27547511005270769
0.14742050035635229
-0.9313215144529704
-0.33302767571435921
0.2787041187593845
-0.95656734286270673
-0.08545719838103627
-0.68372911545065929
-0.13977376358797847
0.71622467962051595
-0.33950320073415391
0.80170755833500507
-0.49193756473742595
0.23606135575073434
0.056928077777791415
-0.9700691883992868
-0.2653845655001103
-0.77387918595021588
-0.57504959607615469
-0.46814840975047051
-0.61667230171987941
0.63289204351106476
-0.46749344605770154
-0.26028142188679737
-0.84480971781442116
0.87136630001092197
-0.44951944809211136
0.19660375630246624
-0.83036713001939166
-0.28150694985447328
-0.48087864016505211
-0.65492209133147206
-0.7228987656442537
0.22021450659760247
-0.46991865705249231
0.85410310769468711
-0.22289983665373087
-0.16100328627756783
-0.91983889171048827
-0.35773503477384472
0.59832906993029467
-0.15583162403671538
0.78595090751676611
0.68217415604703602
0.72222794157703007
0.11412809131375223
-0.70344038868263625
-0.14168155092834794
-0.69648973983581364
-0.26713147860930453
-0.097938498096137236
-0.95867034152866104
0.82728883176234791
-0.2610198406698514
-0.49745535640695948
0.70486837942660119
-0.11961612327308216
-0.69917991299638726
-0.13732819402267205
0.68755695568817343
0.71302622659428339
-0.78406504565504276
-0.62067349844858399
0.0025322925485358424
-0.94799190437039305
-0.21331647052715852
-0.23623596815479114
0.57704332699266092
0.447619362511466
-0.68312363820765987
-0.46244469603479554
0.5975227668174139
-0.65506598617555145
0.093577577354950051
0.55634597646021378
0.82566481788490276
-0.92357188811599278
0.31910634719853581
-0.21257023935505989
0.83104712412958193
0.076354403785992148
-0.55093618731976279
0.42760699691601539
-0.42023834739347765
0.80034491787507811
0.91483547426855916
0.31407082801890374
0.25384162386681342
0.31948608083378166
0.52285077981552019
-0.79028836901461019
-0.9382420149507219
-0.207304623960687
0.27699587409513388
-0.6668981235996585
0.39511984950616591
0.63176514407292139
-0.86537286311691797
0.50045499415305772
-0.025973190179313412
0.49794777857507927
-0.63086069689121627
0.59503175623665072
0.16343520303947029
-0.67083942921856488
-0.72336947310012822
0.98422032538606286
0.064944562399002426
0.16459816193309898
-0.5274421984226989
0.016675826761420764
-0.8494272447507516
0.15349795116087675
0.72470650409218562
-0.67174315174469468
0.53497821848316973
-0.77989069589706539
0.32491353957901603
-0.99613159385094197
-0.084772164737421246
0.023141473974527156
0.52035910914593797
-0.85362615846624323
0.023426034897308854
0.93671733247895883
-0.15010299485619977
0.31627476973148383
0.28702123853861966
0.94191624696432086
-0.17439206499266288
0.054741443939502289
0.94747581526284352
-0.31510784472530745
-0.32319795993813699
0.1766218858715676
-0.92970306449048412
-0.58925767157830233
0.68996548930956947
-0.42038437179315286
-0.55033393590469237
0.77246259427756847
0.31691339421617798
0.82273612278094521
-0.3508518814167898
0.44722279635286516
-0.56141956741061194
0.62642864604689719
0.54073581418316718
-0.39154581832902691
0.55285939236388815
0.73555310102268268
0.85406388623734542
0.51862917660589614
0.03998318894551868
0.27825915693425307
-0.20701428564304633
-0.93793226147837461
-0.03819791614237248
0.073619022802257947
-0.99655464410338335
0.24898626656578621
-0.63707873155537886
0.72947688713311598
0.30679026970799589
-0.81141543178720843
0.49747836884639873
0.84807461419984964
0.4692052001948181
-0.24620302366119887
0.44301574889754347
0.67733897089513506
-0.58732356051453294
-0.38062857268211536
-0.54334214653217516
-0.74826546189155607
0.79680601076024871
-0.12181884722595497
0.59182797304358448
0.17508774668202626
0.32184420435368227
-0.93046256726735421
0.12339575104284871
0.7619035926881923
0.63582733825575355
0.083271638249719185
-0.16958815282996259
0.98199067851122157
-0.33238882953312732
0.77909324793858337
0.53153680683289162
-0.45743623545268164
-0.78186695822412333
0.42359904406435545
-0.71675571508576119
0.14630498702740083
-0.68180356090505367
0.44728831587990958
-0.60386093278101516
-0.65976142380269276
0.096443364928680844
-0.9891262924842843
0.11103087353311832
0.49062130999601461
0.092701582803029467
0.86642780814307185
-0.95881615218598193
0.074596887932680628
0.27405636394367344
-0.30887508914616812
-0.4947215782578267
0.81230950955349013
0.78202451630441028
0.35301923016681958
-0.51362932064990141
0.93478204257859687
-0.063584602266377299
-0.34948466522468913
0.95982061198922564
0.27841853575212283
-0.035035863772317835
0.04317528895899294
-0.78949082913630886
0.61224188449743544
0.59457997277999808
0.55271403924274876
0.58393650921388862
-0.16533252110055904
-0.97442014075974936
0.15221874637600835
0.17688479104036878
0.90929384601536822
0.37669148158298577
0.16608721025896103
-0.41658015854001118
0.89379864068993464
-0.014763907449088677
0.99816309814531212
-0.058757608339571069
-0.52859061241921212
0.84721030133445008
0.053166434665797235
-0.6105981885397268
-0.39772565908656526
0.68482417616214564
0.0069116864123893998
-0.19197151844983043
-0.98137615861350691
0.014063826302884797
-0.82843356842797922
-0.55991073528858759
-0.083680273246499196
0.87421869332614777
0.47826696322087126
-0.78493448134738053
0.52440336540662169
-0.32996813534359337
-0.73739863429710462
0.65898487136085071
0.14826393173758759
-0.51245257522103416
-0.67244298561023796
-0.53405317081065984
-0.6793230496766316
0.44329412809262025
-0.58481664663092858
0.49398344165695751
-0.020139896158094903
-0.86923802491117963
-0.052624906011102472
0.97529961710382873
0.21452570042875463
0.8887971075461234
0.10331502844624661
0.44650387066048614
-0.48568072602861095
0.3069676749871893
0.81846507492823461
-0.84764182932606358
0.24709715605920804
0.46951711858484546
0.78736737818872582
-0.50806215474582039
-0.34917826203709479
0.31493912422460835
0.34629235809147213
0.88368260747854743
0.64932553026519069
-0.39631296349062356
0.6490858115188689
0.070855757447490661
-0.92405102672172412
0.37564499417810693
-0.18303477703481075
0.68282438964997594
-0.7072829160208487
0.42279119827486966
0.87567054800249944
0.23334243939391314
-0.25258348178908357
-0.10052825446531857
0.96233863830850086
0.35601437030166994
0.57922013779169756
0.73331971207330326
0.99528796876795766
-0.0022118440891125222
-0.096937954236090987
-0.042144126175114649
0.066290903079017305
0.99690992010206436
-0.49660572488754956
0.023962063657030908
0.86764541923196248
-0.44465286083182548
-0.25972810166552085
0.85721942731094125
0.52643876400420697
-0.29870118469194495
-0.79601496846312603
0.78130756750214758
0.53213714100576837
0.32617257414761947
0.70147416248732986
-0.58732168271920793
0.40371678237420017
0.93008176517142316
-0.29908794208786182
-0.2132939591110295
-0.41782041178260526
-0.89064094350865863
0.17940126321690297
0.66159504021934679
-0.44232158843850766
-0.60551103636382753
-0.80752870447349057
-0.31583879403690812
0.49813978724116947
0.37111341540344683
0.76640895121540431
0.52430158535378535
-0.56501044574466075
-0.82404562119755476
-0.041376447220073415
0.9277509937145294
0.21411855099046773
-0.30566540495032463
0.35614621124424595
-0.17434739989172712
0.91802116553343316
-0.27230617941161606
0.19833452708482022
0.94154806569834215
0.265759482862437
0.84879549881404237
-0.45707559381541157
-0.61594758636304869
-0.40949279948595274
-0.67299644725859586
0.50472725295807441
0.8011424992595243
-0.3215915048654101
-0.87141877771838738
-0.016026885079816682
-0.49027793423162558
-0.85774134684961278
-0.03841606070798801
0.51264411455150105
-0.76159282771060355
0.52199716182634259
0.38405120469152298
-0.034113235365005448
-0.5900311152022274
0.80665951321864893
0.71203769946368445
0.11653968392401909
0.69240220725626911
0.65798686465489609
0.17730132520157865
-0.73185895227385411
-0.83975310181742546
-0.48133567242259867
0.25125823059453645
-0.9038927171145168
0.36922029888413122
0.21599612690798134
-0.98081348061037521
0.19361149443895778
0.022792662724541914
0.30927087815081272
-0.45571200909072612
-0.83467244395530349
-0.19885834918331702
-0.88743863852925886
0.41582210115074641
-0.66473519743738718
-0.70207775029708086
-0.255370221101967
0.67047203728694604
0.59766105179355999
-0.43962315042011524
-0.21722111618204021
-0.37610394358610855
-0.90075568846586018
0.043981363505016365
0.31533661157237713
0.9479601579530077
0.55932553080506209
0.34536813260489174
0.75357534697642903
0.33049178075085589
-0.91707677079573213
0.22303672191592244
-0.094675265329031769
0.33002739635596057
-0.93921164376799715
-0.70380999959350188
0.13200063202302117
0.6980167029647053
-0.72181939236395587
-0.52431403504293406
-0.45174280012450313
-0.2166618973058983
0.93572532739531411
-0.27834463157521205
-0.43093388367574542
-0.84209713444404954
-0.32429678392062344
-0.84702868738179105
0.25815970045798636
-0.46464607155524601
0.97011129236325921
-0.23689278433968519
0.052591721373981069
-0.22227742745206613
-0.73274893363067295
0.64317318469320772
