0.47452593958092265
0.42346510831557116
-0.77168804234880051
0.95615765830210597
-0.28451753901005822
-0.069370760885933372
-0.29011072231517587
0.42475904807290499
0.85756371184767743
-0.0085141724942596701
0.90001997008945667
-0.43576549003668402
0.46215908874189005
0.38696648956187757
0.79791347441274796
0.87276820884429818
0.47707599709587856
-0.10331576174857861
-0.53652588152079161
0.36262694251923322
-0.76199847704407542
-0.1906140829486842
-0.4004332275996666
-0.89628092784335511
0.95873957089826944
0.26484120669457267
0.10333233003452934
0.0060098570689788794
0.98568233387994086
-0.16850584053676915
0.22654858810666079
-0.75167868078548505
-0.61939881988866552
0.003876034235358196
-0.98794160842027123
0.15477840518164532
0.69950842960694393
0.65253829659917062
-0.29134468998126611
0.49469637928668603
0.86093367696206913
0.11861153482362005
-0.95490324382155323
-0.27433654096605375
-0.11357489700570285
0.7143107131872628
0.3159328365703104
-0.62445708243444686
-0.040702625248438429
-0.75846806889981988
0.65043791768105219
0.61784024949806693
0.55867039929622309
-0.55331800174073964
0.67724613487000995
0.69673580164452276
0.23642524296359857
0.86647413060407064
-0.4905255199963931
0.092775509840625325
-0.76870019972133685
-0.18274366032697745
0.6129475977264901
0.49791582641024701
-0.64574329109774775
-0.57887427979868822
-0.69733516314956867
0.099174269740020915
-0.70985078323313688
0.203245886676962
-0.13123190914898458
0.97029340694967525
-0.4274732735848813
0.84276986140952137
0.3271170449096184
-0.71516284123051987
-0.69330595749456758
0.088707157691083838
0.88314646008040498
-0.32579286158167875
-0.33750754271552313
0.84878343162701275
0.49863968811535536
0.17585547370409946
-0.61715636098157456
0.57030358670571313
-0.5420994789617305
-0.81884514127008223
-0.10870533411324794
-0.56362734581787821
0.87570064794113844
-0.13994051344402697
0.46213096400532666
-0.44852011511543771
0.7649297569619643
-0.46229013968604699
-0.60930859789840208
-0.14598783975266172
-0.77937833121753808
-0.69720980687744338
-0.35640724418919895
-0.62199064420888084
0.25265914721593746
0.6086653792367771
0.75212353469803461
-0.84724844909892361
-0.37251305580497562
0.37868732320254345
0.086118475303324643
-0.39788826428316243
-0.91338301788305809
0.46105514054425162
-0.76779222674720216
0.44488566387813983
-0.56380402327981616
-0.23740039482878275
0.79105377558585144
0.073782762447612546
0.1070608346430139
-0.99151100934439484
-0.73749035681208164
-0.53686852294404219
-0.4097318179993728
-0.021764492215212219
-0.90859897387987243
0.41710215960008729
-0.44223511143745231
-0.47408639967807348
0.7613607501389773
-0.10936907711012646
-0.098895843407312028
0.98906926811464302
0.63867999344518678
-0.70857980359954453
-0.30000421314322784
-0.36635867461233318
-0.14026824671607188
-0.91984027988531458
0.53558515880362911
-0.36840581315914006
0.75988531667603898
-0.9994426845671982
0.017722133195153745
-0.028288624217610411
-0.20641347879867317
0.1131450198619669
-0.97190106505274731
-0.01688472921427155
0.57003062267955618
0.82144993464417437
0.88372395663905723
0.17620365523595996
-0.43357149392423922
-0.14199575120855404
-0.52749124004022629
0.83760981269296442
0.27081027560404669
0.96259257500527351
-0.0087937006986461095
0.99914976018806934
-0.0043708673670123481
0.040995758738963432
0.15942364525388361
-0.14742951033925841
-0.97613966255607632
-0.8305998941204088
0.52496565373407167
0.18578180289448262
0.70681278341238329
0.54388184417471086
0.45233641107250577
0.71588063404217139
0.69766303005134289
-0.027950211143343937
-0.31654670540415403
-0.78894093015228128
-0.52665965483244415
-0.51789059344761557
-0.80605703291545616
0.28646359787241366
-0.55002328097604869
-0.72581510872655775
-0.41311840715295878
-0.13140047321622872
0.57408219197922905
-0.80818534538240339
-0.67226203898647896
-0.44136813575590711
0.5943550451347217
0.46461240020469324
-0.12385739706015578
0.87680936512420815
-0.52437385675244286
-0.66621351883868329
0.53027502833072204
0.079724863232208856
0.10502159993213321
0.99126909047457967
0.8636566031644235
0.31836358511955443
0.39082208161811149
-0.68486726720740521
0.66901275509614599
-0.28875380486934693
0.74546603818506274
0.039531601688431575
-0.66537030169719313
0.013044028193272907
-0.61893924987544169
-0.78533054078656517
0.29830593631635177
-0.5473947124137003
-0.78190318913529644
-0.22854562762450784
-0.97225322511809553
-0.049905534173893519
0.51195437001587285
-0.85327294803958975
-0.099136265642186264
-0.82779876966952182
0.43520180664599861
-0.35404602020879244
-0.40535041853836157
-0.88135566639518326
-0.24269987124816844
0.21520893844835079
0.3739839823798049
0.90212033218150889
0.366094259858672
0.64434551496204007
-0.67141183356181222
0.24291126627852366
-0.91080593915750518
0.33380631796054905
-0.8728014637500896
-0.30835525461099622
-0.3783313915464705
0.11564817053183993
-0.90429387227067215
-0.41094779866346953
-0.21934825498839317
0.8362088303109777
0.5026341961541152
0.50223722101350965
-0.84534180360883293
0.18208516935761834
-0.28698078575305691
-0.84016031484107867
0.46018765082811364
0.01975231188935923
-0.33962581684642124
0.9403532052938548
-0.8387367191639451
0.10107991676619918
0.53507342145974668
0.48551339125079351
0.7731872682271832
0.40799288617271201
0.59475738545894274
0.13644074817724455
0.79224211872310624
0.82235846007095714
0.42798481406945138
-0.37490740466902128
-0.20549711029654458
0.95272822686946756
0.22378530645672431
-0.0477162347700354
0.33337724007378777
0.94158524666657506
0.83096600737680204
-0.42992554503619268
0.35307155126063217
-0.51511360275563456
0.48401179316976745
0.70738289513437957
-0.25129685919787259
0.91272432663790115
-0.3221555402607173
-0.29638653851003283
0.36021898237865013
-0.88453225182812323
-0.87735182544418411
0.1440273389292398
-0.45772251422747351
-0.70374000696496808
0.30313963215964479
0.64253899960318495
0.95925474490815144
0.22474036952648629
-0.17123697228196844
-0.73787372895461512
0.33433774497124297
-0.58631103725425049
0.031530708455560587
0.99334415889360861
0.11078445927222803
0.27132661274070569
0.92138003649602362
0.27828168744141518
-0.65850522681089318
-0.73364511565087165
-0.16773702794658388
-0.26413127408298098
-0.61619566496236122
-0.74198219152004907
0.36855925477397522
-0.2941734369149272
-0.88183108628246454
0.28177477262589373
0.28092394887964656
-0.91743376461600312
0.36753061412375793
0.013636557730251981
-0.92991144308212648
-0.71033165195964021
0.52412518855169143
0.46981031379690086
-0.65282627187445741
0.70916778974276562
0.26626848244179696
0.73787191139385011
-0.3343332863191561
0.58631586711858608
-0.20531529182674454
0.77747422079411244
-0.5944572877362061
-0.87041289857526416
0.32284844907024973
0.37168570718651733
-0.9127485529788345
-0.11384102332039701
0.39233952189960275
-0.15061459369695013
-0.92834923738289155
-0.33982780583128613
-0.26486488916513723
0.65557018945774248
0.70715932941726722
0.27081327008135808
-0.95997446729023672
0.071478632462209674
-0.965965471117611
0.09755000814636515
0.23957191930436278
0.68704479435074284
0.35081639304460244
0.63631541622588428
0.50856779596103896
0.84652958669992295
-0.15731006246578411
0.1779966469862426
0.52190684484893235
-0.83422445358637587
0.57917555574972557
-0.13238689185017155
-0.80438136880975042
0.49693609477819189
0.60154835782830884
0.6254551070226102
0.95284292347342914
-0.22295412931512115
0.20586845170628976
0.55281320955288582
0.16965479337285266
-0.81585219643600382
-0.71883423621805531
-0.60470483998009861
0.34294226532384203
-0.51966373186546211
-0.57386736330206845
-0.63295012056274469
0.82323543551042899
-0.53722564816215845
-0.18349937513981543
0.21634855909696943
-0.78433830856975995
0.58138345236736244
0.027648787440241952
-0.99174962695828528
-0.12517276852888748
0.74340107037404901
-0.26757116156574129
-0.61299308484278847
-0.85546789274743051
0.50884687057734868
-0.09617456411083844
0.25961654749701946
0.92608762553155133
-0.27378998904828655
0.97394340140677471
-0.048379102228337557
-0.22157101192119527
-0.017573945550421983
0.35307084846893
-0.93543152202564817
-0.9508433969961062
0.30211461906787573
0.067996995039321384
0.69359694484984136
-0.66327914264682741
0.28104102373969492
0.69314502965149483
-0.10191878713203133
0.71355625475428641
0.39185412780970874
-0.60203449881429394
0.69570453840399382
-0.29334466449170021
-0.67800929088748452
0.67398242505610051
-0.4763430432601099
0.87665266146214249
0.067656605657093583
0.7190103119045369
-0.5096806070103741
-0.47249322768953739
-0.96873450944438633
-0.20174737727672393
0.144400297691893
-0.28434670657500399
-0.29676763788700539
0.91163365425093634
-0.95088762661066351
0.23501003940994725
-0.20145223487287034
0.62076351291891374
-0.57112453411592146
0.53709349982981647
0.94910774940916021
0.068320897982594067
0.30745200423859775
0.0097664252343046508
0.7667789247336565
0.64183697114021121
-0.8772870460145491
-0.46589138497747773
0.11538048491332521
-0.49021865195135211
0.22795066934807068
0.84126343414103399
0.054732532907904641
0.72374233300525981
-0.68789634775712305
0.23516598179951206
0.82200787476331572
-0.51865211349359097
-0.23802501817520569
0.14503855611848923
0.96036863128788053
0.12919639756564785
-0.58907158034305884
0.79768600594982864
0.48351710408114545
0.76733842525680673
-0.42119229715818257
-0.26592866920720426
-0.93976669336685748
0.21475685072194547
0.35256524048225713
0.13013878691206632
0.92669393401745326
-0.48987991371273448
-0.87142411953797405
0.025252208384037848
0.70824299960345483
-0.70593355255005474
0.0070479001666879596
-0.10666642987597223
-0.14985986510318836
-0.98293656640129556
0.25903038140648826
0.79756636655602731
0.54478541871733843
-0.4911596320185298
0.687435914348132
0.53497110159313299
0.29312406404727631
-0.38030726230644973
0.87717995263992521
-0.45242527440008323
-0.38057079294037727
-0.80652169384632288
0.55222167404950795
-0.42224144615287995
-0.71886256256720138
0.81132314579369469
0.11042762755196608
0.57407359473561193
-0.65747521490428196
0.034380855270559924
0.75269137006972076
0.87966431294844882
-0.090083157053795118
-0.46698578280302588
0.027135937925307885
0.91823076111550439
0.39511505946262726
-0.83856552295289977
-0.5234596485984826
-0.15098960230387584
-0.47121915242200857
0.11286926599373184
-0.87476456214499221
-0.24214078211755696
0.96892194459367298
-0.050577731466655854
0.27980841328760919
-0.93971877457627595
-0.19656010928551249
-0.38841603323144075
0.59352474408054423
-0.70488393604399624
0.40629761036704742
-0.82089639356730193
-0.401312051698207
-0.4926307232853136
0.84749163659693882
-0.19766865298683853
-0.95484014291089891
-0.054132590415549686
-0.29214716178802164
-0.69543455310979962
0.71850103151398981
-0.011271648251517438
-0.058818879285262082
-0.79898541805834111
-0.59846690900146149
-0.41357063489489548
-0.047752718004821809
0.90921889986723481
