0.45709431251310734
0.53590240750988716
-0.70984040395942272
-0.87250987996172413
0.48237174303920105
0.077743236918078995
-0.99975852779872054
0.013497613962386286
-0.017340718297051291
-0.06239382807847909
0.80978651671038504
0.5833976410406323
0.64574276517055063
-0.47001644586650776
-0.60174813821474127
-0.63117007117943891
0.075429342761484414
-0.77196810523357273
0.072888391531084867
-0.98696745113735518
0.14346613807949116
0.17902820490886787
0.44880182362242044
0.87551460579495655
-0.51836745939456952
-0.51346834791960272
0.68384605923082797
0.37458371434826115
-0.81571728566445068
-0.44078606013947519
-0.52318678738702074
0.69360192243135699
0.49516861643603188
-0.81712845688489733
-0.54284390242977243
0.19396283804822492
-0.1398276676236139
-0.94391698027500226
0.29911362007682152
0.85984763053581714
-0.50227494098661196
-0.091552913218729881
0.52697261308796373
0.049861623422460331
-0.84841834230815649
-0.29849085220928456
0.54064768780954553
-0.78651337484722228
-0.299313511306734
0.16892984312028131
0.93908153535919903
0.0026970721232657331
0.99897007297528773
0.045293698256050431
0.80812776107763962
0.20333328199121545
0.5527975200833688
0.67039617194646806
0.69600247156944273
0.25719551358596571
-0.71646724343955726
0.62904979373604031
0.30161406810486685
-0.7059432977378739
0.31947038681088835
-0.63212556690097332
0.91834522350541714
-0.26135563592338007
-0.29721251998506215
0.63853041866599691
0.116194234220611
0.76077447668288167
-0.052740070804785912
0.48649947000873495
-0.87208758196222824
-0.53043843096767707
0.53685992722354825
-0.6560613458313751
-0.54730824891779839
-0.42307133406249126
-0.72212486936894593
-0.25988631257269246
0.74585976720019553
-0.61331257300779285
-0.060646104985028468
-0.34458338747500394
-0.93679471552010607
0.95844383033742009
0.28526350534349298
-0.0031869432498368728
0.18685318554517508
-0.93919019897865563
-0.288110494765556
-0.34851616385379564
-0.6271891223834194
-0.69654166300125253
0.92390559884677792
0.26125305071023641
0.27954478695581336
0.36329128917600145
0.74001829590684443
0.56603212005324288
-0.71110132257292169
0.70213003155725962
0.036719583609340085
-0.29209494416320919
-0.93213957599002095
-0.21400082819334038
0.62222490155440835
0.28507505107928904
-0.72908736591559964
-0.063023272917338891
-0.28313321264581015
0.95700765460243276
0.47361420524278808
-0.85842553068770233
-0.19696495336932104
-0.86986498129968282
-0.48911035724184876
-0.064077864721397398
-0.49274342651202885
0.87010600427146956
-0.010929636769909072
-0.63036130947031088
-0.73736972947897028
0.24275605362376707
0.42482397360071922
0.29389283797677118
0.85624271748147129
-0.29465673143001481
0.43032526807055332
0.85322773881478253
-0.19601998986920832
0.89604719318231618
-0.39834104880336935
-0.54181581654519773
0.26827381205065259
0.79653297653598243
0.15136733041759354
-0.10862743089983841
0.98249071880519667
-0.69843441368392001
-0.55374413835545411
0.45338372160783924
0.03347515992585523
0.96980280296214549
-0.24158215380011885
-0.31709067635245858
-0.39738209331183583
-0.86112773436084589
0.38564046954709524
0.30898169356262251
-0.8693743389879125
0.23916952731007068
-0.63567615423742907
0.73397122841443152
0.59982385168010499
-0.16772157129879775
0.78235594295480726
-0.8648375951674443
-0.39339076191272604
-0.31192890604545898
0.26052457410552049
0.73299688333699553
-0.62836495391244418
0.84348297671627681
-0.30018753180153657
0.44544799218399261
-0.82220706502514895
0.081504132046632607
-0.5633228369967398
0.9874812965656723
-0.018224440536236314
-0.15667979671967944
0.17286536361499022
-0.63655059090652932
-0.75161220804268847
-0.29277203725681744
-0.13885924842070566
0.94604579346273165
-0.72401649716277838
-0.62285312641851764
-0.29640191420909962
-0.04879521749872457
-0.55486691286550094
0.83050691493590878
0.27874348486905731
-0.95999010848494037
-0.026852583751399626
0.90079850455323418
-0.012313492205172236
-0.43406270526776441
-0.85882051943785642
-0.1052190373702897
0.50135443507299315
-0.054427954325312403
0.3168697014731422
0.94690611471057862
0.13572754493697334
-0.81926422345113903
-0.55712132046654272
0.14683224330314559
0.68606223128476307
0.71257203645044775
-0.38637663524403709
0.073913046877280633
-0.91937476430387899
-0.89274750807270897
0.14909064864653604
0.42517509959559446
-0.017188203499420907
-0.99280673403234554
-0.1184877821570218
-0.28625135073226271
0.68662573884286793
0.66828531254430612
0.31361766747722403
-0.79253705089559667
0.5229999824128635
0.72690794843540285
-0.67417594336498121
0.1307349681201298
-0.21893102054692548
0.96942187099130628
-0.11086227620789894
0.21111367641238382
0.53055131863400362
-0.82094233288786334
-0.29616648507434568
0.85293425714364113
0.429870406180203
-0.65344502755248046
0.72104037681688993
-0.23045687441839394
-0.83332471908240591
0.51939941489845343
-0.1891934469514566
0.52013045364704247
-0.62726204808747577
0.57966079237604728
0.78324337487626772
0.45197700315510114
0.42690350704974089
0.60958331879926497
-0.6790740021463878
-0.40898248990703934
0.82678037326232057
0.43809659111501975
-0.35285349827034018
0.44534927214529513
0.83268176995866938
0.32909739558093393
-0.52425165331870616
-0.26479944525345211
0.80934631511242905
-0.71962438060623579
-0.3284819752606104
0.61175186372088741
0.41913445600856064
-0.64650211278422709
-0.63746476447874234
-0.86585720411290401
0.31025285254854962
-0.39247225325017931
-0.51736941700841221
0.81852535732977505
0.24969005937870239
-0.87056020119846855
-0.33536807979236966
0.36007386345812514
-0.013627458573491975
0.69893283662937444
-0.71505746779824897
-0.073732103822179471
0.57998422702113295
0.8112840891282499
0.099973227733336223
-0.13619828399996559
-0.98562436108897145
0.79825909601725198
-0.24889091869291402
-0.54848493709300461
-0.48047087798559712
-0.72036268847446416
0.50022528170974279
-0.74384277892674988
0.20217154333784904
0.63704363061168945
-0.21885864443388467
-0.8250776653563977
0.52091049124259192
0.6928186916211857
0.72096210899792934
-0.014693465539692129
0.95414557927321042
-0.19594213684627823
0.22630265699170241
-0.5599607825383649
-0.64659075687000267
-0.5180389127751881
-0.9540169830827504
-0.28395382671523273
0.096030309191747487
-0.27744292062652487
-0.64754344028243338
0.70972735521565922
0.22878541195433075
0.95450648264992632
0.19124489498063252
0.16765744108613742
0.87701693546544535
0.45025801198340409
-0.078363139959321926
-0.91771318591490958
-0.38943770579339404
0.042052650239365746
0.86042255100651144
-0.50784309420065243
0.78658716008336527
-0.085143790306279624
0.61158088145744605
-0.70339162824338253
-0.71021404594770687
-0.028917576933614474
-0.50545309525407101
0.010731639326079687
0.86278734368061638
-0.96320817561595773
0.21939615482898828
0.15522672989157787
-0.95180215849487304
0.059877917815610811
-0.30081104707534817
0.84509352172206265
0.50868884361219913
0.16447674585753844
-0.074102598836883471
0.02916748771816078
0.99682398772593295
-0.48835334252119889
-0.8725907053882036
0.0098221035674668049
-0.40151204063869428
-0.87230628139415889
0.27905166665412673
0.66387094425589388
0.50557527575038208
-0.55106171153756733
-0.063833079701240497
0.079337931745642506
-0.99480190516613853
-0.87577471961771891
-0.16135748400302624
-0.45495318752012165
0.85146604531715619
0.51428396321189596
-0.10255524781807934
0.28000220693015476
0.8851280836733223
-0.37168136838834792
-0.34150985801242922
-0.81429470454341202
-0.46935610258404825
0.69387210648525433
-0.705366369635956
-0.1449130236669843
-0.49659258727433975
0.51402246938754059
0.69941168365199047
-0.084851820400367234
-0.57871657142470856
-0.81110252035927854
0.67304303170318214
-0.38491600637947032
0.63154789644861375
-0.96681047859278846
-0.062384299976136939
0.24776137229130468
-0.053477203263605784
0.94748122161590165
0.31530861614669181
-0.71309789450203009
-0.17494871953183022
-0.67888462818872586
-0.4840741391382441
0.31474960849793437
-0.81645876305418208
0.48173880629095778
0.87369457634594239
0.067716392232955322
0.41420389432644189
0.030315312286121762
0.90967912791588479
0.63226985782112066
0.38505880896809358
0.6722830806490171
0.2616189840821993
0.96097683957235369
-0.089883374287621359
0.96517007013055167
-0.25995605494823609
-0.029488730388672914
-0.70219307165473621
0.455193992231891
0.54746992570923891
0.1818303187724028
0.17536997938602097
0.96756555617966922
-0.23267837091653598
-0.971293756282117
0.049489541470923604
-0.22744669684660523
-0.1360994386413206
-0.96423282608252125
0.68370210023238454
0.66771247925444477
-0.29446813611273676
0.87150777415959246
-0.45379739114132023
0.18585512468781729
-0.22290150794935851
0.2889496763652738
-0.93103329815979496
0.087712971063091796
-0.89765198786101008
0.43188811444222758
0.79400350354368743
-0.49054703594327531
-0.35905715685335726
0.61332903416210927
-0.21763563572793451
-0.75925109543225022
-0.27658349830474693
0.94787856325459063
0.15820176291028182
0.3691569504626761
-0.23573499353285726
0.89897283537889006
-0.95278276571481757
0.27845095281859411
-0.12112005709724585
0.52428198903404299
-0.84851977457423666
0.071711840939933602
-0.53198818627061251
-0.80574027155560368
-0.26032899274188814
0.17008633111410232
-0.41564245406247752
0.89348306662693111
-0.29651492201122615
-0.41348549873257762
0.86087667140104807
-0.11641279961520579
-0.76981954588251389
-0.62755551695685841
0.2674261120564046
0.07309804431143517
-0.96080172278584031
0.59510102810615328
0.61904597700765607
0.51248106764800205
0.012450390534034701
-0.75723556868274777
0.65302318588030661
-0.49260616360824028
0.72735589824503055
-0.47779971207958727
0.74007863712410404
0.010251104636527111
-0.67244220995284032
0.49050884153389868
0.72595740917075613
-0.48206526160589086
-0.96580406559515042
-0.19742775161727216
-0.16806186292918215
-0.49538286136051629
-0.17351707328736876
-0.85116840046377051
0.49546964569673196
0.84353997718958407
-0.20724414847264319
0.40716116505034516
0.53726409589328206
0.73862512612205378
0.10659477369701437
0.28662462097795949
-0.95209447055936802
0.81092319218141951
0.23552469739216783
-0.53566005385937099
-0.70421995953684458
-0.055160508348293946
0.70783583330365729
0.19317229418093126
-0.40671608077599153
-0.89289780736604607
0.54529384889068377
-0.7666539480297464
0.33896362980766392
0.43808591196335139
-0.43028971810160443
-0.78926009162713939
0.31836885775663587
-0.91166555630458523
0.25982144610979718
0.99350768316196569
0.042320995747458186
0.10560026901995567
-0.73128561499427336
-0.42133649027702064
-0.53637385400808768
0.37381885032393364
-0.18188272299694846
-0.90949334369070989
0.44501942423755503
-0.45536607931245809
0.77110274663165035
0.72654848404909245
-0.55800683140283469
0.40094348284232545
0.93953323936384958
0.21704254404016921
-0.26489587804841858
-0.71506672693302886
0.54025310941374882
-0.44362839607272786
0.91911591106211965
0.0094852095598245371
0.39387304151471958
-0.42186752416174272
0.86678298261807174
-0.26592302100675841
-0.85247475624620928
0.39745822599332664
0.33957878107031914
