0.9545332652115579
0.29075933522170333
0.065766667742822763
0.3468754432945087
-0.91355173473055229
-0.21236914750037664
-0.1484797006730712
-0.658886547343563
0.73744307998496672
0.46564032652721732
0.80487907057116703
0.36789776850114292
-0.75674834628146626
-0.062600780365113101
-0.65070199223449821
0.19362851471799544
0.056197617352608809
0.97946405043370155
0.9999722488090137
-0.0069213325294979668
-0.0027562234778726268
0.16823775609290287
-0.30853140929817019
-0.93621815134150743
0.071462250848814676
-0.2025966505078321
0.97665129084368096
0.71398692130645114
0.42773939343518436
0.55431190453303103
-0.93163788082576859
-0.23811656852502858
-0.27450201967260035
0.54904803005455372
-0.36190107250178871
-0.75337498924192392
-0.49088942569451816
0.26628723548634536
0.82952919174574313
0.49343489944210345
0.084875325323481909
-0.86563166483429566
-0.83490680968604336
0.033436259700255877
0.54937476796548435
-0.61514192126330536
-0.00046659583927093307
0.78841625997490206
0.098858731315387818
0.50328090358424171
0.85844934814474705
0.2851042115882001
0.88587811032396413
-0.36597207842062651
-0.77059713870266855
0.61491342694095785
-0.16751575206823865
0.047392811396417586
0.86350933217339332
-0.50210113988857241
0.71185917402106935
0.13381611104774194
-0.68945613695586105
0.86723548166367803
0.3890881527618652
0.31066546110555598
0.718657866573576
0.68268549645905008
-0.132179361991109
0.71168002229940674
0.38240481964535877
-0.58930306275457001
0.84963259005904679
0.19260941717932159
0.49094406435295429
-0.18881540500610375
0.7726190877469391
-0.6061423001915216
-0.058641977542960799
-0.90670573609052574
-0.41766712416754664
-0.24549674403613514
0.28394455605469571
0.92688016364282944
-0.40746047248161377
-0.61191802670889495
0.67788811167754826
0.52387230566437126
-0.59523224555922116
-0.60930811680497299
-0.94543148205541683
0.10504554890032514
0.30842299751271357
-0.31527512379238626
0.85687550349812081
0.40787984483489464
-0.41019476741640443
0.79364594043988745
-0.44929541952649454
0.019999898276859201
0.27302322336380325
0.96179952358740239
0.50100552852632652
-0.37226246614796199
0.78129003365171223
0.96229455877221681
-0.20070919917690724
0.18358921407084119
0.0020168182112179343
-0.76186843528390524
-0.64772866214361446
-0.62921672064028178
-0.34064234300466578
-0.69860511923330548
0.84550061734067161
-0.36478433727361131
0.3899501164974763
-0.3190980538125251
-0.79692024886496626
0.51292743054164991
-0.6222491918939137
-0.78040079410354946
0.061486126483303441
0.46457466344784687
-0.77723307621542159
-0.42435731090560047
0.22362181777367082
-0.80932582810886056
0.54312520340295967
-0.83384810948787491
0.31756114222601406
0.45150000138605367
0.71474470880739971
0.58469504372667513
-0.38375996022681547
-0.046766466005126836
-0.83242343196265522
0.55216313493106928
0.87803150723707746
-0.46325680792458135
0.12022396687230716
0.72490300482721148
-0.68747954328320116
0.043445496424844451
0.45422828960494538
0.11060667901660888
0.88399254718548548
0.89886504020674551
-0.098865452193211162
0.4269277009714379
0.27806324631779306
0.95434078297960312
-0.10915356608507326
0.95594246279262429
-0.084384553309188912
-0.28116410687138038
0.52160208604268876
0.63458268626504388
0.57029472917830526
0.82911225587446136
-0.53779460470381235
-0.15280651265647063
0.11619065451720427
-0.65320192211845973
0.74821586507077853
0.95550373503776365
-0.28336958469877849
-0.081940776152808148
-0.20393389584784322
0.34320098776711361
-0.91685552194443298
0.58057288071218249
-0.11041866332326088
0.80668633865428907
-0.26800787374415735
-0.75841437580427762
-0.59412070674614903
0.37769499288855701
-0.60342302521633862
0.702301320649246
-0.44175799977553104
0.61392383517538507
-0.65417688298950816
-0.57963681921158106
0.77699888423150099
-0.24554814541609421
-0.37711860432481303
0.91443188998498082
-0.14695535665841186
0.52679103685105633
0.58914347486249297
-0.61269990168135002
0.63057565346893896
-0.52434379807650922
0.57222192082348744
-0.81265019184761389
-0.28693928574329891
-0.5072134777262548
0.52194797378278979
0.35067707099102868
-0.77755765351849848
0.2153528504637274
-0.97507312323341755
0.053437385274508184
0.038689919054215691
0.97194789170921192
-0.23199221100199996
0.72942351432742802
-0.38768366510657426
-0.56359800616730171
0.2566308250419535
0.79418094724792843
0.55083322581945748
0.5191343183372672
0.76131567502477659
-0.38845592090489456
0.96259471085321024
0.099871403591451163
0.25186727731505371
0.18241740724284597
0.92581120442295661
0.33105513634395134
0.48004728003424496
-0.73107257548198412
0.48485822495845315
-0.63705220109283434
0.47042794555873324
0.61062430439687254
-0.64569564884982411
0.16598194291527385
-0.74533691957562098
-0.89889320838865039
0.38817749848187799
0.2032467209701305
-0.90848571018996749
-0.013500959670764092
-0.41769778365296478
-0.31465720729194763
-0.87829492693756317
-0.35998453191070989
-0.19087724678723861
-0.97129086676581189
-0.14198566405183896
-0.83517138249274958
-0.4850463065186249
-0.25926596845284078
0.27186462927617888
-0.70841571765445677
-0.65133462546424403
-0.48085055441325064
-0.22190547399499741
0.84825745203418357
-0.03476263584383589
-0.44738970734042555
0.89366325252582546
0.96502497189656145
0.17903179746634221
-0.19150566339409195
-0.30130164171236967
-0.1545582137817729
-0.94091927350544724
-0.7317358243778711
0.57056859006558691
0.37284603706168795
-0.11250413708482344
0.96193731706336438
0.24903697954266876
-0.64620158220062152
0.61504144030277108
-0.45182689370123391
-0.66057699755076149
0.41539730176796297
-0.62536638220383833
0.51586160507539414
0.84706249247434828
-0.12795287512276854
-0.82739624390382061
0.42681482095106821
-0.36502679927692533
-0.5881390562458545
-0.41763189981124682
0.6925864904676412
0.05731489076433377
0.68684914019376586
-0.72453658424661815
-0.7029851099259804
0.22400698544772252
0.67500578197003702
0.30415663817457467
0.53907097618321898
-0.7854242306494067
-0.0032950094518472231
-0.11216456740107288
-0.9936841815850963
-0.20834156356392267
-0.2103167359585181
0.9551757238683859
-0.055546384387963797
-0.99485217695599804
0.084756977219201127
-0.81698916663101284
-0.57662092864803949
0.0060832764720951124
-0.41049941337151358
0.51368615826992159
0.75340345262251895
-0.16154920540701279
0.52654681284804383
0.83465580217951518
0.032161817891198104
0.71423135793419901
0.69917035464427657
-0.36850979856213995
0.027031242975452268
0.92923077879872928
-0.98392802031395832
0.17210550938577701
0.047595635095215895
0.8307614710207466
-0.13722283568224902
-0.53944904452113707
0.61417588312507432
-0.76529776088503765
-0.19263260827773437
-0.59001421570461898
-0.64386782645110496
0.48715238614584749
-0.11235303737144883
-0.36218771881081424
-0.9253090571998247
-0.76838407968123745
-0.42676225989761418
0.47692754126753772
0.70184177552648008
-0.5973474805201221
-0.38806456890844893
-0.88860866033308983
-0.39753654579766096
0.22877793498564417
-0.19189517293720393
0.91730695064176582
-0.34888995529780686
-0.77854675054434275
0.6180568850863366
0.10895248512181731
0.38445998230561912
0.91286976651191021
0.13732920808791399
0.29862739566047558
0.74388871163560144
-0.59787228005834736
-0.59763544453064421
0.80148373446610566
0.02134710347855262
0.30949208473923057
0.60195929595545361
0.73611117060983355
0.40736356635452547
-0.18565755178909982
-0.89419583888016385
-0.47557328864522586
-0.86703085889368381
-0.14861876346291511
0.29520310951394879
0.28812678720467544
-0.91095448768223708
-0.36943893666090966
0.91884559072061178
0.13869986478777188
-0.14967947974908061
0.98808953326890836
-0.035708928666025021
-0.2015828798222771
0.57670988926917677
-0.79168809905270854
0.87446222638547577
-0.34553977803333719
-0.34046743812239805
0.65576823214536395
-0.11859091195631721
-0.74558984791258587
-0.55031021313553052
-0.11371056555072789
-0.82718110266184197
-0.18479135823122345
0.08138916605979532
-0.97940183661822422
0.57127206471667535
-0.78449155239365731
0.24129076297557711
-0.99246669899996776
-0.034860815517548022
-0.11745030829060742
-0.68211756633031462
-0.69955133366321332
-0.21294026691452253
0.33064012010504973
-0.89771574345364913
0.29117615790510748
-0.037258388527072965
0.86930425698846225
0.49287110005162932
0.080868992465063932
-0.97883969645164304
-0.18797088792720207
0.72890286447236863
-0.28435093903323516
0.62277215547493237
-0.98203751985166832
-0.11601840792313889
0.14880201150039768
-0.44928618678660986
0.38806840250633595
-0.80470170705605437
-0.35315752590825961
-0.93163492291812244
0.085651224706368961
0.76711700683253792
-0.018085964023170455
0.64125220914523218
-0.49090223060964489
-0.81899044520281672
0.29710208792428083
0.34224594991889989
-0.16980399896926321
0.92413976848643209
0.2404712007758876
0.0065780397563905343
-0.97063398404875889
0.87462720920785497
0.11221620387480209
-0.47162990628373841
-0.39385487346468179
-0.38042735974594588
-0.83675167320110444
-0.89732004015178379
-0.18339320826999805
0.40147686944883632
-0.42967284926773447
0.12618418520819685
-0.89412459646600173
0.23733151674343522
-0.42290871978027289
0.87454100298046122
-0.94587810051183718
0.20397838182286765
-0.25240332549521521
0.7333447882965739
-0.59533007018384387
0.32831011104313074
0.071867836267034732
-0.94275276966503585
0.32565661270608115
0.65749980406879838
0.20401484231636338
0.72530817709723994
-0.2407603099301871
0.72503248137070087
0.64526147732509542
0.69646154648944092
0.62387814241135897
0.35456646440813971
0.29721631461344644
0.32180298873306623
0.8989467719337263
0.62414129231366222
0.77093291714316703
0.12692550765767377
-0.69270301136100132
-0.53199113272960807
-0.48697841096753874
-0.49456217208794806
0.68584748991578692
0.5338740286957826
0.87741596195746552
0.46125278123046715
-0.13186015891623318
0.053616000101959126
0.46427918748703506
-0.88406456811674405
-0.73552915683452547
-0.19963865843947465
0.64741120279369491
-0.30744827299457067
-0.43422310880241488
0.84671474016614467
0.32533458117536057
-0.4899025877787434
-0.80879717159442599
-0.73208493906234251
-0.62817148851102489
0.26353789674338951
-0.82102075198045854
0.20963777161556349
-0.53101499934512508
-0.94449024587180108
-0.32772213749131079
-0.023159793849494681
0.050019986516879597
0.20362373192451774
-0.97777061560776268
-0.094877996279037147
0.031886342024933158
0.99497810378638185
-0.47367202443249556
-0.5795328100049677
-0.66315649389700415
0.065727548158021634
-0.56153392669847424
-0.82483909860028304
-0.90914123541592051
0.40988305950265047
-0.073878898199420326
0.85837807427601243
0.35419569007545998
-0.37112328778206982
0.817533877775238
0.56499210656494003
0.11145527447857048
-0.20457373881157967
-0.92763888091516977
0.31246710547368511
-0.52460068838552287
-0.73301600438292358
-0.43299151846650463
0.47466327117641255
-0.88000602746344114
0.016857361125649697
0.50650632433753773
0.41479586466870183
0.75590722582855441
0.20247293609713621
-0.87212054929307747
-0.44543288792919838
-0.20591954944095164
-0.58292437164583377
-0.78600020108098279
-0.56759666427679367
0.77205566463550424
0.28594418582318926
0.09807600988450868
0.99190863205315249
0.080612418048197923
