0.89636271671857237
0.37128025422545669
-0.24224956738698353
0.147845818986757
0.035536105402211027
-0.98837179189866498
-0.14673889824701533
-0.87228478706564916
0.46646215923168644
0.41041716409809664
-0.75951679040831122
0.50467018586551493
-0.55753421233987832
-0.090025161370398191
-0.82525818529160022
-0.5141174662574205
-0.47466216562125813
0.71440818823470054
0.89439739684162212
-0.35931514401934594
-0.26635676038217371
-0.79608135585955586
0.43940321351670142
0.41614815967874635
-0.13044692717463291
-0.29067669010747443
0.94788747276185648
-0.97601550843013607
-0.052637512032161896
-0.21124161434463365
0.54216101876025224
-0.24535928545151345
-0.80365431049647718
0.78797243670128847
0.31972273687678715
-0.52619084990433895
-0.52810564582472974
0.83791807130820328
-0.13783226263537005
-0.69395413020503449
0.66495510428888305
-0.27615643112470589
0.6157596798536813
0.27439595813237533
-0.73861145051177446
-0.99722172449968083
0.065386341193490613
0.035685551294759095
-0.19991079963958755
0.82347248740533052
-0.53096961746783444
0.81164261433854334
0.57776600189387028
-0.086155171900861083
-0.66490326554834578
0.67562985063088776
0.31847755399655747
-0.91084593071501885
-0.29510261262194293
0.28857258796288049
0.17226891344242168
0.30665511369986309
-0.93610152371582622
0.39813893525846944
0.91503396116104663
0.064793812614912405
-0.39473386402012922
-0.84351257209094832
-0.3642412899717038
-0.30849789384561055
-0.25570857908481759
-0.9162107683689632
0.12438854630542585
-0.5508315415980275
-0.82529516073266984
-0.32823151327645256
-0.52169704668142525
-0.78746191347653682
-0.54050293480832723
0.42582236720404737
-0.7256251711816003
-0.1104247874957632
0.98524228492825217
0.13078228586422763
0.88956070707702506
-0.14318962171246744
-0.43379543641959145
0.6448843911440314
-0.59146534655700989
0.48403808308953145
0.36579280608543868
-0.64215601162321334
-0.67367000805461719
0.094582577382791327
0.78423602118283053
-0.61321121902241094
0.34240500151254805
0.66906718393142139
-0.65962710551134074
0.73346051574084514
0.38045871722166819
0.56328219955828196
0.5123330053287819
0.72489912996810801
-0.4604738244702497
-0.62675334185536413
-0.72830659477977999
0.27703745680577985
-0.09172734037227237
-0.41334034037279227
-0.90594473233676553
0.85146034409445381
0.40507846996158553
0.3330566252278056
0.12535909309516907
-0.7572199458367791
-0.64101720055338773
0.12471055312852429
0.8111100561916933
0.57144357086512565
0.58775001246087155
-0.66017066063894114
-0.4676800419985756
-0.38241150443549143
-0.7067929044393908
-0.59515143577875573
-0.40254824648318105
0.66812295451928816
-0.62575284809398468
0.76333883160790938
0.61652166442793765
0.19291154825587123
0.27796777287170377
0.8587224634819971
-0.43049930076151699
-0.38895566146352756
-0.28751828937206192
0.87524095350482367
0.65306354665801236
0.61245997750112469
0.44542202458542596
-0.2558368071489619
-0.94354696440942298
0.21039642121858382
-0.59056471179852554
-0.52960126736600965
-0.60889721528566765
0.13928840055640515
-0.27052784851887302
-0.95258250280287449
-0.28676723179088359
0.90724151259290842
0.30769691678521155
0.80799383691040316
-0.36868399707295663
0.45958467099884104
-0.10483067068233881
0.66893722560564384
-0.73588961039228917
-0.33158741988573381
0.94341390268842762
-0.0044711506027105899
0.11013309686233599
-0.89904120920327324
-0.4237872168079489
0.066197052294719547
0.44898632071479716
0.89108318022420308
0.68541795059877975
-0.72790771645238472
0.018777362062958988
0.79149118692713316
0.063070540867335989
-0.60791759959009228
-0.95750480926209836
-0.029806445736607731
0.2868729963459497
0.6497347643048107
0.72370183205894789
-0.23259491466559307
0.92627748809453714
-0.10086392836033838
0.36309293989968361
-0.32285459718115006
0.21752925278673269
0.92111124912305964
0.14431249638712551
0.56617155498719962
-0.8115563281189373
0.62676833147817346
0.77868032703823276
0.028607812564008094
0.46612138676816184
-0.8837205874372126
0.042056820338129262
0.74357837902226376
0.54028353411732055
-0.39393514315470868
0.49371875336096577
0.56335588693566696
0.66247410306714771
0.59262311619139008
-0.10129025303359235
0.79908580690436304
0.23334261904845027
0.63052696934666663
0.74026141535414192
-0.88871102017540693
0.11291063742364055
-0.44434661085168031
0.7112782490236137
0.11532367316414689
0.69338568118604171
0.33969191090552742
-0.91784598686209429
-0.20534884968389636
-0.59018830751661344
-0.62213866669389917
0.51441349231431766
-0.74286164941765276
0.28698248082536959
-0.6048120580178612
-0.069052740060402407
0.98858677822091745
-0.13389511199792534
-0.14445880189059476
-0.83222577242073126
-0.53528676265628983
0.19969684929494202
0.18491451837638023
0.96225141687362792
-0.1510636875396848
-0.94448216882671698
-0.29177593299532695
-0.7560250630822366
0.0089878054512272099
-0.65448095720553312
-0.33596375827923536
0.2690548077875824
-0.90262830862391996
0.86722453107768249
0.14304894346101707
0.47692621281680497
-0.23645070449691905
-0.037356290257212682
0.97092511138662474
0.7768705873457149
-0.5784049828071044
0.2488368268183736
-0.70400544849855784
0.70992353006179254
0.019619122022849756
0.32703736039193659
0.40001125036842711
0.85617612936040344
0.98240442045312526
0.17225609487659699
-0.072176121065236382
0.13772255100935965
-0.28543755249092606
0.94845026362559692
-0.74845332292232414
-0.40091674996030058
0.52828343056336802
0.31041866710662935
-0.079651799130263143
0.94725700947897773
0.43348845003598424
-0.30304609038330421
0.8486759280130397
0.43959312967324399
0.875069049914456
-0.20251429141147997
-0.61694024142062753
-0.67957151589084086
-0.39694746920176011
-0.64419174314441874
-0.24002354570563081
0.72622702756882596
-0.85635568171985343
0.13653639102219595
0.49800879541706827
-0.27934373305138621
0.91714285477663715
-0.28428166092288792
0.76287639564390719
-0.43274991307124283
-0.48036144485813237
-0.94502234425178788
0.32608043223265787
0.024582932693605022
0.14735315264678886
0.98482310911197091
0.091708735484048273
-0.97877152607612838
-0.20165944358171145
0.036602849027385725
0.32185578169628543
-0.90058831622722857
0.29214643667804413
0.91686401852234323
0.39396408089559731
0.064441248460497161
-0.32240607486957951
0.65517124560257667
0.68323126525559341
0.97905708476689413
-0.067686826499864183
-0.19200447465131606
0.56383834364987873
0.32971700078988037
0.75721398667766793
0.91485203910325386
-0.33614744703352606
0.22372000447313956
-0.070741273838619709
-0.72913959624145297
0.68069899468747586
0.27821405951788536
0.9036844993780565
0.32550155555758858
-0.84774487222435746
0.51399174770354428
-0.13092408071078318
0.20837960510462147
-0.97609593237628456
0.061763022715163582
0.85335825106598784
-0.52125520972622241
-0.0085265274801853766
0.20167659383560607
-0.70269191493531258
0.68231270263964128
-0.51383053725295691
0.84087254094044872
0.17003396389748482
0.95852125856630799
0.17339475965622417
0.22621064121791698
-0.52178666980963229
-0.34437370831623987
-0.78047768720796584
-0.40665193544587819
-0.82278492997571862
0.39706317180389977
-0.045671847346777324
0.66520719989280586
0.74526066820321701
0.40111816833677783
0.1678293868668963
-0.9005206893425769
0.57449268004980525
-0.47378655706347655
-0.66744622174009571
-0.068305420569210656
0.41984822286581885
-0.90502035296300221
-0.88901286251968659
-0.45632111276307802
0.037777934316464187
-0.0026807857101282841
-0.52688468966479185
0.84993254860889533
-0.79650305697114232
-0.52967902439037218
0.29158705622247511
-0.47730831233691412
0.7805196911705683
-0.40369021126240784
0.9932194990909331
-0.053017499646623376
0.10346096537717096
-0.83446124519697784
0.52587636072439792
0.16470726606793068
-0.70556494493632937
0.32147892855973259
0.6315294189260553
-0.49288927680613331
-0.86439012480282706
0.099447840363076037
-0.88335036766685027
-0.16417612779857027
-0.43901973418504536
0.087443341564714935
-0.98063749751761675
-0.1752248854426299
-0.33953632322140825
-0.7014387423477827
0.62665682470300144
-0.25965987562790793
-0.52365720970751461
0.81139378584645283
0.0055604053555314455
0.92149103929862641
-0.38835981561513211
0.13025968450265268
-0.86260246682853847
0.48882450717470127
-0.20197323009782284
0.46321311378853103
0.86292550404897961
-0.44483117101011893
0.76760964619887795
0.46141159538984244
0.74057593957529189
-0.21053757739612217
-0.63813886124130159
0.92055433597716507
0.13446707596167073
-0.36674012596927436
-0.09405703279294636
-0.99550202317402303
0.011357659909220405
-0.55725709663964784
0.19752330935515802
0.80650422844901248
0.96011848452575388
-0.27824438560793557
-0.027432782389548205
-0.06712863266320572
0.22023721813278505
0.97313375978120309
-0.7880723032507928
-0.43718176997895503
-0.43337529330484287
-0.78897135522028594
-0.57958892467400047
-0.20396293544931493
0.6033590972406806
0.013531735354078431
-0.79735480930086444
-0.11449217248061615
-0.66194095538271625
-0.74076022708274891
-0.16296742358575228
0.82297780502493767
0.54419587584449547
-0.33737885084450681
-0.93621124731941052
-0.098407374700647976
0.025814139939857126
-0.9646024726852005
0.26244180282257362
0.35762194969428512
-0.10735996579672552
-0.92767471607292618
-0.45949557585277501
0.44233719138763983
0.77019583541267034
0.34400259033209368
-0.41305714750781547
-0.84323544205489631
-0.33223113423044437
0.010533297962374696
-0.94313918542386321
0.58585890581328104
0.51706392696249825
-0.62403063860149166
-0.59177228030199891
0.56979072858883972
0.57021407723798945
-0.081413006434977273
-0.12182304671476693
-0.98920729256933304
-0.090640730088980992
0.16065812097422569
-0.9828393694871852
0.25714358430931372
-0.49421675829727651
0.83043781998816146
-0.48947717241785443
-0.047917042367800249
0.87069860154507228
0.46000948368020905
0.12401633303994485
0.87921056867146041
-0.29919529683738477
0.50887336625663437
-0.80717412710333469
-0.719088459034806
0.015597100040974369
0.6947434911917203
0.010620434401052294
0.93221501829490716
0.36174903737060476
0.757785952012763
-0.60305476571713612
-0.24916942123374738
0.53591232558735313
0.79430630772466637
0.28613889772689433
-0.84340103769032104
-0.14992620183569588
0.51594265536589623
0.56770469298428194
-0.79222972360792598
-0.22379331222297807
0.39262013715411404
0.4341887326858701
-0.81075863998462749
-0.82911516903775639
0.40874806488082255
-0.38143552001311515
-0.73133306365876272
-0.68101819465163649
0.036961717396702329
-0.72777715280724453
-0.26033762811361744
-0.63447989348753708
0.64696892269604278
-0.35456052377804348
0.67506892095826876
-0.57081068199623874
0.1704086453540658
-0.80320362231975839
-0.92077278847422905
-0.328363069060079
-0.21060666390890451
0.39209794963529626
0.75793792914759728
0.52133414759753505
0.46904518352439462
-0.55952191830699249
0.68332410958975409
0.57382449861963725
-0.77103286264847781
0.2761046350571022
-0.6450502738263405
0.56096805278953454
-0.51886895068608707
0.19507669240944039
0.96472425335200829
-0.17678291510494645
0.79354384836158354
-0.12638271112176808
0.59524412727636367
0.030730794254543618
-0.038776787261227762
0.99877523950795988
-0.58199599922240985
-0.79780449439519197
-0.15744410313486171
-0.92940832566672094
0.24837386128183261
0.27296627852783489
0.36592115896098953
-0.81123599485825626
-0.45606783055920697
-0.94961935672429321
0.22597817940408646
-0.21715648681942226
