0.57914959958942536
-0.65721669078101819
0.48234009024158037
-0.97783906699280831
-0.17125557796741508
0.12042543783470706
0.8415394494352969
0.028445644001489134
0.53944619785616976
-0.16205293196487627
-0.14580871344699115
-0.97595013516291917
0.071405128969770706
0.27184764095697278
-0.95968753647368954
-0.80156599349094626
-0.59500195978472803
-0.058861073140108695
0.30409178617753047
0.1397659267530654
-0.94233416116482571
0.31939966022247551
0.8538915876492027
0.41091728315038212
0.22731607241154017
-0.82786460291600605
-0.51280366853418158
0.73492624067350254
-0.10009407069663694
-0.67071946280161687
0.5144619852210901
0.2675787111075314
0.81469656874471186
-0.51695055528759881
0.84469517157352669
-0.13875226307420535
0.04568782740898273
0.94108939084805465
0.33505727996849205
-0.49061308197461895
0.56660904343319363
-0.66200679429677101
0.66513392637550783
0.74665024341417641
-0.010501142502204184
-0.55949030012069945
0.15289491610691316
-0.81461263720832955
-0.92268564023466104
0.28128301340972056
0.2636874583136265
-0.17380118290100993
0.37211404753785327
-0.91176986375247449
0.84263585304142996
0.37573168407377477
-0.38573374334147453
-0.49375276186490269
-0.062794220135426571
0.86733217170145616
0.49636731346484414
0.84302885956947426
0.20717584815003076
-0.47887852458055802
0.20626708236087202
0.85330489828072642
0.88723665938259355
-0.11593716373111519
-0.44650832502160598
-0.23053019243548192
0.94275354538739276
0.24098046193656569
0.18667733992571578
0.97895366015516305
-0.08247000683320091
-0.026862294340083543
0.99653919038694183
0.07866421782313289
0.067351129744623414
-0.94241762832809639
-0.32758638423867487
0.31097125489607463
-0.14166467151536538
-0.93980210654839691
-0.54807929301107805
-0.61562401722243321
-0.56622977490713955
-0.59224691264902751
-0.36742179712338185
-0.71710865108177257
-0.64893333810107634
0.3609447888985296
0.66977935327090365
-0.069971178078438848
-0.839523112663349
-0.53879957084462982
0.328868300491301
-0.62225639437899538
-0.71038202439702514
0.68676383661347662
-0.57013829010823225
-0.45088553189517977
0.5741732171419951
-0.22012638531657988
0.78858702196033381
0.92984239965489068
0.34349468204761258
-0.13192617332828166
0.29702409523062595
-0.93722173768901551
0.18273505754400385
0.69364567400784827
0.38177508413980266
-0.61082195774238879
0.34845602053338909
-0.20839231296981059
0.91386598888957837
0.44222213851391973
0.89553196998739792
-0.049619259755318029
-0.23687655468469598
0.29211913875503748
0.92658291944850968
-0.69145252590054918
0.67885228196335679
-0.24708901978617648
0.95101590238690248
0.12405074915555683
-0.28316102316733244
-0.16851444726024545
0.8610371048388239
0.47981036374316716
-0.38303589877665056
-0.91536102103336259
-0.124087474876086
0.07936474946653034
-0.26831037894314541
-0.96005769466918012
-0.097099344521037148
-0.98832015339239954
-0.11745208253585222
-0.95573719923615463
0.19015854959855599
-0.22451309986458401
-0.85631710171036823
0.43487443666320025
-0.2785771807869753
0.13578957850035411
-0.76987975145021037
0.62357546349873194
-0.94131671524329064
-0.32733281122063557
-0.08231690167867893
-0.42400029620646906
0.80364014079197721
0.41759582484105068
0.044253959865979506
0.38503741103128408
0.92183934562509673
-0.68324729918301497
-0.14954724190997037
0.71470885722525956
-0.47667715169347324
0.86404296726191543
0.16189083908184021
-0.74047783919853849
-0.43353216973631914
-0.51355859204143661
-0.10771393159448069
-0.6599614598542678
0.74353788097680884
-0.57440288655038807
0.59690371121345498
0.56014934032112029
0.89500241137517411
-0.3869569882320244
0.22188955110825917
0.35428492522938387
-0.88795151955343388
-0.29329897831045632
0.19354222160327422
-0.97661480458216376
-0.093621215158804671
-0.65058462295562003
0.35429859175308837
-0.6717232735699068
0.37496818820128458
-0.44523399199318747
0.81312087060341554
-0.11699680767429115
-0.82895349405133234
0.54694410289728213
0.13590204278846676
-0.57221465853043552
0.80876512000012624
-0.84531751208384132
-0.069382030928451813
0.52973997163573405
0.12316788044688724
-0.33357653572429108
0.9346423744087371
-0.88137816820453252
-0.44713958828078398
0.15244249146649955
-0.075761056027925447
-0.15698048342240767
0.9846915203321297
-0.15436321934065295
-0.63953535508329173
-0.7531045917489001
-0.7563361182461541
0.082177792292500537
-0.64900114536899722
0.041893653971563388
-0.9923967256507874
0.11573098407300796
0.31545889412838629
0.45081738535719401
0.83501459339043826
-0.83735606904962601
0.20088562494336701
0.50840906691056464
-0.90371555084555455
-0.22837850666817364
-0.36213458941660182
0.087944066607017243
-0.71092085601668997
-0.69775165899417047
0.83911569588187296
0.54331927234869892
0.026249137493646619
-0.16924735548998548
0.52481632416594715
0.83422008999339614
-0.51674938479786992
0.73993237760615227
-0.43066245469175679
0.77344593754467317
-0.43971934669771406
0.45653945923148531
0.78299211846612904
0.58020873206708046
-0.22423463080673844
0.65759486013982027
-0.75336863421723965
0.0021681548240652907
-0.35545137932773169
-0.86062547450146532
0.36466163710094412
-0.95052751831320637
0.019294518313240017
0.31004057555809877
-0.24811486130472324
0.58389583060908246
-0.77298426542657883
0.44513369522352836
0.030886910364595815
0.89493127788941229
0.027440264166359488
0.53412206603442747
-0.84496192250159707
0.97241178474963563
-0.13049088136912113
-0.19335834804719038
-0.57056851996367708
-0.72022411783380802
0.39462486505157257
0.87085705850053707
0.25623122093457779
0.41946816932655073
0.33260611794614159
-0.39454159312706855
-0.8565687956011192
0.12875259592333116
-0.91045381302267647
0.39306058489178614
0.47425603076339878
-0.72249873828354916
-0.50306738163314213
0.55168483311878258
-0.2576922272565198
-0.79324558676255819
0.71684947139379296
0.27429343741837448
0.64100697777142168
-0.35800234510698731
-0.71884082984082343
0.59590450766180147
-0.74599139308285178
-0.35145980266574323
0.56566142572784905
0.49329486428030711
0.29335988695085208
-0.81890179728881818
-0.39176105469784295
-0.26503647522620227
-0.88106693435953243
0.48550599748850315
0.53327354353251044
-0.69275049922102072
0.59619966222648524
-0.45755141333659827
0.6596913421553342
-0.42625267178766169
0.46045396423918816
0.77864677910481095
0.99683422236856822
0.076886209519991741
-0.02024954074787606
-0.34500775979955423
0.68094043912735314
0.64597969320957815
-0.8408137490872607
-0.46492404613775501
-0.27726858940154664
-0.78173037106652132
-0.17976921420074732
-0.59714374867182907
0.90510799314154411
-0.18415978538799715
0.38322929715397969
-0.77261660094857876
0.45253300115177097
0.44528358470443963
0.86810406960769415
-0.36273708421593992
-0.338846767824452
0.18051808667818409
0.82110968124897865
-0.54147217079112053
-0.76091211983317508
-0.52829722096742338
0.37671579766327984
0.54879984622678923
-0.49437555618202916
-0.6741005401504746
-0.70760607804138231
-0.68742738533546888
0.1635152231742773
0.25322364158580513
0.21432865523752681
0.94336685063982251
-0.11207778911435086
-0.43397179338487435
0.8939278783736162
0.82624726495045642
-0.56161130697016459
0.043682914796906683
0.11576157927554147
0.60822774713978922
0.78527591607847569
-0.11554902237953635
-0.94222029474025215
0.31443495290238616
-0.093081931190197045
0.72242681358845806
0.685153452223902
-0.024515647771660209
0.13585837531995323
0.99042490117613591
-0.61310775086256508
-0.78379682735182199
-0.098799895068086813
0.089260146364765924
-0.5065522980420164
-0.85757646633947049
0.71045869805607365
0.50075737340248561
0.49445979749572394
0.58847596555450798
-0.76575955298117959
-0.25943851869518836
-0.4682352183041576
-0.80754177357395862
-0.35865312527940346
0.76128901569674867
-0.22070076344120568
0.60969681612744586
0.67976543940329404
0.14642601615099715
-0.71866429519421271
0.25135507985055994
0.95331499134471764
0.1673653223064428
-0.82617605267081518
0.52629793494644062
0.20110597620255471
0.16658581579066134
-0.03909551706101657
0.9852515955445551
0.53155529150249536
-0.81421566993296512
0.23345623767916324
0.65773110801770807
0.59320357517864042
-0.46421903013671995
-0.2568208448026883
-0.96145272793163528
0.098243094554529717
0.10701980281767384
0.93984467386920101
-0.3244052262288043
-0.31448446485456627
-0.26062049553439892
0.91278501229618225
-0.38454537874022571
-0.52175770293981416
-0.76150755157943451
0.7839164427762132
-0.58405922962039236
-0.21059398623968822
0.37352272973425893
-0.65346912600806684
0.65837593495367142
-0.38441301465228017
0.011660059323444615
-0.92308757828416244
-0.41186836823131107
0.35203951622609791
-0.84049546475026982
0.84048074205135392
0.46764106985540838
0.27368586376591414
0.24422944759064602
0.64735760143063714
-0.72199730802790418
0.36568128441564329
-0.81864729899052924
0.44282479388990459
-0.32079745508193019
-0.75183373890177241
-0.57605123197675634
0.53387531582399694
0.70448526323408933
0.46762983335093533
-0.3039060423609608
0.75703234151833387
-0.57839705333945712
-0.26990628337781436
0.025359358047786554
0.96255259656424963
0.72616671381622611
-0.63186719283863513
0.27097187005216272
-0.69630708244495154
0.53493583550008117
-0.47853954782737618
-0.90442397310258804
0.024160860456111672
-0.42595014931251013
-0.1627596234193355
-0.40823264707660362
-0.89825130717702006
-0.89527715276204356
-0.26893356789121009
0.35518101836048704
0.93087479650320926
-0.35745076575819662
-0.075505385860795096
-0.30308102691000932
0.95270681472725061
-0.022172422047007131
0.43692176483320488
0.73448214442103077
-0.51926423999898319
-0.035149914752881734
0.73260939184943374
-0.67974109958635565
0.69127376312506628
0.67772613768209566
0.25065487571044553
0.95031455725497205
0.28280541908123408
0.13008972752517381
0.5876283019497397
0.76414196055568628
-0.26604518951820505
-0.10400071589682922
0.87999623531261018
-0.46345493516476888
0.072552600539044304
0.0012933272443362938
-0.99736374881968759
-0.60186470298132211
-0.11261979133433993
-0.79061726638431995
-0.22169288858806666
-0.91297067597694181
-0.34254460724945712
0.33558010209862815
0.68259172642305721
0.64919529426380185
-0.64907906453723019
0.6899973629425552
0.32031235866228125
-0.94081969617096783
0.33890589345161215
-0.0010462698180569096
0.74488316176679692
-0.33811386251655018
-0.57517657401048516
0.96165004443716706
0.050951715448796668
0.26950531483965157
0.11563498807498428
0.81670174393455719
0.56535547312036449
0.66880653855199779
0.028435808600488943
0.74289246784398844
0.8435843103880738
0.13923858280581336
-0.51863101365547615
-0.8247207998354632
0.56270379846537988
-0.056568874050902787
0.35932412310362816
0.88123026726998033
-0.30711462127858352
0.51671830919852113
-0.0027338786444151175
-0.85615110514825543
-0.34000274209257242
-0.52545619754490136
0.77993199692741499
-0.67673826499896839
-0.65863986559172782
-0.32896633283589505
0.53151066407724523
0.5032949128158678
0.6813153782983572
-0.69006872115019235
0.10908754359750659
0.71547541391860559
-0.67255865202482301
0.73813759600201545
0.053082473142444589
0.27376980653104549
0.42087763942804485
-0.86481911730802441
0.44444736155380171
-0.89507527935701436
-0.036149510257080943
-0.98472233904051487
-0.070812597225273083
-0.15908328343603162
-0.10344260193318688
0.97806271382704046
-0.18081193524371422
-0.52856276100653277
-0.34791069061914248
0.7743252282019889
-0.3262301536931061
0.89170003017682609
-0.31375937118119684
0.98181541036332931
-0.16031657842401767
0.10167150365517044
-0.9945260515149833
0.090913941133413861
0.051503283056586142
-0.57240050595540581
-0.55425984355218727
0.60427947723507891
-0.17450138293525913
0.13086219775347341
-0.97592230866642904
-0.83066749197685541
0.27878622604301534
-0.48194372901986554
-0.50153309257571765
-0.85413250198675639
0.13755808264613323
