-0.52280994875509479
-0.16208929648798692
-0.83689713671796295
0.91647085051910027
-0.34090461463369715
0.20944026325004295
0.88982608957699216
0.22863213055734258
-0.39488843891019293
0.79947336814666425
-0.59158142801204028
0.1042772633677318
0.39719545624906633
0.74550840510679661
0.53521302997051257
-0.92243828223539648
-0.25153308302557981
-0.29298246297390834
0.24649200123590204
-0.69765613717073904
-0.67269428984845925
-0.4801798948051258
-0.39662465825664012
0.78237852033893518
0.94827981200558398
-0.18864073348741686
-0.25530388131006498
0.5114267339322992
-0.010957821320819997
0.85925701741169525
0.62658835949172709
0.61608447926630605
0.47731220616765163
-0.075165141272756114
0.99505649352342362
-0.064905902923503844
-0.027709794075139134
-0.33105071901114747
-0.9432060160720539
-0.28494418297245322
-0.25444804090146189
-0.92415529380703598
-0.30452013443303583
-0.9169540110960861
-0.25780385811636847
0.47252434814345534
0.76488209560218601
-0.43780831449255386
-0.72149816531171429
-0.055296019165773695
-0.69020485923836317
0.57261104755468639
0.055831288689256145
-0.81792386896435643
-0.058112422467248501
-0.74102737963604626
0.66895543123942347
0.096839938957418964
-0.84648044236481668
-0.52353881128010693
-0.022500729107554997
-0.51513474607777487
0.85681381324825445
-0.13737626171590742
0.21780672356875405
-0.96627531991933169
0.001150981500770878
0.51978047394164406
0.854299089400536
-0.52681244474135502
-0.83595072689856265
-0.15380191891976286
0.90986265436042524
0.39173396244053182
0.13672765949449139
0.75967209708124717
0.12964401107647966
-0.63725248944839918
0.032949834514115726
-0.2759776193436605
0.96059911619098326
-0.38682670230447291
0.52175904830643904
-0.76035031261557706
0.11785821275938867
0.13132567317166566
-0.98430839133432746
0.81035695074074332
0.44402348334113095
0.38231499921893342
-0.73251276282404931
0.64280939605388843
0.22410071986656652
0.20738219687726436
0.96694580759137161
-0.14835238319565203
0.9161484405963406
-0.39858158702992863
-0.042482387804789558
0.93525793475316055
0.18212402450180279
0.3035184264266661
0.39643546214830272
0.91549220122697927
0.068650956612722497
0.053716254880717546
0.81589459304559864
-0.5757000755606575
-0.2914302032492484
-0.78810238443808944
0.54218361122141945
-0.37785201022859549
0.29211966946615664
-0.87857495814369357
0.2502415715081327
-0.41164178667435652
0.87631626445746369
0.10070311549700098
0.38082795923918528
-0.91914577080619542
0.71513869108240469
-0.13244693364355264
-0.68631950452057333
0.62527015494340199
-0.74048011277335357
0.24642734410818881
-0.51864030724581445
0.54605500438121279
0.65790285292754347
-0.83471470870631481
-0.42625388481627541
0.34865309513664938
-0.065319137669412317
-0.98355518199392922
0.16838234535429555
0.45232564546497273
0.87107222719096034
-0.1914018951611392
-0.96853775110832485
0.23571704897056964
-0.079825418900465198
0.3553317410745741
0.23058068512811999
-0.90585423851233304
-0.91032078338724498
0.23614733052022033
-0.33992721224021799
0.12397231631845211
-0.12651784004375699
-0.98418702538557179
-0.66783631242363917
-0.67328338907037577
-0.31730763906704873
-0.46760570861072137
0.802241659999682
-0.37115120939533508
0.097112019767716162
0.61436598590742653
-0.78302215228985073
-0.85603995421616086
0.42673027787686291
0.29171367250906916
-0.57093901842275796
-0.58306604120681738
-0.57798151253640251
0.62927867431522799
-0.41066462006098919
-0.65982036940536526
-0.20835178756380068
0.358649139513736
0.90992325354670733
0.14935242152621175
-0.83758923528614904
0.52548846525591864
-0.14053881405861657
0.68744938644326459
-0.71250416337153899
0.51466870461758496
0.55750042206599615
-0.6513903621358651
-0.72710307652686768
-0.68441846077984758
-0.053781843115574296
-0.89292797244967959
0.0030558880527782658
-0.45018917975126066
0.11656181389711166
-0.53354355788672514
-0.8377019848243108
0.2449704384872628
0.88213599406941567
-0.40227549295790049
0.65764739865957977
0.40101748988429847
0.63771848949452947
0.59158603019711209
-0.63735152078305835
0.4937701973905923
-0.78975058564732614
0.033214009575166549
0.6125282377471637
0.97675483940851127
0.063218224931695252
-0.2048253883885951
-0.76924704562348456
-0.46722974288812291
-0.43583867446595365
-0.71080567762423463
0.50447071954954958
0.49016791181625924
0.88445913632815187
-0.031565109089509678
-0.46554879449293735
0.95966190530688389
-0.084525956603293123
0.26814993970362833
0.40532931592523902
-0.83693196156438754
0.36776764045190868
-0.77609926012862374
0.19343745333684642
-0.60020987169019324
-0.0029334976889612233
0.94835943558223001
-0.3171841350595313
-0.99739360998521531
-0.0131051020490855
0.070952399966056262
0.84315946597495239
-0.27599394729769328
0.4614211265122905
-0.36150553226517884
0.027610193742846685
-0.93196106535796464
-0.20311826878038253
-0.82597773854452061
-0.52583623336219432
0.49316673602682254
-0.6574974667380491
-0.56963466512291738
-0.14652761317854412
0.86685660753620819
0.47653885523324885
-0.85397357229168436
-0.4877172265272382
-0.18127615611535278
-0.26182205271746684
-0.59510937242640705
0.75979868883873436
-0.9807694141230775
-0.0078118923884547007
-0.19501366787481042
0.68816884872515582
0.11253899837082011
0.71676956512535173
-0.12397147671068859
0.12651673656008175
0.98418727299856801
-0.14581513134979732
0.46981275199013611
-0.87063995172338382
0.2996495766003619
-0.15781267432878129
0.94090663249039841
0.672595115210048
-0.41130325170501614
0.61517919839056856
0.66870328156136738
0.71136094888973656
-0.21633659335339511
0.99124352873676458
0.11786381950502674
0.05953475278501915
0.20479470097957991
0.64489340727529909
0.73632304303446861
0.13922283905255306
0.81888083904460318
0.55682238867681455
-0.33410235801595184
-0.65925546294419091
-0.67361550527464953
-0.85045998635413433
0.23908280281989688
0.4685693385255888
-0.067231664530596688
-0.99368321024937278
-0.089853107642117458
-0.68709331485424285
0.65825856780620029
-0.30756858518440811
-0.36708939945714641
0.71683253803292568
-0.59278704879869448
-0.87532847379469481
-0.47558669251611219
0.087277493466730777
0.576754416376972
-0.7567738064223053
-0.30764874305407747
0.36059448220335144
-0.038195256433914332
-0.93194031020792556
-0.53972981444946322
0.83253130276717457
-0.12483331809713002
0.41369963671230237
-0.90273597438112196
0.11798462248223403
0.079018621722266785
0.28307958566577196
0.9558357628800086
-0.28081187835254245
0.93236053358710047
-0.2277027105356767
-0.65911660747950229
-0.17088209191130624
0.73236917494439058
-0.14763571525324931
0.96981807021396538
0.19405310167096471
0.81943877259656828
0.57157148748777975
-0.042733273411202602
-0.5788770184728903
0.12680000280826645
-0.80549559699092121
0.51227433565462588
-0.23377914561136465
-0.82639113990097457
0.061486654864931621
0.9378373870847484
0.34158516750522488
0.66716684035710649
0.59591128427404993
-0.44696548905118799
-0.12212677877036054
-0.049668779264032667
-0.99127093282996859
0.36708876786158051
-0.71683188117624019
0.59278823422804139
0.83209288483331145
0.47090152163480126
-0.29304127342715108
0.75103132307966769
0.62631810481350247
0.20899182600289912
-0.043775980837031235
-0.70625454792883935
-0.70660326706829402
0.73689446530058444
0.37581040407824301
-0.56191911090112712
0.94137159722980079
0.31643297948569432
-0.1170029291206842
0.27909373695195905
0.41860857707647714
0.86421845918274498
-0.53564537782569877
-0.83690386842185427
0.11258749590651759
0.50131451552631845
0.2784805566792502
0.81922666953305867
-0.061486613914395291
-0.93783749238791991
-0.34158488576176804
-0.95847802401656423
0.21340300949901533
0.18915346418732554
0.18230773884458445
-0.98315626406599799
0.012947925902030553
-0.85461406246742599
0.47110822244585199
-0.2183846308164388
-0.44136717382570495
-0.1501432636579238
0.88467622226849585
0.27062847326723233
-0.3239595619924111
-0.90653760630805169
-0.64505917432819271
-0.3459487612951756
-0.68133553861028273
0.61759662662125503
-0.78633175029171754
-0.016024520873034038
-0.34704682811410326
0.73889214308005102
0.57757847950777164
0.30644127654762071
0.13805802331881215
0.94182467913363088
-0.66716782877146197
-0.59591179680485551
0.44696333035404806
0.77674675366026047
-0.51730723903151477
0.35924601754763813
0.32927213656854665
0.47926776408924437
-0.81356147302123449
0.31471835909278967
0.89219162088000825
0.32395441975908501
0.18082239655965107
-0.9501280830735378
-0.25408637637116371
0.81359170450693563
-0.28811795566935694
-0.50503126831752676
0.69821839761350835
-0.55953908070344693
-0.44655020591145878
-0.42901334943698238
-0.43525977195108395
-0.7915153042904175
-0.8174217988150948
-0.23107590900403113
-0.52766042783200573
-0.46101976553933094
0.34166230508194362
0.81897963654058781
0.70716521060385462
-0.15452028660207598
0.68995713340758946
-0.84104881726944247
-0.20347952049139623
0.50123145522828405
-0.94667642458537637
-0.22607761368691204
0.22954881773574731
-0.2427672270847141
-0.3642192431066541
0.8991153521125167
-0.59855378625080968
0.084635347336362729
0.79659916077414572
0.17740660812815134
-0.63841512484911811
0.74896797245032409
-0.58896532838982918
0.59270447668637305
-0.5493826037203885
0.50716064317308229
-0.27775661280358044
0.81586723555989638
-0.72001213347418425
-0.66339047150080155
0.20370471268946555
-0.18805662524301808
-0.12311933406994914
0.97441076311809049
-0.19046275769322402
0.86079738963196228
-0.47196588005351814
-0.17525925492124231
-0.51568804567931992
-0.83865966464823771
-0.60366059327126553
0.37238874427116397
-0.70492589062363797
-0.31311689916047664
-0.94966023730431659
0.010160764894294266
-0.93323666995677668
0.0064110027240332863
0.35920497893550773
0.45448806400327058
0.54670181976418952
0.7032479789840016
-0.77144245012967561
0.42695293871446144
-0.47179204556775683
0.09156196468694705
-0.014669715528839436
0.99569132067572497
-0.37341325732119701
0.10760435245217001
0.92140319219662059
-0.08026223098286199
-0.90139301337685662
0.42549807251389948
0.54745089337644837
0.78583835349879094
0.2876727333475278
-0.68720696918832269
-0.39618790172896162
0.60891849045878244
-0.27602613216982452
0.56844973922900899
0.77503191439439334
-0.45284436142428652
-0.7785252497627102
-0.43454622286718825
0.62326872134579414
0.78149836253839589
0.028220743111850837
0.98964543853139808
-0.1433776760855206
0.00668939416631463
0.41260898483097075
-0.8980842164563696
-0.15231075401528496
0.40205668849297033
-0.49824607661214615
-0.7681804907563522
-0.9653004223781102
-0.25833120736062654
-0.038211017524307285
0.34876955415163979
-0.83272335345978232
-0.43003675970730776
-0.55872844151368284
0.81668829586487202
0.14437020482434168
0.85604023129138795
-0.42673107137555938
-0.29171169865683189
0.85974144106244577
-0.022744506702914814
0.51022283556766657
-0.50161424009165123
-0.77988287490682473
0.37438730689533434
0.13743003380081723
0.98547590724226608
0.099750799768918277
0.81742226119148964
0.23107776696369176
0.52765889789111498
-0.73765065993296608
0.67380347246625638
-0.043132173523654609
-0.07393539140574594
0.72001644417274047
0.6900071579473086
-0.3038394578702926
-0.91249293512012675
0.27393106285513291
0.45072229365017602
-0.51466137116203814
0.72936485179938237
0.56621477594391412
0.3161848633205408
-0.76120165508868554
-0.48133976722030625
-0.61474240294224325
0.62482302015618651
-0.68053192585597844
0.30277863107958042
0.66723414065253628
0.76160187573957328
-0.62780950657392354
-0.16067920315140427
0.29582442320489116
0.71323482903085667
-0.63543999661086636
0.17366828860048009
-0.94426062626549878
0.27966264537701185
-0.36587031050039082
0.87424578255189955
0.31911318929897642
-0.88558262073421978
0.46291961657786357
0.038063768086133244
-0.55965316903147966
0.71525002771521473
0.41857583332821119
-0.34544789985066332
0.93793173407751163
0.030818998996041496
