0.38208406240896947
-0.68367414438161989
0.62177281506762472
-0.87808005507586218
0.26904084291635577
0.39571762877186512
0.62844226079689891
-0.74493147669095361
0.2239138670996455
0.15143605048365646
0.43029733849991025
0.88989399542518832
0.60497987013207111
0.024946469515790264
-0.79584987930744844
-0.47392326934986378
0.82828692721746999
-0.29889379546818678
-0.28425915048109918
0.79628681564382808
-0.53397007650202266
0.4591881414778563
0.84387316195745676
0.27753258773346956
0.038590801508689036
0.63805294248146527
0.76902483225814044
-0.15702023583930502
-0.69151198822416615
0.70509277097360001
0.15731524393855187
-0.98657334535683572
0.043874232255112618
0.34466334671494819
-0.9286225852822978
-0.13735818699616328
-0.45634441215069255
-0.40972789197201975
0.78985620972364567
-0.3184911760265669
-0.83919008954300223
-0.44082123860587991
0.43301487847124587
-0.89401228084320439
0.11506587992999359
-0.38481030562002289
-0.35703123626233918
-0.85114612436502946
0.52622546771970224
0.31188957626273028
-0.79108258060826697
0.11191761352585049
0.99090167405439311
-0.074755067646814569
0.18663384284312765
-0.29483673613426925
0.9371441232442842
-0.83373218471972166
0.22160041199719402
-0.50575082952492934
-0.2200341554619854
0.61308039326082442
0.75876043770697732
-0.94903309392266511
0.15093980192469414
-0.2766827837696228
-0.56716549323679344
-0.44419252556888328
-0.69355338908421582
-0.60290653191126875
0.49857862034910644
0.62283470769499316
-0.25964779472198218
-0.92746810038436756
0.2690463630406929
-0.01858664681832636
0.20393244296491536
0.97880850796589036
-0.596891790397167
-0.19612361577416307
0.77798182362580481
0.7599354881604623
0.42891697778725107
0.48839357080142931
-0.58302470608993373
0.70592163397013308
0.40219005306158934
0.2475785232136242
0.84974768736524087
-0.46543930072651341
0.40476820434072047
-0.72479379423829704
-0.55752726981596334
-0.34525843402157991
-0.099387765040430218
-0.93323024270392918
-0.08636360241635363
-0.85372589287268974
0.51351088402914957
-0.73491143755140509
0.0068964146947008212
-0.67812802509591497
-0.90472730473318075
-0.23402636312814745
0.35594966699134162
0.069602876734850244
-0.044849914193552658
0.99656606642362866
0.54553052874415775
0.55315358539221438
0.6296169892687602
-0.78470025564012158
-0.46670143898682676
0.40796479706704203
0.29552253577456833
0.62508042367652261
0.72245477006228431
-0.75709497537297354
0.50799274761188151
0.41079260781899163
0.99129324426882492
0.12469104527936285
0.042306584524491604
0.98871195392734257
-0.13112231917509667
0.072495583143530204
0.88941429477879286
0.1015625325766997
-0.44567618762925798
0.51809296409825989
-0.49105278931397878
-0.70031909773962342
-0.60558697489381563
-0.79570877278714391
0.010581339637979591
-0.21897989528946943
-0.47802153243469497
0.85061343746016549
-0.69426799571865772
0.6539556750057105
-0.30055602680469318
0.24498906674982829
0.19308767819262632
0.95010394468354309
-0.86316346152621359
0.47484929173783358
0.17165951421975606
0.063186593760941573
-0.97814429981190743
-0.19809387449985175
-0.25003760286416521
0.95228671836061707
0.17501772249663367
0.49879787669919046
0.86614441249784502
-0.03153624738522405
-0.22619626259237918
0.92155967700343866
-0.31553607164721592
0.72148875458914574
0.059283543836715212
0.68988364122623158
0.81203465809982611
0.52451807630638603
0.25589158187120298
0.20720714894456704
0.91025435509525932
0.35847204417691692
-0.19662532187856072
-0.0029000098236888613
0.98047441207773234
0.73297272401748315
0.20539670555054704
-0.64850842646443096
0.24427292648666302
0.33519078699400101
-0.90993289516314535
-0.57568875752490289
-0.17693388675129812
-0.79829621956922259
0.63426560915668884
-0.59380857088257433
-0.49507425522590986
0.43992450513785619
-0.30866159788119102
0.84332345382577989
-0.52334064333181574
0.68407508566681241
-0.50809039373617781
0.65341212815164318
0.74289373024048022
0.14546991563111941
-0.1411351878887202
-0.28471490977650044
-0.94816574441949497
-0.58539688259064915
-0.6658346065044769
0.4625740661063677
0.77554290395924419
-0.073725773201839082
-0.6269750509264731
-0.88470940802507925
-0.040053532448613371
-0.46441896805610977
-0.9701007480388617
-0.11985821402834446
-0.21104157690932993
0.12597183960909161
0.80428947909892889
0.58073189118238955
-0.96228324744961402
0.0060679089661333447
0.27198185998077851
-0.85972712829973275
0.021393435126492819
0.51030538484223653
0.44189618182580553
-0.80327781303491075
0.39934010514049972
0.29535989684879849
0.94973143028146578
0.10379181889237767
0.61893255994553964
0.47595104976363767
-0.62481444002851938
0.074443721959211132
-0.43851239612472964
-0.89563665105097601
0.93962125772943206
0.25672498523532611
-0.22628339306913789
0.033123750365303975
-0.50355532878417997
0.86332777553765372
-0.55881616609899332
0.24615779920169747
0.79191592381931508
-0.20651619690421838
-0.95534462964509748
-0.21134734212781053
0.44580362385713829
0.68459960627993022
-0.57669966883743551
0.31457265311682586
0.92544671511971
-0.21116918190204675
-0.65760465411412083
-0.71191289155437565
-0.2464470606968876
0.70791783480823112
-0.65862113936889966
-0.25508926660453324
-0.40646277596501534
0.44839580319833028
0.79607111204272329
-0.14719758079120546
0.79108178364334392
0.59373603882270953
0.68657827826027762
-0.24068209256472473
0.68606296951505696
0.77296942131381918
-0.3895504586542694
0.50076812386176095
-0.53379167113072734
-0.69859637046087242
-0.47647619353999321
0.55642155624395595
-0.47950897598344516
0.67857659383326951
0.36417004656963231
0.5256139495177452
-0.7688368833854351
0.62919351287954506
0.662937157676313
0.40574603919489988
0.17736972830844497
-0.84050901037103598
0.51194197226335147
-0.081049298190208854
-0.26524327956545835
0.96076897010063489
-0.88691720840234745
-0.43162373638865731
0.16455642079749377
-0.99805324918164717
0.056684363231370348
-0.026011435235503588
0.66810924084750889
0.72536697537010297
-0.16574918804203517
-0.1965359672603629
-0.52849644896953085
-0.82587233698655227
0.67276986243772408
0.61241355585170654
-0.4151269068665559
-0.37053013470730584
-0.92846979059807577
0.025519937706650637
-0.72287923159458944
0.47196270455923606
-0.50467496672050949
-0.71804890445544745
-0.65695987114073706
0.2298031734356111
0.13865995939228037
-0.79731534537274651
-0.58741948869140292
0.49200494939644418
0.80007219804791518
-0.34324278241527539
0.9800097324257826
0.0045617954747224033
-0.1988972457647232
-0.11888690905734645
0.42402171829682039
0.89781483907730242
-0.14659928343011217
0.98641953850355946
-0.074061759067702779
-0.11005004145212259
-0.99335644688625757
0.033644580631893135
-0.64253732227515903
-0.45097491941287887
0.61948963796339296
0.62561831130233847
-0.62102568085039889
0.47215339910616844
0.15416534824353986
0.069830880162243494
-0.9855742963250993
0.24440859294884065
-0.89307404233737131
-0.37773429099825578
0.18671218632753048
0.70911307416154556
-0.67992441310042395
-0.34260417431990303
-0.80406393207259941
0.485904901064527
-0.97926127056911771
-0.18256616463778405
0.087846226400494234
-0.4085133953811661
-0.6279143085650194
0.66245032032105233
-0.33768678892409293
-0.21566216321705639
0.9162191134999722
0.39637895150511815
0.12903041055777992
-0.90897463108438503
-0.50008673075911803
0.84760863067547088
0.17740594951441321
-0.32755804774163305
0.61050541227059918
-0.72110253566881577
-0.45536452583291059
-0.86289032013174438
-0.21923376572942518
-0.3040646454204366
0.2327711129697933
0.92377610944002431
0.33435522836079823
-0.37248814943239295
-0.86571309323599233
-0.66230453495152053
0.25650122531427327
-0.70396010142260645
-0.34262713504038872
0.84870632509605348
0.40286997911977418
0.49734921432190532
-0.80264911209588308
-0.32923876118263179
-0.016538799358194054
0.2682853134377497
-0.96319751801455433
0.57334761201782358
-0.23697729954359251
-0.78429221295030449
-0.0081190724128679548
-0.95849394974605795
0.28499724378203428
0.12233992438522434
-0.19566778561797368
-0.97300928082561289
0.80005349757718913
-0.52917454383587958
0.28264589714091948
0.24366381402121984
-0.92792312857368142
0.28211099445903093
0.8477582070452957
0.17947163197479335
0.49909513692646817
0.10471591728926596
-0.69988245616281464
0.70654024954122285
0.89529607004001066
-0.16667049521510618
-0.41311728721473706
-0.26364896108190383
0.16673099654505713
-0.9500999947960872
-0.50429941488786167
-0.82446442292846356
0.2567888538644077
-0.85732117211394332
0.41863822798059575
-0.29957042897863123
0.27807534440023124
-0.60153469018261951
-0.74888591877774879
0.92879536195513535
0.37019854840081684
0.017094161943691424
0.8056040014247321
0.59241533999425522
0.0068013107524323739
0.29412439142947627
-0.52045781555290327
0.80163239991665769
-0.082927827257291378
0.68126598191684906
-0.72732361253382682
0.95467761958167385
-0.24697239851512767
-0.16611826221566861
0.72591151056442182
-0.3352473117038286
-0.60055117918911405
-0.46507966014184188
0.016547735056757343
0.88511416336359705
-0.79551407288963949
-0.60572994439545891
-0.015766873412685605
0.95423338962209825
0.018550815355103629
0.29848702715525521
0.55389856878888555
-0.07735035483989576
0.82898329180977259
-0.39525730879515447
0.91637905686771193
-0.063412017616968061
0.91394440534034205
-0.25404043131015092
0.31649499712766554
-0.41785169238891323
0.33749168577000654
-0.84350419394561416
0.082387125728841895
0.52090110461099959
-0.84963192073343186
-0.70713330228659987
-0.50675787288405505
-0.4931114996299274
-0.93848415849144495
0.33712088608140289
-0.074813049852910221
0.32275883687608725
-0.060823612180200902
0.94452486543221725
0.8344520383473758
0.49864729810986691
-0.23460747597985648
0.038500069849480116
0.94821851996368256
-0.31527667693546318
-0.87498702669296569
-0.29421558935620351
-0.38449302997425727
0.40787063177001226
0.4077209860023337
0.81694867973013818
-0.74408685778214734
0.27741800982986026
0.60776146299179734
0.81078538124890376
0.36405217365624776
-0.45835911729694129
-0.38659340689174021
-0.6287037652928863
-0.67474225690583867
-0.022413038118533131
0.84314316833337788
-0.53722179164200945
-0.5194967246573946
0.083752148264272575
-0.85035800150957497
0.9172062308898693
-0.38734472978965678
0.093256583258113646
-0.81119449960008849
0.58028160856712196
-0.072365313357405009
-0.091511945593827235
-0.022032640521726602
-0.99556020740348639
-0.1639996481743656
-0.76108730667501601
-0.62757487761768671
-0.81592382063461222
-0.51527039677584807
-0.26223031313613859
-0.54422062254902104
0.48817035616666715
-0.6822855834271051
-0.75016017584409689
-0.25447843334155784
-0.6103281392346086
0.37308759742040287
-0.1235548038193006
-0.91953241112222117
0.64992651365794196
0.31289601276395068
0.69259772742975034
0.49210364894191799
0.16883283987238656
0.85400788689488971
0.5885680025147032
-0.80548259160348001
-0.069177315932272859
-0.71010515836210164
0.68319439571996055
0.17028235881726686
0.8481187050538298
-0.10252903084952843
0.51979078480757168
-0.69919576622090618
0.03020689986277458
0.71429183370625204
0.91982401170489536
0.28429941262583364
0.27036573649728374
0.86386727486211634
-0.48336439660117081
-0.14174692772926997
0.01976076322483087
0.98596667612172162
0.16576859115724082
0.39219807973887855
0.760146710615898
0.51803247445403122
-0.77931614893612289
-0.22380678629158046
0.58530065984689073
0.76842924399855861
-0.63886899634655525
0.036917509056665888
-0.17973384871879014
0.44955077284397632
-0.8749856263162924
-0.92927571247883545
-0.35692456618294227
-0.095139393797055841
-0.069282613803485604
0.91709441572185446
0.39260381057288185
-0.41642672987267038
0.68227549432697143
0.600906755236152
0.021153991916599193
-0.64938694234732752
-0.7601638690011393
-0.62401941196910449
0.77842259415923098
-0.068249823356155356
-0.95913925247560361
0.23443339217345577
0.15840731988953932
-0.046628615391114507
-0.90258464821288287
-0.42797981849280475
0.82126007102093113
-0.42117473522207849
-0.38489445067096911
