0.31440660175506274
-0.80568828976509177
0.50201082509068984
-0.75491419171755836
-0.58111068213508743
0.3039982536987984
-0.58193480643504958
-0.64296424081686199
0.49794464159201224
-0.41374046257245484
-0.87288063867302002
-0.25864690266869939
0.19156341138818836
-0.66192392384539356
0.72467936251727039
-0.50593589304455211
0.86256239354587461
0.0038716107272388678
0.10129023164921676
0.45165680811174336
-0.88642338453966785
0.67981610094419631
-0.49384614099513841
-0.54218636825471733
-0.71813188911511916
0.05157201890193909
-0.69399345580655747
-0.94933036787178604
-0.28299897768573784
-0.13668734859249643
-0.60002389186183835
0.25530104346597665
0.75815084673180733
0.45677916730523854
0.88086477534127861
-0.12421771161509833
-0.93823057604518656
-0.10061594591798349
0.33105863166657817
-0.4880921867486504
0.71096341215879622
-0.50625788271042493
-0.83527054129271083
-0.52231169948308098
-0.17179526021307395
0.051764224799354615
0.97427308385745681
0.21934544240034498
0.7182108479135686
0.14234866307331998
0.68110941563049254
0.53001949103388379
0.46251279166421999
-0.71074697091943551
-0.51519412990198366
-0.58207432816287208
-0.62909815212594533
0.60175357665450446
-0.78747756753030485
0.13331059080232688
0.29314741915283987
0.57483390094121034
-0.76395718268286483
0.68168098958823531
0.58827320198351196
0.4350237559743953
0.95610509422079382
0.10894614096647944
-0.27201799053290354
0.65325899538014476
-0.10330230097552666
0.75005421108616255
0.74137582793776102
-0.61667141148376714
0.26472297219587432
-0.51970738928390992
0.81491232310522821
-0.25655824908769298
0.20007389213504786
0.9643545740314805
-0.17317821234351363
0.55630108326255745
-0.13365275096358459
-0.82016220768868098
-0.39645657520541722
-0.81556493147259568
0.42151634194713189
0.32714624347865778
-0.44889488853317122
0.83154597854032974
-0.64604521040167484
-0.22406351627701124
0.72967193093241378
-0.068509818927551466
0.83196580004513743
-0.55058088621543022
0.17805031403844804
-0.98263044896590546
0.052301877938302231
-0.073740180764780935
-0.6568450900434174
0.75041116291446008
-0.72920031178480005
-0.42174436287696387
0.53888644228116789
-0.86147573835677727
-0.33152376049214277
-0.38464470417749702
-0.52877430186291041
-0.4637508002130003
0.71086773241665246
0.07977354152081019
-0.36848955433501795
-0.92620280199274263
-0.074115615099723961
-0.99117400034681569
0.10991349614528886
0.58222837063395472
-0.69696531013954999
-0.41862809376702281
-0.11976785768990304
0.78127941945432233
0.61258316088633091
0.70193432084919272
0.68478349383237835
0.19585651837175005
0.21887285543274207
0.76445550837168474
-0.60638473667705983
-0.07448826680751032
-0.78219591529736243
-0.61856369777100118
-0.97636826001859978
-0.19273869985951231
0.097758960738730902
0.56324362858560861
0.17230672892717289
-0.80812561277572115
0.51744948486547393
0.57983231449991668
0.62931750148404841
0.91245818550219071
-0.38905579837165183
-0.12671087350123617
-0.3431882462476134
-0.92153880639629382
0.18162614333619934
-0.75747096259552926
0.52709286093345631
0.38524129682263603
0.71201329444006689
0.3059117726327375
-0.63202456906776883
-0.73916351993523444
-0.67157936217395375
0.051170803188730456
-0.23803106352692957
0.96474433947269833
0.11229235170582881
0.020747461961492804
-0.070479227868393723
0.99729745876605502
-0.88267249252987912
0.10467094648498723
-0.45818474864734116
-0.28921032545726127
-0.087018864341317531
0.95330221068539034
0.09071329116181566
0.46254142495013018
0.88194474260675459
0.79749112480736606
-0.60332489567284875
0.0026412335807917222
-0.89871784081051354
0.32604962413906696
0.29325396025912687
0.37606449853888818
-0.89169527767255785
0.25190280807318244
-0.38786679675378605
0.18364538059439151
0.90323514223168844
-0.18110880721940223
0.52112255790330553
-0.83404489063352072
0.94885167652604863
0.28391002070067484
0.1381144311773729
-0.85874835306890784
0.49389216748592829
-0.1364616905856364
-0.56911108556710821
0.69135289551495005
0.44513340264208662
0.87689260036229566
0.21563485935557136
0.42960560385143304
0.8523947406772856
0.13736179924952732
-0.50453438155653518
-0.13365562106795159
-0.92643933677040746
0.35191807319509461
-0.83667717870564162
0.53329409083440782
0.12477464211237101
-0.54228670798177481
-0.72682857881346563
-0.42147994420409485
0.05394538265656082
-0.47292278550527639
0.8794509279317223
0.93439177925162464
0.33389841975493351
-0.12419278623229796
0.85111017103402886
-0.35280054212682388
-0.38877146787983979
0.56329243199897183
-0.37375156084530264
0.73689307692390726
-0.72531530495530194
-0.54763971935226707
-0.41714319625923141
-0.97916511241339943
0.10022704886364818
0.17660753468790341
0.17662301927674257
-0.72158280143745568
-0.6694195767463339
-0.26789995588900978
-0.96075555641440546
-0.071960923100755719
-0.68988926181324095
-0.3775871834170817
-0.61764125943296311
-0.20123148829199267
-0.41585685117488652
-0.88688723491247634
-0.022158050727251889
-0.9869455864877088
-0.15952250656381134
-0.81640622575431132
-0.14550666765506903
-0.55884585013894272
-0.59657064917399871
0.49900499447655372
0.62856779748215552
-0.7689402545107874
0.31762404651857651
0.55483858018891474
0.50204601702946516
0.85352887069923988
0.13942117367075285
0.77127608727373431
-0.57379549772223459
-0.27548488886581823
-0.36502470497884204
-0.65081247493402994
0.6657327445945197
-0.1846910958699296
-0.80104477283459619
0.56940009748922138
-0.34187249341896664
0.80912584479902105
0.47795247203228181
0.47122320188788991
0.67816630206423689
-0.5639496083401806
0.21777035183047633
-0.95072509230846913
-0.22067594503860935
-0.27004697271342049
-0.61977837356823595
-0.7368510027036872
-0.83603140613966409
0.40266740082402491
-0.37270692542768824
-0.61232254238554751
-0.18144569856796827
-0.7695054012530913
0.41735379445690907
-0.90867556496740343
-0.011159206225815064
0.0942348322423123
0.21130323318131602
0.97286727771026693
0.17897417505172461
0.19659101467893952
-0.96401256092027121
0.50806774996163995
0.09132733256648691
0.85646160437885765
-0.94955079740084225
0.21567928843285863
-0.22767460924863878
-0.73568025846525353
0.049585232334919384
0.67551155581439892
0.54480553894958117
0.34667367578986341
0.76354717421008189
0.76381626479176679
-0.26540094495871674
0.58834263151209254
-0.57535373631287268
0.30109932122454847
-0.76046517137140057
-0.26313332829745906
0.70822898447921934
-0.65511262931089598
0.3666157262585848
0.33219609708339987
-0.86904468374327382
-0.99748968234850865
0.013598339824695466
-0.069494019615240057
0.37928829989557933
0.028454815234774816
-0.92484091013118364
-0.083836921298462
0.95636674326966553
-0.27988215912231612
0.16719276932169264
-0.11633259064030922
-0.9790369279253246
0.44730571423844945
-0.85425847179859249
-0.2648774459442782
0.52808267924885077
-0.4011835189573108
-0.74845204789243813
0.84907858672236491
-0.024700985282688923
0.52768874812299726
0.72663128582109482
0.0078837594652230118
-0.68698240210552475
0.50352845641946242
0.76809045337281823
0.39559594160376821
-0.1155339140535445
-0.19013366618465671
-0.97493646135871315
-0.11780423661102936
-0.28836742038702573
0.95024543813470908
-0.66157805578726303
-0.72489683790817638
-0.19193501632446439
-0.31819794451288391
-0.78425096955494222
-0.53263541457540076
-0.0069192031648214244
-0.58946027748953556
-0.80776773016104308
0.82501697006952845
-0.41038609993424563
0.38849742351533556
0.18706345729607887
-0.25645342453968195
0.9482820803886931
0.43569189083615745
-0.18652678553836094
0.88055683208770819
-0.43809532905479709
0.86377906772679935
0.24891405106460057
-0.41468755768930066
-0.28441350176665225
0.86437444982514
0.60695157581953751
0.72818121320164519
-0.31837384526741519
-0.021581909303510685
0.9993313645979468
-0.029513470172457278
-0.81953447026474702
-0.16741467447775937
0.54802881203216525
-0.88818086394741358
-0.45206260264303377
0.082305262342286467
0.99706852767435716
0.073785906926730233
-0.020248235979691189
-0.94824627289051033
-0.08319119967087292
-0.30644449782395633
0.96671693374514667
0.048084859757016332
0.25128910894133477
-0.35036989694253007
0.30964822491965016
-0.88394508433532815
0.31482166592116634
0.75039512212930326
0.58120089414175014
0.067643359898291094
-0.83031926299904191
0.55316751292388655
0.29142369132926416
0.89814211406841304
0.32926125655586547
0.8430456538148825
0.4461622246259917
0.30035528112657434
-0.87703753428346565
-0.3519409962308731
0.32702094524663011
0.79601471315477135
0.56351419882940046
-0.22093511300557445
0.12869904506565896
-0.94027137785332104
0.31516073960600577
-0.15654912702434157
0.36630540343426726
0.91723100811233771
0.32236757843780073
-0.8142338116476957
-0.48280683957646375
0.089398494294493522
0.86813459599817211
0.48821125801129134
-0.53561710448705868
-0.019948645922631313
0.84422530695706621
0.85218734427276588
0.36257849812966131
-0.37724469904210656
-0.37442986631312408
-0.18053419217190128
-0.90951068199860918
0.27186699191316571
-0.51677435396288907
-0.81180823215481468
0.84758091724130569
0.52923635757334875
0.038928993704968738
-0.70756418322723025
0.70329719849222316
-0.06874574319165469
0.72952878370331875
-0.25361801747092783
-0.63518946383144015
0.077016867979398149
-0.89581171425109563
-0.43770969221295203
-0.43625761184852063
0.52759881812885678
-0.72891617022347577
-0.88166836330700182
0.11248513644806264
0.4582662885504597
-0.51123876048718953
0.059216175141553654
-0.85739627616238623
0.98328751190372365
-0.17170277637461737
0.060529542534475123
-0.58130582756828231
-0.77692989728770057
0.24179220321523459
-0.70027801097525244
0.63413133968576385
-0.32785385673022466
-0.024223370685671316
0.05006261239112806
-0.99845228386398122
-0.14699193381348188
0.12012116741982881
0.98181682432695683
0.1311310523440854
0.90285036353984838
-0.40947022867004201
-0.45455558099559762
-0.40097773989790547
-0.79535908613161777
0.34772871916258796
-0.27512354757203283
-0.89632124343949671
0.26713679132426676
0.96108297971053969
0.070409096228297843
0.90381991475650458
-0.40452729960021949
0.13952499979465688
0.6404615079391629
-0.75682802855515852
-0.13046222457710061
-0.29713527323783473
0.86259519623995173
-0.40943883159958838
-0.66392299390539289
0.72184492755840113
0.19531041631696511
0.10493486019918959
0.68577640295232722
0.72020788684153125
-0.39462588523635744
0.43085770526947614
0.81156148781921766
0.65368640572821712
-0.53149438893846856
0.53870938129296431
0.9666362675696869
-0.14846018327785968
-0.20874362313625003
0.88027939147114587
-0.11189078565799859
-0.46107336188075876
0.43963591435550348
-0.61885598154229626
0.65095125540866861
0.27673485223167132
0.014124188763263032
0.96084250991101272
0.44439398922632428
-0.62786307708533573
-0.63898508493739314
0.015413965502628503
0.66633878017699089
-0.74548979852156516
-0.14988556563742919
0.92166636952833303
0.35786229264063341
-0.64550259418236278
0.51594144297612721
-0.5631437013086017
0.38095040243014988
0.84503782566341623
-0.37521708927813036
0.67241818127638986
0.73792249753520911
-0.05765567726036791
-0.095403579734623961
0.29671136854087915
-0.95018972881862795
0.68760108688545551
0.53793358768349298
-0.48768042871936745
-0.2755355318354768
0.063176111212399882
-0.95921267176170022
-0.17168759686836405
-0.916589801320977
-0.36109071602014065
-0.24937863557558898
-0.48428429325059197
0.83861732597724936
0.54527154924299936
-0.73481084723788737
0.40340049128338629
0.32734251598797048
0.29050428858503058
0.89914077626385658
-0.30128744352634651
0.94306802512466403
-0.14088497563908262
0.3211139295375246
0.53361559165291628
0.78239391907266109
0.92502893177987366
-0.18517841555886863
0.33170835048471853
-0.75922991865009959
0.28534247297584575
-0.58493555520466689
-0.1430060426696621
0.59108696156828466
0.79382962632036858
-0.52184425358694864
-0.85300967954666029
-0.0072843392277271287
-0.9526894068747439
0.3033477540208161
0.019053455308031843
-0.37439430733072754
0.64292603313053687
0.66818786172855338
0.7283044648912097
0.37661322823270793
0.57248151301126471
