0.99836286124379714
-0.0099324408167863719
-0.056328890531589362
0.55402583009550554
0.66599363543047729
0.49950761470980826
0.12030043115431012
0.98879405762397921
-0.088397499238349622
0.9613604753745375
-0.27100405480172685
-0.048402878722921192
-0.34834237327764728
0.93388799496771535
-0.080689552201489309
-0.30492488522261002
0.35691862850958794
-0.88296653786811907
0.10926668294010566
0.32983840511600127
-0.93769260342065142
-0.2020913712482644
-0.97904232459407181
0.025203260115154159
0.85803724266447301
-0.51349241477374208
-0.0098807980740233774
0.31834734048532581
0.36214396500741231
0.8760746083608576
-0.23132539064242957
0.76529288501831594
0.60067908552276894
0.32272748723732603
-0.93860442318063553
0.12193730260764338
-0.67652793371619258
0.73486604254849452
0.047768759778889724
0.54812489038628265
0.79868092099171861
-0.24833020553860483
-0.38252457575483628
0.8351023295937402
0.39532144901420474
-0.65259901692318634
-0.64206314185246582
-0.40233001999034446
0.90155195536538357
-0.38213705249231206
0.20291708870704089
-0.40188691831129364
0.11925749491185951
-0.90789016670388012
0.19085290810175107
-0.36540994238225916
0.91107120549235809
-0.51022771280515744
0.66688024848927774
0.54308232825281344
0.74685165518841301
-0.63549407665355551
0.19585679380754931
-0.17744704258340122
-0.8923141906635309
-0.41507581502527047
-0.32319470145152895
-0.92492697122751066
-0.20013815940384999
-0.58461364357366996
0.44434800646092792
0.67880905776346057
-0.35571302356358359
0.094684105124653889
0.92978662342711571
0.66677460639763964
-0.74474818151257416
-0.02760018835056692
-0.11849628821483017
0.95859135433444831
-0.25896186027011064
0.7449851790571288
0.1852059126905706
0.64085556320412052
0.17739425655487748
0.8996874123042391
0.39886568902657465
-0.62022648437705696
0.72005270778120445
0.31119641079908344
0.35431211194699713
-0.85783265828401956
-0.37227148387840697
-0.12525477180352459
0.20798062683606744
-0.97008004875954623
0.88165069552325626
0.365967702575001
-0.29792564803207849
0.32512277410805324
0.42986712752717166
-0.84232382990618404
-0.8496682950407668
-0.19155895727400035
0.49129314496603171
-0.85022635414898895
-0.20683539937535322
-0.48408084477260205
0.34058872595925244
0.67477206799857858
-0.65473809725597498
-0.56073403851844783
0.71048052755043323
-0.42519966841291162
-0.55498290507870873
-0.038437248740825984
0.8309732564767851
-0.94371147868684691
0.0060147481027324826
-0.33071508553427942
0.85377400850026186
0.29579664391537819
0.42845570116150128
0.39632926212714092
-0.67835225185836945
0.61867708732458748
0.40409149309658854
-0.44867733976778512
0.79711900616273945
-0.80571835406931247
0.54652222782273885
0.22832299142116333
0.52141285557305017
0.50222621140305523
-0.68985322107162117
-0.72153081302987199
-0.44557970753471221
0.52995472455836479
-0.073262443977950065
-0.8715776760759758
0.48475248206520744
-0.77643165657451541
0.27047248112276745
0.56920867845127587
-0.10020211651161637
0.8999222518884411
0.42438128658392754
0.94359940554889943
-0.14716179595477771
-0.29658652642884525
0.74002180274085183
0.61313730223123741
-0.2764604493969795
-0.51802655967527367
-0.48507186193955476
0.70452379109969998
-0.97985995910012413
0.11377976887648947
0.16409943554660894
0.38975139061501474
-0.17677728306928087
0.90379402836282641
-0.74737567458857246
-0.64557718302236689
-0.15703407844853734
-0.0469806855894499
-0.27459671498232119
0.96041108870236558
-0.63176846556805399
0.081422046375978829
-0.77086902666907997
-0.61062195377595663
0.19753058754048827
0.76689145030619743
-0.11580902597176314
0.99325507288919468
-0.0057122397841720598
-0.5583259328413025
-0.81107746521203983
-0.17442906335270469
-0.71664931250568054
-0.61430221574924371
0.33022197172614887
-0.97536004445009616
0.17562804588022263
-0.13351993555496133
0.76073717680876041
-0.61014469219975931
-0.22136486261712307
-0.5333029467060364
0.33417930436842036
-0.77711785436090508
-0.53441837429344219
-0.66032468932690358
0.52760620341584585
0.20540573900922274
-0.38133044822672785
-0.90132989057130364
0.063268754359026042
0.79275921456393372
0.60624243702155345
-0.99776189781641755
-0.057694851851601926
-0.033800877734204829
-0.95403959258228455
-0.29103606321399433
0.07145953886170979
0.95110951045373204
0.10811777723753146
-0.28931167513544553
0.16452726744816829
-0.92883109422910703
0.33196924053170712
-0.40731311463080572
0.33074449515179738
0.85129554537571439
-0.068134113226457904
-0.9666925283647485
0.24670488081635894
-0.83346121647369908
0.55200566361396541
-0.025142553018486721
0.90192794960415246
0.046372183622253552
0.42938979297248481
-0.86900445884276545
-0.38302712693450186
0.31324346847730683
-0.81571341936457575
0.037689187106690877
-0.57722711530539572
0.13824253487789032
-0.61019948554809067
-0.78009332094780859
0.1206355455452278
0.79749406448615634
-0.59114319945369875
0.22672296442398662
-0.96054189683523195
-0.16110854051531409
-0.81884424971587555
-0.44297655682725884
-0.36505597489797509
0.063230124780938812
0.04527393014469705
-0.99697152545568724
0.49702964375188274
0.86679436011456756
0.040361745569954831
0.12285254080160619
0.9274741147809612
-0.35312748353797402
-0.0046910977361900611
-0.80179699393424875
-0.59757809039491372
-0.27592921738051424
-0.28811268309163585
-0.916980996988223
0.73150998691016544
0.47386660366546896
-0.4902484890147476
0.77463742664352131
-0.48628543166301796
0.40430599327169953
-0.11251697799271815
-0.64120774341867193
-0.75907348751179593
-0.47431566731015756
-0.27778319472353752
0.83538083798546936
0.38540129552151087
-0.83253037650367501
0.39794348042026045
-0.55452911711288577
0.81532307607154175
-0.16657052530157318
-0.31351303198550573
-0.79228100553059189
0.52345046284313235
-0.18550547002660597
0.45566930597983973
0.87060507934313081
-0.69325563157891612
-0.16742453363560714
-0.70097478900529486
-0.51028696028788767
-0.59950024488083575
-0.61660901270413304
0.46051537419744931
-0.88249754233774813
-0.095517945411411981
0.87867228251641849
-0.39075432720520042
-0.27431018156058029
0.26539304001176239
-0.12896625483216242
-0.95547592299747719
-0.88816581494563362
0.31841507858528706
0.33132057420492889
0.70320093845005682
-0.54363888366190805
-0.45821960273846202
0.45017795210060568
0.53384406345429292
0.71578650962218737
0.66380113373135563
0.43091400585801537
0.61129467068866639
0.45079480030173097
-0.29512580625341051
-0.84242792362563379
0.57396274806029401
-0.75963621041180251
-0.30580973115692578
0.58503664186332061
-0.25292280258967831
0.77055965609904031
0.034773862845442247
0.97885766302164701
0.20156501186120115
0.7457188936181558
-0.31340373213521766
0.58794679383820969
0.77066606381417302
-0.064784319710255986
0.633937544246157
0.497068849089911
-0.033890748213809024
-0.86704900464157131
-0.30653728960554461
-0.90720821994599399
0.28811132526110061
0.88900172225973106
-0.20973500018945807
0.40704688613814499
0.4997595746535976
0.23404978935253046
-0.83394308177842169
-0.058833345298374834
-0.43551304230724047
-0.89825777339319146
0.59721136402637076
-0.68383726506722309
0.4191720190842203
-0.354139415294772
0.87018659072434379
-0.34257929280419214
0.75146913400267135
0.53065765496709261
0.39204157160446801
0.69018125933875452
0.72244086633129856
-0.041581533305708934
-0.11641445997170578
0.86016357727936743
-0.49655442182248016
0.6713955735309759
-0.19550119079895073
-0.7148477238120049
0.29470544659625919
0.14436863310110404
-0.94461971053065497
0.84986696768174608
-0.054718563477862664
-0.52414884913958648
-0.90042733738518876
0.073325761953519045
0.42878192910074364
0.55774464243527644
0.67428394600297059
-0.48400627475003766
0.79421669097668224
0.58891734425797548
0.14965363145003333
0.58820234574849772
0.011502618422097355
0.80863198689230709
0.9666064216263569
0.25022933781265572
-0.055292894376486372
0.20623034984520652
0.60612457921061735
0.76816797465103681
0.27783788727218361
0.95259883623989072
0.123941783069856
-0.47602978696404108
-0.12227549617177237
-0.87088710230368938
-0.10309283763901057
0.69928499326416516
-0.70737003401548837
-0.32710860125137692
-0.51553239146604679
-0.79197620945118441
-0.13325615237855326
0.23134553167725427
0.96370225839012758
0.49319688850951615
-0.67578822227736668
-0.54778381483549554
0.001634743364670702
-0.20465741304729299
-0.97883229968106455
-0.94742800773713254
-0.2224523073144451
-0.22998943698728352
0.5433739073057946
0.27386407762449438
0.79356364826403103
-0.2442361955994925
0.94687958016333673
0.20920741246138899
-0.83049674122517869
-0.54660127828683136
0.10724833513654379
0.13205667073489666
0.17587127061504604
0.97551541857966761
0.34826070659245434
0.83120545472885887
-0.43337278672375729
0.41342756097348143
0.84802421243515269
0.3315608344651963
0.071080648909367411
0.42463255902193325
0.90257117789629626
0.60164801435266257
-0.43899194805953967
-0.66731232295259502
0.37958560383384504
-0.54229801404046629
-0.7495516215244028
-0.28973859140906827
-0.7416259425981333
-0.60501447083001192
0.32542206545989799
0.74828347044661436
0.57807640253532622
-0.88682725017208319
0.40393114396259611
-0.22444834436745073
0.25379467147415291
-0.76074852495395773
-0.5973691877823164
-0.69566145446741423
-0.41510763591834438
-0.58629411677976506
-0.95797662953138141
-0.12299715021023366
0.25913795227996983
-0.34556202364272842
0.74392864397869263
-0.57197645098724648
-0.76131462164607433
0.010337564096819424
0.64830022492394612
0.10151623025333358
-0.91292815243811054
-0.39529311084445967
-0.88931414189901492
-0.44126072574054415
-0.12003886427881179
0.97542987736308073
-0.1255517643978098
0.18103399902792386
-0.06029498688748982
0.64327017240036755
0.7632614230106477
-0.66282044038639543
-0.74460649591394668
0.078931806318736836
0.91092226418341804
0.36882113886807022
0.18490969725521353
0.16587008836327025
-0.094626778730430239
0.98159711008817818
0.1921186599546596
-0.61093562454310146
0.76801567898146239
0.13483075396162744
0.5971684160423224
-0.79070256776340564
-0.26394239437664674
-0.42107289756495209
0.8677741799494717
-0.68453253282048832
-0.24249936266664487
0.68746583232669689
0.37119918108197258
0.094818197467206072
0.92369945187444102
0.84017371908951122
0.20192153699353105
-0.50332476061631337
-0.52791689401260744
-0.79326275191657625
0.30337758558901823
-0.7488501103485653
0.48745479559505339
-0.44901150818473035
-0.72962815493823185
0.64014483352976181
-0.2405355433747472
-0.28555165970701818
-0.15166792967500889
0.94628594449387438
-0.076918765259771399
-0.0095334146668141061
0.99699178409639011
-0.33507201715685214
0.56827914778272115
-0.75152215769981279
0.97300549123335855
0.12731477201731178
0.19248704594312499
0.58947639753904046
-0.51188558527778605
0.62489257023044653
-0.050878982799894563
-0.98003407844178492
-0.19220961006674314
-0.44651976755347961
-0.89312779794938302
0.054247891332956662
-0.56235645540173607
0.54264668670805838
-0.62393091802920109
0.3436666597467915
0.92336977198784509
-0.17111835423939248
0.62017464979196568
0.74491689501946778
0.24593133852758178
-0.29805805406851482
-0.62747505668214643
0.71933055659177136
-0.87892113822206841
0.23918530026185286
-0.41265969626930044
-0.21065867840975602
-0.045283776413819761
-0.97651026661492835
-0.9376408044193294
0.34116753173962927
0.066591569846053356
-0.083675607283075465
0.48725573958790114
-0.86924118458829136
-0.3569622210686807
0.58207644376054424
0.73059221618409842
0.081670691368059586
-0.99567617561129207
0.04425891426068676
-0.72749720236862947
0.29191041820148367
-0.62091555648997232
-0.060242946397342283
-0.71958851234443622
0.69178259613211435
0.8036476438759651
-0.30518408901909239
-0.51089444731979294
0.86688630011607737
0.49283210482390044
-0.074997727471585798
-0.44345966943020326
-0.79714629048490215
-0.40975762732988236
0.54142235646513637
-0.81991456141817232
0.18601597752393423
0.69750930291004309
0.054360352090671346
-0.71451082880144234
0.67699587378285397
0.30363260503158396
-0.67043555099854601
0.16823368013465931
-0.80187159884605008
0.57332309201045495
-0.72259711670083226
0.50971059103804428
0.46695665785947549
-0.52213614484733051
-0.3579759291621693
-0.77409759099512065
-0.47872284523784642
0.86771720347419468
0.13375833522552544
-0.031950855983459626
-0.52078959893794385
0.85308694541645624
