0.48548144459927245
-0.82156447454681625
0.29889727518399545
0.39518723030426717
0.13323207847200846
0.90888737821056276
0.055977483861370227
-0.1506495121316323
-0.98700113768680686
0.32445828670860549
-0.79996512174324064
0.50475996689559155
-0.54669513684224935
-0.10663648450690313
0.83051374914870801
-0.687691549898785
-0.65962588063777761
-0.30327220411808814
0.3980684948898619
-0.91603049973163109
0.049290941739212543
-0.73597102896810085
0.53290509231956673
0.41756293789021648
-0.35459755387336056
-0.47811106370454659
0.80353617563264446
0.12592335610166866
0.71261131893663754
0.69016549936336158
-0.53574413840940549
-0.67534903706357863
-0.50683517665732425
0.52282385934503151
0.73995510640111706
-0.42322766049784405
-0.37090587823162147
0.77999797635034573
-0.50401585925702297
0.24566074532413493
-0.93195571921012588
0.26666333763441752
0.37276453479324745
-0.61325990151380161
0.69638990141705548
-0.50244687590365644
-0.26829047164439279
-0.82192904786209209
0.83123878038895227
-0.55133742116972484
0.071197879149625554
0.45335978343092476
0.87081172319301303
-0.1901363971392129
-0.73198379319808493
-0.47504494281516529
-0.48839740867563952
0.15041545804282111
0.016075791921869011
0.98849216430675513
-0.54477647996980749
-0.56837479123580148
0.61657820555008669
-0.55303663196969832
-0.47402429596794282
-0.68516527242097491
0.78490992939253257
-0.42772075621653977
-0.44829829069779087
0.42891949360575909
-0.46834415687756037
-0.7724518229143007
0.079794320489386894
-0.88508270220469654
0.45854277518642639
0.17871551665657376
-0.55493661016718543
-0.81246915190813673
0.062940073287234027
0.99423712910505313
0.086781785436459549
0.55870889978616201
0.66671436781605975
0.49329131053300357
0.53186696912480436
0.34248598638133021
-0.77448103675067581
-0.88122924532054103
-0.19700355787755547
0.42967966600174862
-0.9998705976553256
-0.016079895762380132
0.00047423269930290779
-0.8492649567538022
-0.43144436080451409
0.30431036255761429
0.6230150944813011
-0.77663142530144313
0.093251387564499397
0.68344969396704214
0.15291907807309735
-0.71380128283551747
-0.33923271599274946
-0.24120111318587376
0.90925419295050702
-0.56555398300687154
0.55496324828938548
0.61005285455701042
-0.91923163560638843
0.39229911007678953
-0.033385750453790386
0.10893164813342798
-0.75365878743820991
-0.64817615518630589
-0.42332989707070551
-0.048764645604119299
-0.90466226161215024
-0.29165631464594427
0.29528997878469287
0.90980240852422556
-0.32234118774329651
-0.82614101789014693
-0.46215492775007061
0.5924073138120961
0.45922155391817376
0.66194345601336257
0.85464715247997924
-0.47857556159284409
-0.20135460412902667
-0.57058491826367685
-0.34295453547571753
0.74620040046000258
-0.019889737223830507
-0.38482136512755238
-0.92277674184741676
-0.48104893543157579
0.85819713951129595
0.17913567889947793
-0.54776531072597123
0.19669456032073507
-0.81318166131899028
-0.73957699592361348
0.2054018739070933
-0.64096484872109649
-0.95738601128553391
0.017544319859629669
0.2882780294011989
-0.068329769776909924
0.94625241772908564
0.31612877835479403
-0.11421528940595375
0.51606636729817912
-0.84889950654336888
0.33656280069804512
0.23727888409255984
-0.91127614494733578
0.52456873995149089
-0.83387272293553205
-0.17170882041929744
-0.54313515019746017
0.73245452201489114
0.41050527621447169
0.34085090739995255
-0.40544307395811519
0.84819606972917716
0.11527761980015896
0.63465959957115659
-0.76414544626359515
-0.48790295693422669
-0.83044483072967634
-0.26890906962986089
-0.078825017034941533
-0.1187809839495373
0.98978669143478637
0.73178981975960777
-0.23620986491320087
0.63928754048072001
-0.8632942091791348
-0.43541882202981735
-0.25521276970390516
-0.75113675114004064
0.43078269419690185
-0.50021980315381664
0.7312079739509767
0.55050958809295703
-0.40283258588181586
-0.90660205284158946
-0.41971970258148528
0.043681678634476431
-0.29177948572921053
0.010687803763413996
0.9564259001921227
-0.35790973211857013
0.70815075194643706
0.60862396943639119
0.13574007299671484
0.40294858489783519
-0.90510058585312969
0.16202435227615777
0.51425396925235567
0.84219413698843149
0.86097656881929507
0.47001521058261914
-0.19443520711314044
0.1410045614867895
-0.98950262990170201
0.031658475287569182
0.88257795198484057
0.28730543153132759
-0.37217166426642706
0.1150714924473948
-0.51480389883289768
0.84955017354619899
0.038318854723737417
-0.97752420523120576
-0.20731158568628233
-0.32025348895527905
0.17755276130732284
-0.93054431370253166
0.67262755408230934
0.69445960536135387
0.25553479217242131
-0.20833821263632105
-0.88042277989317752
0.42597055978162685
0.69420888643580969
-0.1036726757634879
-0.71226820671260616
-0.71728800587611974
-0.26050857431349017
-0.64624546368652558
-0.58288838478909721
0.63102960515511841
-0.51190113136789683
-0.74179478115218689
0.32802202670032271
0.58492910053680169
-0.87120596393291827
-0.24765840627920532
-0.42386965237789687
-0.1129652126367572
-0.36944187840862192
0.92236194588233167
0.59607709932475106
-0.016178081401089135
0.80276420033704199
0.035591890088713517
0.94536344837082564
-0.32406969596729368
-0.88335548707437406
0.28290905091542873
0.37369178792920604
-0.23002235314988412
-0.22294206628571686
-0.94730488868771556
0.78408393312179703
0.014656470406698765
0.62048172712455507
-0.45259356388881422
-0.78118920429164951
0.43000289885604415
-0.32861947273281678
-0.69607444249915462
0.6383491306803013
-0.12171819775230183
-0.59480864766342245
0.79459886294956528
-0.070061670819244665
0.42204021689543553
0.90386581836291924
-0.69317691914723867
0.10519453252407764
0.71304969608617264
-0.88604335613024776
0.19821663628264263
-0.41909108336761536
-0.084770991053363762
-0.59222480163960589
-0.80130123137229725
-0.96980818668343594
0.17892341560990924
-0.16570604209946349
0.29195322570497173
-0.93513848727460425
-0.20069709419477544
0.096793858379276843
0.86610287496189309
0.49040468896901462
0.65726153230214779
-0.35089857108667544
-0.66699135748910743
0.11095551970495396
0.81337700670084889
-0.57105754317526602
0.97172818801985306
-0.13640583852266058
0.19271163904804212
-0.54343876892503351
0.35598761484452618
0.76022833576929316
0.35435080057768215
0.93346204243283559
0.055534903142751217
0.37568115841544436
0.6089850686519932
0.69857057866085137
-0.7515677464036965
-0.63803473587333859
0.1675040249806195
-0.13620539154447978
0.012315316312873123
-0.9906040704026654
-0.86310342288043418
0.42345959473565314
-0.27519893357059827
-0.83148868059805903
-0.026203799169837113
-0.55492335952486804
-0.74013514084888166
-0.39912600634711032
0.5412008909249989
0.93129793841712238
0.36261335472512413
0.034578965788598377
0.58784079798644051
0.8083587589955753
0.031611911960497646
0.67086361543965511
0.71092665875112371
-0.21101017832369534
0.56011295009857087
-0.66453500298681512
0.49463796148010081
-0.088643051424580649
-0.77904212347288126
0.62067364958487092
-0.74380657432914321
-0.15239511767054123
0.65078991087364491
0.99544401997135401
-0.067104752118240227
-0.067735923603505194
-0.65171959022626158
-0.036798398964982861
-0.75756679807719118
0.58198448348144649
-0.4695033459607354
0.66397339488755724
-0.26696481686111406
0.91996865654777438
-0.28703215417091327
0.57585331285197217
-0.57877923439721157
-0.57741454771072931
0.13606239294264508
-0.26493512828843235
0.95461845939910106
0.28961767402636018
0.87411673904383691
-0.38992503050577532
0.45245407931456511
-0.78917258002880242
-0.41532149600314799
0.91844193655116357
0.047034356998970316
0.39274951107014988
0.93091976167184842
-0.24613257573940053
-0.26982800538253482
-0.35032923859144294
0.40900394015070873
-0.84260619599498288
-0.033084450868140415
-0.97055243267472902
0.23860719716705797
0.75697235313448552
-0.45233362545872652
0.47157941841158008
0.16766087311481914
0.27574989681629453
0.94649449339770575
-0.96372992663856771
-0.23241008374107908
-0.13118758125937724
0.14315391028960078
-0.71376150349269207
0.68560300035855193
-0.8556804110549916
0.4770567126150338
0.2005690082881641
-0.089360723022459065
0.28431472149756792
-0.95455738450900041
-0.04474828789996084
-0.90031916502956233
-0.43292377136222704
-0.31077789103494807
-0.92796845527470362
0.20564933371871261
0.35701600489505042
-0.12499012551015956
0.9256981369613595
-0.13362723476833524
0.81076445162651312
0.5699164553747571
0.22081211461112671
0.93452196691238465
0.27912488853409423
0.5070080562735908
0.048261540610576387
-0.86058913226438594
0.34976897567800624
-0.68932619564716946
-0.63442183099871208
0.24945540705407759
-0.32266416454677038
-0.9130497449804249
-0.71484460601426913
0.63745357253941115
-0.28748935999275899
-0.38831733841489058
0.91914658709329988
-0.066175494868675272
-0.10146761483373691
0.98947386440740015
-0.10317846090458187
0.87711630382604566
-0.20012220115196713
0.43659832130761506
-0.61365205900536646
0.78813692910952715
-0.047658487725465819
-0.85221159160189075
0.064129141356235278
0.51925220882369294
0.84109302816244003
0.081866611975472514
-0.53465912114186753
0.90466915107543688
0.28400563747896157
0.3176704660062325
-0.33516201700609083
0.51794840989099689
0.78701706909558
0.84023893578313902
-0.18320705624283495
-0.51032705722590566
0.39745501979746684
0.38073850170163342
0.83490580340526466
-0.48685224087066026
0.13628052991641709
0.86278764057264823
-0.13352567728991413
-0.99104424938944391
0.0014796135926179264
0.67065739998783069
-0.6501658148749655
-0.35707571327315901
-0.30225253344328301
-0.44085504538907172
-0.84515692920434415
-0.13367537403226318
0.71020013197761223
-0.69119220692678285
0.94770839394045403
-0.31910399782336268
-0.0046301866001892365
0.33740643447650692
0.79130440086692988
0.50989630626479332
-0.37362088677188171
0.6119977479639882
-0.69704102422655112
-0.10925694515739308
0.63576892717735767
0.76410784001384668
-0.96237842146649732
-0.21182505670415441
0.17017026546354902
0.72263311158859778
-0.68149621977846986
-0.11560401577556427
-0.5757983584051698
0.43024076191298816
-0.69523315315543111
0.48977809718211007
-0.22127803971601898
-0.84329914304480813
0.78840708698691797
0.25809710997933527
0.55839067596900027
0.970518690079471
0.1930016401285557
-0.14437395580268275
0.21201046107941693
-0.87337440931385468
-0.43848455565569056
0.5376739725134646
-0.25928940644283477
0.80229402527260085
0.83547186615331925
0.50526366796013022
0.21609115369622459
0.88629253121998419
-0.3870824093249351
0.25426906515515563
0.34447981558146379
0.50956392441056042
-0.78846576564634008
-0.79155291208824008
0.60971518808389014
-0.041126351460510101
0.34350109754437141
0.71047733044841133
-0.61418967665104185
0.73689516477864103
0.35966072444916214
-0.57238944732984331
0.74598917599276482
0.48764643232715771
0.45354283848411781
-0.12877683239014007
0.86077735181950099
-0.49242144351578437
0.55992205691570263
0.55590074074289897
-0.61437908218036275
0.78212013125372759
0.62312438271780779
-0.0020258208713706764
-0.54909391001704355
-0.81148085635580314
0.19998674393631014
-0.51676549297623986
0.80567701682361481
-0.28954787139819299
0.19899326817234336
0.96999145310096901
-0.13970776690349221
-0.95309949669453742
-0.037411383603803944
-0.30033604142271786
0.94708559960208027
0.0062741844893797341
-0.32091977445361874
-0.96831278886669969
0.21231422212830464
0.1315029049080175
-0.66775806251129011
-0.62671150920704344
0.40166136754559523
-0.69368111776206332
0.69277995218934441
0.19713559979086479
0.71751357819598305
-0.63352916076732291
0.28950832036721935
-0.34962872271682682
-0.63664862439635417
-0.68734146194277423
-0.071947383505736498
0.16191355454257075
0.98417862954956947
0.11439007790009313
0.1247690940032668
-0.98556967448253729
0.61423262776881682
0.22626484646329467
0.75599107021125311
-0.13973444069314456
-0.76680779282282041
-0.62648231814662458
-0.31450386032562067
0.86893128983410262
0.38215930629454142
0.29794353428470638
-0.058097858401980444
-0.95281387963601871
0.9850531642021465
0.11745000755040043
0.12599904532078693
-0.3937201519419119
-0.91866238594188021
-0.032308862722320808
-0.23079385987421427
0.96449788790179658
0.12836673430969187
0.46493956663640501
0.83907632630682327
0.2824572852793803
-0.61717151180031571
-0.78552222025131258
-0.045322913780571808
-0.79253025669405364
-0.60456112095827697
-0.080010269654145399
-0.23153695138051841
-0.9423016888738589
-0.24178123850061015
