-0.51107367717333596
-0.22602046735996961
0.82928791431860727
0.24737804849143818
0.50377199356545388
0.82765806926753027
0.27630141867641794
-0.86041224785033321
0.42819188430718241
0.10307363744730992
0.99454312633766084
-0.016118161120065314
0.50596974024078401
0.12349035261034297
-0.85366548177424095
-0.49036013410885854
-0.36758275662416745
-0.79020874198487612
-0.29782181916869171
0.80298014521051186
0.5162606419481891
-0.087917878897186871
-0.21603177818825273
-0.97242003135632771
0.44113874022340221
-0.52603266024502982
-0.72710814342135288
0.022516044532324992
-0.88072429526508189
0.47309379986260963
0.61607954110204022
0.51498405220484744
-0.59601797373080501
-0.1195946394069546
0.98496553998228586
-0.12465956550752383
-0.99799961192662512
0.059578929109320521
-0.021145349382128347
-0.26769380555627587
-0.87619703170375984
-0.40077273871898933
-0.38467887042943455
0.3416834323440977
-0.85748154423677869
0.73810468491612524
0.67117936475710949
0.068700323355210688
0.46631209743553603
0.83150133684280769
-0.30192474991940443
-0.3532666087662521
-0.035318521664624916
0.93485576703479623
-0.25159260798303668
0.62690002782393683
0.73735847097774732
0.59612119486600945
-0.51645974820113805
0.61474291335446751
-0.017131060783925081
0.57127156910599963
0.82058230610194527
0.14321690537631143
0.52593105851817501
-0.83838263322923412
-0.017955212945347979
-0.89798226210158338
-0.43966517633195629
0.31106407562968696
0.28117386040934889
0.90784381975929773
-0.75549139583690883
0.26357550961238646
-0.59980055147437961
-0.63843925366945242
-0.72390188816651058
0.26146008430151146
-0.93799617862393259
0.33185991671381732
-0.1001606937156366
-0.2349698815075085
-0.84264641252351835
0.48449579796484488
0.94478260388197732
0.23332793081517386
0.23009543260025808
0.71397616251313234
0.27728692209702804
0.64292301420697173
-0.50537173815899161
0.63548609882809182
-0.58374380036657558
-0.81826724571822962
0.52909628874050907
-0.22471277628502181
-0.43500823874244232
0.79901231634918102
-0.41514714324985391
0.11538816267076848
0.87063630114312862
0.47820288899929869
0.10162404146098564
-0.96603498077967076
0.23758992004535204
-0.059280175424442687
-0.73909365577512831
0.67098914208398586
0.95338187181706513
-0.012582597876060775
0.3015040376533597
-0.75736439962211366
-0.65089296943196084
0.052321205348116073
0.50658767224804135
0.38816828093792455
0.76986642737555944
0.57729322911437531
0.33073987405933936
-0.74655452803255429
-0.96290976075274248
-0.10138931052616885
-0.25004999571710507
0.9063475650678845
-0.29852343272586113
0.29902817828606876
0.012599538356098739
0.834120852887141
-0.55143780647688811
0.38668196983648639
-0.89544258589603598
-0.22058927799690328
0.055602998155047934
0.3488484611864166
0.93552822390563872
-0.39524565772074599
-0.88019264796635632
0.26275801133146987
-0.86146532744694504
0.33848700076158228
-0.378555200627539
-0.97651073518747045
-0.025747249156717424
0.21392490089862851
-0.43245314868024792
-0.70839967967969297
-0.55781194682997592
0.803279826319792
-0.38033364294947908
-0.45835340150196652
0.090346981343416774
-0.77194616908412683
-0.62923488062763411
-0.86485446160669266
0.4985443811827816
0.058993730430236306
-0.9113507939164246
-0.33781701139870812
-0.23520075943233634
-0.016109384299089504
-0.999739792555003
0.016150384502663283
-0.87763534593821335
0.073536980606447394
-0.47365442259436313
-0.12156490633388892
0.47158355776043376
-0.87340192443000986
0.28863647660453817
0.9406134612769339
-0.17870450704429311
-0.14361796817894482
-0.95183613054579286
0.27089086327110401
-0.61649860462926576
0.23742076056772327
0.75070690215397107
-0.34071632711628053
-0.57992901409926745
-0.73999643447941243
0.33991179869912103
-0.92031988911275453
0.193574974644491
0.39563995563043008
0.54094673942701144
-0.74218976725096131
-0.70818041027857837
0.50392070865037242
-0.49451433335240252
0.85536341365158597
-0.13828990961898013
0.49922873663670464
-0.073299196853074525
0.77365542578968138
0.62935245283297403
0.42029271426283299
0.71546337277050465
-0.55809156646686098
0.348003642845996
0.045385766020877481
0.93639393249241776
0.97482294342960241
-0.1759053283691473
-0.13703118044659948
-0.10887379454242936
0.91621155612713079
0.38562012561721182
-0.20939103417409463
-0.0009049400607907017
-0.97783156826264794
-0.32702801278368215
0.56716657105866042
-0.75589335195404217
0.70210356572916044
-0.25903738197337273
0.66328743221229447
-0.1735905058187191
0.24422133035037449
-0.95405569967979043
0.69466615124441899
0.69751393865337508
-0.17582162466409437
0.061091826140612204
0.95236094814611538
-0.29879158827690855
-0.54770793553516162
0.82430265069534125
-0.14332186647000425
-0.59406442010195237
-0.51508427243494481
-0.61787996978304338
0.23195868783619505
-0.39899252251383704
0.88713028023811469
-0.78279642117179393
0.087946581135109544
0.61603178640982259
-0.25608407043317755
0.75788404865484993
-0.60002726410131435
0.66878464370104873
-0.35098159166176951
-0.65539226625299152
0.82001953652597948
-0.53094066359832559
0.21370533791528804
0.91353440125519869
-0.15793727999078414
-0.37484758677683638
-0.41789332725206074
0.44067957502441629
0.79445999219249674
0.61713523158032824
0.6720939361670446
-0.409186811749576
-0.78920241365367128
-0.41841840588982354
-0.44953930628571098
-0.34881257029058715
0.93679055976641834
0.027445180629661246
0.78019254138846905
-0.40936803352422702
0.47298774983112335
-0.8620618165746996
-0.18079331537694562
-0.47345876432794171
-0.57230774464863488
-0.10637443959435369
-0.81311027789358326
0.90827298060407324
0.29300029220021973
-0.29864865892077691
0.62681461900912627
-0.090507752771138664
-0.77389390751236853
0.5545676722145122
0.15244750887035075
0.81805528784661108
0.24686105104091052
0.86125104191008273
-0.44419169767992489
0.51096800041899137
-0.76091145462750087
-0.39990681510131637
0.82712300589973853
0.38270467550811349
0.41158797899794231
-0.73450214505002343
-0.14810518710394216
0.66224727441479192
0.79802101663250102
-0.59854977172271895
-0.070004484024313446
0.35573023123211345
-0.71823199891284562
-0.59799565075776706
-0.60690055270238441
0.17348606600683919
-0.77561221240450484
0.031764618967059476
-0.42612325300673376
-0.90410728468961954
-0.80574262403755226
-0.55846987963288475
-0.1972060276764149
0.56540529509031789
0.80082916355603639
0.19745759818748315
-0.17976305555155953
-0.76833205624958789
-0.61428909741102133
0.73618675378519949
0.59939181520055818
0.31425867596900203
0.87566525316574628
0.45963145614673118
0.14815292409738387
0.52292711369114853
-0.798198469291172
0.29904253441253903
0.85486945084987565
0.50672411172915932
-0.11148496129939059
-0.15505756589250652
0.16332254456217044
0.97431149931488981
-0.42082472020690193
0.08980324526781916
-0.90268595425106213
-0.88794649636619738
-0.094043227391161943
0.45022982017281904
-0.81725724894041629
-0.33441238790872996
0.46931752989583014
0.49867122805413217
-0.3660289946801179
0.7857160946324353
-0.9310943610227258
-0.27319112223135544
0.24172277841704196
-0.74834841507827177
-0.016054268266365464
-0.66311153671178902
0.86622182402740378
0.14191518393526953
0.47908228118691276
0.97991385067051384
-0.16776185728751619
0.10781838666725066
-0.39477721937272719
-0.90684921215695646
-0.1475650821659551
0.91727724884706885
-0.39727373400695981
0.027857297351318214
-0.34285842248292336
0.89800782304579607
0.27573547446977464
0.35543524761145856
-0.57381646960453836
0.73783497068515613
-0.85563358450744131
0.42075199101546334
0.301428152499847
0.99729515471657337
0.065171011063765022
0.033986963615080114
-0.2605645331695231
-0.278773864557191
0.9243328710448403
-0.69424878537847934
-0.560503190674291
0.45150282085989835
0.65309331526628822
0.50732700094563732
0.56221742739441471
-0.61430948686804088
0.45599307506324499
0.64396752234743171
-0.90160227330181875
-0.43231189217051641
0.014824596619824047
-0.33544058611065458
0.9156128143150899
-0.22165916956386308
-0.14439951320848998
-0.96917381165476879
-0.19962691047981948
0.08137234605462558
0.30922629416258834
-0.94750073366517173
0.77827782554065705
0.32105046159646705
-0.53963897874449551
0.38844539008533879
-0.1005173452242485
-0.91597294841633736
-0.70085747994828196
-0.27746465333181763
-0.65712415794277246
-0.8260977469733578
-0.50468803251025529
0.25070401330347608
0.97282065719111988
0.064130149561860708
-0.22250234349195305
0.88704186731420376
-0.40213832044979492
-0.2268071799074016
-0.01504877732745594
-0.34604574938192234
0.93809694255745901
-0.53519062810816664
-0.84258477574010004
0.060182117578158695
-0.64748979920182281
-0.37376885917608077
0.66411881455037414
-0.53221597272655674
0.7600212102962699
0.37297978266190035
-0.26840167519938196
-0.96192594054761593
0.051565741066621366
-0.56785586740648009
0.42277813296281314
-0.70625658520152002
0.49905882868926327
-0.86647520928478727
0.012688467290597878
0.45297972598529135
-0.71153625907215179
0.53714571567862124
0.68242221628348299
-0.72191413611494804
0.11462939762620949
0.43462367685724407
0.59798154926220204
0.67343917784538387
0.27150685520920148
-0.37308486040182298
-0.88718189482955634
-0.66670016123188658
-0.62803843056314135
-0.40134601623681621
-0.47630933706824757
-0.75111501303663974
0.45711667286653962
0.19757680891564808
-0.74498092976278074
0.63715525491711367
0.19316280631582089
-0.59839719992408247
-0.77756602380711981
-0.061851472086696266
0.6710649720195303
-0.73881404881684254
-0.72668933582301098
0.68496211817924457
-0.052435730761701958
0.5738144341883602
-0.097463219753022357
0.81316536812167928
0.160703965852627
0.69971020399969563
0.69611770971434261
0.34143002565463887
0.93687771009470133
0.07540354042869267
-0.55745616563511424
0.82158353632948722
0.11934452743100624
-0.39874647990115353
-0.44897907206588111
0.79963681606920733
0.086843986243923393
-0.58075603972552425
0.80943223581445678
0.72415782932992934
0.1213212612495345
-0.67887892130260374
0.26451818019277279
0.11404509139765497
-0.95761362222746405
0.09939379189558617
0.10925567594114026
0.98903188594062086
-0.52106249975694663
-0.57921198997886603
0.62690297655360017
-0.29842389832595412
-0.67784367945777479
0.67191600898258563
-0.1197689612638176
0.98316270437701381
0.13800903100834649
-0.64767787921884645
0.68531947025018725
-0.33294232002943119
-0.46864131376700197
0.64829131188106282
0.6000780732290335
0.028503661502774089
0.05708033457507769
-0.997962612869707
0.49481678093122222
-0.29973714348510033
-0.81566782339642119
0.19541756244111794
0.71105994099578718
-0.6754300382723879
-0.16974688114225706
0.89980122020703279
-0.40192506821099283
0.55283385559806153
0.70945622319927681
0.43708877298370352
0.60796130992312092
-0.57686847838224442
-0.54553258773928148
0.3533325769295097
0.88064740158736055
0.31562041150372705
0.78771689468591899
0.50057032034736815
-0.35907025526170505
-0.72704122174775443
0.65435982915163826
0.20790448737863104
-0.95687453723634297
0.14349456656578591
-0.25258746872089971
0.15505639540987645
-0.16332271943952775
-0.97431165627707306
-0.1947742308394389
0.39972085323579348
0.8957043253715784
0.11237579016698426
-0.96575726040460541
-0.23384737706490752
-0.78698256978561165
0.32199405531199171
0.52628724400024429
-0.91069453910314568
0.15635499085970395
0.38234614327984379
-0.3582605679649053
-0.19236305516099111
-0.91358952514277048
0.36710057866096485
-0.19560711544597634
0.90938166989097013
-0.98069292970401878
-0.19550337595731443
-0.004450575001212145
-0.49786576320298737
-0.79772160514197132
-0.34024979429828289
0.79585483198612972
-0.12908954235051523
-0.59156654440566858
0.33939845259446116
0.34125425307217883
-0.87655816985333879
-0.15956767301308095
-0.52837573741525923
0.83388082951946541
0.13543370874464736
-0.14316407495969233
0.98038857509489863
0.23745300733207284
-0.97111468624130981
-0.023501818555105563
0.24811991621676693
-0.86726260040736891
-0.43161567292121461
-0.10547286337964819
-0.083469738139670263
0.99091285081251868
-0.64346673891038864
-0.75144272815337876
-0.1458916797539776
-0.69355609436390508
0.57130253521040442
0.43885459691434325
-0.22996259214501258
-0.41421191619244613
-0.88065072230602781
0.5339484320044916
0.84389351029401616
-0.052371893641419823
0.7434588052860216
0.019795267075402436
0.66848870764141932
-0.39898277196154125
0.20630218642551701
0.89344958198766644
-0.58465119396283516
0.0069963075883212669
0.8112546043493134
0.11996167373668996
0.96378594213662749
0.2381719013110182
0.73253094963121512
-0.59623110075907482
-0.32849182991364068
0.95570353674827202
0.29109989485862031
-0.043492540281578035
0.62526155530780858
-0.76176585426557963
-0.16959000775131786
0.67289800508240027
-0.62830135007389831
0.39044293853448381
-0.95806953032019315
0.24647146234032122
0.14613210914740249
-0.075513230710462287
-0.61920755130111893
-0.7815879735508604
0.87975807753648005
0.089027149063207175
-0.4670116612451925
0.33592600892456115
0.77421709676018446
0.53641551395559672
