-0.6575206129620621
-0.28736379481812085
0.69648308878085696
-0.08848878758709483
0.43448470862658861
-0.89632180183293231
-0.70988595568553958
-0.085487598932815961
-0.69910929070434347
-0.95829327169194511
-0.24253550625041789
-0.15116392968496592
0.82832141351010702
-0.32232327586350246
0.4582481224808661
0.57314326933329351
0.74566175569599913
-0.33984605177977883
0.20314002772082779
-0.21084968291817244
0.95617809029013379
0.84931831399417479
0.44898170242899482
-0.27762174338126677
0.15905238526402216
-0.94454027639085247
0.28730820562127563
0.50685805224388047
-0.26553535090704206
-0.8201133411268311
-0.82362325024659089
0.12952053076452064
0.55214959364624938
-0.50110983013931076
0.86254394328283168
0.07004915448350893
-0.014802338854924366
-0.88706140395430899
0.4614140834207755
0.16292858496706797
0.9793214312725208
-0.11993252457515552
-0.99083770394127446
0.022027128220821913
-0.13324957812588659
0.97555421283306765
0.21680031985525594
0.035938824887751887
-0.35274362830481576
0.40217463826419642
-0.84488312388603004
-0.069124730794347555
-0.98670833949131198
-0.14706605444801579
-0.81357722002501165
-0.23348462994741542
-0.5325195157312943
-0.61516644861558445
-0.31085241916810336
-0.72452813195556964
0.16072385803974526
0.91729960535608901
0.36432029242190611
-0.3113279023641416
0.7752687129941005
-0.54957561796536669
0.38664939907395662
0.9219614385559638
0.022121211801481633
0.80380544677076349
-0.51389233831100178
0.29968561588255149
0.79787286819553938
-0.11712120600928631
0.59133874327694236
0.042343672040073783
-0.99646609229234262
0.072541990252483451
-0.78643409837987865
-0.60916993459005453
0.10214401449412674
-0.6549740900819534
0.2310149004708941
0.71947276326608778
0.37319707068506536
0.79260633683449488
-0.48218164755814774
-0.60263468186784341
-0.53248383074784611
0.59438405951214945
0.54531178713442696
-0.74731275196012825
-0.37968237458438486
0.072408980754019539
-0.21326000262180003
-0.97430852956746394
-0.29578361417170285
0.93571260047222415
0.1922341876593063
-0.40089222236617539
-0.29661253333811749
-0.86677934395845713
0.20177775571541595
0.43844032676174644
-0.87581722817463625
0.29297949707946586
-0.64263026749623742
0.70794728164516441
0.2133820277819474
-0.61546883337715941
-0.7587267132248755
0.47251759474312571
0.40990401928203529
0.78019601231652291
-0.29397021988571187
-0.68035049649189361
-0.67134544888870751
0.89475114213999796
0.44510277893331712
-0.036109691566224254
0.94773545135026938
0.23133586999697053
-0.21972990125753458
0.9354164673881129
-0.16583789611508262
-0.31224001145155389
0.29545676904953577
0.79511344301992926
0.52962242244055613
-0.68195340278025285
0.72925113501324579
-0.055967298651330072
0.58536306223842793
0.20424994659973694
-0.78462223055484159
-0.078949684927530378
0.99603418319057302
0.041022593356976993
-0.076459037859631887
0.12285707931979283
0.98947468567446917
-0.55387529197977636
0.49875262403873649
0.66668431881122858
0.1878025564908633
-0.96994058610965705
-0.15474320402767577
0.39994070148884558
-0.70263452519133285
-0.58851691505152215
-0.12988871967186619
-0.95808214778172107
0.25535762883447954
0.45089836599457506
0.43504226526191553
-0.77937724561293376
-0.85203300810715588
0.50861712905130119
-0.12388853510911793
-0.30530531253724663
0.9493431490184091
-0.074405991347099742
0.031479730776452053
-0.58494150580401127
0.81046434920851262
-0.23288943066538811
0.60176299836353875
-0.76396584143852586
-0.57488022733113742
0.38307796822450357
-0.7230242004834182
0.32381282933062311
-0.86264238800088577
-0.38857864324358588
0.67936147093222476
-0.32900836838988212
-0.65591271167910092
-0.2691587557532899
-0.84643248483678157
0.45946230837183205
0.46808859448305168
0.011385663166314192
-0.88360819053987072
0.72890794875453557
-0.67516799305326758
0.11331982791585277
-0.68446772029206582
-0.72333757575836544
-0.091031265915581708
0.45708313011676399
-0.49870165711302256
-0.73645887146220634
0.014449635854893806
-0.45057701428655139
-0.89262061494247269
0.7214569391765866
0.60897348250608696
0.32962278822672381
-0.89648468206241794
0.27228240634680573
0.34953899070266597
-0.16860682411150987
-0.25925198759777546
-0.95097852015155071
-0.83695706320151042
-0.12770203941932776
0.53216074966615812
0.52207225374138944
0.16360719895649686
0.83706227147267565
-0.35804914031073926
-0.81011770246192571
-0.46423067679823959
0.3986680443708065
0.6231408644619667
0.67287387632092643
-0.67049936360819429
0.52870475011034246
-0.52048236340126508
0.13900263959590584
0.69329311152857642
0.7071229933274662
-0.23200349675561899
0.85470953285017137
0.46437699334507027
0.80291733826201683
-0.5869785870167008
-0.10382623128148104
0.61650102278984786
0.54615525291649403
0.56713396002249072
0.8932200513494537
-0.44347139859174545
0.07410167675809104
0.53849957330599851
-0.83850781031157351
0.083203735467511461
-0.47231461432568467
-0.51159067029866756
-0.71777008237857043
-0.094047006711576925
-0.81193587610934936
-0.57612090190786847
0.26437594909928391
-0.82935061371828334
0.49222242641204356
-0.1500883495118015
0.71558049564814896
0.68221553895288312
0.66201558232230873
-0.07380000206318818
-0.74584779174971627
0.43645793109063508
-0.28893518895673453
0.85206861869841122
-0.20314012952197813
0.21084877862871429
-0.95617826806959672
0.66470569672901569
-0.3213472429185229
0.67446444398845629
0.93567507672147432
-0.26243651504680754
0.23587968622234015
0.42501343849129131
-0.89141467151465881
-0.15730054198960175
0.15062274284708196
0.79468906151942331
-0.58803238417505543
-0.70907041530049864
0.64204000958822549
-0.29155406399762274
-0.51802389028383611
-0.073205578272907065
-0.85222778199547644
0.9115711991001918
0.064539475400335222
-0.40604507765282416
-0.54285675027710312
-0.65770480958771427
-0.5222364714607467
-0.61053178871776503
-0.76969740121358543
0.18659272635914709
0.93959422657082792
0.19379076534788972
0.28214859322819041
-0.31125270708148728
0.17077439792187066
0.93485713205220211
0.061290292035661394
0.24736157333282124
-0.96698280860648933
0.51728125154017324
0.61586097835780029
-0.59425193490741379
0.15823284090239839
0.97926583694501768
0.12649422379037847
-0.84973445867010233
-0.51152174316781762
-0.12765913995944608
0.26231428940620127
-0.40437421669585988
-0.87616933662673313
-0.38775664148119116
-0.89145734030954582
0.23441117165241401
-0.77355750316746341
0.29525497054278987
-0.56074351682662904
-0.74529619310831352
0.38482288525387259
0.5444675670075676
0.82925963512427714
0.29960759043923341
-0.47176662589117874
0.29865087290475173
0.63325296859456759
-0.71400163436745545
0.084518096918655708
-0.92107490197838116
-0.38010224445373131
0.08564537924276247
-0.75892061065237193
0.64552643303074275
0.70305348379977173
0.55556856193532012
-0.44391369871420328
0.67050040647869014
-0.52870356882836578
0.52048221988850008
0.38555037387284935
0.88181386301270892
0.2715791232865839
-0.92072136826969142
0.37177674867056937
0.11855045828476331
-0.52403760670246824
0.7339267932778929
-0.43212966673254266
-0.48792618133005339
-0.18989367447380953
0.85197912765953765
0.87850761374162833
0.42942644911575079
0.20932581636727834
0.3112518922396762
-0.17077630736862531
-0.93485705453762169
-0.072350948500469373
0.95279435093490816
0.29486991212670272
0.84821119975504322
0.15235756970564451
0.50727204886875044
0.89922295689783427
-0.38559613845737634
-0.20667291016162537
-0.054180392382935552
0.0040669909297317538
-0.99852288139331524
-0.93022074645979214
-0.098616373330122201
-0.35350272101781777
-0.18072735276859131
0.37732627071363878
0.90827446809353551
-0.98494194881163843
0.13400137191190711
0.10923822498035514
0.15738884220443788
-0.79154750872520696
-0.59049241636151872
0.82362311468670268
-0.12952081228194043
-0.55214972981936772
-0.46174587234333681
0.59588994334810474
-0.65704332033016166
-0.85980962230000557
-0.38067897301034526
-0.34031005408026183
0.30554557912461194
0.24781377652946773
0.91936403629879304
0.23463289809293092
0.4922733947009208
0.83822091837542656
0.63336015935278522
-0.76048926933826611
-0.1432165485059769
-0.23463414624679715
-0.49227402670339482
-0.83822019782886525
0.99083772579614371
-0.022025398186998009
0.1332497015900222
-0.64552651872480693
0.72877041809768195
0.22844953781691343
-0.8390591744762631
0.051978541319390448
-0.54155141304360033
0.052611540138543376
0.613765318578953
-0.787733558732854
0.76791423533402847
0.1201502997039693
-0.62918330608209938
-0.24476057259001513
-0.96899731832116254
0.033711410409589963
-0.44641455957107262
0.17288643130217005
-0.87796601464667479
-0.25500352250056324
-0.31376508169895778
0.91461722978454274
-0.45304162423592215
0.81834470517504643
0.35364562802563243
-0.3108429415147605
0.54882954823716101
0.77599149009009438
-0.72145782336020836
-0.60897264859577471
-0.32962239361820894
0.30530643735140728
-0.9493427945561812
0.074405898529965861
-0.84931859471654647
-0.44898142055521884
0.2776213404350038
0.012458398900075824
0.83898176828427118
0.54401689384011254
0.15927815100442352
0.050999861946572501
0.98591555657370711
0.67775701432089364
0.32585746009911692
0.65913757686584717
0.62022890500088268
-0.71086765600158619
0.33163727331561615
0.34603724371228989
0.23692777180350374
-0.90781245690518497
-0.39189764951067779
-0.65742634785082632
0.64358902217139335
-0.69990075997160339
-0.46441071332071648
-0.54264317515667249
-0.39994095476111585
0.70263395901008308
0.58851741890158515
0.92317877158761674
-0.058597927362820677
0.37987792591668251
-0.84079671440011827
0.41250625315190964
-0.3505702157407824
-0.21699417058880152
-0.53920080454248376
0.81374198755577087
-0.51601088621555702
0.061199183859701925
0.85439301565610992
-0.040554010637653265
-0.13221475539758579
0.99039115034230663
0.58563188581315573
0.80700407096044635
-0.076024494554016483
-0.45089826575058178
-0.43504372095956256
0.77937649104702666
-0.085644136330988455
0.75892007142242623
-0.64552723188437089
-0.54251224276966303
-0.79002057714191121
-0.28556602412995807
-0.34264665069282413
-0.91813302325783308
-0.19906035359262525
0.61980973923908589
-0.55456815840803586
-0.55523872777778782
-0.92938611596149634
-0.36397350498227821
0.061357437437684695
-0.29621877729212837
-0.039563258315694447
-0.95430036391641504
-0.025434693578054838
0.55316293859982579
0.83268471807893518
-0.61693799868591137
0.63402128864710172
0.46626656680453854
-0.78133813072651204
-0.37219445231718351
0.50098105267276494
-0.95342573371538353
0.27723863943126065
-0.11881964103457812
-0.15873988384348139
-0.73600815653689544
0.65809850538389669
-0.0080642346616961822
-0.37204006946915108
0.92818163892026562
-0.94163912088074009
0.026911038896718635
0.33554666145328643
0.59212308743972397
0.78614190306275578
0.17711904914412155
-0.8029164428160559
0.58697978946751317
0.10382635798430564
-0.16072431927014691
-0.91729973956285582
-0.36431975103343589
0.59630797565881077
-0.11016843003543628
0.79516018209491501
0.41587587813278082
-0.85851099133794795
0.3000102193913104
-0.69575723990566296
-0.037038691362046662
0.71732140527175181
0.70988537412238961
0.085488697491693258
0.69910974689835992
-0.9896727562337293
-0.11474628182275148
0.0859134819256403
-0.45238524298673843
0.33921987102573153
0.82478934948816818
0.8044000252238015
0.39334040938025139
0.44522345150331399
0.7386204360568559
-0.58152422299070394
-0.34098303405629776
-0.92623669894454586
-0.21751466865799998
0.30785215030418583
-0.79309337693337922
0.5078387986314572
0.33630737438980918
0.81482867872105735
-0.36633548691643353
-0.4492800188739709
0.19958443894760103
0.043693437646807179
-0.97890598896756975
0.74352958420059112
0.64548950626931823
-0.17466268838732521
-0.30529194524741282
0.89441150693117821
-0.32684076311890692
0.66286719653114634
0.39139360360264175
-0.63829313549644007
0.24345581237879721
-0.44742863072446748
0.86054452983387675
0.068889171046776443
0.32434120656393217
0.9434283564940904
-0.92319876467552731
0.17225706555681958
-0.34355719213448843
-0.69493546817505381
-0.61425052650365419
0.37384620602903373
-0.49857988273440362
-0.75104256622969279
0.43284311735739267
-0.283675364497667
-0.072520203971861971
0.95617420358060035
0.38775697466846881
0.89145708030945459
-0.23441160927330185
0.49116704899269986
-0.49631687985398004
0.71583830908649515
0.97458630918490396
-0.22207368967495861
-0.029407521206266777
0.47586547297121568
-0.69794213600624466
0.53519045808097299
0.16465933960637646
0.91750331717980094
-0.36204276659595575
0.99116473743771116
0.0049274943026406818
-0.13254502276558863
-0.65639709657229484
0.15103625031474296
-0.73914200442291456
0.76639388809539344
0.63775712858627542
0.076852151742255653
-0.037860898894299756
-0.65327662021068744
-0.75617207685884347
-0.074304522075302068
0.89450352110213471
-0.44084270293954514
0.52135116453285335
0.73485775087139371
0.43379378652128509
0.38618166715639513
-0.031797194185575618
0.92187453506116113
-0.49328805905250833
-0.86980780773621447
-0.010063220027887839
-0.075381997494017486
0.97522664177782115
-0.20796766965219693
-0.51206432409029901
0.83545347137830828
-0.19951848324373192
