-0.13566349951681109
0.86190331664488351
0.48858785049917264
-0.54022304141417155
0.84086950444690312
-0.033129171683602202
0.52685248796417827
0.75290261829428706
0.39441615495763188
-0.70268174659532079
-0.22488246118338145
0.67503054868194989
0.7831394769906278
-0.11759898734921904
-0.61062512047350637
-0.68500286593787929
0.030712595915403741
0.72789271881852835
-0.98565161665176493
0.10919119769960348
-0.12871741504819101
-0.74367188869100509
0.59106773454673323
0.31239567082234959
0.73737759969392036
0.12304451467278062
-0.66417943575405325
0.73735805442079883
0.67550129178794271
-0.001050891809317733
-0.32698996966337845
-0.93133161863540859
-0.1603090012116988
0.18619790041413808
-0.32352545639379432
-0.92771850307437198
-0.27550966507327501
0.16733699273387037
-0.94662175937065629
-0.37216884351031898
0.71615722946578564
0.59043134622416671
-0.93145089739255094
0.34542341894124373
-0.11437607876454575
0.72715526114097551
0.35114609902326299
-0.58986578417106417
-0.1196667136419281
-0.7166909495027497
0.68704727679177047
0.87155620576153137
-0.41997571795303051
0.25300232514425564
-0.42118735856604028
0.71860901757838169
-0.55335548143954882
-0.65984996469161383
-0.74633106314083619
0.087108944934176091
0.098537727464007699
-0.4427508406506081
0.8912137843241702
-0.93331314028857681
0.11246647771590368
0.34099541573876524
-0.8069274763035974
0.4923243304291644
-0.32632009079090135
0.34865082826212068
0.91383631202656146
-0.20819652920697335
-0.71543888576480508
-0.47191533654596429
0.51521171945941169
0.78196376628253217
0.48039735154039226
-0.39717886758262194
0.55410419675737133
0.82628357177811795
-0.10111378810757807
-0.050695550197063621
-0.98915021408105086
-0.13788333899941804
0.65766919709519434
-0.75277160959733391
0.028392445762934454
-0.8436787815880461
-0.023385495478525524
0.53633872888253553
0.11168188940747159
0.97763850642103611
0.17818559521247232
0.60992896737445224
0.60176643567563604
-0.51561983248491794
-0.17262968290876482
0.7508805253818831
-0.63747739503534273
-0.063988490798785824
-0.67672443390388237
-0.73345041659458055
0.64898471954617665
-0.069835968917638463
0.75758944768317948
-0.62102361974994802
0.28384275144183346
0.73059082677419485
-0.090910788073697874
-0.95912625688519615
0.26797770796320364
0.96122213641460941
0.26772063073969127
-0.06616395047815693
0.99907064229252329
0.025232700206746627
0.034945136277905645
0.30971446314745643
-0.93520433139165904
0.17166773099089561
-0.11067838722413866
0.96528448929704613
-0.23659279220636498
-0.99515726006895011
-0.012525048556412304
0.097494363379220711
0.55758041193814123
0.81619229933833637
0.15144046593857288
0.95556441636842016
-0.02568487746291323
0.29366125593989356
-0.86502300039378899
-0.41406498112119977
0.28334678434530974
-0.35961104800897503
0.85429670771394128
0.37530924494209777
0.74179704858514806
-0.47492381287445057
0.47348126750184888
-0.1236037008781399
0.99220351309377297
0.015947217111535794
0.069805325453298747
-0.99367492869363361
0.087962222709871626
-0.16172473975235538
-0.9214093208810229
-0.35334115518236081
-0.083902851760532401
-0.027804798510757824
0.99608594239966375
-0.67076316860558571
0.71148089097431211
-0.20945575528161919
-0.89966745343843901
0.25686161714000982
-0.35301640594144246
-0.15261038564621845
-0.29482190494642357
0.94328686758412705
0.10463962171673194
0.90448872910811873
0.41346183437333039
0.26523482771540441
0.84092940401886018
-0.47168657350327903
0.61798875954359034
-0.28359789293479698
-0.73325447710922154
0.90132230664770541
0.28931106072264184
-0.32236192343823689
-0.042250125663701538
0.0068469330860025188
-0.99908360330290535
0.87564893010531919
0.10615922637343657
-0.47113604177689844
0.5247504516990068
-0.81657219766006428
0.24051363672420153
0.31217730632661472
-0.26088311073842191
0.91350168688738798
-0.44693193454975982
-0.66959656433681003
-0.59320509683241029
-0.82851431353550575
-0.098851453805848449
-0.55117367711753074
-0.95305591538181278
-0.2906693083821742
0.084827915926088043
-0.48742998975893798
0.087584070101816208
0.86875832988697255
0.40674115162709601
0.071706383481707756
-0.91072489267672807
0.70680265665047481
-0.64598382920893949
0.28833122784808901
0.2883190583428672
-0.82808025671712537
-0.48078603248387108
0.8806355031062878
-0.37336967670506832
-0.29167823913670377
-0.3533163826485462
0.92721701333407125
0.12424227918060241
0.88839054906033577
0.16473764417149711
0.42851340811356237
0.13356254248060986
-0.80542000000569969
0.5774596703120779
-0.8996360986235391
-0.41730892644811191
-0.12848404554707216
0.46889528229914124
0.61555413543898152
0.63342743908168075
-0.32331734192235989
0.58123605542757806
-0.74674663995444202
-0.045649997289527323
0.24954351349986376
-0.96728698565503779
-0.2746076052059947
-0.088526348682306855
-0.95747258381219835
-0.25008264775253147
0.1555412339955243
0.95564930482904276
-0.91115392819681351
-0.25242750364980399
-0.32569751999768776
0.92127605402893209
-0.38708916286462947
-0.037582073727251065
0.08682020639814203
0.77081462028871717
0.63111573654136122
-0.003456255730174938
0.57453139330452996
0.81847524849801234
-0.81220084132328596
0.14990156463807428
-0.56379013318149129
0.51845476418541891
0.47286615591029457
-0.71246210852792902
-0.74437879558314257
-0.65327884453648954
-0.13830025295442974
-0.33465499380776331
-0.77904990317689959
0.53017665308799622
0.38549917328416389
0.42216055714954254
0.82046989669604198
0.55574777096258665
-0.67726649656251237
0.48213536242849558
-0.55756899330531984
-0.43329978353162002
0.70807352393373935
0.3541422640045675
-0.67890421216927055
0.64317363716537812
-0.5431229742978857
-0.64558758538579619
0.53687438417711408
0.59945394559264797
-0.50673089133219373
-0.61957951134869471
-0.83784407009738437
-0.26377322302396955
0.47795501986923022
0.26599146434332854
0.56892116751711286
-0.77818843864931386
-0.70752730680463216
0.4589992985644803
0.53733114002735693
-0.038011514747978342
0.60840046720213459
-0.79271936790694641
-0.3665926066251769
-0.37259480209245388
0.85251567388608385
0.76808612427180911
0.34917758475299543
0.53676691403920906
-0.55516108078029047
0.79721371488360449
0.23716337657476297
-0.28519185468647368
0.53921110473240674
0.79241213427972368
0.41296917285938295
-0.19093673146139831
-0.89050526491799864
-0.099601756014139342
-0.86445391800703597
0.49274629764330508
-0.63577515386104344
0.25198108358635724
-0.72958583268016641
0.72734481331036138
0.64102403216278703
0.24506675160102293
-0.61467699751092741
-0.69377200701538233
-0.37530333200332722
0.11547223317569323
-0.64173451857790842
0.75818399549911264
-0.94445262118201367
-0.14095628630532323
0.29688477848053352
-0.5503369630207573
0.50387876889382233
-0.66575927585812555
0.31479220096012278
0.78671811592703611
0.53101833893651573
-0.55335204390259907
-0.81860643525099086
-0.15389938165724221
-0.058007294917472411
-0.47011768954833399
-0.88069547047211127
0.12284408102912919
0.94515605453968665
-0.3026373478655297
0.85540690760182403
0.49413860603466125
-0.15526126514107189
0.12170469138275535
-0.94033033479866879
-0.31775278055880446
-0.78681178993340639
-0.34073920322906026
-0.51461053487527308
0.19347486785157525
-0.081269781817891462
-0.97773344939870388
0.16475240437629243
-0.72746117820224676
-0.66607573102525641
0.3370566926465286
0.89479475477238724
0.2928056228524426
0.43983242297967912
-0.04254696385473429
0.89707145510408959
-0.48131747790087637
0.81773636483773449
-0.31565918819053368
0.97200524974442137
0.063081923101674944
-0.22633264335283035
0.95603578029263181
0.22594621931971615
0.18693285632917905
0.35051236146617659
0.93540863275440911
0.046387220523884269
-0.48361942475931835
-0.17743366549243728
-0.85710532978472598
0.1882059027599656
0.17400385728101758
-0.96659256970950991
0.96743188989376749
-0.21336775107124806
0.1361974347018749
0.030651135405988652
0.19285828331298741
0.98074777106853084
0.49552265718169225
0.78508699508682744
-0.3716123065307862
0.72753649756854222
0.14871255335184769
0.66975758389231566
-0.21482432871499813
-0.97508143428760763
0.055377832205425789
0.81425809835314023
-0.57542703237159887
0.076599475731514474
0.56103886021134886
-0.4990773692104386
0.66042196880081017
0.72592257350319156
-0.28079578400174604
0.62784563784846692
0.77974029359704189
-0.34662257274561498
-0.52139991043766953
-0.35549730966530158
-0.59914376633305189
0.71738999859558805
-0.28294873775651119
-0.34274758159930674
-0.89580360967671002
0.39379393835580961
-0.63692336456124199
-0.66276312645635926
-0.48582705635501561
-0.43370114487789863
-0.7588645387979468
0.52149074615406898
-0.71992987936717356
-0.45798293687651687
0.2429430157300119
0.61627738452751124
0.74912006809852405
-0.57193882928258322
0.67650994459151059
0.46391838768005234
-0.65917661970631636
-0.25907925515545249
-0.70594909418502005
-0.3351882049173952
0.93161295400920952
-0.14052107032928773
0.12169597360075987
0.74088518447427532
-0.66051437034774807
-0.13133966293496965
0.95623747738888532
0.26145703237256696
0.008038172182663228
-0.85270126514738509
-0.52233699869338235
0.59336094022008135
0.39979480690677238
0.69863216859196897
0.10259336074753073
0.43147074500777621
-0.89627428755541216
0.12025129836795521
0.9907418032255636
-0.063010352976154482
-0.53422884964545192
-0.78244430921861319
0.31996943475573447
0.71785117803014553
-0.56785690402189815
-0.40277564816582079
-0.86434960245262638
0.35483713395051153
0.35635708651544074
-0.79756196356036502
0.21873396320647279
0.56218357110620409
-0.40470418062459818
0.3308592474005369
0.85249438977304892
-0.96439316233396066
0.23566817875672794
0.12002640528229622
-0.63468579353212873
-0.5210255446126647
-0.57070686464205811
-0.83235828493041386
-0.54899331430576293
0.07606593426280911
-0.74189524193231005
0.39370934451976797
-0.54275630077965353
0.076321773907526008
-0.21600965820449405
0.97340372630783889
-0.32096639470772481
-0.10267454418230328
0.94150863588460043
0.41216306845467215
-0.42617888541662419
-0.80529073174045229
0.17965354332843295
-0.54094606133520073
-0.82164588667836236
-0.93616242873715816
0.0051690758665027163
-0.3515297820606833
0.66713152698160638
0.56829814154676539
0.48163549290068192
0.79145836127135183
-0.58705746230836076
-0.17016814720074319
0.30676368585045061
0.20440673201174389
0.92957728508807991
0.22876656582220264
-0.96894517009907888
-0.093867543398040931
-0.71953918697604757
-0.62171259151303337
0.30941365832812989
-0.28383443566739847
-0.57497718562623534
-0.76735861833871599
0.39594997266032717
0.68669074210313108
-0.60965518439535737
-0.4053394346420528
-0.82965409709670834
-0.38389324283543552
-0.42882333589408811
0.34565801207626057
-0.83464428667555968
-0.13810378632320475
-0.52419482903275727
0.84032560678496115
0.84806711075786989
0.42256097233438594
0.31972550775722774
-0.87358873157684347
0.46821499671501671
0.13273072332025684
-0.32270107859792674
-0.89643648278444743
0.30375260691026795
-0.51453988843279719
0.51750947365310318
0.68369046204466877
0.9105833053812642
-0.13853194753351813
-0.38941872511924974
0.46169348116530073
-0.88675442931393089
-0.022488031074124851
-0.2608749492854851
0.87165730483728887
-0.41491903277517805
-0.82188499134985626
0.56235237773025148
-0.090911298830119863
0.60144358401563769
-0.041049481427281265
-0.79785998478490949
-0.23128104169104816
-0.78488644736090663
-0.57485854303774453
-0.7135604711692991
0.69585384097039082
0.081356536254942546
0.83037952388871938
-0.049648500397787794
0.55498186701422458
-0.67733262126569482
-0.0060861349964631203
-0.73565173766541703
0.13886690268441318
-0.92498917434346495
0.35371034857102013
-0.48809979149600585
0.079648886562202301
-0.86914593044606558
-0.015162895222363826
0.87044829367043497
-0.49202627435402657
0.87915432676976735
0.46867143422933732
0.086225033832483713
0.3503868121170633
0.34400730226693443
-0.87114181272710578
-0.050342934665204724
-0.23793086113491935
-0.96997654314364246
-0.13479859403337019
0.37610843188743665
0.91671794272273299
0.35752458360918793
-0.82922786818033634
0.42960134397854421
-0.52809527052316219
-0.17307083741832024
0.83136145597831845
-0.14884610401057458
0.71473807323107819
0.68336982959068315
0.52935774837183425
-0.29039381593942165
0.79715231035407719
0.39446311185822963
-0.87886090080673973
-0.26833257427358237
-0.98183070442007492
-0.14741548079149708
-0.1194870029793669
-0.19024798568158577
0.42784006177878986
-0.8836054467245098
0.69087051471108241
0.67555214264187102
-0.257540743329713
-0.45395656078712893
-0.88760532984421359
0.077975761300973667
0.97604876007437491
-0.16883695153160502
-0.1371965806964216
0.6127120616723869
-0.75801587098854806
-0.22359755993893543
-0.63193471419780833
0.62908177335832072
-0.45267498210093815
0.34110443837431054
-0.48870870294959656
0.80300159762149248
0.8785565956295488
-0.24115682675541966
0.41228836169006006
0.19897890094009588
-0.0062924362452032191
0.97998357242699319
0.56305742555812599
0.23815229749499692
-0.79135947503123372
0.14446741398140003
0.40241007746642965
0.90398854851761756
0.53417277813239672
0.18184308191062912
0.82558617761173869
-0.79022196617732543
-0.51218113103826746
-0.33648140094097806
