0.79561622341927729
-0.51963574556330594
0.3114057111950802
0.39248432465740257
0.86154790553253335
-0.32201127522297651
-0.77588184019425332
0.31290127356905051
-0.54781398581603002
0.69945282323042468
-0.10671876851992411
-0.70666601200325108
-0.79181536893957494
0.42698705254082847
0.43670410860625142
0.32052983015337605
-0.0070973855214752453
0.94721183222160366
-0.84784926116748227
0.4148758323181172
-0.33019641744892364
-0.91079512369834204
0.14247662660727262
-0.38749535935019075
0.25275511538077294
-0.9432541138258409
-0.21537531984765462
-0.38128731515245978
0.67757723342011678
0.62889512325551511
0.2056660787482113
-0.9240654677932898
0.32218701911204151
0.47192611488422587
-0.22271707405526484
0.85304328554566455
0.62814293886664363
-0.71767031630011657
0.30064225493710361
-0.22522014946460805
-0.57559179908319436
-0.7861106570345624
-0.18724196273423982
0.76368841857635805
-0.61783529093421896
-0.77581328177730791
0.075408276620752016
-0.62644021553138762
-0.14480674119159465
0.9887832664125531
0.036587699681620775
-0.90780123494342024
-0.3783601210536589
-0.18094346252755786
0.98435869730444836
-0.16383750463302543
0.064770572922528385
0.75229067006468864
0.57889301039584296
-0.31454988515092536
0.13168235608904874
-0.25706763706349628
-0.95737975070994041
-0.94940332173459419
0.25607673229810296
-0.18181870050917198
-0.76341205982588944
-0.54267796865327367
-0.35028937930052795
0.11062903808636289
0.44212460905614243
-0.89010507581916376
-0.48351075890395812
0.77439502713746766
0.40808049202195296
-0.31327086772251755
-0.36825800893958255
-0.87535558619810927
-0.8669788922587045
0.45552027783900739
0.2021110507996608
-0.41155041813850518
-0.83523849191948296
-0.36469564700732232
-0.88234759374411653
0.46716789386270247
-0.056717570098290565
0.1804628675717716
-0.6510296803434521
0.73728794153958321
-0.68489888442276359
0.14113954753208408
0.7148378461153917
-0.039118145111996405
-0.44196491307887559
-0.89617899235040033
-0.67729782897047897
-0.45728240564707567
0.57633362938275523
-0.45091169903387202
0.47516163928497895
0.75557928520202189
0.78369757167936593
0.28689291543115236
0.55091793510402143
-0.021108200932998523
-0.89789890001207928
0.43969535955075795
-0.082465394795507185
0.90488902213582389
-0.4175827059150003
-0.57858848634591342
0.7355736420674357
-0.35237307014525499
-0.3885786130893083
0.92120639114473979
0.01963278797507784
0.2739690566546843
0.95455983202230921
-0.11728803470637114
0.60106533184062894
0.75884365984451418
-0.25075240133067134
-0.79593869941879802
-0.59579190320012698
-0.10730142053431882
-0.47914384691122847
-0.45361681128074188
0.75143393754248355
0.22801853820845741
0.20342209902692596
-0.95216962557138829
-0.011555480046998213
0.22935381620098361
-0.97327452338737841
0.44366199788069283
-0.51998177586734351
-0.72991984793013809
-0.96589191733805224
0.2496263404289977
0.068843984378065118
0.49641235699658426
-0.6861839216515383
-0.5317202248250591
0.096556409322510611
0.73771816608262342
0.66816821777935131
-0.66387794932431587
-0.62997710634316995
0.40298252305084808
0.84356951509074707
-0.16139401527765357
0.51219375732443129
0.45902662586835169
0.57519839978121545
-0.67708297691866781
0.2293852325522826
-0.97174021361980834
0.055707919733770928
0.61671107370482359
-0.59927967528862336
0.51042268989123685
0.93119416016802337
0.12001547571675565
-0.34420011861916944
-0.75806948038474076
0.64818675689536298
0.072004104707169128
0.8764668781009548
0.075995815892873478
0.47542659534227011
0.5472448945820918
0.68665594063446744
-0.47856728319561292
-0.84651635942565351
-0.32354020374229908
-0.42276682673446514
-0.19917429009237159
-0.95604185720809831
-0.21520587685351403
-0.74155391059854148
-0.20255871678150081
-0.63958405540776431
0.61880222846563138
0.25661771879241874
0.7424494248416813
0.22226528152369196
0.62768442681289149
-0.74606327142258244
0.073298837296231434
0.79946007635481231
-0.59623054833325873
0.41060127339551156
-0.64581021016971063
0.64368918487616233
0.81510295085129836
0.45087952066865533
0.36375106509137423
0.27760945301294077
-0.6937622129534976
-0.66455021140296222
-0.87912658334340499
-0.079419660459150804
-0.4699244279578414
-0.071670626568916859
-0.5655768309373379
0.82157541929764222
-0.77837888707854541
-0.066865062962572344
0.62422381523406822
0.98931865109120953
-0.022320885753861788
-0.14404993808479272
-0.54944644582515589
-0.29843179981622175
-0.78041467440621259
-0.12654444380957819
-0.75037608219207974
-0.64878520252467986
0.44087154320348465
-0.89444621721214335
-0.07482143348175696
0.11042873346694207
0.99059044632622162
0.080845918091789412
0.79274685889811169
0.25751974138060046
-0.55248167436254947
-0.28610623031087135
-0.6289199215755974
0.72291282823217828
-0.98070274522156398
-0.1955040444065215
0.00054234267885980682
0.27719964352527093
0.80774319763916624
0.52029922573180676
-0.62000794489136379
-0.73912908327935367
-0.26320780102840774
0.95919937258997368
-0.045877683847886867
0.27898351518997383
0.50159579705987167
0.86337468160981135
-0.054642616399923571
-0.3301843650252877
0.83825567346355656
-0.43394205949528203
0.41790066390432901
-0.88536179751778366
0.20369958911200631
0.65957944246887601
-0.48605088299296179
-0.57333192673547206
0.054821143090039742
-0.63900340796056532
-0.76724786535062095
0.67364306274165231
-0.72389686344800641
-0.14892399104974485
0.041233053938292644
-0.94019940476699615
-0.33811967487667433
-0.25206925907452216
0.24617139510169131
-0.93587431467227922
0.28899813561951293
-0.043125702828020668
-0.95635780509390678
-0.42528521139231173
-0.89663782781038714
-0.12317911637313844
-0.58066391809779572
0.47119475533141963
-0.66393140968588016
0.29978684675064776
-0.84470087720217057
-0.44340531635196595
0.36831870699651009
-0.45343729786752351
0.81162549675266971
0.7938543465781982
0.58676397638056488
0.15969756554490569
0.91035059048847633
-0.40629542584280243
0.078650043461515648
0.76045329202281076
-0.38805023769644326
0.52069934095925619
-0.41295106632525574
-0.90182465730536887
0.12721518893940406
0.51062687445089971
-0.070131506160695259
-0.85693743466611227
0.5837766765431962
0.36249359310730289
-0.72650064479003584
0.23579512007925185
-0.23848618597823598
0.94208545283555123
0.96075702046768618
0.247945519792167
-0.12437430135299715
0.92573542304785872
0.23255127568571168
0.29821775716974036
-0.95778015192067456
-0.13503665952768748
-0.25381544706816639
-0.20735108528161131
0.95639132102676105
-0.20572109395301422
-0.36083225284108739
0.0517087868091596
0.93119615907517062
-0.77459677314971231
-0.61586073322271329
0.14392844159663107
0.37503738728573072
-0.28668440775690068
-0.88156622467456636
0.83666587153010918
-0.52785639615955471
-0.14614323265279863
-0.82978034892345853
0.18751929542798079
0.52564349742259464
0.0348606399453893
0.56089754489887333
0.82715094143028955
0.60408311955783733
-0.79364908228352748
0.072143737467547944
-0.98659925203482479
0.0072255006798015676
0.16300217183905968
0.45900007906899321
0.17460700634755053
-0.87110924731000561
-0.62338326736461869
0.23212544021879458
-0.74666664715456732
0.60659931812261625
0.77902548708186103
0.1586081893536585
-0.25645410420486886
-0.40600090228779845
0.87715138931542014
-0.61534999963454817
-0.04414766811501019
-0.78701674782038056
0.65583544711427877
0.65368641700315677
0.37758963774710408
0.0058048035736359346
0.87381866007728937
0.4862172904743331
0.15080887736511658
0.1769760586901773
0.97259249285523697
-0.59863132448107736
-0.77143423641050468
0.2157075711322454
-0.027877793326988101
0.3505129627710124
0.93614287988997946
0.02596041566128604
-0.99594186243427751
-0.086173449911419994
-0.91302687923595383
-0.028739827429643698
0.40688565975218294
0.033069350643686733
0.98507005794693148
-0.16894791796418865
0.66903618708336676
0.13327966599420968
-0.73118199581596788
0.79063101405421177
-0.26806407248199349
-0.55049455279773418
0.047596794220817737
-0.015764327443642367
-0.99874222458057249
0.86723573146813471
0.36355740875647141
-0.3401884721785986
-0.67880351115115178
-0.44026225268486535
-0.58770310711252483
0.3175306747433127
0.77104900641544194
-0.55195806027524974
-0.14451244811603489
0.45633225052864451
-0.87799603043918883
0.003116504021027572
-0.98296296990720944
0.18377727605415556
0.92143306340001607
0.3741777242186955
0.10465247427452419
0.47060739690414327
0.45126827245744683
0.75821212351978251
-0.49725975431753172
0.24162285902613134
0.83327734322499503
0.94445123900513039
-0.29045403523461027
-0.15378007204318081
-0.59992656495053043
0.58861165936682569
0.54187123112792124
0.78050659365997455
-0.61938199603183919
0.084707734268590879
-0.31198416129298506
0.58938780250781853
-0.74517642297466546
-0.4632022550532619
0.67591682276442533
-0.57321908518263531
0.352860967522097
0.40933114340898252
-0.84139001220294063
-0.56793781349135908
-0.039670712463660461
0.82211487918616322
0.69035794910697501
0.48426161944930451
-0.53749101018821543
-0.27408142769628158
0.30536571030419091
0.91193813055622619
-0.45085603314611467
0.11103071782380394
-0.88566416720745811
0.23149597849208067
0.40829529405508352
0.88300881354291538
0.49937693035801833
-0.81071982368427886
-0.30554222116024288
-0.46735044921824509
-0.52431113376362304
-0.71181556082106601
-0.62734258894824724
-0.7783156805372714
-0.025806540285645042
-0.17790995337339899
-0.87675670861372268
-0.44681732552745412
0.085461638097279108
-0.8263651377943273
-0.55661204393355723
-0.24268815803273627
0.84614517282034507
0.47449004674861828
-0.43643106067374504
-0.81009960102231382
0.39149274029370934
0.058508778372078199
-0.065093834493198166
0.99616239417294761
-0.36318215739079729
-0.72168952846084911
-0.58929020445186731
-0.75540934045300945
0.62185874904445704
-0.2065149500477205
0.99086500381927778
0.10875786682559788
0.079738764787074909
0.72327216107194714
0.68866945518315326
-0.051105405937671045
-0.69230092484139194
0.55177152718228473
-0.46504581629628988
-0.66086111628412003
0.3769651845054301
0.64896828478323498
0.42549347434453361
-0.79190856928581044
0.43799100582308614
0.57808491187471134
-0.42744239628324876
0.6950617472731766
0.13586474394727618
-0.45451411120199969
0.8803168146016509
-0.4347101822254717
0.87467855391976979
-0.2143932946300264
-0.61469723657544917
0.78529533701520227
-0.073881939665159171
-0.70083925393436286
0.63914917721190445
0.31672175393248758
0.58453585036962663
-0.31861179075035667
-0.74619325005490933
-0.22452569365483963
-0.92765053599487679
0.29841698335924327
0.40330965661852269
0.22824585299133016
0.8861405935124006
-0.24805654532407975
-0.80370085359903365
0.54086309565921342
-0.56297777040658925
0.80783931607076509
0.1745040671111831
-0.072530035433175405
0.95992436349412202
0.27071130440095598
0.84044275372788424
0.008133363539142827
-0.5418392991504315
0.54751632062511235
0.016566182108712753
0.83663100603520546
0.69007060727157299
-0.62215377253584037
-0.36976646724556328
-0.42438078333858453
-0.22754663051809026
0.87642654094498595
-0.92545881135389052
0.22110476591033287
0.30763398866051994
-0.48783680537842394
-0.65030928939475119
0.58233416475857525
-0.037399427195754918
-0.30276023962477705
0.95233267304433944
-0.037230486169848163
-0.75414448210141194
0.65565234005191342
0.65093731916139919
0.48908485662411338
0.58058299109080125
-0.9381493245539867
-0.23280460128593405
0.25627692533467761
0.16188886908728703
0.91244031104421441
-0.37582532225380533
-0.21676505719709727
0.52974363669021962
0.81999060321723183
-0.8279431543149719
-0.45212215602632805
0.3318067046535968
0.86569043113292521
0.48956868756327132
-0.10441540883636861
0.29348244359835957
0.61242042898755755
0.73403628892462225
0.48025129105163006
0.66685401882178463
0.56979330903800329
-0.20257772650033856
0.012265475286193402
-0.97918937026601638
-0.82618736913616952
-0.26766200051149563
0.49575345138691546
-0.42104010493174876
0.38106812819420899
-0.82311136045715216
0.9209555001615618
-0.15097279244473549
-0.35923276947350735
-0.028777750023498132
0.64023295778023015
-0.76764158360237567
-0.12750037386002575
-0.22072940232749771
-0.96696545213037433
-0.2066438296699096
-0.13416214017124053
0.9691743123938158
0.677912025440782
-0.19832818213687314
0.70788503157861715
-0.11375424989078137
0.11357521502292803
0.98699576552500023
-0.20013550802164587
-0.97917317554220307
0.034141920384119805
-0.57713556002529576
-0.64969028790389372
-0.49478993033169544
-0.32155478841096391
0.91299102263914644
0.25109741263164298
0.453036309562312
0.82019446932814644
0.34934100060210682
-0.6446179066772636
-0.25847077817074193
0.71948635235342306
0.36015672368438184
0.92285928440604292
0.13644733625284994
-0.90470534879009656
-0.41952389070374657
0.074215476818387652
-0.14563752333446786
0.72201904117726279
0.67637135951669947
-0.39397337176303621
-0.1365402045875721
-0.90892340429369978
0.1903645200951527
0.92908701342609368
0.31710987208209657
0.22328698904674776
-0.48029079303095418
-0.84821204580702247
-0.99435572282755913
0.039765360408370941
-0.098363675163521985
0.90733021111272327
-0.29242742233040253
0.30205643623557771
0.20084720979661821
-0.81160487566450124
0.54859632163779848
0.73590539489163487
0.041543670546722894
0.67580868092004576
0.83619008279408602
-0.41151558473115046
-0.36254802297102501
