0.50363560230555815
-0.5182022313983875
-0.69124353701430696
-0.36548185316117027
0.70145332282190342
0.61187110645297449
0.15493429673046416
0.17053163850549763
0.97309522862115949
0.56808675207321957
0.63537996242050232
-0.52303895215693219
-0.38957764678601364
-0.43218377872040559
-0.81329357463072549
-0.84956088770959071
-0.52609798967912003
-0.038304090247399822
-0.61905537686391332
-0.50263280862085302
0.60343243206989705
-0.89818372182976824
0.37207171724550225
-0.23415516023784036
0.25644706884675855
0.96515355514898216
-0.052091418325733441
-0.10548690780163972
-0.80181414473901147
-0.58818924639855141
-0.99332817019916342
0.045252948870426184
0.10607222495692489
0.91406233899395672
0.35302408875009239
-0.19965979363673525
0.81266674311589271
0.57092352224228071
-0.11670088424633163
0.26815135575861732
-0.74871026912054339
0.6062406975106992
-0.86911774970125855
-0.39334275600497393
-0.29985965626044481
0.91492228379605023
0.0078341540936489734
0.40355401205174113
0.6381550341433011
0.70970378694673941
-0.29846052869855266
0.47223137263031711
0.88116986784060225
0.023177461324787828
-0.97415940254125899
0.21622413409453806
-0.065273135940632568
0.52714830397042878
0.21224397521965438
0.82284090844102975
-0.69356123024091298
-0.7203973723696917
-0.00066767473747963361
0.99255675676585753
-0.054858846969918065
-0.108727142460259
-0.24517823227520094
-0.96207623649747376
-0.11956985232601304
0.98669530543320483
0.013143513535659417
0.16204820976491061
-0.47380903404711361
0.77980445272204979
0.4091576893695214
-0.19217430657625284
-0.63554262347741175
0.74776641381877096
-0.51882131772642781
-0.21557663819251263
-0.82725519239121592
0.89103155808722656
-0.43500647221191541
0.12973870519776814
0.07490592266437443
-0.96529771102478557
0.25017879974152174
-0.45300578824733295
0.86966409620417418
-0.19613800138624179
0.40070964928263025
0.80015443103565187
-0.44630109059445922
0.66213298843206181
0.63825275746789178
0.3927000422901169
0.019140569512903494
-0.27550833640147543
0.96110810795248902
0.81467522272588433
-0.23863363546025049
0.52854353605313809
0.48269913120423819
-0.4192261913361181
0.76892844220544099
-0.31421809090205333
0.91062352038435734
0.26838739812567342
-0.93210290322862355
-0.15400797395857219
-0.3278196482060633
0.33695519301228699
0.056727211805828424
-0.93981020495778245
-0.46060077944704503
-0.076736293127495539
0.88428415302425589
0.58351624988792683
0.78302094204663042
0.21537639246941082
0.66031464626643877
-0.74912510307393443
-0.052878614491066976
-0.0034882570677442328
0.47049309238366388
-0.88239678267879373
0.66142696170073145
0.74830592856931355
-0.050523376800808331
-0.67975347490699678
0.63669648850403204
0.36407800658443773
0.69721547640694803
-0.48354266898769166
-0.52922307841485139
-0.43560407805492912
0.52665488110545866
-0.72998885155165916
0.51891027323174621
-0.8160534702726312
-0.25453656317030454
-0.017457665130670246
0.93520945567916025
-0.35366439449918335
0.84050146975782936
-0.42410044895432109
-0.33718850593054289
-0.86588991206729082
0.21396004555073994
0.45216784393411308
0.077291930242835968
0.67794832765251956
-0.73103489831367741
0.1804002518159154
0.89576795308832458
0.406270259020652
0.98194424710364492
0.18746304008040801
-0.025359498888335288
-0.94769929183165813
0.11290393896690697
-0.29852764164735335
-0.20344876130328463
-0.16215984005201617
0.9655634561221047
0.75428988905831396
0.16192199477770705
-0.63626097701462458
0.11639196150435688
-0.41029602627224843
-0.90449437926521725
-0.1302769821097397
-0.45614525027259728
-0.88031779408695821
-0.33818686018784788
0.19491000878176321
-0.92067352306503203
-0.46862290444988514
-0.88280554349060025
-0.032356541953975526
0.021980692981358116
0.81581927368430107
0.57788905667202117
-0.2207781687018868
0.96227852430777649
-0.15898755259670269
0.570598610009032
-0.80065776438391056
0.18265916507944149
-0.76725517824955258
0.50165968634106806
-0.39957108322478585
0.31672399892106051
0.68846351327227007
-0.6524598833646823
-0.27812674362147943
0.079638054659785629
0.95723732414303442
0.15522621961536054
0.27318661868454086
-0.94935446073404595
-0.41192518136172318
-0.51233251184852691
0.75354697415827387
0.60985096953395301
-0.013837842382581697
0.79239529849481838
0.93344339040844848
-0.333926748782511
-0.13105862562350712
0.82686930715129126
-0.5562199249009826
-0.083105619751546608
0.56031736546901911
-0.68333933687387838
-0.4680724309704915
-0.72993499156730846
0.15472814357838563
-0.66577331703096942
0.94187168433554691
0.23969123853776536
0.23542693222134067
0.78860261681160371
-0.0085749350491165985
0.61484338107098013
0.81473502951291166
-0.44871472046081057
0.36723552568667933
-0.14634646821607597
0.00055125754049143458
-0.98923324214050001
0.37556987555331778
-0.37251060710735839
-0.84863603280167921
0.59086284455630256
0.30428954861667784
-0.74718737243444722
0.76979574256897054
0.62185886165720017
0.14389604199246869
0.46545891212717522
-0.78347690583694396
0.41171827642400682
-0.88968045346365632
-0.41924155137652253
0.18084582473507491
0.71212361169257488
0.22206712516225752
0.66600762277326298
-0.89352723956709401
-0.24237675790399102
0.37797166478396094
0.85581677140085044
0.27512870823244739
-0.43804320300099331
-0.39228106406542085
-0.8361659891875759
0.38333015182954722
0.08666686282273986
0.63672622214683838
0.76620400215548301
0.71552319062072822
-0.63707374281791085
-0.28664195417961968
-0.58853560556772777
-0.29603395567853108
0.75232289481601544
0.7790123355540749
0.51535696825370014
-0.35713719538426686
-0.52748886402353234
0.15225082326854092
0.83580810306266773
-0.089343547517530736
0.80787864050115188
-0.58253740887516692
-0.055784088007948138
0.94188029480925761
0.33128484084718912
0.90608841670820717
0.41862211917659942
0.061313150655527095
-0.5224243565289457
0.30539058198087726
-0.79612146318429211
-0.81085174362344747
-0.26446763109723576
-0.52208842351141183
-0.94247518866837365
0.25470510604609536
0.21648516738696172
-0.37861791873884593
-0.30438015393622797
0.87407161806091316
0.0965579194578991
0.031546804493358512
-0.99482730527273922
0.37416095803174215
0.054264822991024642
0.92577476011744975
-0.84358020230287001
0.26518456089699782
-0.46695780424414735
0.48638809255043136
-0.15223123736429278
-0.86037914537469418
-0.74134613783363512
0.41056831428073925
0.53088564044229447
-0.56622771522376159
-0.69610830544791713
-0.44138350852621144
-0.57234003853482052
0.57787468605841708
0.58179698134559454
0.83244699427187263
0.45388124621746878
0.31784243904771825
-0.42520648373517528
-0.68841595324305205
0.58760779565117083
-0.024613963204368941
0.0016926947268443076
0.99969559746951753
-0.14659170637268298
0.68316084442837199
0.71540347515416691
-0.25344586861452129
-0.63415779750037671
-0.73048550947414559
-0.77919902802937446
-0.47015329227369362
0.41449337326703406
0.15247087529143991
0.83627021564669546
-0.52669228075802621
0.43153911700940567
0.80022229052031313
0.41643520053564892
-0.37686012581586165
-0.044658314691887954
-0.92519299635207641
-0.38778357102016836
-0.86929921132037236
-0.30650086989211761
0.25664179726655978
-0.35353312972641254
0.89952727256133691
0.099651474241092219
0.98428228623869773
0.14580111343298954
0.24179376103342262
-0.18191395541731636
-0.95312280947931305
0.86891408641621315
-0.0020583703969037333
-0.49495865841379805
0.17497434591544392
-0.98440153972262112
0.018373537035514993
0.45861582907857007
0.86139274979869884
-0.21834388453266113
-0.72495791123381259
0.18212490795324279
0.66427896612984083
0.34712374947515112
-0.91858274507611504
0.18897312771593169
-0.20392520338862841
-0.8002397321914031
0.56394226871652209
-0.37010863947631178
0.51814578227175323
0.77106714577848967
-0.65640584697608351
0.69663839990851817
-0.28952772549189465
-0.088675138354860086
0.25265708451293661
0.9634838439139336
-0.97119169344919298
-0.19434185144621405
0.13790554503625455
-0.46747595639231859
0.77796304181761922
-0.41980916588488659
0.26650916234359784
0.74872286121152731
0.60694888045546125
-0.71168753833310083
-0.11218479560193434
-0.69348065540224213
0.038766641928266274
-0.70999790988833023
0.70313591533060515
0.3266842954173621
0.3333796118923314
0.88438419564247073
-0.56752485438909395
0.80210680640469223
0.1858499684420295
-0.089928970420559293
0.24280378192162252
-0.96589808145769485
-0.15025818358680995
0.9847766009244987
0.087392931846820301
-0.99184113879441405
-0.058277289777184507
-0.11337950825094512
-0.15728388143984481
-0.91584289764824234
-0.36945035859569547
0.20141523652663143
-0.10841401076963651
0.97348770139317242
-0.83679952495180432
0.45656564235326536
0.30218267531906023
0.23877232787667757
0.50279841568216477
-0.83077164649972102
-0.75560534069509422
-0.60345753741615316
-0.25475393941739694
-0.0015230930227066548
-0.63639990640250554
-0.77135778943271593
0.80652907745593316
-0.25296750300669429
-0.53433911483311736
0.0052137713228693093
-0.98471342901883563
-0.17410421964604902
-0.33703369111537246
0.30835775600301524
0.88956381747794377
-0.1670567910474593
0.62430725842838153
-0.76310711937352782
0.75455622509332299
-0.63564824033320189
0.16308346861107265
0.44241452351453403
-0.18808247455048135
0.8768662224937025
0.024242428476742042
-0.86160267978266514
0.50700406985830038
-0.26163042001757386
0.41974095204964751
-0.86911855146112471
0.33285362317791151
-0.8449271515114769
-0.41869627915236907
0.62380394994126187
-0.30848055486831949
-0.7181283863668203
-0.3993003453958322
0.91608479015049349
0.036713640812311744
0.31861079486894334
0.55572274208932604
0.76789282801553793
-0.83058696325466752
-0.031227476566716157
0.5560127167418607
0.70947402233564971
0.44805218487202503
0.54396309733499271
-0.17154707363371571
-0.43041210245537992
0.88618114603485465
0.65312004383341993
-0.24038495843489088
0.71808723711070621
-0.011782029861366146
-0.21357841527376512
-0.97685487371538093
-0.76301884404505993
0.6345993121754544
0.12282490227384968
0.7114470727720551
-0.079824525245031447
-0.6981913117573717
-0.55593314219674594
-0.80759877983847694
0.19678046704552687
0.46906477348172737
0.51230878348197051
-0.71938720355991825
-0.56939096031448921
0.05895417533561443
-0.81995020551411613
0.67377374651064248
-0.45453618710313576
0.58260260308958078
0.85139700946102093
0.23790921236131496
0.46746373009512621
-0.59159281598326663
-0.77750400286588506
-0.21332010126688641
-0.3203828632068676
-0.93506290430767025
0.15169767945184387
-0.34333982255235851
-0.7726372684610916
-0.53399383670104117
0.33137884665262907
0.91828784398102858
0.21664601447487442
0.38423733691683976
0.29612375074242181
-0.87445548380995075
-0.49514119217791797
-0.58127329976359265
-0.64572172860340915
-0.58173080383756059
0.60403702975607421
-0.5447279491176904
-0.63241105462021796
0.7730608309407111
-0.049327575040749382
-0.85831874375046535
0.00037188133061328589
-0.51311674678468533
-0.15639948929742464
-0.92839823749545558
0.33706959572592221
0.65896320164746391
-0.638826964861539
0.39707380654019203
0.44268989311199142
-0.89603834973882934
-0.033777719487986184
0.13559192512370033
-0.7796567029414464
-0.61135117191326482
-0.7629130253691625
-0.27292225206631415
0.58606924509747382
-0.25566304289309383
-0.25418480411193467
-0.93275210739897096
-0.66833298495771643
-0.056582128366408573
0.74170714164489204
-0.21068181800083016
0.84487490333249304
0.4917311961659292
0.92363530843441366
-0.22277827054296903
0.31187763495824605
0.26479610627674327
-0.94197066783644845
-0.20633536545253425
-0.9406358118855167
-7.9199356937013717e-05
0.33941753508906525
0.95290684802968428
0.1079125142193005
-0.28341388154605524
-0.13577252110594237
0.48330021005249152
0.86486226040668124
-0.088476667136675902
-0.99362217576320044
0.06990601693695353
-0.32847478524368878
0.72084026714958815
-0.61032255792721835
0.10117494900026912
0.42369234397585803
0.90013800461431248
-0.71551195015815605
-0.50101703242196005
-0.48685170473560541
0.69964189389262388
0.43018372978268393
-0.57047627377534371
-0.75165925848759918
-0.62390883215583615
0.21388344556747083
0.24341605243186731
-0.88148113808732775
0.40464753627664157
-0.24979282605848843
0.88311701310485879
-0.39712452104405072
-0.94877424876658589
-0.30475293802603537
-0.083385080451481838
-0.63170950424260675
-0.37140845346254997
-0.68044019792052024
0.020325388033623239
0.99365170008723425
-0.11064889296794531
0.93037745426359031
-0.17100243994943937
-0.32427759424502217
0.53638981517357354
0.43438608776524978
0.723598433479551
0.24114103530523218
-0.57772970829524484
-0.77979445063748187
0.97421500893772994
-0.21289670825532284
0.074700120311193774
0.36548364198555028
-0.70145213145662322
-0.61187140374096449
-0.90053618438505578
0.43274365109266238
0.042041801248246143
0.053890569787670796
-0.51571866624138329
0.85506143859851891
0.22345395128139925
0.92836906919606588
-0.29698350630423931
-0.80281371352827813
0.58183628877165394
-0.13021779616997192
-0.56946786667275973
0.37259634799176494
0.73271980339716192
0.087065994577965086
-0.91052434856677922
-0.40418426893583081
0.49078760227125418
-0.6224070042639317
0.60970242782855266
-0.60776348118690393
-0.6777179661920032
0.4139105087288199
0.28157267229626065
-0.57139947847403649
0.7708563200853592
0.50127953006292703
0.63510250748717767
0.58767647368547149
-0.67533522122982859
0.39401193973875098
-0.62343959636019675
0.56090009031356203
0.07669447762797181
-0.82432338665575333
