0.608465920416141
0.26505418270923808
0.74800768974688769
-0.037081757506612197
-0.010685730743368527
-0.99925510177266585
0.80000858684519494
-0.39666550904158565
0.45015856640825352
-0.66393258431160251
0.50129729337119155
-0.55488246246212758
-0.032875070804139948
-0.87249942210172171
-0.48750793650132973
-0.75806094508386601
0.64525297270482607
0.094827236351909122
-0.51730351888329296
0.2071426483949666
-0.83035473899224654
-0.47502935312638994
-0.37406327529727762
0.7965072377211625
-0.045672787434897409
-0.96634373697224929
-0.25316749100631991
-0.99055040597207011
-0.056455932700720864
-0.12499048320355809
0.047567325381826439
0.79489386378712223
-0.60488105844835272
-0.22513287663701512
0.24854946077226323
0.94209253972577434
0.18904849635594173
0.33892167198991008
0.92162506817095713
-0.65248408708569683
0.69257653917748052
0.30757479331194959
0.57439914228613964
0.15941100572228234
-0.80290332954569166
-0.41989238418016867
-0.25983359568327935
-0.86958431923637625
-0.24665490025593023
-0.43474469552929595
0.86611685694765062
0.023493856370105842
0.98043423149580022
0.19543990489176036
0.77790597526942107
-0.45346631617119126
-0.43500642953669072
-0.93522494198306072
-0.19573242563727991
0.29503071949701687
0.016692708795675065
0.16852021040979681
0.98555684369624297
-0.39989103217768468
-0.91098939936132184
0.10092312240098426
-0.71290197155677382
-0.059787583041981486
0.69871040056983758
-0.46119353394701235
-0.46340303434364172
-0.75667572447288911
-0.47418168605293487
-0.64096149631557942
-0.60358933792181024
-0.25081779435471202
-0.61486580788215806
-0.74768340380969978
0.18588553740112976
-0.39884550973889432
-0.8979804153466906
-0.84562780253281056
-0.141888746567573
0.51456894890870852
-0.50311490813955684
0.51644039775109207
0.69293917826777474
0.90061054350949876
-0.19948976426119941
-0.38614049628928637
-0.46325242456523918
0.657091184096258
-0.59466660148137185
0.15253717790587204
0.98818279210405713
-0.015072449898479334
-0.82497417591510602
0.49226587723109277
0.27765430878539304
0.97787895027631777
-0.14342049434188214
-0.15226069883333984
0.34833638113935061
0.81542461464493843
0.4623250624894728
-0.23432241423465455
-0.14161403784055118
-0.96178920272258106
-0.82489301618064914
-0.35233591644435541
-0.44205306676880723
0.64778425289354302
-0.59700669480595192
0.47324261014835428
0.65080028137540447
-0.3967110687185742
0.64736336142684281
-0.091203011832469358
0.79285939011317019
0.60254128335082435
-0.93369954753318563
-0.29463150777140079
-0.20346358289550312
0.61964356628168082
-0.66109903178926899
-0.42307200443070142
-0.69406217758473765
0.51922581531721335
0.49868050528821267
0.94584585234936502
0.27136141721722123
-0.17815331835069598
-0.62515844116460673
-0.21815807919741395
-0.74938906845612163
-0.28740125036068986
0.1022722277472758
-0.95233445423481411
-0.22476312507271537
-0.40701229043759057
-0.88533752492498219
-0.36555687675698106
0.83492374280241521
-0.41142497926169658
0.36296869645200713
0.51225890976630528
-0.77836015748557352
-0.024908421210472514
-0.72523714476302326
-0.68804843899886825
-0.46187093661399703
0.8454778405107829
0.26803443643780589
-0.97151102280468649
-0.23104829035722452
0.052754337186581672
0.9151236442858135
-0.16397656768444807
0.36832105685051381
0.1474247915415306
0.74944358059118787
0.64544577645964663
0.19332483985427201
-0.90546036947328778
-0.3778452402884247
-0.60435202157339152
-0.51590320010029878
0.60712644658787995
-0.66926041109962808
0.33499603496624175
0.66322557150011452
-0.46333179443100087
-0.78466145701936585
-0.41186168325979855
0.15190405308862245
0.3880301480267645
-0.90904222282442759
0.59344043047524342
-0.76027663302452431
0.26421184067760978
-0.83454973740246208
0.317583492322841
-0.45018602955390502
0.99716654590523413
0.071498630917140135
-0.023384300382929692
-0.084960787239293539
0.45888248934988712
-0.88442553423096637
-0.69863533899411301
-0.59592020117571443
0.39596436321880846
-0.39097407875026124
0.064459408918732058
0.9181417397914291
0.48876135066903664
0.83335779713578262
0.25812230443178402
0.26451625285681118
0.93626869506007904
0.23115380729092086
-0.34363324004091561
-0.8714606893519955
0.34996065957922662
0.84026297798813554
-0.54200337924523523
0.013800895233856827
0.19268207591791869
-0.86925770884348186
0.45526327903328861
0.25795560199681999
0.075940691590576703
0.96316764831425017
-0.70331766442420229
0.26932519410699324
-0.65788160236330939
0.00090901430591699072
-0.80201063900756708
0.59730905619424979
0.0059915460094515059
-0.46307756453621601
0.88629750682241182
-0.022319991148589624
-0.28047910719728991
-0.95960058796404346
-0.24552271258033162
0.94793246435666112
0.20283648741265267
0.47888174090349367
-0.57245045660299854
0.66556198281171197
-0.92197960689886871
0.054011871445858853
0.38345315516438705
0.36171756088209378
0.035050107706282141
-0.93162862563324389
-0.39039058422287565
-0.5956314457345494
0.70201023682158104
-0.91333978916943559
0.40268721209688324
0.06044368232967666
0.45520574325351143
-0.35245145124090899
0.81765867318043861
-0.44349154845800659
-0.88097440503621938
-0.16492223657651225
0.45425362759968357
-0.75506955987281832
0.4727828270633318
0.095620397483085845
-0.96302718991658853
0.25186379467191311
-0.018636928863584694
-0.53225060533559387
-0.84638168576737738
-0.1082509872058894
0.91334037900850351
0.39254436162242046
0.17848827671365228
0.88648723247916861
-0.42694533810221569
0.57159946490641067
0.39233865824381209
-0.72065555500956913
-0.31138379480864353
0.34046269548240565
-0.88720081453717314
-0.57851704344485222
0.81354165977925175
0.058889712577387232
-0.77018124173424607
0.53753525725766693
-0.34333176678779453
0.27834618773983638
-0.51175697022365529
0.812790380847488
0.59602099783756901
-0.29966195197278406
-0.74495750528239491
0.42455602666486147
-0.66620703306807583
-0.61312345356638986
0.38891496273476833
0.92116046342636504
0.014441342774762386
0.3690934794756151
-0.14259983615931399
0.91838733121484251
0.74870178710232971
0.4932548123981762
0.44288296878048677
0.40122051731414388
0.45979213747254777
0.79222047865767553
-0.59884127128711251
0.13237054453727498
0.78985262596394534
0.95511491033435647
0.28061320431784925
0.094930172334526372
0.76546896304147072
-0.60570795357153562
-0.21719839226016002
-0.81589641357858111
-0.51304891317826862
-0.26663430948811984
0.72527446138872098
0.045297445438758716
0.68696804663246402
-0.66730289410391486
-0.59293377865125196
-0.45070653606852379
0.49542178578342427
-0.86721626525697071
0.049931988193083962
0.76716257227686335
0.63875613445442236
0.058755326519303867
-0.090887382550647808
-0.90925389375449139
0.40619803099644425
-0.066640333994124307
0.62617829116106793
0.77682675904203768
0.96587693518380602
0.074338798417898366
0.24810378701205041
0.28974539456397735
0.72734420659277588
-0.62210771693083045
0.5954520304126365
-0.77863882273415463
-0.19788497469145655
-0.56504593565439298
-0.78144559240245548
0.26469959711950264
-0.23226069373461192
0.9463459128156575
-0.2246873014725502
0.17742162612828538
-0.13014510773227353
-0.97549157736771352
-0.79800026098389987
0.13173411543935473
0.58808307771864887
0.94400156593304696
-0.32992866598341891
-0.0028493645531916861
0.88159734178172977
0.46792603947105699
-0.061897888076403347
0.77185762471518304
0.27814596118957724
0.57172601081546215
0.51181360872497894
0.61341914930776975
-0.60146801842362851
0.79121459104598113
-0.18032439571577938
0.58434799839280693
-0.15655912869434085
-0.6402638031315957
0.75203158286200589
-0.7935713042807061
-0.1595593219649922
-0.58718430479389572
0.85376190003063113
0.47407260387664746
0.21528071049144623
-0.58873925085898582
0.70714199928373922
-0.39158177606599165
-0.6640941400539303
-0.41980234169964076
-0.61866385626568565
-0.75440477651597448
-0.63448047030385046
0.16824971314355139
-0.51689403677685763
0.43397504359814559
-0.73789309271635839
-0.087687629297991426
0.65662046059153378
-0.74910643462772375
0.37642602676027836
-0.24909971858828311
-0.89232997068164677
0.14244172954110776
0.60409452230828642
-0.78407918082452688
-0.47829400258917965
0.85590569283084694
-0.19662220644415948
0.420079940132497
0.80085648470250415
-0.42680409417931492
0.59627374011519974
0.48657151499158147
0.63851843172130018
-0.92017011399736703
-0.1168276975434045
-0.3736820177541052
-0.45018174226218549
0.31472941531247317
0.8356325712122834
0.54382423916102429
-0.082947787675066942
-0.83508973255617569
0.89817472403058141
-0.37412067711706815
0.23090232581343872
-0.91570180471087115
0.34070526371213156
-0.21309652303146676
-0.94597264136173009
0.11839243847499262
-0.3018592259763756
0.033665701278474514
0.97195176582268783
-0.23275821246862122
0.55521455036001566
0.67720722386126186
0.48283245439660366
0.76916188873447022
-0.58642602734998639
0.25395768026373117
0.98315032346229192
-0.13152433607113664
0.12695192199032529
-0.63327029029282944
-0.73278875176502511
-0.24897667505027887
0.86760341285427156
0.2648960924124123
-0.42082582885114717
-0.10942929425037611
0.99385045619541079
-0.016926319152096841
-0.3060551390823979
0.67462241126417732
0.67172528168988932
0.37512179729996342
0.65513641818650725
0.65580478097997974
-0.097439772246386225
0.89793206925468994
-0.429212639362546
-0.98333855067455211
0.17811140866738365
-0.036354103754479498
0.16982103590845446
0.56167880860254571
0.80973929862012028
-0.22992828170386245
-0.96989205798200662
-0.080264445031015694
-0.076738218943093989
0.23497668032179081
-0.96896708172073254
0.87221411564909768
0.05266250769323505
0.4862809853838852
0.61668985494169737
-0.17765732054151634
0.76689731990012677
0.72096361529768627
0.67026298379427895
-0.17595169215463682
0.36765959249106739
-0.88629385102398073
0.28161966139881683
0.2781666507284159
-0.72198919947234386
0.63352577711393854
0.77162503317952524
-0.25495031542639246
-0.58274792563738864
-0.25406980276876073
-0.78282339717636473
-0.56801061975485878
0.52645173197982909
0.029976398185029601
0.84967640278360712
0.95588698634887692
0.054595857645146566
-0.2886162879271591
0.087405537348284379
-0.64721428267012548
0.75728062456968526
-0.2550890848581836
-0.78208895771444398
0.56856523021316496
-0.94354585078638398
0.23969734210845403
0.22861848492617878
0.68087413394663832
0.67718827929061221
0.27897392013203509
0.74558708561821485
0.21894511782536324
-0.62941475446622197
0.15747823120805512
0.14887830342870931
-0.97623555429198094
0.71565450677871201
0.4565812532673531
-0.52855670092444351
-0.23341305985384606
0.76779719828503712
-0.59666222085474141
-0.080464611377501216
-0.25205041868218181
0.96436301917794653
0.37591899488902486
0.28468055710299123
-0.88184005901816209
0.52498512634206607
0.82588918409500944
-0.20566398010950934
-0.31065718032264517
0.56132162777545602
-0.76707897018853011
-0.80015760505848521
-0.38012708031092685
0.46395173227541597
-0.89295314648220614
-0.45006167684967163
-0.0088974838459533676
0.26718983996361417
-0.96086516670658206
0.073128112447611429
-0.52986702090510895
-0.13088442796476354
0.83792016724356355
0.82112975829879897
0.4817385899330926
-0.30606184179905782
0.61362548818022877
-0.49903369471132003
-0.61190614623350936
0.72394932174049509
-0.035842029547010379
-0.6889214240168674
-0.87280616277202006
-0.42735475015840757
0.23574842469087087
-0.15864129826664505
-0.0039830836665815461
0.9873282501421593
0.86200086252260766
0.016009877661612514
-0.5066539221475943
0.39411706932942003
-0.90171052660183604
-0.17773537036456349
-0.68515666868692737
0.031181360236616176
-0.72772801384007924
-0.042564116136238478
0.41557302373087412
0.90856334834986541
0.63407262050512381
0.66261015552531644
-0.39862224438744187
-0.84283563155655328
0.081909247369072957
-0.53190128160599337
-0.83824344669165118
0.31577336374693837
0.44456170193398903
-0.6796162042250864
-0.29691221138573404
0.67079427076020748
0.40868993449424051
0.23847322752061864
0.88096711470916589
0.20597633994702014
-0.61546438466828735
-0.7607741705571478
-0.365321283424273
0.93087929685730331
0.0020235018394948712
-0.32016156838491133
0.8255709973804588
0.46468171732224239
0.59545248416118823
0.80265483050261888
0.034373858920439967
0.29723715165820425
0.92898610515600921
-0.22053319954416351
0.89066769463558093
-0.39244577257086066
-0.22955908460307115
0.42063328213125334
-0.80898666724956469
-0.41061930565419313
0.68983593631014284
-0.72337858818228817
0.02915131445592108
-0.59916281018014639
-0.80047150810861123
0.015788970940358877
-0.31704661901918213
-0.19568335732236414
0.92800294451879495
0.19445136826621159
-0.30852795248442955
0.9311279009433473
-0.00055763894786601208
-0.9997944340743502
0.020267674576860708
-0.25928345285015264
-0.90305147843772937
-0.34244724903192547
-0.17377526748839331
-0.967546046082844
0.18345791102809511
0.89106066900777747
0.27934798192641536
0.35773675956078521
-0.48359873852251889
-0.027005949082279757
-0.87487309869122942
-0.83180097595314872
0.54383169282628085
-0.11114956716555882
-0.51340999166299484
0.69008945964870583
0.51008501070151124
0.12359581590918238
0.89016874561843951
0.43854723646813387
-0.27459171093883417
0.48465324602927545
0.83048818377925782
-0.48949731894362669
-0.71684896984176394
0.4965077332567977
-0.76358271526351607
-0.64187414799752429
-0.070278126634454721
0.41108512600873082
-0.47438872155591522
-0.77843712657794684
0.1705186961404408
-0.9742300947341227
-0.14764517188484866
-0.99028729273989535
0.0037137973195245184
0.1389866380173225
0.091995054726958084
-0.087653110477153379
0.99189406799792079
0.20341640950660472
-0.785170996768631
-0.58491731909458433
-0.67465389480365889
0.72150006235329278
-0.15581971072508252
