-0.66226963277133599
0.73543030473006288
0.14332201643001835
-0.55781773423083214
0.1495754084238676
0.81637403962424837
-0.43997860891252127
-0.51257564000393929
0.73735000981484677
-0.39798119898386219
-0.81047859687947643
-0.42980857280380363
0.10627255951940145
0.094768046316071025
0.98981066901232706
-0.37386551644153476
-0.045646839714308565
0.92635897018380553
-0.088982774033228157
0.95564683181225374
-0.28075113316343631
-0.048034587521832671
0.86074220865107676
-0.50676969981252196
0.58195116803037328
-0.69716597419342363
0.41867940295053746
0.96929495990579884
-0.2220088620632974
0.10573242580483933
0.95071321616184934
0.17946776526028341
0.25285510049764204
0.30502029004256309
-0.49858679134763134
-0.81140238732457781
0.75758460029219754
0.60899716390695646
-0.23492132247498332
-0.34117785174902843
0.1944629584878709
0.91966397735915617
0.53792079500221912
0.042337627433115851
0.8419315551798231
-0.97877169385592
0.064711377853909721
-0.19446955772732644
-0.93973897430120457
-0.201894919673584
0.27591502603032897
-0.1326002117859453
0.99057708118089016
-0.034267040629016046
0.53351126747569255
0.31250580948595214
-0.7859426483618317
-0.18703916949054272
-0.35150070562930213
-0.91731325239439909
0.39889244277121305
0.83485677427467042
-0.37934019764283677
0.65766352935726358
-0.71176160416984113
-0.24672677394827305
-0.32410024910595142
0.93151560615533791
-0.16503849253587385
0.57747058717801636
0.79296421911348125
-0.194256192050663
0.61152999525024465
-0.79111404214068148
-0.013024486057715322
-0.24714628502174482
0.13040095569001844
-0.96016368633430438
-0.050500341622103685
-0.99267121142417125
-0.10978880410005072
-0.0084582374808915822
0.71066446721175736
-0.70348025790447433
-0.28258097687550526
0.87775472126209042
0.38690391676770991
0.7673638834316997
-0.51430501863624445
0.38293996684884307
-0.37825396392653893
-0.50674119998147216
-0.77468528772347178
0.057603049640991028
0.48715931662346879
-0.8714113201577155
-0.47324141363503658
0.71311363344893175
-0.51721514885971254
-0.23997400058340457
-0.93548302932778871
-0.25939155900626309
-0.2851852079939588
0.86436180291446907
-0.41418361967114387
-0.14088761264875652
-0.0013213004523376746
0.99002471422043214
0.064649307184831917
-0.96210633864469886
0.26489971728979489
-0.04203057617698467
0.44890618315456593
0.89258986628340686
0.25255969140011908
-0.30782286551694804
0.91731057213182243
0.72430494941188617
0.28630688305114194
-0.62722460807511748
-0.45589001866314188
0.73110528508614547
0.50759171880796705
0.068881653630013098
-0.15529967466827269
0.98546300226904693
0.71628265896367826
-0.66955636090250259
0.19655389093813638
0.28459638699536499
0.38481353004359869
-0.87802246190206823
-0.31865389386537124
0.38793191625283546
-0.8648517354303219
-0.78128385528142175
0.42407855556688695
0.45798789960532915
0.027634480583245778
-0.94178359034079573
-0.33508208613367346
0.40453277935430032
-0.65021053364361781
0.64310146350849373
0.15581815488758566
0.93616513699883785
0.31514367973255553
0.30371769614181005
0.94921146466479522
0.08217759061462715
-0.48839195446591283
0.82983489973444458
0.26990246015123753
-0.13004812601588256
0.63031356872116151
0.76537068797135854
0.30172522768068794
-0.04976372185356355
0.95209529931006287
-0.77624045659877294
-0.57122894427427795
-0.26673628692516238
-0.56335662816266563
0.36466984619277792
-0.74138061262952371
-0.024923183117957014
0.88027959088651342
0.47380024990700625
-0.77358738906270774
-0.24589288073426682
-0.58403702167529281
0.99787814408142506
0.026808148029949283
0.059334077593024087
-0.37786034005085006
0.6009186595713949
0.70435667668843305
-0.081728088292021842
-0.73789535071860757
-0.66994848381946093
-0.89209039660232936
0.16558192548714845
-0.42042520172067127
0.65021684153444959
-0.14603946021903358
-0.74558066970911852
0.41860185156391555
-0.45226276003620108
0.78754738635316368
-0.24628445076193228
0.73800190906378638
-0.62824927499448835
-0.024804363954274527
0.044047737376855058
-0.99872145283898028
0.98389440937217876
-0.12136887459935346
-0.1312302841750253
-0.44921665228425689
-0.047579744939065027
-0.89215501297815869
-0.52256988929644732
-0.84983189101493217
0.068603701173356957
0.11705746799565672
-0.63790066413152879
-0.76117034354144419
-0.67203157432939986
0.64100782479392127
-0.37078636929816294
0.60873732545462866
0.67617667946417437
-0.41499875511517975
0.92164579968823024
-0.38026309917079087
-0.077259273398523315
-0.74846690402891725
0.26191762584718781
-0.60925893579326373
-0.64555131705977176
0.092546655861419747
-0.75808879000501106
-0.49868304261697366
0.81699682973425802
-0.28953653173727339
0.36817226099429878
-0.80696569597993428
0.46179600663709286
0.39191805775482014
-0.91987728820017667
0.015033650893191924
-0.13671084035030229
-0.91229773664047231
0.38603495418340755
0.25896715278673127
-0.26947935156052066
-0.92753269099264368
-0.075259450387269153
-0.79846145856204742
0.59732345870422154
0.19987353718650816
-0.5440702532888354
0.81488534691622472
0.775305980399983
0.59244320031464903
0.21888739378264319
0.017859839541778975
-0.40525601485829099
0.91402876790214771
0.42048940288049463
0.69939153467243864
-0.57796206042761678
0.84807698380213414
-0.082704951101494326
0.52337875444879689
0.16243485513832875
0.32863161581349037
0.93038496275681737
-0.69971526112900717
0.2936478366610934
0.65128296566655675
0.38203081932987654
0.15233763189891406
-0.91150737736431631
-0.16526524134075851
-0.24122363061458563
0.95629418069843908
-0.63168737053736768
-0.15544405917781551
-0.75947890712639943
-0.92029220075450102
0.39054044865614373
0.023247003976752303
-0.82379482824262262
-0.56686995060013401
0.0045321151033060857
0.32685880736369499
0.66042035223719386
0.67602387413440057
-0.51070146222156854
-0.65994824039499367
0.55104658286237773
0.60865429338347488
0.087502773972524345
-0.78859572386171117
-0.45806805687964891
0.19247986637993875
-0.86782783794071938
0.95107066024137987
-0.05522362854263721
0.30399827315070488
0.35691084790108912
0.19034977870898076
0.91453901414645378
-0.50594102789661077
0.86251329523170972
-0.0097206913055890142
0.72382528358516307
0.12691625289889349
0.67821030926473125
0.86300948124118615
0.15651417239650792
0.48033108282397774
0.83162386329669746
0.38923999398666809
0.39609844366865959
-0.85991783933659038
0.18481073328090017
0.47580069614794174
0.19505067093639905
0.80015594003238921
-0.56719106780532436
-0.69748882610970186
-0.69868527453831908
0.15921125775341277
-0.66748977781737284
0.73204404810868062
-0.13626778099745349
-0.99569230796387642
-0.076404880532942726
0.052527346138136921
-0.86638554801664325
-0.32734910614963209
-0.37711887368698155
-0.8292505745484865
-0.34447360025818474
0.44009251679183237
0.22205295422538512
-0.95819681671476242
-0.18041991563426349
-0.16933286601385816
0.56344171904907958
-0.80861598408796664
0.97086094431679193
0.11478182430654463
-0.21036672647823512
0.28232705211610087
-0.87198251447315789
-0.39992240509441523
-0.12800801825982636
-0.98404615559623188
0.12356015100941116
-0.82541197511903619
0.52235227021111419
-0.21411019857864472
-0.80813865052173273
0.40760651685538812
-0.42516920037783884
0.48300798423323321
0.72566887164353111
0.49000813860032294
0.55266641421427687
0.29036570027240538
0.78118345777726839
-0.67059080623959766
-0.73457233381825771
-0.10349616889394894
0.4848801173620228
-0.75014478871903068
-0.44963770720956181
-0.21799334007608359
-0.47651472677378937
0.85171158196315122
-0.31911218386087048
0.94011223807750355
0.11981817027668694
-0.13924419859434892
-0.55978765693112964
-0.81685300532309579
-0.90226546704621713
-0.40322230017429345
-0.15273769547175925
0.71235711234685828
0.36133854683067279
0.60164923257920233
0.61216831165436114
-0.53084814601818575
0.5860462473860778
-0.47720494765102073
-0.85731794389538862
-0.19308387040964814
0.17314062148147188
-0.73051451472223194
0.66058373350632216
-0.2250287727666633
-0.11996251092070551
-0.96693900914211173
-0.21393044167386124
0.77390877619340293
0.59606960353305705
0.81033267314591617
-0.18020883849335784
-0.55757128096869246
-0.093071223667904324
0.31759149787444202
-0.94364897488569721
-0.58337943558357497
-0.31783682632734872
0.74742771287151799
0.36203875598538088
0.44117751201133337
0.82115183861454488
-0.80092016101183816
0.0016896609476440595
-0.59876877067082679
0.78083461778720442
0.45404651317848477
-0.42911427794419787
-0.84904156816911469
-0.47344288985202004
0.23447866762138203
0.52017404536882561
0.8526895390068292
0.048368508277103005
-0.28041191107633073
0.42570893381679759
0.8603145144626384
0.14583076979164422
-0.9884055726142269
0.042282509470447247
-0.42310914072046729
-0.2853821706543645
-0.85996259901892891
-0.38607551038513005
-0.28578953182007388
0.87708040896084571
0.070484659886500572
0.99302441207734771
0.094522112434722916
-0.66779604897772149
-0.46526488380972525
0.58101379059646019
-0.58495930702574683
-0.086540949854932658
0.80643243555933697
0.16205777241519465
0.91832742825752089
-0.36112603466068866
0.47119185178195505
-0.19567121267785076
0.86005291426950681
0.78784022040406465
0.052956060151619029
-0.61359876369407151
-0.74692633605157666
0.050571001717952077
0.66298086118515531
0.85825882004314213
0.51174944779510601
-0.0387853129361777
0.36005502359217351
0.91968134696760484
-0.15667354603088368
0.91481052136853802
-0.26616099915374847
-0.30377628696608594
-0.26972690995074133
-0.67629212625502488
0.6854752760048185
0.47708431567888426
-0.32692395631514864
-0.81578874870916285
-0.1081219806527559
0.9626284055076999
0.24830664552006729
0.30921178957011058
-0.71546310304634941
-0.62649869702190009
0.14620692203327387
0.57113681338987698
0.80772908598144033
0.69307493963412292
-0.10832592107833428
0.71267988807997629
-0.32957863758489225
-0.81051297135589473
0.48419690716848335
0.96602735157894204
0.25783084967788145
-0.017731580746136545
-0.034415193136355229
-0.62676992767835504
0.77844399428568845
0.53677974123165584
0.52743175855314472
0.65854631535892283
0.67741841881157661
0.57967084038554961
0.45286422099955531
0.65201742313259459
-0.38097813453561424
-0.65553713925093104
0.70889993813113938
0.70528215171082087
0.0061615092162284179
0.21493073567239548
-0.026600784322244716
-0.97626695997394286
-0.8158559357551286
0.52532212205898521
0.24169352529302074
0.81562222649003513
-0.52001531805356294
-0.25366208357791631
0.30216038544481949
-0.91916700230503656
0.25264822053877845
0.87539706998675038
0.21318436458886708
-0.43385757634672412
0.52096642480505273
-0.82484710697185537
0.21959333857383262
-0.9304696794325763
0.30061833525097786
-0.20941535800310701
0.24489493393738271
0.82384829021296124
0.51117557262156543
0.21375064572859617
0.62732918404271476
-0.74884494810268309
-0.94444879174820895
-0.3216050448101816
0.067724994780284473
-0.501523205896371
0.38368996757297896
0.77540730118517243
0.61904757253840448
0.50881339904333434
-0.5982382701635508
-0.31458119024963149
-0.70270472648572402
-0.63815730201553666
-0.91807546450625477
0.2992541462731767
0.25996999328756504
-0.88005612709970116
-0.065171296835552853
0.4703763548724012
-0.31413722061682647
-0.94904714130430379
-0.025046560747218043
-0.75430231770012468
-0.19948870117165307
0.62548562862552415
-0.59492359385718752
-0.3969514899984844
-0.69892448237276061
-0.41375399828303305
0.56744363877165227
-0.71190964716204741
0.60465372639030979
0.75228386218326804
0.26165408817929442
0.065925343711645698
-0.43247192296768289
-0.89923405457152028
0.10222565981942043
-0.82882630007639846
-0.55008806456434967
-0.98579442314961863
0.16447984080756689
0.033996135883773627
-0.96972224449131716
-0.17399140158043075
-0.17136440912511364
0.49281501669922367
-0.56468149719849936
-0.66201825204249853
-0.53060611615265929
-0.61597381888989133
-0.58226575027524485
0.44572859795132708
-0.088859499070903097
-0.89074688121441781
0.12058894468704773
0.98308317592365468
-0.13786143635957346
0.42665403600220991
0.52028920747865604
-0.73977393448556772
0.1346659635002487
0.22312980558730058
-0.96544195482334583
0.90254037160037337
0.39699157052894807
0.16678900011817141
-0.10230075297411489
0.23252628545621726
0.96719495579374415
-0.53101090105706183
-0.78171725675880588
0.32702531009702379
0.78959999596433117
-0.61276499995662426
-0.032417606347268382
-0.96201060371819891
0.056725152425513167
0.26705403089271801
-0.60661445049721185
-0.70777983765491503
-0.36203122773753582
-0.15898065865820127
-0.86439129380090374
-0.47702499030323792
-0.34138280212661876
-0.90984267709375266
0.23588998569471167
-0.60011231386291164
0.53205675321749324
0.59731132762217221
0.79392237958597833
-0.39746540357545146
-0.460117928528265
-0.63528103439978145
0.51664477642339124
-0.57401758015444759
0.3954274093269266
0.86844114000882588
0.29907716444617766
0.061254537810533548
0.74867908239812553
0.660096593823297
0.89579565360937785
-0.29196532260028535
0.33512146659600744
0.13044861041754779
-0.87119692826346973
0.4732854025051117
0.77713043342803056
-0.3184973276143277
0.54279622487863055
-0.70305695584728645
-0.59814736683546099
0.38461752999902521
-0.65499567275353676
0.65123510391147299
0.3832407965073068
-0.9124320194990474
-0.085226170252947125
-0.40025530564491657
0.46158888081907584
-0.86040275182392123
-0.21596946487412771
0.018997175185576448
-0.20189119495910188
-0.9792236990253832
0.91868658434762074
-0.03326444485603295
-0.39358409069488781
0.61201090711845274
-0.33183557408919551
0.71786335840251836
-0.71845588812706485
-0.48844867440904832
-0.49521614400541725
0.90001523874377798
0.36696239791389224
-0.23518326587209931
0.65588042780406153
-0.5904568152821067
-0.47029949363195506
0.8722288530697534
-0.46414657890991667
0.15422315377025222
-0.80268496595466565
0.59628876455201962
0.01168566212858012
