-0.74564700020175034
0.40285152623365272
-0.53077415055873567
0.19621945442350536
0.93789976610442238
-0.28608032866139499
-0.84629487142568105
-0.43760114123068583
0.30379307397008126
0.35049882051047426
-0.67016261087658957
-0.65424204374515638
0.027170882880187468
0.51168880958097795
-0.85874111656139573
0.075142244605534078
-0.97985523434159449
-0.18503340998052561
-0.54424365551623699
0.5736066039477945
0.6121881306737349
-0.050059826342332879
0.94035390075728809
-0.33649450978749679
0.033709890471277926
-0.20550935931995162
-0.97807440745391017
0.13568565271994215
0.85477289504757903
-0.50095179562303582
-0.38989411843647248
0.077097922048847231
-0.91762655084974298
-0.54561576080263474
-0.79497117260674921
-0.26518724759688639
0.65409137608260759
0.50390652513681933
0.56413002548960023
0.4236656403927625
0.61930681477587546
0.66103441235895577
0.29890172652810054
0.79052863469734569
0.53452992021220946
0.45888083406923386
0.50280197535145954
-0.73254252689287236
0.67246373828670569
-0.08330483133474903
-0.73542696834271604
0.14833240200272982
0.30411217086983311
0.94101715502159566
0.7347958918837878
0.51446091465118826
-0.44204633757895961
0.47547943751554461
0.8780043836337702
0.05502369325831305
0.75110897202469562
-0.38132968871469602
0.53890906528723193
0.4817652940788904
-0.78759882706508355
0.38417481571126533
0.19584417820894454
-0.37780901340947398
0.90493392424431907
0.33190145968525614
-0.8207057470788125
-0.46506289657486616
-0.40443793468120764
0.30375774242941217
-0.86264777916887148
0.054952809950065497
0.28778271978285697
-0.95611782478571827
0.54711840531245348
0.63518292011061084
-0.54516429502317487
-0.8232735140280607
-0.24499474894059617
-0.5120530188285416
-0.11392893835190764
-0.81717702105102519
-0.56501496729925615
0.062128418503739152
0.7211460218243948
-0.68999164837052462
-0.78308021051516097
-0.14677980844167304
0.60435177813369345
0.96939861280838591
0.19805043985689369
-0.14505982475402404
0.44562948473265723
-0.89370551941752685
-0.052007758070841181
-0.14803237275012998
0.074000312775359928
0.98621010455537084
-0.89734180578128631
-0.2105359617899058
0.38788180208715589
-0.89338374570915424
0.024663536958495092
0.4486169778857888
0.86788421650235081
0.44779009777981593
0.21508373968397429
0.093698696163613135
0.075148727230611764
0.9927604057036411
0.84560749377922473
-0.51828575825483247
-0.12778043377071399
0.54361807822738351
-0.47140934557403241
0.69444410425161573
0.95038176046720202
-0.28564793626734142
-0.12320619252890967
0.37665401374836988
0.29355008579266684
0.87861260010220688
-0.49056585670712505
-0.74407492144074161
0.45353902976056948
0.73099035360975428
0.59118871910573012
0.3408063986072043
-0.50448328995199743
-0.53367553451698635
-0.67873929753419893
-0.35128404927561174
-0.6776863669417168
0.64601912106830572
-0.59936922176705798
0.12963554503698238
-0.78990579277614859
0.94364886599730968
-0.040999589738488218
0.32839892104461471
-0.32440867710391136
0.25388560606514443
0.91120859810068988
-0.040226974621006786
-0.38210538031118491
0.92324280059477615
0.24152542847382025
0.96859227075369059
-0.059114130601295521
0.81312350862930594
0.2642568747970081
-0.51865061827485115
-0.20812868852176461
-0.15520199637007406
0.96570947460245726
0.044352155543796255
0.98913385642857432
0.14016811465292536
-0.59278038928637
0.36548138463303725
-0.71765922802136228
-0.94220705599789922
-0.31323924010247817
-0.1188572340574756
0.68273040758746617
0.15945389299409307
-0.71305935697140999
0.7124162821203659
0.25875309738114838
0.65231118000955435
0.57730523973544956
-0.80754962918173312
0.120757014630374
0.29645542273448888
-0.92287690882944706
-0.24578932743453299
0.5196166385974702
-0.80952154523224773
-0.27326437143810017
-0.45598038293536897
-0.21858810633117148
0.862728885657984
-0.6276562409893478
0.77841791189880505
0.010639435240001173
-0.0073526178481684032
-0.45805716253637169
-0.88889233029648007
0.90492701963893651
-0.41358875155525893
0.10025683874107585
-0.68029769297101417
0.60372449699145547
-0.41558606890839089
-0.72818615369487893
0.46642368188210293
0.50218908246456428
0.27604741095310925
0.94556688879406281
0.17234002936753126
0.90168137721501385
-0.27543236249056841
0.33332822814232277
-0.82079381008619634
-0.55613439350108029
-0.13043027903585344
0.62931347243697477
-0.31518463199233543
-0.71036835597116299
-0.75921060975957699
-0.38860140136160909
0.52209979973974807
-0.35788007450072318
-0.9133796022460926
-0.19406069791724059
0.49657890204675248
0.27325841693530906
-0.82385631733697995
0.65221614535627148
-0.24518105038057611
0.71728679917511673
0.92710418676585293
0.10596679154948674
-0.35951198306862353
-0.88974223814049003
-0.45106040852063789
0.070023264233729371
-0.84120302235448474
0.45418461878637573
0.29341746239710237
0.84787986984611552
0.10208917596173288
0.52026678393031067
0.15712691815104224
0.91297363780167418
0.37655048568755412
-0.48692835595972539
-0.87338403619131932
0.010054923595882647
-0.54260958802585002
0.80624713159330275
0.23567010370428584
0.71189655816398589
-0.0050829039579593747
0.70226594290313193
-0.83681492771756283
0.25523991498990128
0.48434838963807669
0.33275797296220688
0.072381255429879165
0.940230336296632
0.51158629462625782
-0.088833452938124807
0.85462745146038088
-0.76643119251831104
0.17838791847521612
-0.61705832599280208
-0.62748787659083738
-0.31446329681344259
0.71230035777664946
-0.12810969402900957
-0.946191535494462
0.29716911759876002
-0.58539196616884159
-0.78269236557308397
0.21144480797264184
0.54428375283625363
0.69968930104281124
0.46280673980043352
0.26199013324165138
-0.85074501439473238
0.45562494506614554
-0.88455676487426127
0.0088574567266496654
-0.46634844823963623
0.31389389470541423
-0.54940794296243556
0.77435233264738834
-0.83209196445919276
0.47393706645280265
-0.28810869428837688
-0.85047234807794148
-0.4074787895763034
-0.33265270358171412
-0.32352660026058894
0.89745894284354244
0.29982992651497664
-0.49811811723086935
0.76446396009034878
-0.40923488977524319
0.43160757716376458
-0.32062869997931315
0.84315605677976391
-0.37758622891927712
-0.88113832887212484
0.2846469482059456
-0.18757585354459261
0.97726306796259199
0.098854413980154432
0.98935406931603898
-0.046837812258530925
-0.13778514023881203
0.16894736822884626
-0.73737137174758527
0.65401853711927094
0.82749059266678848
0.011767805787502864
-0.56135624855782518
0.39561481419841404
-0.44523828184628333
-0.80327566324725896
-0.56963548164417954
-0.11239162231838765
-0.81417660325303165
-0.93836028304122776
0.224332634327046
0.26297309441590189
0.65293942265017568
0.39953929077371553
-0.64345820802697962
0.4979139672434974
0.029695989260558005
-0.8667178488099101
-0.26405575606574078
-0.522455234723603
-0.8107497057652594
-0.24050259592044504
0.95947379619726081
-0.14686230205993692
0.86406411485463308
-0.37781774088986469
-0.33263637818097785
0.015868024278950787
-0.87382115204380872
0.48598847727730482
0.27530517437730717
0.37172765075302105
-0.88658085622616534
-0.15459285608754819
-0.049797116684748108
-0.98672250203214684
0.27204131844329288
-0.10002014915143435
-0.95707339886936549
0.44115121666019824
0.87772280810164161
-0.18705153348047046
-0.18907362689928628
-0.31716521352259408
-0.92933169048640363
-0.6726767287408677
0.7102062143319896
-0.20763706734277806
-0.27452663147844453
-0.95766651923797486
0.08666006311860007
-0.093421502666524672
0.68462862690867077
0.72288039540208626
-0.97608203834616059
-0.012411938536179749
0.21704791682893104
-0.81797801821136273
0.57121011076153616
-0.06805123868677819
-0.16067375144054269
0.64461315147487497
-0.74743416468853818
0.77377311554221007
0.59658718212519635
-0.21297628926248907
0.62516903086644049
-0.59187679833360918
0.50876864923054343
0.8293754202472996
-0.14924441089345233
0.53838881684771411
-0.41199188493854455
0.90987274332371071
0.04893135703584954
-0.33770996793112223
0.7302615965398741
-0.59386023454933767
-0.44585981250025025
-0.35533268124955181
-0.82155201492860208
-0.46936942911069762
0.86336858249254533
-0.1851675721640022
-0.74925894902142709
0.098746216909218754
0.65487419551958526
-0.61934070967639154
-0.061911572013378033
0.78267748312339747
-0.98798153997166982
0.15224697927779174
0.02670831286314471
-0.70802765199822693
-0.62614520782907013
-0.32655630864916457
0.97686182782686781
-0.1862915298683222
0.10505443938297311
-0.089116930959256477
0.93396856365207959
0.34606487069056047
0.064399368406699187
-0.58251195045340209
0.81026696151811062
-0.2738311776402918
-0.36995308081142558
0.88777880361623074
0.32442140576633466
0.72101786850519023
-0.61227770233516354
-0.18613529468847562
-0.57387409406731882
0.79750998503444981
-0.95992771390305276
-0.23817418405978957
0.14768832766441808
0.13210108497143569
-0.9530705963366376
0.27240730854346701
0.95750182863349942
0.27730481861377049
0.079323929158159626
-0.67050575107677013
-0.73898602862370877
-0.065739541160059575
-0.65478724903330665
0.32848938935311139
0.68069698073798934
-0.97048999945412462
0.077611672140060817
-0.22831029172412926
-0.1858592359272509
0.41790701312955791
-0.88927502652310553
0.2719165132309635
-0.15239351853444377
0.95017768093183885
0.36402141647413683
-0.90824997773627991
0.20632592248723897
0.81664431411189964
0.36125749756196002
0.4500945286092416
0.54869855525692912
-0.53010130372589515
-0.64646925932101762
-0.93993402682694616
-0.1599570601918282
-0.30155888994965746
0.80213360336300255
-0.23137641447998505
-0.550496718589922
-0.06941172565196925
-0.65804589294582516
-0.74977170866814347
0.6438603952921399
0.76110917715896476
-0.078464079798676464
0.42472024023561278
0.84518990165714403
0.32444837443111157
0.67337647833082082
-0.67891912374237717
0.29263106781007459
0.92995732878156145
0.2006667962309977
0.30807824255511751
0.029576646867776106
0.51537035061489989
0.85645701799164098
0.23826132591790408
0.57977250147726844
-0.77916326087838172
-0.93749221994407284
0.31370656187323942
-0.15065367762522647
0.46306088399859785
-0.21355933360214063
-0.86021336233625589
-0.75736511916718041
0.63427070541091757
0.15523771618527421
-0.44671085483650652
0.75892115614385436
0.47380174221768434
0.92405366063079475
-0.13990065591642731
-0.35574237693727367
-0.14965521078914984
-0.98223795528294389
-0.11318973931075486
-0.2871414214827831
0.88052178711057105
-0.3771355015010559
-0.65553313170307115
0.65397945762754139
0.37760717980561592
0.78050310466310802
0.62175131876255785
0.06511682753536005
-0.37443085127325321
0.52695744982744031
-0.76296617466710004
-0.70176569896610408
-0.48139244509548362
-0.52515351808743216
-0.34508865809468386
-0.83130317414732968
-0.43571647972848693
-0.0018989414733625485
0.99472248053169399
-0.10258450539021186
0.098976104906754292
-0.90022735627492501
-0.42402174197999137
-0.8853177211422113
0.24641149655058248
-0.39432715731897555
-0.44302023815274216
-0.47601490228016169
0.75969920455025852
0.22354020316728501
-0.97458506125015643
0.014619711213207039
-0.17057690197403863
0.1903471950337518
-0.9667840844034008
-0.53326119023478968
-0.68551919189027133
-0.49567725441004951
0.99469572906169046
0.045624386532925158
0.092189055423766111
-0.08750875459082437
0.30453504542361298
0.94847278504910237
0.87872550194101573
0.36624932526234705
-0.30610933338169466
0.12379352737314432
-0.76738461547542447
-0.62912321091511902
-0.086058192012258131
-0.74357196351890043
0.6630948066877228
0.032898012059961471
-0.15675541538722357
0.98708938832776538
-0.11533334090455366
0.82580636847118238
-0.55203447561563745
0.17625521046521364
-0.57842874070594819
-0.79646361668891963
-0.22038012399449083
0.48953072856951341
0.84367782164424265
-0.99548726941087429
-0.083831149985439446
-0.044468356535856776
0.16195761249872542
0.68614343182492255
0.70920865950524792
0.55057988673157177
-0.68851313672604442
-0.47202907631025526
-0.69278727000981966
-0.61447342850447373
0.37744960481407147
-0.54490527726627491
0.17230771645501103
0.82060239437709637
0.62424085020271025
0.75512841765925909
0.20026091426341983
0.80978879152195571
-0.48980942748084183
0.32299974903442358
-0.45034251134747322
0.42466988490682672
0.78539614929440116
-0.31479591831079434
-0.6961252993631496
-0.64522329266807255
0.41076209979142309
-0.68626181452926416
0.6002659571339547
-0.75815202077658994
-0.63777539906793967
0.13582361258670544
-0.24357680313112953
-0.83601129980821243
0.49168633046832017
-0.33016425612361538
0.6493344180431132
0.68509588929065335
0.7223332012768291
-0.61754598611144262
-0.31124219085916643
-0.36022526569789598
-0.15620786425047226
-0.91969389532560586
-0.54239558885542871
0.58199366503596295
-0.60587985529160815
0.027219892393329052
0.82853567302644104
0.55927427616574488
-0.65486702908624161
-0.31016348750387251
-0.68916455599166926
-0.74747785148114798
-0.063686177045828712
-0.66122683883703204
0.38756115288410731
0.82408599418401018
-0.41313269897805632
-0.5870932950510841
-0.55503173185370658
0.58928875735206077
0.27658057291801208
0.50387478214352666
0.81829908383436289
-0.91357614840736689
0.39998136167508835
0.073440665667619837
0.53032505114283357
0.40968538235313562
0.74223529127663823
0.29372293572008701
0.14327666903001782
-0.94509186492300123
0.56127780595129373
0.14928286965131851
0.81405273132345013
0.0688533265996049
0.049265034679227916
-0.9964096425538157
0.2192651036103466
-0.34095220935137849
-0.91415228779299018
0.72717740735080338
-0.46558136242027648
-0.50442741123519741
0.77846034284258947
-0.62214690598248723
0.083262968946683572
-0.13490216766950583
-0.92719228124687325
-0.34945082451510689
-0.39110615956281425
0.011091853768322011
0.92027873100056412
-0.21768807999146447
0.81891880225248981
0.53102155808119256
0.67077597875044226
-0.73471238447304277
-0.1012783216355899
-0.010175472930101119
-0.99655285772769231
0.08233384179921957
0.89089713372439117
0.44874277499678478
-0.070229758719854138
0.60236924217980203
0.72770204271835093
-0.32802596406270984
