0.98241864873652618
0.073064425570456018
0.17179984962379133
-0.080276802633719821
-0.31199705943781419
-0.94668551793141098
0.59611969054807601
0.7026993378290467
0.38840050869622361
0.73155585425498004
-0.27947881535152386
-0.62186624275239066
-0.395078773841257
0.024965571847280165
0.91830794545317274
0.80247504056759256
-0.59641768615396806
-0.017881636076924716
-0.96271856628334063
0.23471524078369027
0.13446827833062869
-0.95895381291579873
0.031117009874130849
0.28184981176283319
0.47815115675643155
-0.85203412956712699
0.21309461125348703
-0.88270474839807866
-0.43539229484402336
0.17682159581323692
0.48600346402715877
-0.15609224818531758
0.85990455459315684
-0.58722063099369781
0.57817929608729679
0.56646326633892297
-0.75816946339391877
0.43616561514166863
0.48470467394596778
0.8312002518426741
-0.14549026652815822
0.53659922072459343
0.23271597294955806
0.032696558046444141
-0.97199496450653289
-0.02413196533506087
-0.74533383706255207
-0.66625454563453479
0.92315501897739949
-0.32792121965546683
0.20063021865239616
0.64803568971441827
0.52004013458607978
0.55642430147869171
-0.57037591679713162
-0.12314956233982749
0.81209943900568016
0.58431309754099536
-0.47646345951220026
-0.65693285485787134
0.028883330372510313
0.70128763519102877
-0.71229306184657382
0.025733210923229277
0.040354746871851761
0.99885399146246068
-0.70286679401261976
0.62641944060337795
0.33701180143812892
0.51585099733750428
-0.73975471876833054
0.43204248009413432
-0.26457568713013557
-0.64822491087970269
0.71400572175201649
0.37252113291634242
0.2172350768120524
-0.90223994975460187
-0.72970741115064586
-0.25999474350764484
0.63240005333666471
0.44664683009881462
-0.059394038525919707
-0.89273677943179996
0.25601360005195806
0.41571440183607933
0.87271906859796911
0.87182512528735545
-0.419676561397193
-0.25257184073351302
0.93942979792086545
-0.12422520129852059
0.31943661991184447
-0.54371750423639853
-0.70709289223089467
0.45209613727999298
0.69493204405441933
-0.37987419598626504
0.61054487907944588
0.19930618474756132
0.97418042259192983
-0.10606389093362521
0.74498686222691934
-0.6183314418431648
-0.25032139967937617
0.43965030218900802
-0.89807485203012616
-0.013006611248941461
0.91447289290793377
0.28952625938401816
0.28269041947631135
-0.9986977631961742
-0.0093699633476225109
0.050149591960677489
-0.36649938201226234
-0.22305593575525398
0.90328525533686088
0.88944919764132147
0.43531216405600887
-0.13922443980883545
0.56930625585669681
0.12289490885367969
-0.81288820167368336
-0.24340207693035978
-0.80450213846471452
-0.54178569393413134
0.45926745621522808
0.28653418446676687
0.84081601126141647
-0.37783279338948605
0.89870433793234039
0.2226497096811311
-0.14981506857291529
0.55689102884931552
-0.816962561697685
0.041855188145189716
0.52030147815546357
0.85295633830493944
-0.27596477991332635
0.85978358506858132
0.42966920659270741
0.013995558614272144
0.29831160954319158
0.95436591931545056
-0.075291150453213843
-0.76840355025195328
0.63552122436912017
-0.87283967768952464
-0.15167102724364948
0.46383919255028755
0.75421090330606344
-0.4647538735947252
-0.46386393512855706
-0.46044117575740384
0.88768259703412788
-0.0036783950148934039
0.19568508160783815
0.82131158832940876
-0.53586810290588982
-0.77160690059686654
0.63059190854225167
0.08352625834034319
-0.74954459075830726
-0.17594088526756615
-0.63814395817576064
-0.85626704172848422
0.46206057329112671
0.23088261056092063
0.24102278151833462
-0.082430135753477643
0.96701256016084325
-0.38451715558517985
0.58349764281885919
-0.71531605454198888
0.14192488780867502
-0.40761953977212478
-0.90205522947126471
-0.13012961980289384
-0.89436455336226328
0.42799337347565708
0.33012630031860946
-0.73120010857810236
0.59696149545286326
0.73363611962583508
0.62798774095485865
-0.25963328213224302
-0.48273724711716198
-0.58297955573248561
0.65352856696834449
-0.17645455308325028
-0.08314735862304215
-0.9807906542428928
-0.15498041850671238
0.92716329809074571
-0.34110011514652877
-0.97036785103058298
-0.24152888798903957
-0.0070731854963890558
-0.20492754807076458
0.97625285090872738
0.070250061453969795
0.26610646764574908
0.65544663429812255
-0.70680765238101739
0.96307752571194805
-0.19416489498262265
-0.18649845314355573
0.11616180847276081
-0.84448921561455947
0.52282348738655915
-0.39934778423446482
-0.91342469861135234
0.078591775611595555
-0.24004489519289779
-0.4594813838509117
-0.85513467137421217
0.51516209678995806
-0.37738372429932981
0.76953852318447413
-0.56388624155001776
-0.22728839818605306
-0.79395987974242965
-0.54591635823876805
-0.36033919073742721
0.75639341445177666
-0.59431146813954705
-0.80399610034531865
-0.019599731307760857
-0.94998939966808904
-0.20801743220763869
0.23291390773417572
0.00530459105080309
0.87381735775342595
0.48622534549589752
0.054827371043250521
-0.22259426103966409
0.97336825217216294
-0.52508213110715474
0.40281593482994682
-0.74968531947680872
-0.50303955550625445
0.6803731207804089
-0.53295742992812956
0.52841983473471899
-0.57779640723052328
0.6220319847487199
-0.42692267452032884
-0.88684651506484158
-0.17674922545164123
0.091425812635802253
0.51064266922184354
-0.85491834999248562
0.60056558407247151
-0.64923719922643075
-0.46670337299864356
-0.92676103919577735
0.12138452857546289
-0.35549932834152537
-0.79932586209447076
0.58026317382229187
-0.15611795313996235
-0.08383171731817135
0.33864972604259203
-0.93717053209261958
0.11673690650158235
-0.45219623694330058
0.88424603926438883
0.52416773277877904
0.83662679628707504
0.15907165570264123
0.41535301555734289
0.064608361721255766
0.90736301008092513
-0.83263689144016206
-0.37599676075615523
0.40662297391286495
-0.13635135177772298
-0.34858962824368223
0.92730446992846915
-0.25435227524833171
0.15011677463549034
-0.95538990681764802
-0.73816066852621287
-0.022332688316940651
0.67425520277820106
-0.64050383462287708
0.0081435844868300578
-0.76791179172161173
-0.074838758091360286
-0.56532309700605077
0.82146756252382247
0.37215872943744799
-0.45635096357081573
-0.808233677936952
-0.21983363773244546
0.73119826248215447
-0.64577261684311016
0.49032504852251585
0.56424514421143956
-0.66423547332644317
-0.17826122743218101
-0.96444395519718051
0.19511738025606767
-0.75964750253739888
-0.63980904543665928
0.11653350276261053
0.90345052240887758
0.090032856178790671
0.4191315287202998
0.94380452082017674
0.22789630557390458
-0.23936645626562258
-0.74479248850320334
0.23849945351381502
0.62321919076903998
-0.10364961317867809
0.95279720965297277
0.28536684279260538
0.42390255418215617
0.74700222175659881
-0.512146761435186
-0.97818511661252194
0.17783212681336208
-0.10737603229205027
0.78680897032911612
0.61652732162456914
-0.028735098748239256
-0.86334931484369937
0.079739465941257928
0.49826657336240976
-0.5895693894016697
0.13390993132062007
0.79654005886348822
0.25177681057555268
-0.95659231553185375
0.14676368597786268
0.01058738418305461
-0.99855414420506838
0.052702261688130247
0.9877097597624328
-0.14579198734394347
0.056339390273064852
0.80450553538105318
0.31400890676984927
0.50415201081662775
0.30096352308908225
-0.23649797713635132
-0.92384504359780029
0.54592389447692802
0.78339594372837418
-0.29708230642209904
0.81720393202083452
-0.53467538130707959
0.21517427846705148
-0.64967367111657526
-0.41612514629672348
-0.63621064410888528
-0.19857395501821953
0.39536579857585763
0.89680224671044184
-0.48616948706880408
0.18858587944910699
-0.8532728730691389
-0.33115404799893294
-0.45037211892322582
0.82915737407956769
0.69652284579891566
-0.56970120742493247
0.4362298242197043
-0.40710395828346219
0.27397877462585568
0.871321983083436
0.67909427323699378
-0.15859571277967932
0.7167135885028445
0.30784543564997746
0.94314797017796648
0.12531198705094981
-0.42519194327838344
-0.033636101724807577
-0.90447798427154114
-0.19526366555283209
0.15456372289932835
0.96849478908168174
0.4255885248161323
0.90045074766954247
-0.089793421619793451
0.32957123690389312
-0.54057727059385852
0.77405362496595287
-0.61397056830270658
-0.73861921830988919
-0.2783555129709846
-0.33236379748639189
0.82451317798247248
-0.45794358326508749
-0.29126406021340162
0.94379510990983195
-0.15625632063469425
-0.03051670393889639
-0.88718453870529623
-0.46040452328683362
0.13083513161321286
-0.67219506928862593
0.72872213988585011
-0.47358159547305612
0.83886076764410666
-0.26838980035898302
-0.68626188663030108
0.23875360627429931
-0.68705264605387906
-0.90778541324784812
0.41930296306857096
-0.010519917126567878
-0.80960995359770427
-0.34718480610701868
-0.4732805018632768
-0.0098312763292401923
0.098190855534337804
-0.99511903905772647
-0.8177112509616894
0.29408184350794048
-0.49483752825512339
-0.1724458911320485
-0.09902057386770742
0.98002925496261761
-0.34228682842886071
-0.25291455579953298
-0.90491654562663215
-0.81339559256027327
0.055718653153599702
-0.57903630429729591
0.1955546397828207
-0.79366797904689368
-0.57606381755412384
0.83310225754674727
-0.3607042633623605
0.41932453167293965
-0.75290482375733714
-0.64767928846429412
-0.11681551976222426
0.94043123525445527
-0.0039347870521684687
-0.33996118779742168
0.093265459384856517
0.93856390261279043
-0.33226398360035947
-0.6001925348126137
0.78171544127724746
0.16938090218182195
-0.88686366244827131
-0.45786119072615333
-0.061935242436498651
0.058225598354409699
0.99283125861063559
0.10438329187131516
-0.16231435002425063
0.77124250668925953
0.61549902327450734
0.5464413578903331
0.35463729019250745
-0.75870563118503609
-0.46986681984631962
-0.64073487241559424
-0.60719353988500102
0.056745112044888635
0.71488442965384813
0.69693632743422496
0.61674069221727523
0.073366491716140445
0.78373992909422541
-0.80339100007826814
-0.51201472025076544
-0.30397997835346097
-0.38588120392866859
0.69295924169343237
0.60901821467524631
0.078474266839613255
-0.14521437848378987
-0.98628321172245048
0.26811537956111514
0.62035371995078026
0.73707218465088487
0.96448683978631211
0.26316630199853164
0.022552901618871087
-0.39659412419285189
0.50669244167075445
0.76549060752528753
-0.17452581470564638
0.60274986153483578
0.77860987947820604
0.78008609875000146
0.083931771196621499
0.62001704518569578
0.40993175461384956
-0.64584621862343272
-0.64407966778110881
-0.2339903300634199
-0.91962607161761645
-0.3154939204453272
0.87438992671376914
0.46689720223022213
0.13209564190797657
-0.01715206274235298
-0.97716625749313479
-0.21178269986130346
-0.77378237330484667
0.50386180175482498
-0.38390639939326371
-0.25519646788955114
-0.64877762630692482
-0.71691167822839208
0.064670353209285047
-0.95225935254316596
0.29836197966540012
0.47588430063824738
0.49478254783477621
0.72713434987227332
0.73481082597270109
0.17166206638667497
-0.65618990010299127
0.78215613197682676
0.51147908897036087
0.35583834357345273
-0.64386537386884657
0.75953812949774402
-0.092407846916798916
-0.89601959006746412
-0.11776626929110198
-0.42811213488125871
0.23411131900954102
0.80462646672286842
0.54568135331957768
0.40487390869931533
-0.79447358302663651
-0.45264648891530856
-0.8892443746631945
0.27230940299386197
0.36754867864133439
0.16539522211857766
0.93256135751975489
0.32089520869165056
0.62271527417646211
0.78020282662836005
-0.059238810153906474
-0.027430289769971354
-0.56140830880276804
-0.82708420974550778
-0.67281192367031062
-0.48569027953914296
0.5580583013702467
-0.37313445228799352
-0.87182132789888989
0.31732987999297407
0.19818786568546606
-0.9755513363074092
-0.094979787975484606
0.65454368178437405
0.30576032948407222
0.69143560043575136
-0.45798961848028474
-0.45409109432974742
-0.76422953843377173
0.99481216211603407
0.042981141679096904
-0.09220294770766789
-0.72905003695117931
-0.59195691020765251
0.34361760734702346
-0.97902988630599586
-0.060402447835914808
-0.19455597141979142
0.63431852889451434
0.61060149440495537
-0.47413692002578151
-0.6500073590334432
0.49308348255927531
-0.57823793755649178
0.32757427642789322
0.88837296111475961
-0.32169640250232223
0.44590831041685053
0.68833465874221211
0.57215485340546768
-0.50720529826569816
0.76262545932487424
0.40142894041253285
0.82086663731886689
0.43044250360325992
-0.37536277762795484
0.37699126322454624
-0.89533405538915423
-0.23718034638808394
0.6688653901118129
-0.081310853031104052
-0.73892329445614757
-0.92225537231621635
-0.29407201274098616
-0.2509316232688546
0.82901193184451238
-0.038845404588241227
-0.55788014071286463
-0.58699735777819295
0.38150381417557722
0.71406508227955445
-0.31317364120349495
0.37934621061233442
-0.87064270682605904
-0.043669633933053578
0.99165228059234656
-0.12132072151183031
0.32478758995075091
0.45023486313636579
-0.8317461087558875
0.64105313153353349
-0.76739448271756605
-0.012513610417830424
0.17760791777791307
-0.9163574080827811
-0.3588098775039526
-0.65392596458212238
-0.59312898760002897
-0.4696582128675123
0.19493881277454994
-0.62343144564921038
-0.75718695964060601
-0.44153912688850788
-0.79361412857163516
-0.41859265922614847
0.1495812301689759
0.28427410636933675
-0.94700247519689762
-0.63938236936862369
0.69009982977529505
-0.33904632527823336
0.30317261797505529
-0.87339781329062383
0.38113334077368216
0.53341395814898063
-0.27703779474812967
-0.79919935531313524
0.86201497441896713
0.20477117496282418
-0.46367979229400502
-0.90220630392833001
0.3506275541698069
-0.25116549008349265
0.71036166081731711
0.6788741744646839
0.18578526875335707
0.92064247890282103
-0.38957940093255289
-0.025403078724865604
0.5783573204117326
-0.77776371146550372
-0.2461430865443209
0.22151463218392362
0.18880398228585515
0.95670493047826588
0.66745045382808021
-0.71092586431410132
0.22157235191679031
-0.21225426150098523
-0.97513918227491214
-0.063652994170635774
0.8749463336438047
-0.2382776330908048
-0.42153609906140643
0.70477060488719345
0.40413892460548656
-0.58306957055368636
0.30371880630411469
-0.31322277725367725
0.89980352216842141
-0.58217871475302985
-0.78183283226384315
0.22317115961254411
0.39304038760023124
0.84511647612870122
0.36234982474242555
-0.32501446632585024
-0.78282377412206372
0.53061524228786627
-0.04491186261339801
0.84619175546161862
-0.53098252097915566
