0.10899131538219924
0.10123107410468112
0.98887469519998883
-0.22720908532953374
0.59019056558579408
-0.77462967141546868
0.37827614113701497
0.6801487793429325
0.62793693871662604
-0.59704699480436807
0.035608877880433161
0.80141555625728245
0.85169558407002011
0.065703832372860885
0.51990156615185001
-0.3362198656487459
0.74062916711007487
0.58174275996266234
-0.31484121864455039
-0.61998863438161345
0.71867176115389164
-0.57925305179463127
-0.52756158715473522
-0.62140540208899298
0.74213650928293251
0.6701989118291467
-0.0081743606704981174
-0.10899403072878695
-0.10122940061296384
-0.98887456723137157
0.79619118178414949
-0.60449162825086489
-0.025874184504589663
0.45780210722621545
-0.49374888123106209
0.73934381237845714
-0.44601004030896907
-0.89502678493581145
-0.0014485133954599402
0.96637530974209462
0.044332779166347272
-0.25328514645011957
-0.82693801782525056
0.14247435600127081
-0.54394353802326612
-0.91350818352232632
-0.38204751474675969
0.13979447454589877
0.56742970222420686
-0.28463702636727661
-0.77266117817225821
0.22659658175769595
-0.95007185951120865
0.21451678465948132
-0.92274291861825464
0.32258660265863587
0.21091085776940044
0.48285238895790128
0.49242990112799079
-0.72413145419372904
0.11731761169235883
0.98653876708122479
-0.11392031878755216
0.14345279198202163
-0.82124964709481751
-0.55224117341900603
-0.56635385131301419
0.80797937054788682
-0.16251969687381573
