-0.50875817978866011
-0.41556420825166673
-0.75397049233925262
0.44238356711697074
0.88421162429390288
-0.14988856863818087
-0.0031974454241861013
0.67131168862991797
-0.7411682623072896
0.87341449734259424
-0.47968708767514007
-0.083948875808588924
-0.24798739145785947
-0.45635254273056725
0.85454350996381245
-0.56136380125214203
0.021996766433841176
-0.82727675230856124
-0.69825882388495319
0.67234130042419693
-0.24574741221567603
0.23310042698051606
0.65823846456849922
-0.71581164750512793
-0.65052029931692934
-0.37067491917557605
0.66289022052734559
0.71058693280480456
-0.48424649661638669
-0.51046208619427924
-0.4445440126404489
0.45037549255103426
0.77430132153764397
-0.55755440879177609
0.8011731080381882
0.21738153599899587
0.39097907577869856
0.62198664029885065
0.67843052819944871
-0.41171011985164851
-0.19552808013182224
-0.89009187564638792
0.52002451533078764
0.70051836084228092
0.48872132097732696
-0.62397843160643751
-0.57035460850195219
0.53417837606042728
0.078773553553840484
0.48376104858268509
-0.87164785041591264
-0.79211273439557894
0.26854906954786201
0.54812299099138007
-0.37499621781504944
0.25577791842113612
0.8910418020904286
-0.6358604818557112
0.65281797528861529
0.41171608998713588
-0.5402765481860804
0.72799435328463891
-0.42204913584298964
-0.40320467319926995
-0.72712123638726189
0.55562640245485972
0.66209259424311273
0.07202417391785032
0.74595302467372304
0.76370735023514957
-0.52043436130167364
0.38196748392150576
0.63001921352380885
-0.29963133125729696
-0.71644738531159502
0.038139337620299661
-0.89634700054404692
0.44170968468166422
-0.71740122829400566
-0.33614006142651504
-0.61020106255760553
0.40925372892766659
-0.69908526260993553
-0.58633708816720564
0.19139438734409794
-0.83628641798027292
-0.51380270103893155
0.27560361500311203
0.27138626495642348
0.92216709038558653
-0.063691640421357415
-0.9695431160592084
-0.2364942304637411
0.76760542453287084
-0.33885841445078385
0.54401919744032201
0.84323913216890478
-0.51574712549595925
0.15150138125339924
-0.069812681206566307
-0.067400952266537223
0.99528051381322369
0.73537891424479807
-0.67700555987020505
-0.02968710812746992
-0.27181260502826449
-0.88502614464283214
-0.37795056693487517
-0.90819963343605414
0.25103865637574863
-0.33489254818773712
0.98025427983040503
0.14554402564747027
0.13385993975981997
0.11029051854549857
0.10127808995259653
0.98872582145634225
0.082294008631975599
0.99418887530064537
0.069398677017059221
-0.68065021247200852
0.54926901738629752
-0.48478741196662761
-0.2907662369623113
0.74525195066122352
0.60004543617830997
-0.43034929082719731
0.90169397800501117
0.04180260654584822
-0.45082459437668942
-0.54611298228292426
0.70605792658049238
-0.78242372771950452
0.33758534803139845
-0.52330607018840714
0.8899692894253679
-0.32136842174867009
0.32353825335263608
-0.88332471114005073
0.44498823595252823
0.14738698909063572
0.57842667921172131
-0.78657574682902542
-0.21615080679114124
0.33084702972025426
-0.51465195087689242
-0.79099533019095225
-0.040340760507213365
-0.8869047076830282
-0.46018763839479848
-0.38554697478106142
0.457563178017584
-0.80124245291897789
-0.31126782495948035
0.91627647544927593
0.25209078063913137
0.9497325546370371
-0.29882689128927276
0.093330400754504189
-0.03394272385349411
-0.32463809661631249
0.94522907156029823
0.6205360594099979
0.13008941257617926
-0.77331219032645304
0.18341040762551902
-0.40938279886482598
0.89373729158418935
0.47665478489744006
0.30638002434660128
-0.82397299513743238
0.40430916252293114
0.7295521680362228
-0.55162281969988602
0.91172018332228555
-0.19642288580990847
-0.36081069448241937
-0.60306949164157508
0.41056664233593454
-0.68391682275856391
-0.29117348611746374
-0.95124577477159933
0.10173237911983984
-0.82622484382812278
0.47705676273991482
-0.29961534100460707
-0.69366485869975381
0.18372935615253536
-0.69647152669210077
0.086502047683414351
-0.98102816248688662
0.1734968015675766
0.81463944979306624
0.097774591366684829
0.57166659524930108
-0.64090123582732506
-0.14502277688317686
0.75379970821173692
0.92832556527041599
0.36962181019350282
0.0398918825657655
0.97029667232937322
-0.0039258113833235157
-0.24188624531280672
0.1716929834534901
-0.93774990007552939
-0.30190502536588298
-0.60908702120300962
-0.20195916327848287
-0.76695860186186038
-0.90849806634202745
-0.19729695725631802
0.3683818319491281
0.89318815373646798
0.38707831141636045
-0.22887835820780192
0.61005879569667476
-0.50615991885316403
0.60961496236532897
-0.79673849254538842
-0.17479576151276796
0.57849305635735482
-0.061882805575452018
0.74811506764717994
0.66067720100921179
0.15049318496257882
-0.16078069678163825
0.97544931637796017
0.87747546613015859
-0.12103194412845018
0.46409920797190379
-0.52517201854780993
0.83335264277414489
-0.17238829344177398
-0.45751094363314954
-0.73874339370466369
-0.49491608855807184
-0.78127975771266034
-0.45890505521206931
-0.42309347724735064
-0.66136811588688305
0.46892875695153313
0.58540416482300883
-0.96778640383094416
0.23161782445729487
0.098704913523281035
0.32657153259394378
0.0078118780967666559
0.9451402058212548
0.65292277938372334
0.29889161306486028
0.69595664218492792
-0.96850287969331528
-0.21063156313006301
0.1328025475626958
-0.2913474849574742
0.037335256687520947
0.95588844622007607
-0.085517784444738315
-0.99632847040205963
0.0040357911189183391
-0.38171638725056545
-0.60709487087505265
-0.69694219090364973
-0.82105557762791503
-0.53579755271236551
-0.19694852361348339
0.070584466876247448
0.86631445714884381
0.49448669787032679
-0.99900351054185033
0.0043155390025858753
0.04442253986633822
0.73446430086682613
-0.13772248895745637
0.66452592634717222
-0.61437117138004493
0.2889780285122871
0.73419327347386065
0.053523285412366256
0.35634730554590133
0.9328193049829332
-0.47639833921684693
0.61284371771533097
-0.63044999805558066
0.54633247744782842
0.75632240841532417
-0.35985724755041615
0.79334165254672018
0.39809058199047487
-0.46057888669035207
-0.23861225711154324
0.64623870134254879
-0.72487221745851926
-0.19265035878387923
-0.17381086459509518
-0.9657513254503709
0.63435402091774229
0.71761015995988153
0.28745544779642945
0.73507816675509163
0.53674984547218718
0.41419764864803005
0.90771661894262612
0.19557730200646384
-0.37121430284303392
-0.22888335561653764
-0.65707333982533234
0.71823884301289143
-0.48634374882076881
0.24521454296497419
-0.83865343611138909
-0.040847942190460632
0.96029848912089644
0.27596785575665889
0.86834243832338132
-0.0098177629619324615
-0.49586794747899182
0.32755178627910814
-0.94044997929307461
0.09090469598992558
-0.49055605950373032
-0.82678092468994724
-0.27529630410342992
0.49098741136381802
-0.83647831682479812
0.2433832109333133
0.39647683606741974
0.092352041538097729
-0.91338777027378337
0.6465700816514014
0.74805285824487633
-0.1495461493485242
-0.29219616380024743
-0.94508946634605484
-0.14638067653262229
0.20059390725537682
0.93351109425215495
0.29718533153600535
0.52901979396160737
-0.092039350607115378
0.84360347055748819
-0.72958132890061578
0.067807483311408484
0.68052423154990194
-0.073281155206830331
0.81900077930863646
-0.56909366169673592
-0.023864811209160879
-0.54766413947920289
0.83635785469765
0.20519382917382847
-0.68699537972318125
-0.69708883272362354
0.18969265402374674
-0.34906943558719611
-0.91769669616287908
0.78095919224790422
0.18553841231829635
-0.59638765714751929
-0.68210533616621993
-0.72101024286628868
-0.12196942262494916
-0.17246438228463057
0.87680516574137624
0.44885269094928981
-0.82031524977925308
-0.56979615417191887
0.049145026915167984
0.53688257950491935
-0.51323955464118431
-0.66958364330071785
0.60534120720484685
0.51002483988595226
0.61109466170069571
0.9239852750801999
0.10908245889047076
0.36654089621401875
-0.16093559237397095
-0.59480318400210941
-0.78759691937449305
-0.50057128328710698
-0.86457684547452041
-0.043991688051565593
0.82345117438102489
0.53347279867438191
0.19322250512047873
0.71232864890462466
0.69842793407231407
0.069183212249730189
-0.65805651523548359
0.75296787754384531
0.00099907119289590262
-0.2477403787464601
-0.2281605463708066
0.94157711835958269
0.32669594388955059
0.87235518937839762
-0.36368418141389641
0.40730402682377725
-0.461013696322427
0.78839698219632259
0.64924858560454624
0.37379283282214659
-0.66238598431827578
-0.94295100024174916
-0.027178503606343857
-0.33182034308463471
0.82762041944164777
0.55598532546238189
-0.076972457370935859
0.20355819497405916
-0.61493001459429675
0.76185637649753979
0.20106728161267118
-0.78926221842265953
0.58020435954535254
0.23055681095954145
0.27028452991961271
-0.93476725969960039
-0.14132358622112054
0.92075556119764768
-0.36364383743053624
0.47788108162121978
0.54464458903328705
-0.68919659275514045
-0.53920680764205287
0.092139207069998896
0.83711790394960373
0.89703374195712415
0.33315248369937234
0.29041330616095884
0.7919054749605613
-0.26417508162020009
-0.55054268224947711
0.53510144362839696
-0.093577338048479411
-0.83958902257626389
-0.34530507690493201
0.038111758245843536
-0.93771632050801446
0.4161419724855227
-0.64560408470124142
0.64032899712017621
0.04900786209496559
-0.16035744391203821
-0.9858416300983025
0.55117035647127466
-0.83424981016041255
0.015443198977011695
-0.96135668891689607
0.02360264211533205
0.27429223824220361
-0.32927157237802784
-0.8699076982398819
0.36720679210315754
0.30684966772876326
0.46689947023379008
-0.82936612307843505
-0.65855667498173287
-0.66278679302002019
-0.3563941257024883
-0.065426560284180743
-0.37705093265506062
-0.92387875795113361
-0.016920764608951675
-0.74787334087679447
-0.66362576331154455
0.58721113249372336
-0.30893511503731197
0.74815919467204406
-0.25815022791663744
0.2611803723107316
-0.93013078271080551
-0.48298394226197217
-0.85456459802411322
0.19090798653008154
-0.44891105214295024
-0.11865493765368257
0.88566352134109605
0.96762014567064869
-0.094839525603775454
0.23391604920475975
-0.15297861343170407
0.47140618243601523
-0.86854692158432956
0.29938558767954265
-0.12773609316436979
-0.94554310340294812
-0.67006105661808746
-0.73206019720763971
0.12290666405107573
-0.85503681013687038
-0.18700654980660242
-0.48367406757071058
0.84944809142593636
-0.41728719247172086
-0.32296956353796413
-0.013635735041017408
0.27196412953302201
-0.96221077679333689
-0.24904974073433681
0.59001863863566206
0.76801838044585846
-0.18993153618355124
0.40427714891462174
0.89469883113169502
-0.033757139373292964
0.98865597531215621
-0.14635510930917753
-0.87149151277487291
0.040759719140766086
0.48871381038080924
-0.23675957459370725
-0.77130521920618289
-0.59079028653449361
-0.30905659218192266
0.77810118881923318
-0.54684784244522033
-0.48782894411236605
0.62152381920454314
0.61296905586465966
0.39721271048616669
-0.83621013220748075
-0.37811992465589567
-0.27746715102449293
0.9508222339971536
-0.13765558266562736
-0.92652814463155597
-0.37402793675901019
-0.040604183644105916
-0.79833918193047182
0.46742103423392328
0.37970004918392447
0.3991739380063371
-0.79452867790779458
0.45758534416937469
-0.11616486808943273
0.18836248168772432
0.97520525988850504
0.2137549351975829
0.96560548224801657
-0.1480367533123195
0.42691593618143775
0.85337272507556228
0.2991617882207474
-0.46210379804578178
-0.34204901574966168
0.81820691188497729
-0.79334165491814779
-0.39809033233518509
0.46057909838918709
0.48114136023330145
0.17465813230282085
0.85906782519969793
-0.85291475616653656
0.096867361425649709
-0.51298453485832318
0.30239728169322982
0.80703320385323585
0.50720143129029804
-0.10637851418543449
0.052640755070044544
-0.99293129803897051
-0.7471706240938828
0.63566316589772753
0.19408348206902096
-0.43524535372602663
0.79629270773445437
0.42009451992240598
-0.92468585344328302
0.36684064566732855
-0.1019019780389212
-0.883414149852919
-0.41103785038593699
0.22500516747344415
0.16852701002839052
0.70612949671428016
0.68773525484806142
0.74283638498957905
-0.61499731211771591
-0.26452298808156316
0.31606292563429533
0.94557478238482728
0.077411613840407054
-0.9800546973800357
0.12982676199613699
-0.15045863887768274
-0.60110869269755318
-0.55644268430010835
-0.57361997755685645
-0.0035495980640154528
-0.73571021138464221
0.67728715122756389
0.37355533734849089
-0.91571935514115221
-0.14803537603670103
0.79784006206051483
0.32721670944675996
0.50634026151404199
0.7266794152275684
-0.065831886808695714
-0.68381517251646762
0.74918463286123926
0.58783179273924346
-0.30524771797596983
0.95722850979693119
-0.25485526473782211
-0.13697581562947933
0.36460704189890181
-0.24771607721443303
0.89760706887102071
-0.0061047237339575114
0.56994545381839001
0.8216598517755882
0.070864413633943454
-0.54822442635815349
-0.83332359454451488
0.62998372124795166
0.58357220799310172
-0.51240998138271965
0.16400442714639799
0.81503337808032961
-0.5557185803006307
0.97576281643358564
0.1887379951534035
-0.11074698754851331
0.59724749477412031
-0.67471740562725613
0.43364945812218164
0.14504166504781998
-0.98690703932876389
-0.070550769829177767
0.5896152966934407
-0.67638011532652687
-0.441433733980515
-0.906726576499024
-0.30939176742905161
-0.28657224170789369
-0.97997869956700356
-0.14976734143558809
-0.13119257537787951
-0.75215690864202089
-0.055632434496034902
-0.65663156870053307
0.091228651616346579
0.92868839936777059
-0.35946514435198246
0.99850277694180956
-0.054594343972898987
-0.0034149737427636366
-0.36660709961373528
0.8662067106326482
-0.33953669752733984
0.22951415612719439
0.50515251780350945
0.83195203340937685
-0.17021209347160765
0.98284462909922976
0.071023082774619023
0.68674866466689155
-0.69767499166560532
0.20402420832499021
0.24808673643835616
-0.91229408069696849
0.32584119065679645
0.52831274281992868
0.84569054615706396
0.075452938409652309
-0.16995963513923945
-0.82814073256758702
0.53413167803993511
0.14202801381995531
0.059682938038479544
-0.98806173400119779
-0.74713147850086958
-0.58922934171505637
0.30757655420260172
0.45140342842618819
0.41014120792831665
0.79247658284909883
-0.56443983048889368
-0.73515712130205657
0.37543532699593168
-0.12452043692951921
-0.95241436670256308
0.27821131336708294
-0.90727045396997186
0.25539363231243151
0.33411736849104956
0.430983546901334
-0.31208452974531364
-0.84667374389075756
-0.81613510425574809
0.57540201259599311
-0.053254253369470463
-0.29471721690682329
-0.40807257203494318
-0.8640709102912113
