-0.52726920191673565
-0.84600328804115843
-0.079155703102413544
0.27633433785324296
-0.95885316115114538
-0.065114891335743511
0.81274276637602816
0.38572217828093852
-0.43665500900098325
0.90842535680380887
0.015212167481475705
-0.41777022521523505
0.31262432035309917
-0.5273619643735854
0.79003505799160345
0.096035835985416582
-0.49525881201279337
0.86342100236805619
-0.69338763588575769
-0.38631662228198665
-0.60825410294497528
-0.14390060601533053
0.65236734166107291
0.74411656823543826
-0.34124531895074262
0.04300897915013753
0.93898980825495071
0.69447028684063228
0.36025387474739601
0.62283879649952545
-0.5713408919651658
0.6085247799097353
0.55069699236899494
0.68227977475136425
-0.2341044342993919
-0.69259614697642469
0.83675732170104911
-0.53739033133433345
0.10511335009437316
-0.65429218567686842
0.64281049058287354
-0.39836717856619647
0.79507200887792651
0.55381892992915716
0.24727533955277775
0.010110934530883679
-0.90211052407186598
-0.43138656836032296
-0.83230732562077259
-0.20525883435510583
-0.51491098904294186
-0.15786301311861237
-0.94673852755790022
-0.2806517940912045
-0.331507269813266
0.60234121478193225
-0.72614598465871905
-0.092122901089549
0.048039421757534971
0.99458814845746402
0.72277214503988008
0.66631068950778949
-0.1833861810554569
-0.61016417517719845
0.33183684239982297
-0.7194331027666464
0.098731601295482543
0.62737693054553034
0.77243139366865377
-0.47719923556140492
0.8560127775843106
0.19880395919599847
0.23324109644984062
-0.91508413878266437
-0.32896749060547859
-0.85344034057374041
-0.52117182048966459
-0.0044179869699521182
-0.2980767531669678
-0.683317825000192
-0.6665035628250201
0.031756906431850702
0.78680241964566922
0.616387419837231
-0.29215250335611653
0.033215745237942115
-0.95579476303809197
-0.83566696077808533
0.18112576854535722
0.51851151060778955
0.66786547245735484
0.41147200520704974
-0.62019875816564163
-0.3129148807699873
0.93555323272435076
-0.16378164161993708
0.79440933816614712
-0.28123143691986252
0.53835182020906502
0.74778109288720207
-0.075262510564260879
0.65966581814126646
0.54259510456005156
-0.44362966772105744
-0.71329045305904037
-0.52640646419137838
-0.60971446741018287
0.59257447016239917
0.8440515646281509
-0.20094623058431146
-0.49718967071202058
-0.52873497268806235
-0.75650857361113799
0.38488193866352727
-0.80353382452664801
-0.19450397154989488
0.56258474729848107
-0.49480234346889879
-0.075745346698113294
-0.86569814794261213
-0.091864838091457166
0.46196152257470474
0.88212947075975823
0.68773662862285467
-0.50211989976962002
0.52430328618636035
0.82710525863896966
-0.45499320842802865
0.32996677320016909
-0.51269603128271268
-0.33371531699202533
-0.79106059610618185
0.83294579505337041
0.36977976454940981
0.41166033113805311
-0.71740111311159727
-0.66962917276876899
0.19217807857103564
-0.88552209447024444
0.28718852518023635
-0.36520319167530857
0.88499037998930685
-0.036208496257636308
0.4641992806167875
0.31552533057798698
0.93752679297281949
0.14658539566325143
0.32494517312680615
-0.71048881514533968
0.62419250076796129
-0.93946104297364819
-0.15744181924746165
-0.3043435924853925
-0.39920161096797213
0.40704673147825032
-0.82155403485921052
-0.46443792662461986
0.72512945367814619
-0.50841389410701332
-0.43267259295132365
-0.19002421448656528
0.88129746693017452
0.68487824571176659
0.55856078013451738
0.46792268960405448
0.13548030001825562
0.96913654456350662
-0.20595981719371792
0.81359737983760472
0.16599865021326873
0.55722863498635578
-0.61651273974850451
-0.73470968075964915
-0.28304368342333142
0.097775593097917168
-0.99119343644413815
0.089305682598650585
-0.6741104794939573
-0.57748748637900016
-0.46052498793452129
-0.076620295291223273
0.94758345847392567
-0.31018529877490975
0.31492106493149591
-0.93072044513456265
0.1859682119904747
-0.14389683798475911
-0.38447331324349837
-0.91185194599866637
0.22500941994851664
0.84269435748685195
0.48911857539277126
-0.15220174597117231
0.48919648937392501
-0.85879067490719396
0.54575871810508281
0.75027069473826158
-0.37315051417526302
0.68588093229779223
-0.72093196001794946
0.099118392516167428
0.14061413219208241
-0.65564172960110423
-0.74186359139233959
-0.92790056070973703
0.35635715446298549
0.10959072906774242
0.98528448805842794
0.058408963804469652
-0.16063271939032128
-0.11296400660375219
-0.88227709259366716
0.45697512524916811
0.97518980644103437
-0.055009373745126412
0.21442670126098243
-0.43381398089041545
0.78089463218092525
0.44945411714103534
0.43954949415774153
-0.87278456867981868
-0.21223416044561874
0.52700311017638835
0.60696411245258353
-0.5948632515621225
0.93916566997154916
-0.31929949144212699
0.12655306836142047
-0.32758630819428203
-0.23453962129856581
-0.91524771331304955
-0.40846715094248764
-0.85544314740233551
-0.3183890829838758
0.32610960395189648
-0.84698827792397846
0.41983732953336877
-0.80987343445149151
0.55738868222861482
0.18281924705345967
-0.69095046129074988
0.70391486125782909
-0.16459443533264162
-0.4496762516869382
0.24861469271974126
0.85789393472191766
0.40917701154349062
0.84759601780615956
0.33786855998076881
-0.075841583088212497
0.67890912732570197
-0.73029477001312826
-0.70636587479848412
-0.70666678238951719
-0.040857185260598436
-0.27015801935894224
0.90614746118116274
0.32544035270842919
0.74204797450047477
-0.5725981065870337
-0.34856306728149927
0.52245876386738921
-0.69834317053052497
0.48923783197084597
-0.78846597059609225
-0.56938332093350885
-0.23264575443083221
0.11021154287477823
-0.83286252475935552
0.54239600908250896
-0.11447153648114901
-0.96657922939924079
0.2293923726491682
0.63577064469932365
-0.31651476521345806
0.70399864399050938
-0.31977510379381618
0.46404033465448935
0.82608138267812559
-0.33445284818863541
-0.76589302746929377
0.54913492222989158
-0.22055965332485949
0.27251736742369875
-0.93652961713854754
-0.11957052850189931
-0.74650798815507879
0.65454466030549296
0.55369291507603946
0.82147535941250649
-0.13639057765363075
-0.51671985350768823
-0.54613193826917206
-0.65934854135984133
0.69677960968519759
0.58471967987821549
-0.41545285110354102
0.4941667681780586
-0.86891736562543731
0.027960989664229739
-0.66772933807076806
-0.17251419288163336
-0.72413837374770618
-0.85287535944033632
-0.47234654576147667
0.22246878874736198
-0.62513402372980109
0.71657250640787806
0.30940474371883819
0.37133646908966628
-0.025927550402985819
-0.9281362986405175
-0.95092550126807995
0.15006399446213045
0.27059469433845268
0.92008551207932032
0.35046498475581955
0.17497698397743083
0.27947600468781753
-0.25622012126972399
-0.92533475686384059
-0.68001268326808173
0.72953359127640482
0.073235850468845606
0.5843439704655814
-0.017630626521732147
-0.81131454146278614
0.86558172521832422
-0.37688439448304678
-0.32973691052597753
-0.73466012627733357
0.44745137854620565
-0.50996251106848256
-0.12038619166949815
-0.56444046163798933
0.81664810666602794
0.14036275489178754
0.43199650820066693
0.89088569072671686
-0.29734543545969677
0.95175898792568081
0.07576622541718156
-0.83680174760874837
0.54539316873547361
-0.048053373405242843
0.062284430837711763
-0.98197143814766008
-0.17847337150801712
0.76454597593511919
-0.018361557190318366
-0.64430761589396313
0.3424800915272348
0.50286926334184523
0.7936182274201663
0.33091960347242289
-0.46662617858140526
-0.82021474352767465
-0.1029649917867337
-0.5978118322821524
-0.79499636706705357
-0.80940578050467793
-0.39124133742572853
0.43794120424429162
-0.99027408740166278
0.13691492212022965
0.024729252346464677
0.21050308403864049
0.17908719804862239
-0.96104954456329383
-0.21929409806512548
0.25897293842134722
0.94066099936120251
0.5289829907669763
0.53713892769419891
0.65700743362214031
-0.097340646346437257
0.99249167060412002
-0.074061341807319506
-0.97355487032231747
0.096500142150198087
-0.20707157467090231
0.72984878123218599
-0.4170726888753265
-0.54163745137148489
-0.21753656352760911
0.80025982229048698
0.5588041341616905
0.45858869428316257
0.095197715615870829
0.88353483486344986
-0.043269140727680233
0.84785335768517822
-0.52846235941896313
-0.33501084426340838
-0.93511731964007883
0.11542674185418528
-0.92218118051251785
-0.35000349340097514
-0.16455827209730983
0.36098309471877271
0.87969632152329813
-0.30955708233803303
-0.54189590331566628
-0.82531436001885861
0.15876094329639176
0.1811570818275561
-0.80575649782705461
-0.56386042414165216
0.69113447857802979
-0.64742867486294853
0.32119969409369192
0.11258487682686641
0.99304593585098422
0.034415327976389187
0.81239428452314011
-0.56979866094425258
-0.12387498722612211
-0.55811949156697727
0.017017575508147392
0.82958606259799417
-0.04929844264437927
-0.33061292170602669
0.94247798889620948
-0.63789458991787096
0.093980077996353745
-0.76436786764836639
-0.28935938750624668
0.87531097639754818
-0.3874297864903789
0.56806548190822748
-0.1080622868234918
0.81585792294421633
-0.081924629629668927
0.9797113658885801
0.18290433184802971
-0.83240103894538042
-0.39696231777134683
-0.38669035239096872
0.19506768242189709
0.072457526223706478
0.97810965958224261
-0.54951144437235977
0.54345253812649297
-0.63458373073037078
-0.51264238234968185
0.85754632237777129
-0.042568683268362432
-0.50663501198923089
0.81508308953742203
-0.28099914906775575
-0.90404382787463988
-0.025620478261007128
0.426671241561282
-0.24884962049102741
0.76749620835929633
-0.59078205502162562
0.52730084399021993
0.84349126514406991
0.10235382529665386
0.98872021785139519
0.1290739675891496
0.075975270336371775
-0.058305289613934726
-0.77118200774325218
-0.63393911705787787
0.90951522995280609
-0.23617759750192324
0.34205582720093192
0.9310386149400619
0.16195865442334975
0.32701145507133095
0.10036454597471972
0.55293991239557938
-0.82715440589484712
0.30742366022983564
0.27124627216224623
0.91209437722692666
0.94935391328121455
0.30539381378290859
-0.073903760667332868
0.1357937059332138
-0.042246362771435654
-0.98983600372057001
-0.93410609986197002
0.33172303976918416
-0.13193035695756863
0.35584263448997755
0.76477733083381827
-0.53711419057955712
0.34373276905130346
-0.10851425772727749
0.93277673606829481
0.14553868433045586
0.74266456446270079
-0.65365727721397471
0.36976109543309182
-0.64669010855252496
-0.66713464593322047
0.99153989230075956
-0.128936975823147
-0.014963229657381101
-0.99116897289836237
-0.10866903581454651
-0.075994130159784221
-0.48656838569637545
-0.41076674982199596
0.77105245170578174
-0.63531294300061192
-0.20170483632763186
0.74544793477341165
0.49132897990830388
-0.24094334740385237
-0.83698395256067604
-0.81653539271719633
0.50438910668414561
-0.28082304303340838
0.92671851074410616
-0.36181226036310116
-0.10141346111424053
-0.3290670301311947
-0.88097547039953816
0.33999575031895268
0.32509983562621547
0.59776105863662476
-0.73279725276056362
-0.65308270245233069
0.2157483950476965
0.72590330884485132
0.39273887874730534
-0.79130485783191473
-0.46860729304175619
0.069659789251769966
-0.12584870580062404
0.98960073616065336
0.58094161139881129
-0.7372250347469862
-0.34497259643000289
-0.98460123895871887
-0.061904534670126306
0.16348770237614502
0.51641730783856354
-0.81360054515407187
0.26714662095891678
0.05228315056544644
-0.26276451510756443
-0.96344241227342553
0.34557630807426226
0.93472270378395739
-0.082888372698290497
-0.75018106326478429
0.0090785661933557998
0.6611701384324542
0.29748866129514112
0.69435344742736338
0.65526619510437167
-0.78789344972754105
-0.001806759122277361
-0.61580893749434074
-0.78191118269606918
0.23015621556469962
-0.5793470624865289
-0.95162572502370812
-0.29866376316704152
0.072169495245589327
0.44248139895939009
0.19744917634628634
-0.87477084675651728
0.48423111309082006
0.71264007129820983
0.50760649906685373
-0.45154444819156181
0.18448380974397158
-0.87296811811756791
-0.33060971517373722
-0.48676255439393756
-0.80855391401725918
0.21759749416387891
-0.30571206052622057
0.92692581503721927
0.70901029556305384
0.70290022704203947
0.056882964144286063
0.10862020562562356
-0.93823578969028998
0.32850457207485761
-0.3717162030916123
0.6439588156210434
0.6686883490409401
-0.86884471360286697
0.35206308379422041
0.34808109496733053
0.85320180766692244
0.52146711188235595
0.01089617451081875
0.16172171512037625
0.88579539480793401
-0.43498575309494913
0.27349198956896875
0.39360112938472908
-0.8776561300353759
0.80868335234453248
0.18900586094603175
-0.55705297788348473
0.85296483885492036
0.47237496258113648
-0.22206503192459151
0.13863181290466398
0.94582492288257125
0.29359229503674711
-0.47599812432041272
-0.72228765433010411
-0.5017233600758142
-0.12356148970421568
-0.11727243228570926
-0.98538303967942775
0.48636367077764686
0.41438829286543122
-0.76924165415281986
0.92401201485167606
0.22798842748242215
-0.30695777127129109
0.51784704075076049
0.32439720262190919
0.79158126387425332
0.57444540421415669
-0.60921395179150462
-0.54669080705624873
-0.66563366924017353
-0.4130746563207835
0.62153129179417022
-0.11368829419168951
-0.99339819896382042
-0.015329385480890183
0.62368164359726386
0.72360042218736254
0.29567488302202183
-0.90491923813998798
0.049340302946886294
-0.4227135045740239
-0.53289945813120154
0.44069152967334146
0.72236358102941634
0.95184555266080628
-0.1629482696285498
-0.25968809234330603
0.65716271946880023
0.1307509698881856
0.74232159069615478
0.029203493386788973
0.24357874680883385
0.9694413597928685
-0.044553988877352083
0.11840541394302695
-0.99196527158167058
0.028690820266634574
0.34482910121564164
-0.93822690634368422
0.51177308896838392
-0.53101078553067449
0.67536349550286978
-0.32036323720810039
-0.94017947565836579
-0.11588766024174715
-0.92195666274735322
-0.23321853674892243
0.30920062440502077
0.65335440657739607
-0.74650126813576234
-0.12595188000818916
-0.23860361405254654
-0.83909336450164573
-0.48886669042835335
0.44099900171107992
-0.32507767760431239
0.83656702302518327
-0.27718130143898739
-0.38759580470968963
0.87917007359443111
-0.6921804415689341
-0.59055363589249332
0.41488870729822475
-0.72147192511741165
0.38317152948894712
0.5767649783546821
-0.33241475779345658
-0.59861319256684731
0.72880907958534935
-0.73976394304783655
0.53795808986933424
0.40416630501620765
0.10392880743614967
-0.68343017382029425
0.7225800997099644
-0.20611236829654561
-0.15812673948695263
0.96566745098631879
-0.046728417060066509
0.90397051977322129
0.4250338273831773
0.098970239333296406
-0.47242121356114197
-0.87579854344690933
0.64314430558845392
0.20200751871423872
-0.73861922840666827
