0.35882841116679381
0.67275170061428557
0.64702961343365195
-0.57529392247664635
0.35320793004076584
-0.73775406533461529
-0.46990103121489796
0.73026866860784811
0.49588374899052323
-0.4163623150553124
-0.8148216767755363
0.40337086862896304
-0.20901960555564381
0.57317079876781241
-0.79232950212221109
0.61469131671540467
-0.38740062717408869
0.68707738954196762
-0.95507160610716457
0.0054876005272913239
-0.2963243382652424
0.61903689734650325
-0.16087500887554487
0.76870836553462085
0.5229742652658923
-0.74857968849688283
0.40758602507876768
-0.94783185545163962
-0.31875582789331974
0.0030815540148588227
0.65717796543508422
-0.6531615224698063
-0.37616106565077684
-0.8283473195644615
0.22848311284559958
0.51150384682302918
0.8283889165570919
0.55171221234315082
-0.096878468592322492
-0.76107083533942621
0.44785257403726225
0.46925393501168033
-0.4335497200248703
0.56359033791625324
-0.70313623948264825
-0.3479461360049953
-0.91900527832793932
-0.18537201742598608
0.12937158297744045
-0.99154907997697672
0.0096651701858840467
-0.046751628796019358
-0.91319107798520871
0.40484112969550395
-0.66948953403141487
0.12831852304490432
-0.7316543722728468
-0.51042405154672221
0.85973583684165755
0.01793260864468359
0.29505278109421224
0.49271145143648448
0.81864478376883565
-0.027699329635394666
0.7703368656043571
0.63703521145114472
-0.68388710884803228
-0.71641547465750866
0.13801191985743916
-0.73598607389485571
-0.089402175366510364
-0.67106761959773586
0.7467454747895077
-0.46342132004100889
-0.47708686422164426
0.67444836870143909
0.72264357472080454
-0.15134616569541728
0.6555940980124767
0.27192468653730179
0.70445251330575676
0.35801439502363386
0.90761514667350884
0.21922691095001631
-0.53695747100095614
-0.84252593350663962
-0.042740211803673794
0.63156234425193547
0.54695126446868159
-0.54952099106322594
0.74234271462805379
0.023981576512823354
0.66959105282747866
-0.82018268374884473
0.51624267984274941
0.24656411090691871
-0.88149701619129084
-0.15149205862419998
-0.4472283159859774
0.93079331732985149
0.13317214780700129
0.34042470454207757
-0.31567886356019731
0.86435576750874377
-0.39145365278115984
-0.63124515590890795
0.52395745995647003
-0.57183750602553396
0.96217561424780673
-0.078248095085546837
-0.26095080563650119
-0.34128021061483382
-0.68537456096616922
-0.64326474256182087
0.47052056958697913
0.50092508657289203
-0.72641892268682351
0.064794721486880522
-0.89451282654875819
-0.44232165581982186
0.53078092851535164
0.84653284240931448
0.040666357677915779
0.5619100509866185
0.082807216805004399
0.82304316985515691
0.15345212719936663
0.92765834655729218
0.34044446936406558
0.75233946990245226
0.56736162320746208
-0.33479263811841892
-0.26531952359655941
0.73705443927911729
-0.62157566227889016
0.82516270034309702
-0.50821064578726294
-0.24663425851041335
0.34707516590659027
-0.93210784833944105
0.10350743101309341
-0.097683525789716716
-0.066078450254287699
-0.99302143340477877
-0.63265529305362211
-0.54023230424970015
0.55488407583593058
0.63824302894817619
-0.33401153081423723
-0.6936008457911419
-0.3692363820273899
0.3735947662900358
-0.85093562905076248
0.45554683163163656
0.27681026719641555
-0.84608106004390993
0.23313184045610763
0.64576720473510207
-0.7270723913436411
0.51072847530714138
-0.81538548518595444
-0.27258564719828615
-0.90741616319592222
0.38328327527073291
-0.17230739295959208
0.42324635874130384
0.68795707917666804
-0.58955710242769133
0.56653979027278512
0.77639755139300171
0.27611502716914854
-0.85970739646601058
-0.48700813527360659
-0.1540333361287681
0.21769557885536797
-0.42235100650106033
-0.87990241632488286
-0.44099176020572767
-0.67593240421276746
0.59045884900287682
-0.098367470482318406
0.86066480579898486
-0.4995797562050589
0.44236584976055149
-0.39112993305345173
-0.80705007926102568
0.25451176618280036
-0.76936130267780689
-0.5859240111280809
-0.24745073915444715
0.1570103707369046
-0.95609407234485966
-0.75384341087154572
-0.18308236663522739
0.63103166236948705
-0.2516582063782824
0.43887088230832111
0.86258941323458271
0.70762339362547944
-0.69227449128676366
-0.14151028763878662
-0.32179715176790913
0.9373027076950724
0.13382909721561778
-0.89945436663888478
-0.1890576249713872
0.39400387913626056
0.93915479680814917
0.34052620403381773
-0.045057430003970382
-0.60085821962507968
-0.30336743535208699
-0.73955229637725861
0.11249743988902308
0.98702430505348493
0.11457463616394563
0.56781477789530976
-0.54801932401887277
-0.61421592172915707
0.89018029696980816
-0.26892655137663002
0.3677737740125262
-0.013180647400851101
-0.36997993791991518
0.92894623960209366
0.99442599761826178
-0.1022174735288259
-0.025855818809474528
-0.505786239841018
0.82058257392022282
0.26612876388309925
0.20458369904501816
-0.48977680821480374
0.84750468330268047
-0.28302454415383543
-0.48494896238162366
-0.82747907000207588
-0.93444283590339761
0.34979856576525131
0.066764884613013276
-0.074092439758387169
-0.98678337446651987
0.14411412924178468
-0.475081302467531
0.38790607323848358
0.78982696484132187
-0.82753709797425579
0.56112876570371406
0.017800555501820536
0.12979765673181543
-0.61347140891937157
-0.7789771490521471
0.18314672084675984
0.81541474535719827
0.54914121289258044
-0.5507857590013695
-0.075627997430851884
-0.83121324200585511
0.85723240623307873
-0.51489142547644984
-0.006278668224655613
-0.78752205579633128
-0.37620833282682281
0.48813553645066904
-0.71197227888171721
0.077579609286477183
0.69790893268888021
-0.23407768971103676
-0.44393010315478598
0.86494722306769956
0.42836132155725626
-0.10910731396119053
0.8969961941022353
0.21383132370293506
-0.050992731983501398
0.97553877743957962
-0.31127010240906883
-0.9492103475219823
0.045941696784567013
0.35993127744652975
-0.59637210134327845
-0.71748853109656852
-0.23512616810464357
-0.65015869604788856
0.72250214880354235
0.96856341729997431
-0.083037309511584084
0.23449885265662471
-0.47070758644831928
0.7200350681326908
-0.50988613309164355
0.42956032870391564
-0.3405709782273077
0.83635478882653547
0.1660930485791107
0.80631880965863734
-0.56768219665969399
-0.29604109871701073
0.88059468208008096
0.3700171263099945
-0.61688491365578668
-0.35180958072669832
0.70404759939424344
-0.66357797786487571
-0.50882885144195089
-0.54841359140071244
0.54006744354529868
-0.1555150306002519
-0.82712890874388401
-0.78826434333149842
0.57738825842946062
-0.21274896958612094
-0.50608293449011044
0.8236983874926227
-0.255736250578466
-0.90109912338718234
-0.36343526350753114
0.23650619245606053
-0.37828649483474769
0.59914840224472887
0.70563483467954513
0.76095019453112989
-0.44025853034282264
0.47657866916534714
0.36182188595660569
-0.73535487373203412
0.57300796898590245
-0.99507150729826566
-0.075885977655342801
-0.063828001366565384
-0.97696224993075509
-0.13200188839570301
0.16769097671075039
0.54723478511781487
-0.81565001867179443
0.18774753526414209
-0.75776109561318128
0.29507818308657741
-0.58200256686842511
-0.98772248545333396
0.11592608986224645
0.10471596544528723
0.70419954978031951
-0.62940388219483945
0.32856315552304405
0.58470254524910648
-0.58381284383753229
0.5632810106417131
-0.90770359909713516
0.29728115467559219
0.29613863520461803
0.27977314058330299
0.44604705144330559
-0.85015823098226173
0.60576907887114084
0.10347937754906182
-0.78888265382480571
-0.43781293448191066
-0.50056473603808171
0.74682981959443995
-0.79507353459441055
0.44806080908419049
-0.40877816227187486
-0.061891898564916226
0.89365900329525894
0.44445807307478891
0.8772601398610278
-0.045766820031229796
0.47782846838090254
0.78066743301557739
0.1504839296375487
-0.60655827910408588
-0.5360058722907447
0.15014294939691444
0.83075555948560065
-0.095397085553914504
0.96885114438079267
0.22853195859627051
-0.94210606363391203
-0.2464659857901596
-0.22735585040350348
-0.25210201384733499
-0.92569712794899028
0.28200957771165996
-0.025558163897998261
0.72742747326934498
-0.68570843030484863
0.13585877881299521
0.64792309792734448
0.74949186212504959
0.88674762037836063
0.37491823295529558
-0.27039781129105639
0.57248840396344691
0.72270565370162843
-0.38723838321515502
-0.33454943986160807
0.93301887454898413
-0.13248566723850327
-0.17284613954087499
0.039960128501862105
0.984137896931081
-0.13148118241157769
0.95584283344588183
-0.26282537248485299
-0.14313264962693756
-0.93561970537710026
-0.32268996191521154
-0.9441755561172942
0.060370727679710696
0.32386400613532274
0.83970499372883733
0.38945678463691868
0.37844277824675931
0.79761105831651746
-0.24608370245816585
-0.550689940924733
-0.83445261632029366
-0.40543850963857753
-0.37324046674800104
0.35339166975559411
0.83385303371626585
-0.42403236422416285
0.061108231244342268
0.12005591192777922
0.99088463611329525
-0.14675346822431765
0.37276880154387937
-0.91624605874168652
-0.76147339693362426
-0.3023998851087602
-0.57333461019597953
0.72062479266664681
-0.073528999383305677
-0.68941525544757287
0.94091383156720487
-0.31697002207807062
-0.11921059797412746
-0.77485440719385124
-0.5462799383059479
0.31808627234873765
0.81606886692219416
0.20991933454487996
0.53848442635285276
-0.13365005262206184
0.99099355575320136
-0.0083328200356385228
0.72463911579188534
0.60216198004793953
0.33511058122521203
0.64283524446435769
0.33294268410331884
-0.68986376740377309
-0.59185804175066836
-0.10682280842054097
0.79893237887584234
-0.61177230831304619
-0.69814962692329297
0.3719163094140856
-0.68497567541748361
0.71406075445200734
0.14465670754511287
0.083690948903125922
0.352889790694841
-0.93191449215850586
0.032027255174233486
0.55630675975408794
-0.83035958715360902
-0.024469713043811202
-0.76909352489772487
0.63866766248491569
0.29650610395079519
-0.88029450666762454
-0.37035889600592009
0.48553656015669205
0.85186357122936363
-0.19642480689455127
0.31776589855657611
-0.20575508648533139
-0.92557532275873988
0.87669303076224958
-0.040081084965084904
-0.47937755103980717
-0.43328230049417027
-0.28010753629866775
0.85662489818307885
-0.22511553002579976
-0.21302764018525255
0.95075876154695815
0.45254712869085978
0.3137896865527976
0.83470781051021392
-0.83797975133941571
-0.54023772171569706
0.077026880895985084
0.90631138650129284
0.17000461508608397
-0.38690838908911829
-0.66790713258840861
0.31734742970796764
0.67319437838953822
0.023128457514012567
0.4800719495108039
0.87692416875458434
0.098849869775186075
-0.96970770812277152
-0.22337337364312343
0.7741477093147251
-0.22488721495967043
0.59171028781866464
0.89276493840536542
-0.29058440065927327
-0.34428399737361426
0.70988160451128512
0.6985173240226733
0.09023112332608467
0.54232196459502247
-0.83915213999358074
-0.041359069887861304
0.33820832490028296
-0.87689242021648761
0.34157694936136351
0.51749327324630301
0.49742002037895067
0.69625716188132059
0.465539078260503
-0.7299987667972595
-0.50037502644200949
-0.52895681701986341
-0.68774874242104256
-0.49719850465029497
-0.32822177456920421
0.21426222246394055
0.91997943820688488
-0.65864231512193716
0.65001080860069349
0.37904650035726123
-0.0060877527569124278
-0.13696149819734818
0.99055766479186291
0.5613736241700974
0.65604974791663606
0.50443868046041873
0.02927551131398138
-0.76931936850505744
-0.63819327298263229
0.21599113530082781
-0.27795812944489506
0.9359952498527726
0.18135040762744431
-0.68106374848692219
0.70941116438233642
-0.33480806340099301
-0.064920799140543425
-0.94004725972720649
-0.40959639315302976
-0.28607285044066627
-0.86625234138603102
0.69997437848496136
0.4547372988461848
0.55068126761554892
-0.033889903137515581
-0.46306833964883293
-0.88567442510225114
-0.90071778501366528
0.2337753065628983
-0.36613737558667742
-0.0082469556867684497
0.14708333199122134
-0.98908972351969182
0.72417251162145324
-0.68296517639375198
0.09556537681256537
0.33018791363503081
-0.93389608759220188
-0.13716427840120721
0.97745188662398108
0.1354213918096662
-0.16201498688563601
-0.024628494078268157
-0.58212600718379803
0.81272550657628884
-0.71665229428397337
-0.6139528523665333
-0.33086460096014358
-0.25661467124743598
0.7707317960295007
0.5831992876279174
0.78790410036633618
0.36902832970918159
-0.49297588226805389
0.1595653135547114
-0.84982679791494309
0.50232790511360326
-0.64617794036675391
0.66684541324732949
-0.37117551672272026
-0.58505658450862852
0.53979445214524024
0.60525262688923376
0.38704822880120487
0.81259252194250253
0.43576032617136434
-0.85004032774924221
-0.0023881129965853008
0.52671219666557612
0.84743978520850782
-0.47692974532095261
0.23320340579384663
-0.14090708016863873
0.6204509321368209
0.77148288093054862
-0.48904611053924207
-0.85259676112071026
0.1841539157686147
-0.55695993991776671
-0.78546947290850389
-0.26987651334570562
0.40921784477832202
0.023637043650750464
-0.91213049816483927
-0.48677626186815037
-0.50988804989575154
-0.70926937580525606
0.06675613339537953
-0.25071715083618612
-0.96575593652365577
0.2524269723868468
0.19268135934851333
-0.94823758487586818
0.94719440793529308
-0.29704074375609174
0.1207872101049498
-0.36391255952055301
-0.83609809830856696
-0.41049679539309186
0.40888699925434829
-0.55115317166868416
0.72735246146577692
0.3149296919883679
0.9490931714110451
-0.0064374750513072256
-0.17316431535326968
-0.82312062539746123
-0.54082026213292478
-0.11158246636394234
-0.98933536444445047
-0.093620990486675076
-0.092379553567728326
0.28680109644028651
0.95352564158667319
-0.13226498734536848
-0.64560350163695512
-0.75213169843893124
-0.47027903113689062
0.15158166115493454
-0.86940245736624078
-0.22473171465187503
-0.81466664825886403
0.53461566442099007
-0.66686985127208043
0.73844962454773821
-0.099883699719512539
-0.7211356303226476
-0.6856867197848987
-0.098980427306530089
0.16205665192132304
-0.029977061886277991
-0.98632601979706358
-0.97811172852603856
0.16691414129871718
-0.12424619090466006
0.84500494105627855
0.5154911312731586
0.14225168951261907
0.34165686150859925
0.13610561161485257
0.92991712075380173
-0.39443480002501574
-0.034190528538820562
0.91828764354501791
0.93465116799156622
0.30424621502907623
0.18401476791954013
0.18521219734691605
0.31528955012722726
0.93074644320271116
0.99144464378029962
0.10413929299606406
0.078692604313459688
0.13694728613239704
-0.95713437896620224
0.25522386530642815
0.069378843753048786
0.99006546413267837
-0.12229862129735745
0.26922395019566864
0.93451106955228369
-0.2328250964249487
-0.84315462789633311
0.073679258198492414
-0.53259894889899639
-0.18297368500879549
-0.2815538600352831
-0.94193845578866486
0.086992375213157599
0.92282093983275004
-0.3752783495766488
