0.42830358008391639
-0.59644443159766602
0.67882993695287008
0.90004791126738459
-0.22054179137196936
0.37586576816951689
0.61600999342622131
0.44163843506133743
0.65229378402342575
0.53459840849247964
-0.83802587213219737
-0.10916583382349047
0.29516685106928964
-0.0044822250096573308
0.95543520957143013
-0.082439699337743727
0.024132813506218834
-0.99630382077224633
-0.35005082670038967
-0.25735791880331543
0.90068380709081242
-0.82425238873846696
0.033166439142247872
0.5652503754740501
0.31521398669759121
-0.20374436534252133
-0.92689178234645275
0.032413784196646596
-0.70263040320334735
-0.71081633569323277
-0.7769357154751807
-0.60292904647444856
-0.18123867947124667
0.033692452326106716
-0.36107964423662264
0.93192612860366086
0.66133909225640775
0.051915141091653558
-0.74828832890731656
0.73889705179994369
0.56804042969845447
-0.36243788029032858
-0.47643032486299447
0.80646277284017809
-0.35018843723611559
-0.12389276585855132
-0.81043590152654232
-0.57257683509270529
-0.64681817312625423
-0.60964195718990166
0.45821712642292295
-0.0096801125948926536
0.96944147057460062
-0.24513165962459019
0.71421482217700616
-0.69500296565809283
-0.082873792655600353
-0.96306389692548899
-0.26706486979107763
0.034413453214780634
0.25302756139805427
0.88912756458030751
0.38135184157998392
-0.12770183073239638
-0.20695992197846638
-0.96997929520287263
0.16921116201974137
0.97014665447281934
0.17373270119101059
0.0097858392598860703
-0.57990090569052299
0.81462824461793049
0.77964835064183646
-0.23565576074953445
0.58018515300464413
0.12932913681990393
0.87899330345229998
-0.4589605068580862
-0.84104764202891491
0.025002412435695728
-0.54038295977019601
0.82853217641412258
0.53988805582453903
-0.14851033574966052
-0.18170354156339474
0.4834180150554665
-0.85632403078691688
0.40617241017226985
0.89255862366905492
0.19586494461452744
0.20395947977209322
-0.97651257122564195
0.069453069402169748
-0.61562556624235198
0.77129154194205907
-0.16159987474445808
0.45632048530056635
0.77782569480171571
0.43215599405918648
-0.24416796740691574
0.65919322332311858
-0.7112287241227343
0.87778269343424631
0.38965904819965597
0.27868148353175193
0.16432075009076
-0.85112977858515826
0.49857475978552063
-0.47469011280688539
0.6641337950242765
-0.57757735335627447
-0.63583985033053114
0.4780353972862828
-0.6059619160252514
0.97036568222171882
-0.20002671168024674
0.13557196384490977
0.4942776379776137
0.19440275129435966
-0.84728813687225335
-0.68032326097160445
0.21905423037879354
0.69941082686366574
0.95839818280158007
-0.0032835683670879661
0.28541573429194111
-0.058300725541672066
-0.89022887232478465
0.45176717485963586
0.44189488193642185
-0.17384424647356567
0.88006084521834849
0.32241907470483389
0.059512145444600824
-0.94472442797413647
-0.29797381524441063
0.79978450860411354
-0.52111068423662787
-0.55117582076752347
-0.58132674179553012
-0.5985519475155352
0.66028956239648451
0.72641925070805968
-0.19061155786310596
0.77579334095330144
-0.44170952404574393
0.45059670271740437
-0.47613544247593742
-0.76819692407212414
0.42798192282428271
0.19322305507604021
0.73804451607075838
-0.64649450367730243
-0.49061358163232732
-0.76384661682196897
-0.4193288202443658
-0.94534893375356444
0.32238406314766282
0.048825293438981426
0.13177896605163911
0.16625682144269782
0.9772374191720925
-0.085429031439868061
0.076308030356878914
0.99341781999836276
0.61441321243666747
0.53341970238753411
-0.58134312199255367
0.02594187657798136
0.70287412821437811
0.71084103632703333
0.41703674749159758
0.65663804889690081
-0.62841612326745777
-0.27882960508158644
-0.88188499766234507
0.38017483113448242
-0.9719196704150096
-0.10861192855526293
0.20874770234875722
-0.43817016372300449
0.57995800941723241
0.68677187983766241
0.076242309728648205
-0.96079105568925172
0.26658517872300097
-0.72107115995281845
0.69184781391839678
0.037456436838439536
-0.85991897657290461
-0.50601231850536887
0.067014082479948098
-0.99717801688023489
-0.050304183714722214
-0.055726939190999407
-0.68954701220063919
0.060368768430363727
-0.72172053439220685
-0.77585244565727696
-0.57057848613640849
0.26924556398556754
-0.34674126956326012
-0.71959610324017342
-0.60162441787482002
-0.36734005800246111
-0.31442538787148933
-0.87532734291156011
-0.79265927164527572
-0.4008897091546329
0.45932419941550512
0.8772710472202
0.47558137609595869
0.064945087726847109
-0.83250636155477198
-0.41846705948692442
-0.36306814524989939
0.17797109568061414
0.39080021678225457
0.90310657159893626
0.55876092012615153
0.71530074348185979
-0.41967973564859556
-0.0091716522741845299
0.93869695047705071
0.34462140960719034
-0.90070606927414854
-0.41135031685654255
-0.13971218126825832
-0.68239465862207627
-0.60811646946899944
-0.40562530671127933
-0.92854385235875103
0.082393716017099203
0.36196351999568066
-0.33199177125560431
0.93462869695702855
0.12747808691290238
-0.89257613949378578
0.21952061891324492
-0.39385090209153478
-0.45453096235139662
-0.63193598595696521
0.62774080153874956
0.3714413791072928
-0.75034651661898222
-0.54681935489211786
-0.94827996075200682
0.0045444118207261441
-0.31740268486163803
-0.641729923657545
0.64628707756640535
-0.41291127188919985
0.41141580617397971
0.43392303602773469
0.80152843569937526
0.14249591496911101
-0.82399749950777568
-0.54838219794414278
-0.13420318543476822
-0.18392294068782628
0.97373603040449497
-0.27649526520105588
0.91792880874972038
-0.28452955978020467
-0.94949867418396305
-0.2084602750800803
-0.23451349947590133
-0.88936199904030022
-0.16361848670325252
0.42692414486882635
-0.38560059662135826
-0.52163866879329657
-0.76105537190457428
-0.18002590630949386
-0.62685346250395535
-0.75805369836459979
-0.43016512800923817
0.50652592907054772
-0.74725460575630731
0.78498281040847084
0.17411174792471726
-0.59454780009501196
0.62666960822295659
-0.21340133285407625
0.7494965465335981
0.63430761201705987
-0.76278717649395855
0.12573613925037341
-0.37503986021175267
0.7579783188216247
0.53367965245893767
-0.27026431803262663
-0.87477750188417558
-0.40214614333055654
-0.49609770221260219
-0.07690456663248034
0.8648541827906292
-0.67166947836348767
0.68704589489751
0.27717873320188247
0.1146944738233253
0.17721767988476986
-0.97746563704851008
-0.014207265140909843
-0.92196912841534584
-0.38700268715638569
-0.71718631520117693
-0.69627403977538649
0.029090390561515446
0.63743779450658844
0.3203302174087464
-0.70075788254534943
-0.22533083887867972
-0.61754018777008923
0.75357158222634246
0.12375204787505259
-0.077006570952096232
-0.98932068545893159
-0.57846088479742563
-0.27168153111722115
0.76913727669979826
-0.28435902866909152
0.12630375054299886
-0.95036167084596945
0.76173696236414812
-0.49518437989407438
-0.41779089276474346
0.20584038075763136
-0.69594237661953384
0.68796362263909594
0.08405141221128852
0.99568411363169629
-0.039351060554341559
-0.25959966060552536
0.46389033360251064
0.84700281853347292
-0.90623055282753873
0.30776676158238447
0.28987205037220332
0.0097012959172338223
0.61439959125828381
-0.78893537575594874
0.077808614029684878
0.41799162339256751
-0.90511260203160671
0.78517766094130548
0.3800542060904219
-0.48893234827705934
0.99903547794825998
0.022352966134852711
0.03779495608763369
-0.83100908140174412
0.51770762709724838
0.2034765821247399
-0.10660811155960583
0.28026516779788646
-0.95398435326210518
0.45978092088455041
0.85755956911484044
-0.23063627253778615
0.24379277194431562
-0.27546660981701365
0.92988345034398157
0.92712673801492229
-0.3740656471756591
-0.022603169265944648
0.077803142993783714
0.84230682187989825
0.533353436995464
-0.47940515848036863
0.37415504308104175
0.79383795434549265
0.62877325284442831
-0.43702068854284237
0.64316181035022324
0.23396581174454359
0.9397290526440899
-0.24933773591528025
-0.56909737311488984
-0.36191028249853774
-0.73834214787966723
0.62994934844710082
0.62231054393675211
0.46464330975084206
0.90420609916025174
-0.32154608834992593
-0.28110397241636914
-0.76734534918798092
0.59980288264557802
-0.22675453038391696
-0.18424249404384871
0.98008674923056327
-0.074058540163639497
-0.41749579042595059
-0.45925675082808515
0.78407939763485734
-0.5311637582240647
-0.84726312028939865
-0.0032042076648086575
-0.18459177604617633
-0.42659491109926201
0.88540536368396316
0.058116015551444085
-0.51946900237448557
-0.85251069454199879
0.43072518213383304
-0.89630014072438702
0.10546030159837495
0.25557024642442433
-0.64063085923229501
-0.72406902387952654
0.71065619920515455
0.0046593970900064268
0.70352402698844718
0.57488350334646843
-0.63285185723433157
-0.51865931436266344
0.831918576434301
-0.52258654088501832
-0.18658721678978182
-0.78917185114858557
0.44358744648882198
-0.42477990379988678
-0.54688921951695746
0.83160102618268272
0.09670529886227644
-0.024084258189702452
-0.75638147157976321
0.65368724781678567
0.24378114388089306
-0.90208959248197873
-0.35609706685652537
-0.50139613587535992
0.096099821700652635
-0.85986437256020809
-0.24911996878570564
0.90450301723842752
0.34614091488697218
0.45757931993310286
0.61547827868588045
0.64172241229009974
0.82406294088818366
-0.052823117802441276
-0.56403013011748515
0.65727815716076854
-0.41770848011756828
-0.62729980851042433
0.35268775326924456
0.81945196573458379
-0.45178515308453759
-0.76207455935057422
0.48890918543982548
0.42451168933634154
0.22733141049642849
0.58750863513275131
0.77662992051952029
-0.64276884709996396
0.44227995836787937
0.62548912670316681
-0.29802344900651984
0.00010510676234357907
0.95455854340885071
-0.76123490491305379
0.25929121720857023
-0.59438159815097924
0.96365663158680404
0.21292842022490927
0.16133004760210995
-0.90019898594155934
0.37794209500484627
-0.21633667865883435
0.46260632229764032
-0.53795998490559649
-0.70469457583453987
-0.61019634930224487
-0.76330945820572549
-0.2121770164553522
-0.10257738898456202
0.89212790892080118
-0.43998371946437792
0.81785743606578798
-0.27800867102020044
-0.50380590817246018
-0.72963977028630045
-0.17454299578488078
-0.6611811765613067
0.30483453880649908
-0.90160163381850322
0.30690454191235883
-0.42464934926859671
0.89979480128466682
-0.10021100611631613
0.5225295271750634
-0.78738208418818678
0.32709684610168893
0.094950835806563688
-0.97968741302231932
-0.17662647464429096
-0.047311507664896599
0.77395768580703062
-0.63146743528284999
0.50406728796308886
-0.075671597441510544
-0.86034294240505416
-0.022201807224319949
0.5258647205098228
0.85027841056862086
0.75985065632886351
0.59324943938997288
0.26586102147565405
0.73244974060209156
0.67975900531150579
0.038014105143235583
0.81884674963139159
-0.56844417641527345
0.079757249937962973
-0.21341519154182151
0.65983821331525194
0.72046338440485902
0.083621994531987306
-0.10087327812175068
0.99137880943233003
0.084751287181801443
-0.30844990714756465
-0.94745758432854732
0.32753279904193405
0.94440832883974157
-0.028551251634257462
0.95482111569431982
0.29087093368339983
-0.060915818654941167
0.89410838690718641
0.35178602015039084
-0.27715841767656618
0.44706657316461862
-0.39719563726456747
0.80147807511923785
0.24875641682266666
0.55402142186168046
-0.7944686961787164
-0.55228184936964231
-0.13712863010990239
-0.82230195041786758
-0.75673719407087603
-0.21853097677366826
0.61611121666472191
0.60058893285966286
0.76374255900437116
0.2366225629392644
-0.41764512288689259
-0.88766824588652693
0.19395266580670839
-0.40197117522468762
-0.89170716847705733
-0.20803244933209872
-0.15285246927948923
0.82131049652712529
0.54962277148015781
-0.064741875917098041
0.31626033369747764
0.94646071806086862
0.29845838007921055
0.31880001519412582
-0.89960499424620721
0.27649024804334082
0.74840401134608503
0.60286364837998074
0.50187550585611529
-0.31795020969531995
-0.80438090527832051
-0.29118256818305194
-0.95666739848235827
-0.00044795905957433244
0.68128892651004147
-0.18897489009027474
-0.70720144904416304
0.90522700546581325
0.14757444894400043
-0.39847942305001272
0.52663899259196145
0.038180412285250973
0.84923119796640323
0.28772824615888976
-0.43267774154204458
-0.8544017956069645
-0.98595383037127671
0.11148562786983811
0.1243623703323298
0.88151987902665063
-0.40977370538220026
0.23453829806277054
-0.58307886853002056
0.64489293344252852
0.49409729554981541
-0.5032441855002493
0.15299594220106233
0.8504925228537874
-0.15823181022940114
-0.96710294623421011
-0.19918480267489613
-0.15714532852029248
-0.96612343141313195
0.2047214229111462
0.88987939645851
0.19373029673158959
0.41301722952793207
0.46409096183382975
-0.81830922371551629
-0.33910115530068607
-0.61664011169923216
-0.75180856644151128
0.23353554776247304
-0.72093060644640183
-0.40162089756863856
-0.56476518600652459
0.59707643686780565
-0.62750071580610711
0.49974251390097713
0.456643048327037
0.44994600330776807
-0.76748011083151668
-0.58334859455268218
0.29674795317301556
-0.75607213248541061
0.76934224922405947
0.422439166315975
0.47922609937390659
0.72625497038569053
-0.61956330944967408
0.297817097517666
-0.25709516024168172
-0.77045695129458203
0.58335080764678993
0.32740817512951559
-0.9356662550067244
-0.13165312795392184
-0.8158971152812079
0.27087522818885285
0.51082140521853636
-0.33667577084970268
-0.096246162098290455
-0.93668890332068533
-0.03261773448660954
-0.99933248940731878
0.016451717598247345
0.36500687918408597
0.22430455283982406
0.90358034823894917
-0.091531664144068242
0.98619497556741387
0.13799066861424186
-0.62859568486848039
-0.45165297571688651
0.633148524827159
0.54735686673332529
0.83689927799811736
0.0002427470013859996
0.93145175509252609
-0.092336314135456996
-0.35195402118306712
0.38337059201181434
-0.76574386713411191
0.5163945382428119
-0.86336571129190021
-0.20104707381337772
-0.46279555170345926
0.98040101654646417
-0.15683017681946254
-0.11923985237090731
0.58268385237250975
0.24636933359448807
0.77445573123874512
0.6581350205369394
-0.6871932205121184
-0.30760977296735148
0.75921065650880803
0.21811272197849493
0.61320960491058574
-0.97581118602225492
0.16808335676811753
-0.13978739003000862
-0.85553066150408597
0.51688164631105837
-0.0300108469249258
-0.90193882477553211
-0.34748459182782365
0.25643871549511144
-0.36589402323147296
0.32581539371093793
-0.8717602267736656
-0.47358351318841097
0.81878067116308095
0.32452560540865943
0.85582575055912302
-0.015625948228897246
0.51702815631439425
0.23406505300645089
-0.50243665293768913
0.83232863746591057
-0.15884405367202942
-0.42756036945240028
-0.88992173649527428
0.97824018664254098
0.092170851536423209
-0.18587810889025436
-0.2903262057721569
0.23965035525384429
0.92643316082092486
-0.67848361745106933
-0.02027088873106964
0.73433580324029113
