0.94724583647284322
0.19444531437157533
-0.25478686191364508
0.57653112962636843
0.21874223350958993
0.7872507172756209
-0.9064714881310455
-0.41530214115271891
0.076377828978407905
0.70033454637867665
0.42643220393541542
-0.57243960257424331
-0.29633764773642346
0.75915876453385145
0.57953599436573378
-0.23298087775814894
-0.034136915902279893
-0.97188197924013542
0.0062223229701040229
0.49310099070801311
0.86994982364480733
0.95984030206929449
0.28043574988980086
-0.0078983990321277887
-0.22930836502025292
-0.2621009802176601
-0.93740106139297708
-0.5354302632354262
0.65325357203206036
0.53532625924663535
0.80603240589878289
0.52888955788957515
0.26568326292107597
-0.99913396311146641
0.038912458539952385
-0.014735817844662146
0.17253725933651334
0.29455625263835639
-0.93992952298153376
-0.96067066177621618
0.27127385499646489
-0.059349601496587169
-0.88825322387604366
-0.22607868583477739
-0.39986827591725155
0.068947250520018558
-0.96084831929213643
0.26835943053898154
0.093210434911442569
0.67389332821625547
0.73292536933117425
-0.14148310182673943
-0.15538774339674008
0.97766925956560247
0.90850522608477935
0.12848933490073111
0.39762890361920594
0.83366578480451048
-0.042179155682858696
0.55065622494634592
0.48695978771005149
-0.57834663040536394
0.65451152797498002
-0.11884701642914366
0.59108389585499832
-0.79780650207100234
0.82753263241128217
0.3385221077943748
0.44787556846618393
-0.0052526619289474021
-0.87660858368641059
0.48117543635348364
-0.88148436657257268
-0.12065878638319869
0.45653780649217218
0.98321192790836287
-0.1392742811587229
0.1178854504442397
0.95180519247602058
-0.045173387369785094
-0.30335827110732433
0.14430395250071198
-0.98822394887116638
0.050890039989673265
0.70193191083415141
-0.64917991928175012
-0.29301369414083211
-0.47117106822154575
0.37231277750473335
0.79961304402672062
0.86638312191574862
0.49760277328357583
0.042092351799527139
0.52621392640394593
-0.74101352268594411
-0.41713051057805667
0.99623542122230946
0.058533884853017505
-0.0639434893169082
-0.44814582893571986
0.039964219877685399
-0.89306672602727977
0.0080666660058172305
0.058005878991266031
0.99828365052323742
0.15153312238468139
-0.76091348599487152
0.63091075410986752
0.61320945536558136
0.63118197906360352
-0.47495628552067826
0.14607264698643344
0.97882588360926881
0.14339690156663382
0.67970824539606511
-0.6971640464187886
0.22794515463502091
0.69859111165948062
-0.46139400301457989
0.54688758688834105
0.21228909280178004
-0.3779608538078314
-0.90115422324164485
-0.094347839640620657
-0.99341010996703438
0.065075637303312728
0.457051398865152
0.45071718260770527
0.76678422003688906
-0.34002780952483247
-0.86922008807439255
-0.35893944787065318
-0.60860823611335269
0.78188734785187852
-0.13508586234002737
0.54937789816621796
-0.82991358775975166
0.097094602621390122
0.22111330127969137
-0.16000841362803361
-0.96203233602901128
-0.0066884402787775344
-0.098843685361045444
-0.99508049454849823
-0.081548659964242765
0.97354904187221802
0.21342933052353025
0.63907930238415678
-0.55681009084400679
-0.53060358837692423
-0.81543175775383958
-0.50863260200742022
0.27634023344718506
-0.2418520020085938
-0.95796050553351741
-0.15433495703308089
-0.80723514269358776
-0.35364592427279323
0.47255262632399453
-0.011057899076727487
0.13319425659725806
-0.99102826038287761
0.92996276697828084
-0.36762926732098111
-0.0042395569507301806
-0.1689207008644151
-0.49044601927555803
-0.85494356480193112
0.52409860406234154
0.61027959292009071
0.59403659120057006
0.16574230143820518
-0.3970738508330186
0.90269698487288919
0.57627646574241675
-0.37850096690999513
0.72432206447106662
0.053674411484195828
0.71529833850404245
-0.6967548668543202
-0.74049019686886419
-0.37508816468305395
-0.55765862053393289
0.78718039447165722
-0.51485119182519734
0.3395221301117497
-0.71140525466530091
0.35271120244995524
-0.60786295437450788
0.28935910891106592
-0.80700640597109108
-0.51479313011326833
-0.28379060385525468
0.44016547004968598
-0.85189039913559816
0.21745144149689602
0.065622835990395811
-0.97386267717142727
-0.95706131308153375
0.14364075296629511
-0.25179550649272175
0.54938179924034669
-0.434121413058421
-0.71394554231229668
0.31970170346902493
0.65436129699094625
0.68527521026178273
-0.93165111678399404
-0.32473043913472738
-0.16302250916515751
0.10456244329486962
0.51107508720562189
-0.85315236077149392
-0.011003731663122684
0.99906176390198487
-0.041886869046762858
0.5743139628500582
0.29525694297056337
-0.76353572915950652
-0.33889036859480476
0.91569642375150262
0.21599392954985122
-0.4158125461106113
-0.47067228750925239
0.77818219220682394
-0.71880262456665522
0.69360896384775328
0.047216439786730527
0.23402945614224721
-0.87742417237267012
0.41875653474769681
-0.39429446928583539
0.58339254142862174
0.7100598665577823
0.61238351155009074
0.058979414126877176
-0.78835770021661511
-0.52301109929898382
0.43441549368468269
-0.73330932685788319
0.76748038016019582
-0.058665406039065733
-0.63838251558406034
0.82949963419599648
-0.54873298538173254
0.10403108969322288
-0.54585216058137098
-0.77242711339070025
-0.32465639264853452
0.18353537483360324
-0.69630487152765386
-0.69388348594814275
-0.8352319672939309
-0.54121211383095624
-0.09734992887998524
0.20233730353747562
0.81201391479164786
0.54744225063647223
0.92003157542364888
0.32124277698077919
0.22437686703659121
0.71136677686629635
0.69199881651416906
0.12286149402414966
-0.23235685260668884
0.19788055541257971
-0.95228860060189868
0.91036627534324721
-0.31646473633768851
-0.26661454456270833
0.84058119274570753
-0.28921534998214099
0.4580149994671695
-0.82802386599432509
-0.44213372128932621
-0.34481045494976575
0.067573266520309969
-0.54751925845135996
-0.83406025878029222
-0.059922259073692918
-0.37890196600336284
0.92349478776346738
-0.72290699172699946
-0.63488039561865517
-0.272639623993505
-0.32398112958832298
-0.94317692173668644
0.073847965266368443
-0.0080802633027935115
-0.32670298620933946
-0.94509251830011742
-0.64096758014289135
0.20852097282449522
0.73870126918673451
0.35151357246210518
0.41094170166485988
-0.84116890468425987
0.50703352760317144
0.83564751282469862
0.21121135432589622
-0.9682013662249972
0.16567814621564964
0.18744830302404594
-0.36023345472991319
0.61297459636597784
-0.70320267512525736
0.42200979992822368
0.77877315609510589
0.46413370930175746
0.32063839941878242
-0.9264634288615895
0.19712060217082294
0.2110021498303925
-0.96279147644670549
-0.16885101613116149
0.83748294639689924
-0.52370217049375267
-0.15607162174623837
-0.63861158399386164
-0.052198053110719567
-0.76775686779103547
-0.42969082576845957
0.85357572606871002
-0.29457473434884729
-0.75468611718056611
-0.64796011243245188
0.10293958048994212
-0.30230816585105885
0.26925120114664453
0.914392455973286
0.43618006246995594
-0.65228880372126863
-0.61989214355691069
0.76929028895735896
0.54066892050365423
-0.34039619521568754
0.79591024777272179
-0.44848104359438795
-0.40668369899327567
-0.75547936601939858
0.49717081829303494
-0.42669908009833069
-0.86764447555946311
0.34371164264585485
0.35924277409689431
0.14667664398424729
0.27935922148001935
0.94891748191483738
-0.21870996199699036
0.87840783025914848
-0.42493015456977157
0.066869048218200097
0.91996497138083533
0.38625507352350813
0.5826983547492719
0.81230603558632997
-0.024930541961852511
-0.54504934441045305
0.8273155018678755
0.13590538078693118
-0.61185434151016327
-0.28974970909736136
-0.7359887029385429
-0.1896918534610518
0.891916672982213
0.41048952384543391
-0.62980060810654004
-0.72050157291143047
0.29022177289236406
0.4325959930917726
0.81279541863172089
-0.39015934464296609
0.87530381364482157
0.082091894025648246
-0.47655446147750324
0.911021001354819
-0.33965222467894446
0.23383135239121972
-0.51967382895157277
-0.59211691480983941
0.6159031341849861
-0.22952224758679463
0.47815989247208662
0.84775152910141593
-0.91337863619014292
0.38330463325305358
0.13717516203080121
-0.61691684969609395
0.45197267419220272
0.64430916673953653
0.76178663637134436
0.63804829200116431
-0.11214052666378035
-0.72719699657188275
0.51905928499881893
0.44917923686803263
0.37833296954087114
-0.87532360839378487
-0.30111915373630765
0.33448773318441088
-0.52776766580215251
-0.78075556180081207
-0.7848863120933588
0.049008422905090915
0.61769867376645893
0.047201719417220525
-0.58858300380199924
0.80705764683786596
-0.46978211044835405
0.11417003735126281
0.87536847742759272
0.93440421109561178
-0.10436463303091753
0.34058302021549625
0.45513447787866834
0.036620700368716577
0.88966933820977379
0.37925727236467338
-0.3982819855720901
0.8351858364024507
-0.6494818728728976
-0.5856518544382372
-0.48495896960729273
-0.65737835897910823
-0.74898531814471847
-0.082913728354172933
0.2032506052831731
0.97253671736377356
-0.11340866294652817
-0.88434452132609298
0.39348796680673953
-0.25120108992363371
-0.22616939926495969
0.97367607296908354
0.028325037751625301
0.51253879038338612
0.50718021495470755
-0.69287243985515257
0.21836102089900264
0.91350845216029619
-0.34325030572986415
-0.58009003751377597
0.58255120740460842
-0.56932384380833612
0.31618920609151396
-0.18087738677857812
0.93129359329019901
-0.62480215356114599
0.18714187166429422
-0.75802387084796929
0.0045136293761711306
0.86607054245063431
-0.49990143293365202
0.65527938876422454
0.38700790668046808
0.64871704373138406
0.61987055045394934
0.7018663236704914
0.35091902823470117
0.56358060330419657
-0.80890343299590639
-0.16748772989898403
0.43450134436555071
-0.054414990694921991
-0.89902591204714488
-0.78296633498921875
0.10016884409046006
-0.61394618733821582
-0.44923837003629202
-0.71404568836451754
-0.53695776539237983
-0.77579678139730912
0.2864650073234733
0.56220739371938011
-0.64614563864821328
-0.3996999750342744
0.65018131595232198
-0.97075163726466962
-0.057958517369966281
0.2329851261609607
-0.29343574448772064
-0.32258287596030721
0.89990874648161634
-0.32096077209696372
-0.62165434044659185
-0.71451386535100481
-0.53468399257029975
-0.26101751420104219
0.80373060497245741
-0.22833304005329846
0.058597107222082424
0.97181809092299898
-0.97288931617999808
-0.095507045957457487
-0.21062949137121328
-0.53898999298989614
-0.51049387373449706
-0.66998939718199946
-0.43343151800994384
0.26553845547016175
-0.86117736144310975
-0.44666248083072857
-0.18540492091070018
-0.87528146531286499
-0.78387415598722443
-0.14461802639065691
-0.60384346814235546
0.7287994446443653
-0.3213005681609834
-0.60466297586795748
0.66726232267720764
0.0015574234933381668
0.74482116455393543
0.29500776893266667
0.90265842920807349
0.31333396951014397
0.97973581708832602
-0.1670064913523521
-0.11057377881056216
-0.61974980853503592
-0.039299433178036199
0.78381485656542105
-0.085508965259652625
-0.68505941519643032
-0.72345132145220958
-0.078267002226929352
0.28227002254581779
0.95613697278914667
-0.30828726343490648
-0.6840654668426025
0.6610698906146224
-0.39595979487153016
-0.87230984163434577
0.28686474344742741
0.61767788183300643
0.74287385094292935
-0.25809392840497586
-0.74111130023217109
-0.18629709329482033
0.64501739022919513
0.37637302709345966
-0.74705354124032264
0.54795469794208307
-0.22313862312483559
-0.79736266911983111
-0.56073338474184986
-0.46012934951113599
-0.87900528731958538
-0.12502274426148272
0.27352755541488144
-0.59823151679695219
0.75319434991214362
-0.22593372787653929
0.95264558161925006
-0.20351989197405376
-0.63491821385640967
0.70652571499965089
0.31257043327483575
-0.40682275692211145
0.75316951190743975
-0.51694383716551018
0.22269493462681428
0.80283917103320901
-0.55304270318508741
0.025793170462220558
-0.82279544439136454
-0.56775203130092267
-0.46925566572807165
-0.75172883042817873
0.46336042740526157
0.42295540645280794
0.69130190473168884
-0.58584161739046769
0.70293715303862725
0.53027016244145264
0.47401784112232026
0.61458357749122849
-0.18575388370183665
-0.76666976004520193
0.36639895721494758
0.26453325861483662
0.89206163421504403
0.23653440745747553
0.048916202578433585
0.97039099295801723
-0.75793495543348022
0.61494915261555017
-0.21765142551673142
-0.92010547853899194
-0.28231486838187364
0.27148521774317252
-0.68496842660430945
-0.5672441721357645
0.45722237886309552
0.76787420482663793
0.17742083143968143
0.61554126923636132
0.36407711185890967
0.92934873741501123
0.06130889727926473
-0.16737859370111585
-0.94292490447914956
0.28788371069517554
0.47327256703504506
-0.81578913993477686
0.33241714224229779
0.27175140826933858
0.61550612258132398
-0.73979955742656101
-0.85785991748656854
0.2577639763640977
-0.44456056331944971
-0.17980858501809052
0.7563671049888423
-0.62894966034221655
-0.79604998174577057
0.56247700320425364
0.22343689809187811
-0.39348065763035861
-0.10727367148663999
0.91305275393952834
-0.60342204798476062
0.70515998218759512
-0.37233215215324605
-0.080786220999018221
-0.73826389189633068
0.66965663770232342
-0.3941361796593319
-0.40990786446891203
-0.82257657061825118
-0.90096611778694735
0.0060780345840866154
-0.43384687632333035
-0.041273954258320762
0.8138109790376129
0.57966210079469926
0.7241161331700352
-0.21634629768802552
0.65486647887913774
0.12768711839309047
-0.91620469884906797
-0.37982226054216128
0.41974070126497648
0.8909736635553851
-0.17315794683548644
0.5297336965482502
-0.17654342687502581
0.82958702326431599
-0.4295189926496053
0.90151956150577472
-0.052686954511567588
0.98038287148279224
0.09433191594795523
0.17306332637720459
-0.85586105790607803
0.51567970050942946
-0.03970259490756569
0.84598971483300245
0.32109489026899302
-0.42567531504647838
-0.43502034883496654
0.81082498486715382
0.39156115743863551
0.60048464244689082
-0.65868581581929897
0.45337753608212028
0.42552871900054101
-0.28972517133627507
-0.85731244852732935
0.88788101381982942
0.41958486163375541
-0.18872161822656822
-0.90245240803661519
0.11262000639044989
0.4158081112599053
-0.14488595940980939
0.66222823265470543
0.73516108890563869
-0.24004586468425276
-0.83753467263079262
0.49082955798242262
-0.11079392230542535
-0.91911063666504067
-0.37810097110343777
-0.18766278519205898
-0.54813067046848563
0.81506775616860683
-0.0041433013589858448
0.9597182587940648
-0.28093361634225444
0.86361949124712734
-0.19105923253155385
-0.46653804132407733
0.091789192124349342
-0.17241144433208844
0.98073902648588551
-0.016438237072132007
-0.98636359688536424
-0.16375786729597722
0.39103371856025387
-0.91969950983498416
-0.035290828245166279
0.71481366227946441
-0.69852098449869571
-0.03331459790531692
0.23646733337276934
0.48419933897912537
0.84239788721230147
-0.98095868439877809
-0.19157857701259129
0.031901541223723712
-0.54526232265326713
-0.83168436997355832
0.104833717078285
0.40918736924024596
0.18413304326140753
-0.89367819668689419
0.74813875755903425
0.19627573580517982
-0.63384874770891486
-0.065357307620266369
0.36839623073694683
-0.92736866429669707
