-0.92953861364787826
-0.29931830552677235
0.21532885945493319
0.80536194137955885
0.56015698172298289
0.19394921810707527
-0.3569767958877616
-0.93263202755770691
0.052583917420708087
-0.73862185175169581
-0.3181956147231198
0.59429732532283197
-0.030118030377809309
-0.21037103401433763
0.97715757802613379
-0.18747152658091973
0.55421259217396235
0.81098879733152718
0.8233897944182762
-0.54000491284085173
0.17442459848190242
0.13001970117665534
0.25323894664871149
-0.95862657651777217
0.93843060977730697
-0.077361702558692666
-0.33669445735000164
-0.86981719609852948
-0.20161379865307638
0.45029981297350008
-0.0078538838667849328
0.067502861524991062
-0.99768816781304215
-0.071107944520338112
0.21893442497770027
0.97314509595731724
0.67635297733804511
0.36789847844448187
-0.63812017645910324
-0.37750824914561915
0.86072843215206862
0.34151733178866772
0.051678921728923223
0.97202377790158268
0.2291267427492272
-0.54030490952007215
0.63141389122185676
-0.55622576596250917
-0.63942440199881179
-0.1686691453216202
0.75012475865347628
-0.10369166270646579
0.7302929376145687
0.67521867891480336
-0.36421344752776191
0.9232879257340878
0.12201627282288101
0.33397395830956594
-0.20615904120356765
-0.91976075416440017
-0.24117708013911413
-0.66403285280071078
0.70773864273255627
0.80320341908069892
-0.59230395297929972
-0.063563313807341371
0.95282097112498532
-0.2427408646122777
-0.18223355791874271
0.64834119313559857
-0.75346716988418461
-0.10927452214595149
0.28999914734792609
-0.9086105349957907
-0.30054515506349283
0.41781315489400817
-0.57361691669574655
0.70455361788722681
0.19317383632474214
-0.57255497155185064
0.79678395660984602
0.45820472512249555
0.44373147793474454
0.77016284340733143
0.64080374556258712
0.73523962875981708
0.22089193732249598
0.51724855668559588
0.59646529590412145
0.6137451273848753
0.67204095249677853
-0.65004613255492516
0.35468434377289265
-0.81551600141744962
-0.32405105430461401
-0.47950450012086709
0.68134342829929129
-0.72102676759190043
0.12606162433248269
0.99056134549759955
0.099224960338542598
0.094565469658856829
-0.14965411203167009
-0.97587147013829545
0.15899220270860551
-0.47524595246556584
-0.70776073360722214
-0.52270070655095158
-0.12563358216420348
-0.0019809739339546324
0.99207473447057559
0.62773446757246976
-0.15926178763216428
0.76196136465159126
-0.83179917878905951
0.49672900836709188
0.24773053589029273
0.95952590107333824
0.27450770610720121
-0.062893278314624504
-0.13695817451484593
0.98871692544030498
0.060673715737802787
0.37061962088397477
0.22531149122269212
-0.90104152431440443
-0.5541998552959303
-0.81207331152109374
0.18275518352466663
0.53593224010548224
-0.25494059810785458
-0.80484900785919411
-0.81778131062684345
-0.43037521100616266
0.38211373403849697
-0.086565007671742689
0.98155958233656604
-0.17043264291225768
0.96306797580495673
-0.071526279906914333
0.25958440874139782
-0.037328788823731827
-0.31005682031252368
-0.94998491024996856
-0.45168614579064897
-0.27459635152394785
0.84886775732768005
0.11693776054045121
0.61786273282196202
-0.7775417696494259
0.25737662549020557
0.43443430599482041
-0.86314778944632276
-0.54257946780296951
-0.83831952473303173
-0.053177961318858873
0.080565108869191493
-0.402539942214725
0.91185023888501626
0.082301725998461195
-0.97790752078374554
-0.19215438244355154
-0.023245548403657963
0.88266033215294981
0.46943623903897463
-0.32764260003067686
-0.92664420772803824
-0.18433892407523192
-0.75729458542795802
0.43258968894825695
0.4892556304194644
0.88357995305424653
0.025882378776886379
0.46756450788046894
-0.62522417179848377
0.44108983234002963
-0.64384353285961071
0.29708312206983517
0.62723538784017552
0.71994262745181581
0.4681597449189755
-0.01675500755514998
-0.88348498739889558
0.17303276151571809
-0.59287737323110834
-0.78648336521049544
-0.80235709306783709
-0.50316093732095235
-0.32101739260985673
0.66031338899465519
-0.063587890781297604
-0.74829326367432902
-0.084173128534524008
-0.54438894611146915
0.83459904132724383
-0.2592749730522293
0.34919191403052896
0.90046737615777162
0.53967451949843093
0.72518347580753306
0.42762172468180676
-0.55076919774854449
0.83461951646004473
0.0079720483833190699
-0.57449894767951604
0.26119536497727353
-0.77571124810042413
0.6793103497813946
0.42668843386595617
0.59705479571384124
-0.48611223009788473
0.23588382708474603
0.84145927998276582
0.59575284278356011
0.71498869020369371
-0.36588211652950897
-0.21155557942738989
0.81504274342133032
-0.5393974074922615
-0.72051547281514638
-0.69031417438225384
0.065755563117605428
-0.032993569941880151
0.91875994979342013
-0.39343560972296626
0.4240180668323415
0.74837443244309243
-0.51004351565846173
0.23443896998310407
0.44462063812600922
0.86449456765539112
0.86276981017202214
0.50470344833556435
-0.030044698266469879
0.24971700136477754
0.038956812435617313
-0.96753490169308098
-0.87245298577406372
0.31265410599722376
-0.37559712141734825
0.10419888241630251
-0.89658506069997757
-0.43043910351269321
-0.93610267251437074
0.33783102649021363
0.097887609287495916
-0.97208732559684474
0.1335642481436016
0.19289070229487099
0.03233059522578955
-0.70515577345087965
0.70831494956780194
0.34348840703729233
0.93529966603069725
-0.085030870593271884
-0.85193219336833503
-0.50402742258746203
0.14201371476888358
-0.91614345562030497
-0.31413046329937078
-0.24900445930024828
0.097362667834209077
0.99521492677149359
-0.0082316731844783286
-0.31479888854853477
0.12066824072050535
0.94145676239008724
0.94403119559176518
0.18693688662573835
-0.27177141528913268
-0.12216971719969397
-0.80775348626471877
0.57672252047803696
0.87243768844371106
0.41956615684871518
-0.25063263915578404
0.79775396718266667
-0.45568714620422257
0.39488964613999211
-0.46514872234188259
-0.62744086786337405
0.62446346845797984
0.21006482049385375
-0.19869748581412661
0.95728369897435839
-0.24667905657635128
0.81658232229254846
0.52186468932656271
0.74618725832145072
0.13986780860375703
-0.65087753966095618
-0.25946454809068215
-0.34411735590649017
-0.90236433531474636
-0.95736297866481068
-0.080081852507163084
0.27756625151675424
0.98655930381022983
-0.15793513290115135
0.041919373337042778
-0.27350151053686633
-0.54622641159550966
-0.79172825578574957
-0.19761433729010611
-0.35585757395209394
0.91340788301739684
0.56606324411644071
-0.47101798013431667
-0.67654598221448281
0.37015916376880287
0.58863682089246483
-0.71867161246816524
0.4339986385764823
-0.17918026092782943
0.88291540693749071
0.30203334439338347
-0.86175673545790121
0.40761647141337237
0.72349352302169989
-0.3479571015485981
0.59622393245117866
0.20117783133395514
0.89767092327889375
0.39206427238322183
0.72221855255770895
0.073493890991870092
0.6877492350619685
0.39469983433579126
0.86756577324622275
-0.30255853957041512
-0.66651656955896699
-0.50917255493417535
-0.54451719146887456
0.066625227869299947
0.61191773069631661
0.78811025235739329
-0.86075975222999879
0.081889111675669646
-0.502381152442964
0.74990831608401209
0.62712443272851925
-0.21060024535354752
-0.66040149366162193
-0.54472560388421021
0.51685963630610743
0.80413588336185826
0.23590558120100216
0.54563177862736456
-0.57834498372263088
0.54783369563708084
0.60447938072980467
0.15089352240550691
-0.76675978155913305
-0.62394757975285819
-0.85061886041910451
-0.5178713390817552
-0.090867103271613542
0.27441705452710791
0.95119707927413377
0.14113609235423691
-0.95272934009507038
0.11258848312254302
-0.28218901110811595
0.82630017346714502
0.31973617485932915
-0.46367747606983289
-0.70204322639757544
0.70272119300056457
-0.11540464972065095
0.22844731841067759
0.74560184051829159
-0.62601095687432373
0.37972184131752584
-0.43959785547385655
-0.81398098791631135
-0.33301994656882467
0.66617809872802514
-0.66731136357955922
0.53772488651286088
0.050806662226685298
0.84158815907670326
0.61812633329813116
-0.54648037096605906
0.5650478211905664
0.56768850409475047
0.80940579677684543
-0.15030641524134755
0.47292488899052326
-0.71862487027925737
0.50982383740800319
-0.64231996062262486
0.68568830738810504
-0.34242752999282217
0.71124397238767512
-0.2933603403904243
-0.63880491734817957
0.840483627844548
0.38921674476378226
0.37695834905298509
0.85948976010791123
-0.2869271648362286
-0.42302500440126334
-0.71496403867956027
-0.63403510754003456
0.2946623589834792
-0.29663567282337056
-0.14196255863732027
0.94438017215196324
0.50705345965117021
0.85909542257412908
0.069655179046195781
-0.053997308541079987
-0.69367606879266475
-0.71826026080709315
-0.046639370490590387
-0.51533399203154562
-0.85571937326267911
0.71199911877211342
-0.63209564328155854
-0.30579789504214477
0.49040986092346905
0.39832794841040947
-0.7751341908496735
0.091242379906546309
-0.85846881156323807
0.50468418608293164
-0.43263568405890079
0.48099393359030085
-0.7625425894520359
-0.94926991341530653
-0.31392339410626496
-0.018404730840172547
0.12370022912230132
0.77755916246582635
0.6165225074403472
-0.54043683611278404
-0.73553898108007287
0.40854673353741555
-0.72671450752343814
0.67568566599578928
0.12383418479076598
-0.26790950458775631
0.082049654136945885
-0.9599439314916004
0.3967339441053816
0.24805545840881113
0.88378202468039735
-0.12484284813537534
0.27255701797729809
-0.95400573123056776
-0.32510323462615731
0.9402733298524768
-0.10096510290068059
-0.50203077475454139
0.83620422356994162
-0.22074328457089237
-0.49378087556519662
-0.021284641895513365
0.86932583704008681
-0.63413549439029138
0.3406750509115023
0.69412728259363643
-0.36124681749546561
0.28711012004040537
-0.88716882036046651
-0.65880007269260499
0.093114307385537415
0.74653344866812921
-0.42788269233914972
0.78897741366886309
-0.44094335499811321
-0.64595186593272247
-0.66303193804046068
-0.37833164820874438
0.37428382411839023
-0.63790006271908528
-0.6730491282115304
0.15541065073366478
0.96070653164899011
-0.22997932447397704
0.010383471227297186
0.45351305306493073
-0.89118914615529121
0.91783846042291883
-0.39678294384359752
-0.011655730062707264
0.60907013051111292
0.26615037236396677
0.74712619778033318
0.99246129643125169
0.011124555102392096
-0.12205252705197536
-0.98028465473003046
-0.096372523246621572
-0.17249444183481505
0.20074901208338211
0.87615038293979741
-0.43824689459480742
0.32805530693201335
-0.39139744618914213
0.85976028909828117
0.27107645134586666
-0.96149307154654096
-0.045261803915996469
0.71266892218404432
0.70147678493408561
0.0057730019548723954
0.54138139847967104
-0.37951502109961066
0.75024964521148418
-0.4917373250825709
0.72249559834552401
0.48599847066835622
-0.88919615231183768
0.29280257092926421
0.35156344686419899
-0.42790508702637453
0.46178978572435625
0.77694750807091484
0.45773568596710285
-0.87659502221078089
-0.14852342854750647
-0.91016977652258058
-0.11860459300524143
-0.39689284249391116
-0.30721970107662261
-0.85147598760805776
-0.42497611438441224
-0.0070835789551367007
0.42563409035169314
0.90486763896145228
0.082090594771593792
-0.95369303978995401
0.2893626100695168
-0.74100674850321491
0.49677767664585198
-0.45179745313474529
-0.5677387724501477
0.78715621540803082
0.24095181842290625
0.17666343816115243
-0.38516750890653589
-0.90577923342270006
0.16803680770186011
0.23921296325431005
0.95631626017152926
-0.50159136112339231
-0.81665276985259216
-0.28545465478508442
-0.13770463873554065
-0.91581300249362707
0.37725850147388573
0.29616242424522443
-0.93663523593114495
0.18708889137893836
0.70782945883425363
0.57174295585932644
0.41483424356198939
-0.33996122996757178
-0.79473723218261827
0.50281119110621131
-0.48294770856242192
-0.54152393590407133
-0.68812305413877051
-0.38654258321437224
-0.13921992546230944
-0.9117031554822157
-0.66176166397714198
-0.32469005341125445
-0.67575725619929616
0.73161938835746199
0.52782200411496261
-0.4314359773494994
-0.81671252252089899
0.52602163645703137
-0.23723805246337851
0.068634018888102583
-0.99581810978145835
0.0602964649258214
0.11199469295922554
-0.14064486806133084
-0.98370534706129342
0.49491251805730718
-0.86567556626978381
0.075282225217276608
0.3258552199345226
0.028903509904239552
0.94497775781054216
0.56735057859101867
0.57389352191283061
-0.59055867318914546
-0.78802363492776084
0.21014915124250388
0.57866750818349411
-0.11580339509300562
-0.9415371920510367
-0.31638155709456628
-0.68229307451917209
0.6262208068921864
0.37725808338387468
-0.78227165471170745
-0.12424311626026996
-0.61042174461313559
-0.76438016504506756
0.26966709035461106
-0.58566425848377801
0.41633022620229254
0.86070916326110758
0.2929997935642818
-0.35108313588394624
-0.48600550483364724
0.80033697963375794
0.56191688967867337
-0.64309343102948779
-0.52026939950430184
0.57706642036110511
0.17611720805303638
-0.79748170857971656
-0.15571229637962997
-0.11678159765564644
-0.98087498653252281
0.9231029265635996
-0.3223075544866314
0.2097589742789685
0.85518526669627104
-0.45194933531813064
-0.25377146792168698
-0.21790013370318201
0.48285499050176178
-0.84815717286342562
-0.56687096297573514
-0.4222559788049739
0.70735931442119004
0.93356585337858378
0.17929501124306887
0.31033545776927335
0.92381782309309235
0.35166273748379367
0.15130746445877791
0.0085936502949990543
0.80005054147345855
-0.59987105302942645
0.34665000257342832
-0.79425076019998964
-0.49899850264061985
-0.99442100007211987
-0.090774250131479231
0.053729974210236439
-0.93141710704768832
0.33315587865483759
-0.14652417280653099
-0.091512453064410706
-0.83840374234796589
-0.53731241912974592
0.10247702980473808
0.014847418596068449
0.99462455857646692
0.52561007184346908
-0.7788243281124535
-0.34229624350391064
-0.89630228849112581
0.069030391582418651
0.43803768409070554
-0.1121892996940905
0.65922413276752745
-0.74353016334984745
0.78818675964758589
-0.12905256201698612
0.60175332832738915
-0.26543472500016185
0.90899715720109686
-0.32135428262964383
0.34095570069169867
0.77299280543795679
0.53500591857192559
0.81548311196602086
-0.10259218493695693
-0.56961578075758701
-0.59994608524954185
-0.12921561057273798
-0.78953658609216071
0.87914234546975434
-0.23227866940558897
0.41611940130341013
0.87713521404399009
0.095948957211268324
-0.47056095661887837
-0.35917357073642597
-0.88834158970953758
0.28608314539094604
0.7339082147970486
-0.47736882116853602
-0.48321603949948871
-0.70264336294236196
-0.69327058336057423
-0.1602129918575185
0.50690968141497184
-0.8100375907245787
0.29475697871448497
-0.16783812309402193
0.94107559676282204
0.2936104317182453
-0.70156412354109687
0.072798656177971099
-0.70887808276084696
-0.27784507112691437
-0.71825401753098772
-0.6378975487890477
-0.13230676803258754
-0.98830403667944933
-0.075829085553478268
-0.35107661475759783
0.65570976408053161
0.66842345549793425
-0.78834243636504386
-0.05149284255513855
0.61307804575895442
-0.49194405690119686
0.068226459511793167
-0.86794941966803441
-0.99058048240805641
0.12890512926438216
-0.046192808115062454
0.26105642652000588
-0.7376189589505292
0.6227100557798485
-0.47173476634066031
-0.34646597887983815
-0.81081911404724427
-0.84976632923525974
0.52712622821530952
-0.0059266538226467949
