-0.046244944880753668
0.99464117926470652
0.092467992212927244
-0.71290242499517276
0.64154937497070941
-0.28316873399210968
0.31802497550216929
0.92780487205559925
-0.19503393127027305
0.37188332829509463
0.4349571870977334
0.82007014061492955
0.37548842667929688
0.88575816798005458
0.27283861399465359
0.30229495838884402
-0.044735325925607583
-0.95216411859879324
0.57113142862627697
-0.82017109910232711
-0.033589573271904039
0.33166719253499349
-0.29187415016147666
-0.89711000098286231
-0.2825650676955338
0.030102638402779172
-0.95877568475603825
0.3732027902516889
-0.74694898216472305
0.55026075218157988
-0.8011577075131644
-0.34676505106291522
-0.48775027119785846
-0.72847942555704948
0.49323510495488754
-0.47543333684146749
0.89573427896263014
-0.39299494694211889
0.20788235415556142
-0.2433665919444713
0.85657076200070381
0.45503761559992717
-0.32497712486399366
0.13545048363460446
0.93597170619537651
-0.84778584188596517
0.2848634262534252
-0.447338791835522
-0.39164722230348559
0.37372754887672155
0.84079734328348221
0.34735577703242632
0.93706616387266639
0.035369035711544886
-0.4477838441881814
-0.058935039401157262
0.89219745012796259
0.56031163507096071
0.43376192344413261
0.70562133285080941
-0.95406777907865725
0.016323182544833038
0.29914582837727594
-0.97398036153664325
0.18085128754194482
0.1365835536782172
0.4421488633135745
-0.87789714968406785
0.18385042085103712
0.26966328368448778
0.20568747873354018
-0.94073076622630925
-0.88520446299597522
-0.43348566829042168
0.16882900840440254
0.12599932980439194
-0.19166718534414467
-0.97333851200448118
-0.52364182426502726
0.19040769583186529
0.83038795104962493
-0.41700963390051188
0.89864542501309075
0.13615933804628549
0.38552008645536473
0.77834645170296179
0.49553109293046094
-0.77788013128333033
0.34096610460663956
0.52786799189191502
0.56187043721540619
-0.54121824670086627
-0.62560724198286621
-0.45087304226965902
0.55622779769758957
0.69808605259164991
0.78574635102762724
-0.58607119724248302
0.19779591403649205
-0.5462821858851874
0.30475384361395941
-0.78019284038436298
-0.83355705990306117
-0.38556821730162244
0.39562580513992412
-0.61704975441544385
-0.69353684937839766
-0.37182823874757837
0.061571804432349567
-0.35057664887060852
0.93450785238305978
-0.83455523205904802
0.54811226044373174
-0.055592396909391842
-0.17466616289004769
-0.33508619412006346
0.92585580629566644
0.85797991494664261
0.35507518035180813
0.37120355850433717
0.1677902033014993
0.60577608666438076
0.77774146122064891
-0.90889621703522783
-0.33202220490167028
-0.25232701423209786
0.99386660699497031
-0.072928983471303666
-0.083129602850893519
0.72394281895489776
0.41040052180492131
0.55450717451254339
-0.93600825250961295
0.25561086339752714
-0.2419744568070587
-0.61046951279628681
0.77814058687331011
0.14773016281966597
0.69532996454926366
-0.18712862157288812
-0.69390137583676159
0.48100309386808338
-0.84176598063299835
-0.2450837765709892
0.13272775355380323
0.98952166096891669
-0.056835076404252373
0.93583770361508067
0.33591770685943989
-0.10661654051200439
-0.12567871884027249
-0.98885848753328065
-0.07977312369501767
0.75604298329803421
0.48477796434574694
-0.439760540169991
-0.18693185120511369
0.32235771834428534
0.92797736202393211
0.21414920028431694
-0.96241170247904417
0.16704441010993226
0.78895199969887675
0.046552642981413962
-0.61268882281512904
0.54031229790320567
0.83500804478356128
0.1040393477550281
-0.090877774303186096
0.98361661623487173
-0.15569066254711775
-0.90110546054540086
0.26317929151302361
0.34459484832766163
-0.22326925198778008
0.94413186932334614
0.24241669588710574
-0.33552253805854043
0.91459235538499062
-0.22571098760603236
0.1644165452142341
0.41182136352669518
0.8963093016380167
-0.60327237625990537
0.37358070084468281
0.70462749023730453
0.70294676249025212
0.69216413434033386
0.16362964351659939
0.010023000735073362
0.86781399520144531
-0.49678809284117331
0.52475516079343176
0.84144701688179668
-0.12883686972829275
0.93781840452269716
-0.30420827297875169
-0.16719439820098048
0.29601409960818736
-0.88045126146285879
0.37037984424319681
-0.74332275864381891
-0.58637509714151648
0.32192471469960204
0.30399673400692706
-0.37537489923118217
0.87560246158876309
-0.78932582673622531
0.49677049130968137
0.36080994749467771
0.25786984186387291
0.42699677141155479
-0.86670462203752541
0.92108170224333652
-0.20532301121270313
0.33083373295216706
0.83095693966118445
0.51342878614364307
0.21424622747666763
0.74758713402012977
-0.6636230640327937
-0.026793766650009963
0.46080650958197716
-0.19097304989631012
0.86671024854917733
0.36256465929932502
-0.81783294940888851
-0.44687373461451391
0.18426132953207941
0.77759917970131021
-0.60115495354103166
-0.50099189517321063
0.86269584421821521
-0.069014500935497464
-0.25703489510857686
-0.95982441785265649
0.11256175900514423
-0.46534498352114489
-0.68944829485126646
-0.55508116076695158
-0.11096760674189735
0.074118200233427509
0.99105634685830712
0.97066226771432229
0.12181068226435197
-0.20730875457149073
0.76247375296162778
-0.00093970261792316429
0.64701846419062914
-0.61159353126114746
-0.75754741070708465
0.22820007241565757
-0.40059531541398818
-0.29059346633769184
0.86895272057242112
-0.01956616442617224
0.94138302785585382
0.33677167350386361
0.54311758273132893
-0.35370026363369556
-0.76152440199479643
0.96844728314903561
-0.24152208132500327
0.061456846597349186
-0.56899752463302455
0.50213495764398364
-0.65123137307209433
-0.01934396842815329
-0.70864998716484007
0.70529497841450906
-0.026990161558366279
-0.99001951399020649
0.13832170147033437
-0.19548132332993157
0.78426712216384553
-0.58882266712654552
-0.78411109261255973
-0.13746110434541448
-0.60520594778478232
-0.37469438027183222
0.81228255918042747
-0.44699123642863847
0.67691960666420747
0.21867714558170581
0.70282298775282814
-0.65456607532283995
-0.34265328819321506
-0.67389314963637359
-0.72467937991140674
0.17269407299285014
0.66709561045202448
0.18792767405574151
0.88891505365764945
0.4177477907838858
-0.20279711196076566
-0.92417739079936667
-0.32368114204514165
0.08660034100063653
0.95283885806446722
-0.29085819827018022
-0.041912619546476536
0.49419084971672139
0.86834252249847643
0.93533866049713077
0.33006623985348071
0.12727084304119868
0.028060470567979098
0.24909280936680758
0.96807302529987627
0.050740488876011063
-0.93696604072691736
0.34571670673131749
-0.84031791243469123
0.074353672080377964
-0.53697051826852304
0.56008408817468402
0.61695825721336317
0.55287279100149467
0.63625544779064758
-0.75013499447769649
0.18021236144246211
-0.86248320814808177
0.093187904595098264
0.49743213617514442
0.23068722891276786
-0.17298300809472589
0.95752821437649993
0.28016294896264388
0.2190004983382583
0.93463763232396624
0.79312621191964927
0.27405373015453405
-0.54391668935083559
-0.68717538289540592
0.72320478117426412
-0.069027803305893129
0.72458625008350863
-0.37547300094600972
-0.5779228250817896
-0.84608351537383197
0.46115878337166227
-0.26734857682775626
-0.25973140003022305
0.96562647104278543
-0.010252719629292509
0.014786285612086418
-0.96678643320229629
-0.25515751671032444
0.55254447341994017
-0.70129369804093089
-0.45042397136604168
0.88949495027411385
0.31176063680319993
-0.33407190659634184
0.54690299444121149
-0.59610012416026603
0.58784501073612205
0.37970413450426288
0.015040683638298356
0.92498570155222459
-0.51016687673364569
0.096143621196381063
-0.85468483196268563
-0.40849641402354181
-0.83333445660960292
-0.37240349509246679
0.94500564741521309
0.15631529440059092
0.28728009866645926
-0.54485863919108724
-0.43537405411311286
0.71664391178879683
-0.90137510356097283
-0.15424978223774485
-0.40463554880911506
-0.88117160893996915
-0.15867708137665337
0.44537420159224861
0.58781848101660228
0.013548815326423725
0.80887938716386187
0.6677056287032449
-0.7043257020601339
-0.2410280042142488
0.70225415439995653
0.70880524665780542
-0.066589976260466935
-0.64240322210088197
-0.76635647055204936
0.0039824963792903225
-0.63027098762757539
-0.00032344653141002608
0.77637515257593204
-0.27327764658524006
-0.63842106588452996
-0.71954004093705126
-0.24345327592986449
-0.11628260923798975
0.96291684855330173
-0.46966417059285848
-0.32694965320033281
-0.820072857210568
-0.056311102932745737
-0.7261690458410931
-0.68520622921039931
0.26545657826813102
0.87213101148904992
-0.41099915310528595
-0.99497938703485944
-0.063971062018137459
0.076965723539814068
-0.97807601333466232
-0.12262780400531814
-0.16831438983107297
-0.042360209328157435
0.68908991027126654
0.72343673408806985
-0.19787137596293145
0.60523079323898699
-0.77106588920133323
0.98255491349233715
-0.043250505566452289
0.18087353521262337
-0.34080561181863694
-0.93017517356440038
-0.13647593721005252
0.8230264573037841
-0.52260012563228575
-0.22252316568641003
-0.10640384935670867
-0.8406663110844782
0.53099752753632523
-0.44167957448109418
-0.11461253631516548
-0.88982195972318212
0.68436531848899729
-0.60634497040963509
0.40495664917172575
-0.3284613767818011
-0.49898102405332151
0.80195452589115201
-0.33923892520539128
0.25515298749620779
-0.90543575398658249
0.90250697150060732
0.084164073574259535
-0.42237137108495965
-0.4605266747991133
0.71020147526292432
0.53247445603788124
0.82192252400824894
0.52260577655515816
-0.22655367319708064
0.44129111530991283
0.54531950231411397
-0.71266316864590395
0.13772422377511875
0.03858044668635642
0.98971894359915247
0.88213741689993164
-0.47090626485884446
-0.0089926315285273842
-0.73606857230316292
-0.65563316551302797
-0.16836926425850349
0.14783575286834152
-0.42707263224068698
-0.89205019867990709
-0.99175202465738743
0.09698534004764793
-0.083795974866426523
0.49225264104381866
0.22808757745656486
0.84003773391162673
0.12829656368548309
-0.83753597514210387
0.53110590477725061
-0.66491751445849323
-0.52473791451312268
0.53154004556454471
-0.0078067525529776543
0.71006806039408243
-0.70408977000291839
0.64777926621672388
0.23305174849731192
-0.72530607662011803
0.898009318272878
-0.01010729961385641
0.4398603264555655
-0.24325398698505801
0.55199390312740693
0.79757772582115416
-0.18506956462844831
-0.92510716925620096
0.33155087337996186
0.2261504972216542
0.61807810197171331
-0.75288472721223598
0.84479061904328712
0.53505691825874102
-0.0065501297635159883
0.82916640137584774
0.190725869916788
0.52545858197760076
-0.052801539737542341
-0.8676345748722939
-0.49439077852192859
-0.44571485206840333
0.82628666441828447
0.34436698281070255
0.81109866998440483
-0.21140265362080532
0.54536947621920617
0.46372373514235293
0.11330641253873505
-0.8787047025839948
-0.46108940907448603
-0.88536434917587603
0.059384560684733738
0.94429554705063756
-0.11584840042668088
-0.30803419930085091
-0.27172995615401652
-0.44923718791646067
-0.85108682278686887
-0.54090662578047555
0.79259497176729243
-0.2814484551671681
0.85743688506286508
-0.34595412228994454
-0.38094321545905641
0.71969466618648748
-0.54737201943639013
-0.42711059434395754
0.52125085265023907
-0.3901433290396179
0.7590031168692809
0.55923194092937822
0.75528116094274822
0.34177478574250481
0.26949176893389648
-0.93596640239583917
-0.22658570136500128
-0.78277287819802199
-0.61559298034651166
0.091169642456707695
-0.3794732921220072
0.46841724753586506
-0.79786295989788258
-0.25759461921955146
-0.79569415873998584
-0.54819323043631296
-0.87011547801301004
-0.48558511797657378
-0.084297972228684834
0.36461609214143176
-0.49966121909629002
-0.78574408778095184
-0.05837683137061795
-0.33675225358269456
-0.93978192431335006
0.49507590618866903
-0.14388030918988251
-0.85685372365351364
-0.10038416937139812
-0.53426904159857624
0.83933283608408482
-0.16530429269547811
0.91370040881398129
-0.37124931481365897
0.16790193759141875
0.96787772291607077
0.1871407300291659
0.63413972217365167
0.013517649796992751
-0.77310030779032146
-0.77477100668235044
-0.083865467493714624
0.62665498527218155
-0.60307392972467277
-0.2245289266447805
0.76543360024641138
0.84398250135083375
-0.15629958582910411
-0.51309256171108186
-0.081207430650274928
-0.085185285772011898
-0.99305026070945757
-0.3902978426057801
0.66023822470687432
-0.64167988958139288
0.39822590643545608
0.72127636717608057
-0.56672438592047125
0.094687079212805739
0.062255344128985743
-0.99355856855926183
0.15513560155887199
-0.89582399520447564
-0.41645205575775279
-0.24157455092754829
-0.68645405206472687
0.6858735821914056
0.13406390378657648
-0.53667748061881415
0.83306911567897302
-0.63933652768929139
0.54158825161961455
0.54583053237228241
-0.45699659328850595
-0.62754889708428219
0.63034632979894534
-0.41001922563379906
-0.86459092341635002
0.29045958368888936
0.5197034256274492
-0.76449569808176965
0.38138520816303562
0.68469892518699804
-0.41212993657723279
0.60111254954843152
0.65776223300036085
-0.19933953016910672
0.72636946284266302
0.63053751099732114
0.44118157372413347
-0.63857753345353463
0.12313746979496579
-0.99131055040739302
-0.046266145111576729
0.47981330653605431
0.80316613721197272
-0.35313361055970999
-0.73903680340945033
-0.31462754245668995
0.5956795386229119
0.66829729225160972
0.68488772449264823
-0.29035759678101847
-0.16311454294634747
0.40348613859066229
-0.90032915194644281
0.20414964209541256
-0.69565966150684921
0.68875290125304811
0.46417774257331557
0.33939278954743368
-0.81813908212647568
0.58997184436557693
0.63074123872222543
-0.50408204950288804
-0.25508613733550223
0.724673605256415
0.64014000686093897
-0.78861255747390191
-0.5154973767171751
-0.33519052610744043
0.99069618943463089
0.13250321829538536
0.031047663053241581
-0.032574648984130553
0.83749905114519274
0.54546698486201928
-0.71650146713814067
0.30364295047071588
-0.62803392123222945
0.16186952020610884
-0.77656423109702122
-0.60888936056473875
-0.53888198552355671
-0.8210230895797056
-0.18848684849395728
-0.33399678792012433
-0.79993279036996068
0.4985515786254901
-0.012250255709377475
-0.14422350803781256
0.98946930774244946
-0.69502208023349921
0.090829996645022379
-0.71322802784058104
-0.63755774581339353
0.6815864895422632
0.35910998040544417
-0.4780313183755755
-0.52062213403997137
-0.70741688713217421
-0.95811739787866734
-0.28633541766575954
-0.0048042140238292201
-0.62917656096790975
-0.12623871542072487
-0.76694239800490849
-0.94242118427139587
0.051616750992720069
-0.33042097762317618
0.15967042393993439
-0.61925205652786175
-0.76878621619072707
-0.77067581598647539
0.61803881858598675
0.15519924411677377
0.37320869929317746
-0.67616939045372382
-0.63522454469686096
0.17892180135624774
0.76739969034079702
0.61569854983123373
0.36461471657373701
-0.93085626350563622
-0.02372182855892652
0.71289499115527388
0.58022333969248907
0.39385480530497113
0.37451533617801069
-0.55888478706586142
0.73985543030636625
-0.56671810519816568
0.66870652424235233
-0.48131296853119704
0.028099778639181977
0.52708107441499064
-0.84935030666619993
0.37632572928942237
0.62631211779962637
0.68272401200787669
-0.25620022987513436
-0.23129783634318274
-0.93854288826610932
-0.94572011587676874
-0.22365298955055604
0.23578126026283325
-0.89280842645010106
0.41766223270882769
0.16867534801615619
0.80963430745310483
-0.41500775240421139
0.41504319490787489
-0.11298523628830315
0.17519020738109067
-0.97803002388405569
-0.061527417520458892
-0.54929303307780608
-0.8333615906108508
0.062180082238297588
0.31454230943391792
-0.94720471543843998
-0.93900358783059534
0.34196141705970157
-0.036532879489444926
-0.54962088427246147
-0.7109598409878829
0.43869464103638373
-0.65261936554192546
-0.53331086805182315
-0.53820765670646653
