-0.48031256990520582
-0.87542127328220298
0.054198057862095507
0.8466642512187027
0.174282062522745
0.5027776928137242
0.88577744286947746
0.35959730912815813
-0.29340773161489347
-0.025925474802908282
-0.36443891349185781
-0.93086634276308322
0.97130200324326776
0.13866845231755323
-0.193244608792767
-0.44347004508323196
-0.81907255701999426
-0.36394294257562476
-0.19759824577860866
0.023465419414245892
-0.98000219762862284
0.10696923332646925
-0.7960552350697897
0.59569593404649779
0.55026881531358751
0.39497926544831263
0.73565998311671954
-0.74578631733589373
-0.63613190659247654
-0.19783570529504024
-0.7508476921757723
0.58732391174133047
-0.30212309718255304
0.67527163313957694
0.58749936373323031
0.44592905163272106
-0.97713899176826891
0.11834742464196545
0.17661618795202516
-0.46566596196129945
0.74589559162506569
0.47622996363621506
-0.014709503457486492
-0.90007395843165539
0.43548880566692511
0.8957136374231307
-0.43873525225675147
-0.072169648477935444
0.96467251551558486
-0.25661612211408918
0.059624690187544967
-0.23290617144034936
-0.45843851064866986
-0.85766476391374968
0.73040665786255454
0.68140403845845998
0.046847097269252631
-0.19109375140602719
0.95066267312041952
0.24438424685136706
-0.40897959099638531
-0.31977843812655438
-0.85467973221422
0.57532726190768346
-0.80090581841663033
-0.16597714219794055
-0.40355909303028104
0.16135530361547823
-0.90061341563832698
0.74406479272631798
-0.27635118084111604
-0.60827428769664615
0.2528957196980573
-0.89938869300606328
-0.3565722000538562
-0.47715903061507703
0.58626375622266402
0.65468623602621479
-0.87588617159923565
0.47460172525236816
0.087043763640538466
-0.56195738082700308
-0.78681538247177563
0.25519689661092659
0.19898770028053514
-0.024218907793343677
-0.97970267920546261
0.12014228268401828
-0.95971541239519842
0.25399243910515834
-0.89458790618115991
0.41400270826213564
-0.16826834421846867
-0.89068094310568324
-0.41751004448473189
-0.17992448511174905
0.94203087550285725
0.32771508311490577
-0.071976759431852139
0.017862799955161986
0.3429923278168705
-0.93916834669644089
-0.5754915287579464
0.73911261951696672
-0.35003147858243988
0.12802228127098747
-0.83285032499002487
-0.53848921220594759
-0.17737830121058021
0.47686203531691085
-0.86089461464981998
0.13820951319665886
-0.98111054003450759
-0.13535227628355431
0.11516865262115214
0.91476519421852498
-0.38722192719391907
-0.73355628586654442
-0.11798083567464925
-0.66930986686227167
-0.73308828602672826
-0.64205158022295405
0.22439102750244194
0.24222541939610648
-0.86749609426356278
0.43448518114642809
-0.37366407065943175
0.84855325767169232
-0.37460983862277519
0.57454944173639211
-0.46101198667490567
-0.67628461992156574
-0.44934033721211547
-0.76488079032833578
0.46157408716348325
0.21759861070277375
0.22437818485102012
-0.94989750751498658
-0.99627173028042704
0.054892658462487663
-0.066554004319536605
-0.39103180837642465
-0.070164354312105062
-0.91769880038160034
0.66746559658302751
-0.42981305826191851
0.60807105861535626
0.88285377729944348
-0.42898824910303573
0.19114991509183701
0.85663362243450403
-0.061162754955329392
-0.51228698433691799
0.9456764848285627
-0.26013418573446612
-0.19500305498776097
0.61128354216920022
-0.022214904356477421
0.79109982246079924
-0.95421192741767336
-0.011500027618072598
-0.29891026569629936
-0.94076928197858278
-0.049098647014857104
0.33547351750445531
-0.063666631562502879
-0.736443127736085
-0.67349690395411399
-0.12515460066479103
-0.59058100129275493
0.79721415369051463
-0.78369520309722496
0.54847920039234277
0.29153455263377559
-0.73217530840935241
0.33884351423285913
-0.59085056538687997
0.049678762110473167
0.54106179172638957
-0.83951423938430025
-0.11653935726977022
0.99317694264538858
0.0042589675635582242
0.28083463091269723
0.62261358320818105
-0.73040005208433456
-0.33526999977363992
-0.50571258630727312
0.79488917925846259
0.66902163236668133
0.72300198788246584
-0.17227356426168225
-0.70065358066755778
0.010057284060245079
0.71343073310242355
-0.38748114499052733
0.38434793828798486
-0.8379349763618924
0.19523846793618191
0.15975241203742732
0.96765753626278173
-0.79254377386925146
-0.48190060830840076
-0.37369261460868913
-0.26799289049251723
-0.63967370774154597
-0.72041471269654722
-0.009131381913119534
0.26218325805173609
0.96497489970554851
0.79629262443202176
-0.4434846840031253
0.41138715503745515
-0.33805461722805141
0.93987086397985253
0.048598712046320998
0.44284266745834566
0.86266382828682042
0.24433888606585843
-0.66658280291160277
0.55069124777579659
-0.50240075287129837
0.38959968798982375
-0.38561861068386905
-0.83636736558313574
-0.10793415881935799
-0.76285538335174163
0.63749657367802748
0.78511460172487757
0.36959120953173275
-0.49698832983809332
0.040486642922508975
0.91692351248440607
0.39700390929828916
-0.15023404387051889
-0.15286525012540839
0.97676094688844273
0.02524866588250603
-0.9469753288315661
-0.3203127088572994
0.72448778542162251
-0.47817819413762791
-0.49645046422191008
0.27511574883135709
0.85735004844661344
0.43504277855580031
-0.068698060867084798
0.68256796941194731
0.72758610732060669
0.024005719988702195
0.0068231999510081041
0.99968853617026765
-0.29155122359464053
-0.78796223828106937
-0.54232222438653133
-0.79803455178938287
0.39026808550677283
0.45916410528829155
-0.26503781078144961
0.55420262182428248
0.7890591947498411
-0.54793788501051055
0.83371268087554495
0.068463420287918061
-0.92676397450176373
-0.26274767716609232
0.26846264863015373
-0.64425788211906787
0.42235192442029695
0.63761323172117834
0.55015061291753808
-0.048486645096869709
-0.83365661297305582
0.73421917036929296
-0.62279490200431975
0.27027526690331294
-0.26530139641018491
0.86323337436959191
0.42946863731510576
0.94472798332847419
0.13861491542973539
0.29711099396777912
-0.042410132552833851
0.49723163450830099
0.86658068424183943
-0.28730244975703323
0.72155751258178225
0.62993020121311749
0.44354751096316808
0.30512443643742254
-0.84271269351251821
-0.19826351519153315
0.25656315664175411
-0.94597406158832686
0.25389279217768468
0.43468279255255321
-0.86405400290660828
0.61104743572269105
0.15851989552544007
-0.77555945872597498
0.009406360373070171
0.11593019655243031
-0.99321282206375427
0.25397357027152057
0.9459717228745731
-0.2015810634093616
-0.11988281188507566
-0.98349435024530496
-0.13552481119740895
-0.71057543512641397
-0.21698121794244529
0.66932929269166219
0.82335608767891533
0.54477387630191521
-0.15907915193719041
0.77751913302976938
0.15860259800783796
-0.608530372025752
-0.45740796764042801
-0.50842861928955074
-0.72957404711679141
0.62154967410244522
0.55580443262596513
-0.55204839941482786
-0.79794598354449331
0.59688532869610111
-0.083726410006390778
0.12495254664198983
0.78899443620720044
0.60156017215384472
-0.75367912955340477
0.1144805013315148
-0.64719547625930385
-0.64443416720979274
0.75341022011794057
-0.13068146140312792
0.72227443160377169
-0.057864185771849312
-0.68918167521808738
-0.089777507986845029
-0.86619425140895423
-0.49157656360505364
0.83136587040462817
-0.47142648034202511
-0.29425815733584204
-0.21549819148032179
-0.22524135769436029
-0.95017201613850522
0.079119727293547701
-0.45643647394888942
0.8862312418336985
0.71498786676500936
0.39933908226659559
0.57386465978773649
-0.35840081099762477
-0.89560747456251077
0.26350732472553107
0.35770487740074847
0.30514298592900746
0.88257293116322422
-0.94762965021824841
0.20990445728550194
-0.24070347907522821
0.055923037910523291
-0.2428884324593627
0.96844092396402359
-0.87267394251514308
0.16699248979608761
-0.45886130628631155
0.018201867547716664
0.98193047714768311
0.18836461999616319
0.46724031274565014
-0.80448731049768285
-0.36672422526136955
-0.14067100245854777
0.67077166545784361
-0.72820123721826913
0.48721493784522191
0.75032593789886615
0.44680263121054159
0.16383076462346038
-0.67899706330275189
-0.71562732521133576
0.24725818322727033
-0.96712851931721655
0.059378598420962624
-0.65284153731699701
-0.5174065445735313
-0.55325255967420361
0.36675038403949251
0.84851941360786665
-0.38145636780298581
-0.76963136559601519
0.20808357977284278
0.60362967531403855
0.65149947019176602
-0.75679822408633179
0.052961196735180585
-0.96196353161219117
0.27310104263129609
0.0064795340804562045
-0.14509924761566237
0.91399818781255637
-0.37888457479386961
0.89663537359107337
0.1574138724637443
-0.41384281989804333
0.99566806434839705
-0.064722416876129868
-0.066754133882693384
-0.51111811298420373
-0.58700611647468304
0.62783922607684983
-0.97486443237688747
-0.1744653670385227
-0.13856830153611027
0.74221368998942128
0.5633964808894486
-0.36290941530039234
0.39418018338359284
0.090508855629941945
-0.91456554170832138
0.55976271761562946
0.82776845143814426
0.038276504167197488
-0.25450480899617683
-0.96547584365180272
0.055531050077043696
0.45514446135844222
-0.17487935760733372
0.87307544323361885
-0.98936283883750475
-0.10570725201741103
0.099935729338015061
0.3664997497308628
-0.91640624371547841
-0.16086494312466654
0.80879227144413435
-0.24510073762962323
0.53458459579906759
-0.63920464076952421
-0.63167594348570111
0.43863758347883591
-0.4576411296902011
0.87522935901188148
-0.15664662632667031
0.52822017555326506
0.58451920448173444
0.61589020590566168
-0.034368552080457755
0.83363854138882931
-0.55124004293864393
-0.82590679400322409
-0.56376117066991904
-0.0071631043688043542
0.64232189190019784
0.35759912849330061
-0.67789781714251196
0.56523298906899511
-0.78058827012018195
0.2668213271440476
0.00040154077204994755
0.97955580151212274
-0.20117224085084717
-0.61103760785068917
0.73392314778196843
0.29663083949905572
-0.57284628878998123
-0.80161022126966108
-0.17107946275210964
0.77824726759033569
-0.03151837827399008
0.62716647097812406
0.23512391727867643
0.94566318549680639
0.22458379977096041
-0.68511264196233712
-0.43072952908792722
0.58744594695604047
0.095955553772529165
-0.64234479726812921
0.76038522679150811
-0.94486279078376012
-0.32656497272920859
0.024282198802735255
-0.83476691576922268
0.3865696213572265
-0.39208178251593129
-0.34527568585799123
-0.054568118702318119
0.93691356120860125
-0.7875414030887431
-0.3063034606939824
-0.53474922009097292
0.53922303077849387
0.18819076093773451
0.82086707850646068
-0.4758113709508861
0.68716303040947024
-0.54900866014327299
-0.34650482173053798
-0.28837444466242174
0.89262230992908087
0.90240417447386867
-0.048120492072649047
0.42819519396511418
0.79210845174153788
0.5527060125099067
0.25899857994788833
0.16232939821134398
0.409966072354012
0.89753940637443219
0.46688722170876995
-0.88322099544796184
0.044011309966612309
0.22762624819021934
0.80141861105401602
-0.55309538145883708
-0.62408768304008166
-0.34964442554571362
-0.69875842718529735
-0.59940055236574807
0.24104661902156754
0.7632925423989857
-0.002106806205847456
-0.99824096474204227
0.059249790535391166
-0.47878475639996687
-0.67014994616622703
-0.56715448221135245
0.29987428522970294
-0.52615552146377043
0.79576113268440207
0.27856841129714927
-0.32246542846032428
0.90466330072313739
-0.37943383049303558
0.20424340359021639
0.90239381667167151
-0.54750649337128099
0.48517455094543249
-0.68179344000304176
-0.5911970538102993
0.056277518287014112
-0.80456129940575516
-0.72236283415416425
0.68287740454842027
0.10895130191960249
0.36635189171194638
-0.8956602922388619
0.25214863145707284
-0.14163437423562139
-0.38626412366787366
0.91144924751846346
0.63261096751570634
0.73064749753738434
0.25682211376982328
0.71036921553987631
0.19080730373071425
0.67747188167205552
0.33316183932423382
0.7062176632344922
0.62470777244541065
-0.62770061762980178
-0.67787619913702279
-0.3827215610214672
0.86435396310174994
0.49992498284879722
0.054472359907834861
0.98962525443038762
0.13307959779123377
0.054144957709042825
0.15015617553510646
0.61954387219700069
0.77046642585632286
0.30836770163265836
-0.70552313155475177
0.63808030171050434
-0.0086502693694357376
-0.1280236258216845
-0.9917333936453413
0.35409016744933036
0.51896373001780027
0.77800822633293321
-0.23952295592355199
-0.85416580317942481
0.46155122604592036
0.18104457008675137
-0.2717408494933326
-0.94518769266148683
-0.8958825878512976
0.16800597026504546
0.41130084213403029
-0.54123188937895239
-0.17568961797549695
0.82231453839447177
-0.21619027874456728
0.35435296895020307
0.90977785023186997
0.48935898097570923
-0.38515532377015199
0.7824213470438578
0.43737240369229669
0.69682164534422653
-0.56845841982346235
0.4683848329284156
0.50232638995259193
-0.72683137400625242
-0.84067213704378441
-0.2473120371136435
0.48177496229768568
-0.4223329345988599
0.86830751858676236
0.2601479300682874
-0.2643626301375735
0.78128662232001533
-0.56542339319356638
0.57862303488807343
-0.26093579507608111
-0.77272756799853382
0.98063337901217551
-0.063597220695052165
0.18523922232353388
-0.64924809207656442
0.59004463595728829
0.47992107946304274
0.18342647465899134
-0.48799486269326953
-0.853355577927016
-0.79522464935881809
-0.4590171557594902
0.39613256338076108
0.92753748748584985
0.32723416857410981
0.18053256832507486
0.80304390614078081
-0.59295812390532932
0.05933926275939766
-0.52949206903727053
-0.38879231135122383
0.75397525653087794
0.23213342323393302
-0.096810144452232016
0.96785426059341884
0.37557145263556668
-0.166586452878558
-0.91169898414035222
0.39407849751439711
0.048040695159362837
0.91782036881156681
0.079116161291049633
0.71187256575099644
-0.69783814968347901
0.66169351247669106
-0.65945206002999468
-0.35676978020630529
0.65528573129031531
-0.23043284089361377
0.71937564332205128
0.37517480545167564
-0.58485635488744814
-0.71915708263359579
-0.52638358506480998
0.045744904720302376
0.84901573899807559
0.49256882475663255
-0.5785217700558225
0.65014499494293421
-0.31546452910129485
-0.69300173716063673
0.64825205219207604
0.47905608865707666
0.85924284562071773
-0.1794630774566025
-0.86663414811770212
-0.46309536300879628
0.18570928376377918
-0.67072975899595944
-0.74125903807197779
0.025624770707820294
0.62888928504546981
-0.62093729856226065
0.46790505277160649
-0.18074285836444243
0.10638704409903166
0.97775959008240976
0.35726886173587591
0.93380906630442506
0.018962808906106375
-0.58562698225356147
0.27462911671949736
-0.76264007625252395
0.84239617138092016
0.37257298987773518
0.38930458211576763
-0.24677521171456576
0.95205459111808277
-0.18081496180961223
-0.2342619435681832
-0.91635806230004269
-0.32466789717089112
0.13431321279546649
0.99089549563935886
-0.0092778009349847763
-0.83995687948745457
-0.025268929206256171
0.54206449968473946
-0.032781385399451107
-0.57026812361562851
-0.82080426896989445
0.53793878594451083
-0.64365822791973903
-0.54435829029028948
0.44854095545152262
-0.7636486360082354
0.46438321675680394
0.94972268814537875
-0.061060073073595532
-0.30708058078973788
0.57011980859211786
0.7292702935919807
-0.3783229344556755
-0.13269610131202628
-0.95869175163544251
0.25159862885706558
-0.56388742231461098
-0.16496718398817009
-0.80920751551279924
0.86675354415382411
-0.27673885759890948
-0.41491432656831168
-0.44209525528363613
0.40701025229811422
0.79930872620028481
-0.90879094860737719
0.33098276342971822
0.2540657829022453
-0.90347919103861773
-0.25272418376696881
-0.34620201949082291
-0.090057690825188857
0.8306076916943389
0.54952750142412032
-0.35080505198966222
0.59402387374052046
-0.72392779538075225
0.33922852760544092
-0.75833366873228136
-0.55664535651138169
0.915928764086263
-0.24648570730536903
0.31673221372885751
-0.36937884301509583
-0.91813404772850327
-0.14348916591333136
-0.86473723681196302
-0.067606370008189143
-0.49765338339563886
0.75141095601907493
-0.64151032676987374
-0.1544217465971344
