0.35026209409455694
0.36963210076958414
-0.86063266003630134
0.17397198603204958
0.98453551895376634
-0.020580573230650025
0.53651374688278031
0.84315483683226511
0.035255078104526986
0.52549523323514846
-0.048253640630848083
-0.84942706927258071
-0.6259442174915808
0.41104377179431562
-0.66274946567911708
0.40925650902223071
0.72257819889294972
-0.55712642757955555
-0.72173085527365477
0.35701803642804314
0.59299468312205228
0.69592391234713369
-0.45177085294937108
0.55820516358132766
0.12838872951494623
-0.7341743679126892
0.66671158054554691
-0.20770808088169809
0.54393805646828963
0.81301214250584319
-0.085493243762590557
0.94588700847037999
0.31303142410612023
0.55739264061667726
0.80123078107252277
-0.21758373020123198
-0.99913999054429181
0.0013670751924515097
-0.041441650553166537
0.53470424771049541
-0.61441674537800584
0.58015810817349789
0.37681471599505434
0.91844467438244137
-0.12029152051619342
0.2038783185284182
0.079104957516334715
0.97579507937392462
-0.9100182300136731
-0.40074998074998314
-0.1061427056922406
0.69984892481981542
0.33260884412791569
0.63212565146214417
-0.45497328818941934
-0.86099966997960076
-0.22732988217373912
0.5417433636353276
-0.84032009381411621
-0.019397625868028984
0.62052186396888764
-0.65276206362935485
-0.43457370447706933
0.71125870946195635
-0.057294060292843174
-0.70059149214765126
-0.01510382459510696
0.98911636066958153
-0.14635812084869995
0.93206808870516311
-0.18628602375737024
0.31071948019101209
0.4534661446235691
-0.87221276885465959
0.18333941618518443
0.80739490772953204
-0.56577972998460735
0.16735220378281654
0.87044228837743398
-0.49083366946340679
-0.037583660350520451
-0.78834000499788048
0.61243503706924496
-0.058680166069414529
-0.60293453741212677
-0.42799572016280912
-0.67326785688754143
-0.76925323872219131
-0.073710163824709518
0.63467808097046619
-0.084383604230584913
-0.68135228029093675
0.72707529010371197
0.13556468548345882
0.35304066036847503
-0.92573457760654154
-0.65414708555970447
0.74728117429106045
0.11688642780031619
-0.8162688335542212
-0.27171286964401609
0.50978162759935253
2.5211988238983532e-05
0.92220230706628525
-0.38670777624192776
0.58521981651839583
0.54648515010369125
-0.59905905140505245
-0.67242412064213175
-0.73774568169643817
0.059808955156510725
-0.97098402145629792
-0.23325634872845397
0.052739983451129055
-0.1598386625490002
-0.97726410862018487
0.13930708509383924
0.79644420751351652
0.42175332546847732
0.43335984674915068
-0.9617577201452322
0.041272548468503291
-0.27077419464188252
0.85970840863545006
-0.27818404840240146
-0.42838660965995717
-0.16478071826887969
-0.024405271942898852
0.98602824380855603
0.31175930318654715
0.76936425072156556
0.5575704319530248
0.20610641194273049
0.71172438396054738
-0.67154191844744338
0.50937962404893311
0.40078108107740396
0.76151620051985425
-0.63017687236753472
0.7682923934687077
-0.11226712640482236
0.99366445220759092
-0.00046025549928619113
-0.11238658542665891
0.20747898829982378
-0.9503605089733429
0.23187792563762968
-0.31806160874484829
-0.69248802912709173
-0.64753157649516624
-0.98117023846272922
-0.050009101748456623
0.18655844365051791
-0.83216502565646577
0.11980779841456386
0.54143093882159055
0.097335238700818907
0.78453867418704426
0.6123927824622768
0.64690505716557101
-0.28159974258296733
0.70867159671516111
-0.43483968055545769
0.88612193324095123
-0.16031959220178574
0.74673871095866984
0.11996977787826363
0.65420833833850245
0.043992443102322164
-0.56557853849620709
-0.82352023760341375
-0.88902060557038465
-0.43562959788429723
0.1409582077015451
0.85955060401653594
0.20702925223213786
0.4672383201911095
0.3772236034678359
-0.25170365605211675
-0.89126181479783972
0.57101468190712767
0.18516048204894753
0.7997861144918077
-0.60821246718463551
0.56060820931851774
0.56195732080458183
0.052760451272356644
-0.85803738262334783
-0.51087002730871944
-0.43001120111108548
-0.79705577248056414
0.42401941285088901
-0.17648858839605672
-0.8508961238364654
-0.49480053011900221
-0.60723948480822809
-0.039383021966754812
0.79354217636531688
0.30918288101934072
-0.95079018233703094
0.020099135705189369
0.98782199263760329
0.14068774646572352
0.066442974465861795
-0.11186010252599904
0.35601743390280399
0.92776015446888838
0.93286962723078648
0.08012577811405408
-0.35118957597273703
0.98943328576687395
-0.10158402216250377
0.1034526918830798
0.043181055382381241
0.50816904529127327
0.86017417879393454
-0.77359726741121559
0.43893871443006466
-0.45703399526554089
0.72736224210729905
-0.68562585574728985
-0.02934884473773041
0.12153257714779363
0.89895486535073221
0.42084436880403037
-0.28069704014155777
0.94093226799892449
0.18935585201986524
-0.2241955350551868
-0.89851620081859163
0.37736586879028011
-0.59163676110986563
-0.71319672293641545
-0.37592070612854711
0.53904508190793576
0.80042802515542111
0.26219339468541036
0.36645057740109227
0.24163084158961459
0.89851461352339745
0.294085493480578
0.45279770277593517
0.84171727015971387
0.39106951547616203
0.84726006503103246
-0.35946490269406089
-0.54106234333378889
-0.03885582033706271
-0.84008438019765785
0.60408089456167136
-0.76470491066976509
-0.22430486491183738
-0.027570171933647799
-0.37749598726231504
-0.92560070506693071
-0.7981195937124822
0.5780474354643037
0.16990078423999108
-0.24489918935117855
-0.92700185615147934
-0.28406327771615858
-0.47982979777620899
0.83119492541155471
0.28085291726475298
0.95004341084644517
-0.14074282186366899
-0.27858387534296403
0.6179895019344086
0.53289047710138571
0.57802829940541767
-0.029888289021389486
0.63995164430024687
-0.76783369497358223
-0.90752020428412006
-0.15806709459403662
-0.38912963446994003
-0.58930421055409798
0.20734199095804698
-0.78085200019514867
0.17442181846417693
0.54661089600055135
-0.81901987620394412
0.61912019060471823
-0.47320065138756107
-0.62671471429348546
-0.67312814392245479
-0.4738485852437101
0.56777285962085711
0.20180472838899535
0.85091791671529171
-0.48498819636435631
0.31102191085173836
-0.39704984344940286
0.86349104962757894
0.93463281999853887
0.35480183143520627
0.024023992003876241
0.86703684188662367
0.29256078800177138
-0.4033054675243723
-0.3411152402997466
-0.11787956671814571
-0.93260109402980462
0.53889678921644912
-0.74631841849073954
0.3906393077938819
0.84202495276392264
0.49615766327686256
0.21171101080141588
-0.18564228258257853
-0.54841920245264086
-0.81533632403980361
0.14027607757284372
-0.21722758864856223
-0.96598902519164709
0.44843591187182924
0.1625281167304361
-0.87891401411954906
0.75795117924576305
-0.10058747964296644
0.64450924649614838
-0.23797617844372704
0.29208400197789208
-0.92631219050701141
0.5043891039534335
-0.44953823657232306
0.73722927619058831
-0.057230700815142047
0.68003598261904274
0.73094165925028565
0.58020202420464129
-0.25790958254315938
-0.77255955002915477
0.14163365781944898
-0.8699122179227945
0.47243268312144537
0.11493148952000103
-0.55542547573878676
0.82358563223083026
0.42058987948483717
0.59987821318595513
0.68062492065729996
0.64363194301451976
0.15419301871826221
-0.74964153760974561
-0.50550839046560514
-0.45583287882699403
0.7325828647662791
-0.96657974614313957
-0.1869956437064047
-0.17537452375043225
0.82081840985091581
-0.2654166885339439
0.50577773724976194
-0.57058699235834209
0.74871564873602714
-0.33742460119151202
0.33954745280126936
0.87255504258869243
0.35121962494885572
-0.26560335151610609
0.1825998947891197
0.94663199718074931
0.34570855657939059
-0.85806574713397821
0.37974829493126372
0.39399176894300142
0.56094968097891507
-0.72808374615480742
-0.2959098089758852
0.86039533934809698
0.41491835941535321
-0.30130035936221555
-0.59781277484369644
0.74285798082936394
0.69300932457073994
0.61764174722457099
0.37182892322059374
-0.63631518849576973
-0.64705975525317638
0.4200198257478952
-0.86554713772919634
-0.37673695250892086
-0.32999609237548044
-0.30059072968693817
-0.95246217646042541
-0.049608624638702067
-0.015240799900208301
-0.9483071638253886
-0.31698776168150294
0.80822231073508022
0.13762318864094669
-0.57257013053279837
0.19926892230041304
0.63431019284903001
0.74695547113135075
0.75188819502869664
0.49364732549585405
-0.43700853562290887
0.32393898305178842
-0.59435125012462686
0.73607752766584744
0.28820314504647893
-0.59985086095848339
-0.74640330371233254
0.83610865136794033
0.54820618008044331
-0.01980674706489181
-0.43475844177013495
0.3620887799715542
-0.82454642848557402
0.54703042314764549
0.36618181333907973
-0.752773934013799
0.15440045703167943
-0.97661579450160751
-0.14960644637983431
0.30935270903366996
-0.047469793789769399
-0.94976182282248356
0.71138121628476692
0.6845214467881936
0.15927069411603614
0.29083107350694171
-0.78244541505932852
-0.55063278065824861
-0.42334818291019888
0.72235569642395414
-0.54678932311311368
0.059417440336026646
-0.0070385670102710764
-0.99820840827873059
-0.81128747032454263
-0.58414765787589973
-0.024169284071013021
-0.63942051181523596
0.68687225853142986
0.34546766785022609
-0.92100777582034121
-0.26022092556683757
0.28987884844466738
0.41442984139230005
0.012834812134463155
0.90999075498656923
0.11685469957490149
-0.7240208987126544
-0.67980785330457882
0.70567620029072164
-0.59733819214034567
0.38106191695543745
-0.89306647244264215
0.26035716850100432
-0.36694198534508821
-0.77304996893253874
-0.33454193708723923
-0.53895773290984395
-0.85391065064385008
0.30649616454451978
0.42059089604566496
-0.10871321906538875
-0.16880949872608225
-0.97963502853883799
-0.7127992723165385
0.045810058523418906
-0.69987044224134387
0.21705893099948359
-0.41971699427283821
-0.88131893500136249
0.39177767334018021
-0.90038650964797695
-0.18924689671455214
-0.90223932150818231
0.37423454211667068
0.21427252322960313
0.64854412632319614
-0.73895634835305701
0.18257609766997857
-0.019387268701891999
0.14813441582342043
0.98877718858240982
0.95848658920724961
0.059185665022852746
0.27892743745579379
0.59046461238813142
0.69027855983874908
-0.41817107903856315
-0.9032893344971028
-0.070768427799545411
0.42315506355302135
0.2660567254692654
-0.16578966190864863
0.94959339026595369
-0.80698143082393137
-0.45521408964284682
0.3762460669508651
-0.35120573996648996
0.37877690961428817
0.85626081362960882
-0.96287918198480438
0.23128695378372294
-0.13917624046409721
-0.56345041130279017
-0.78834952356845178
0.24703979981394053
-0.55321165570346631
0.38973233328129847
0.73625102539075915
-0.86890610376074329
0.44014971114217261
-0.22642971233649126
0.46886605273536081
-0.2268488496410189
0.85364174218984179
-0.027333145711610739
0.205494901720392
-0.97827641518766784
0.88068131460587484
-0.021842482749707574
0.47320537618606678
-0.65297053275922978
-0.20664147321736348
-0.72864860179285706
-0.31157094312222783
-0.4061040076295741
0.85907105782299775
-0.52026925017783276
-0.62500245965000523
-0.58197236425008969
0.22829619473595122
0.15551576824386493
-0.96109088711557622
0.75901350095861408
-0.47711733343952556
-0.44300965620864818
-0.70562232130512104
-0.5333683050952176
-0.46649264816910851
0.95948370595517796
0.2235029304831008
-0.1715734771810136
-0.27332050948529307
-0.76287365787712391
0.58593487796160137
-0.26658340173003076
0.72571149840631743
0.63425240322989918
-0.47057223350708233
0.88041822365512112
0.058527980557311142
0.22669920683582978
-0.90599037548243244
-0.35747574624470246
-0.062805340113030447
0.44663054496294563
-0.892511426010552
-0.37327828569563754
0.85027570135643182
-0.37107216698501394
-0.10419405029821374
-0.72564406295004957
-0.68013549663857253
0.719987596740707
0.34183547194107267
-0.60395891471387797
0.87568250004757642
0.43086116468562968
-0.21803397871930266
-0.47046647961075733
-0.28653699156900964
-0.83460040979216044
0.60182300329444582
-0.043179040111817009
0.79746137411204787
-0.10175157049408201
0.84419606162598049
0.52628854009675308
0.51089229159282912
0.71692542730255393
0.47434902558989006
-0.30471952462490043
-0.19359281674089962
0.9325598279031212
-0.76639357982710843
0.24799336551350615
-0.59257081556643842
-0.64819982076333982
-0.74407710106111935
-0.16182169211466912
-0.10081055863322298
-0.27568694972864627
0.9559466182885803
-0.75746437152826251
-0.6126397441593785
0.22565520100725658
0.053091632169613892
-0.099015148146986573
0.99366859617832182
-0.50008387147036348
-0.2396363075346796
0.83216017785421414
0.13756796767596977
0.30974735989270924
0.94081434263567643
-0.25781637874466018
0.51920415487814309
-0.81483603283621608
0.46720379324553157
-0.6446157912983812
-0.60513725483211533
-0.40120220927535877
0.12760547619713547
-0.90705767717222563
-0.36954343173632248
-0.90795812373186147
0.19760996333651751
0.13782735110891056
0.96819420737077511
0.20881474588730015
-0.46323732691670505
0.72692590760831266
0.50694171637269736
-0.94173039379338708
0.13255041450838276
0.30915085802793463
0.73855348820384537
-0.27485787244185322
-0.61562317615459428
0.3513561617378127
0.92735606081635724
0.12868404748079909
0.88846620912145735
-0.39271895784292299
-0.23748603201054805
-0.66922273297342261
-0.27518282720826959
0.69022847324726211
-0.73699209972184199
0.61056089319301265
-0.28992764726900577
-0.23186299204056698
0.69998068116386702
-0.67547509126492933
-0.77821369817320685
-0.57498252491636648
-0.25254412686970346
-0.098520646980681581
-0.49236586420196565
0.86479450616152709
-0.90797088786357982
0.41902320396341947
-0.0029019532134542461
-0.25112634587252963
0.96719339357431167
-0.038373139497794702
-0.19109188548267253
0.050267036509117798
-0.98028420182275111
-0.085754102425839432
-0.99099433998882203
-0.10284187876180512
0.44858476953875132
-0.80250938832634244
-0.3933832561077622
-0.41805132603850098
0.57304731479281235
0.70487577898960208
-0.20013054261238097
0.94378972322545818
-0.26307551054343176
-0.76551760146226533
0.51072227757424626
0.3913381620042119
-0.4973457771210314
-0.86753070589974468
0.0061361470784206795
-0.61848628344224099
0.59570203684067402
-0.51245858417795709
-0.25806891809691862
-0.34379305069238209
-0.90288801731328283
-0.68279238670488296
0.16219106665990043
0.71238235137710515
0.84328361512483185
-0.41523087628838423
0.34125659530443497
-0.40264945627755305
-0.50138608102154247
-0.76582335634090593
0.0017170002609019676
0.79720404877701556
-0.60370750908336246
-0.97763045894571243
0.19105662586892358
0.087954826207421399
-0.80298626890854685
-0.11937756426027246
-0.58391955704156318
-0.39287446683612337
-0.80216522920082811
-0.44964496924731046
0.34334461496055746
-0.74496053533768547
0.57196877202079444
-0.065852440383271427
-0.83739623869750179
0.54261496064045667
-0.87038140430279554
0.072156006585114785
-0.4870623386770756
0.4462032288396125
-0.44650821233259358
-0.77558564639416583
0.92888925455539384
-0.34449980122432439
0.13595822787873413
-0.05765568101763905
0.99478927066189815
0.084084061642865165
0.10587322377726396
-0.34393065070890388
0.93300727113456039
0.74300651232978621
0.61909585624525842
-0.2542865380146529
0.96542401565451075
-0.25067912488432015
-0.071529339048746005
0.92248524442758018
0.28829648252834567
0.25672185722133356
-0.49804458910583038
0.19328529712895451
0.84533566183864284
0.85570766882523441
-0.070201575676895014
-0.51267545707412621
0.7669255983382437
-0.59529310795545931
-0.23968988763453625
-0.010712837152761201
-0.94936909460032115
0.31398018621866114
0.19364538070241372
0.94584651748667847
-0.26052990594352055
-0.19097175042950656
0.84462034826666255
-0.50014623644669343
0.69419582457541018
0.71722310302951964
-0.060689188681127305
0.063000915929915968
-0.99557311526072323
0.069749958867732428
-0.48547797675922744
-0.64050478472186545
0.59503340648249647
-0.41101148254284808
-1.8638347343851936e-06
0.91163016690676502
-0.45230046636314447
0.55808335019068689
-0.69567755632018269
