-0.88711154492995592
-0.25545075814134444
0.38441906432563827
-0.20799092983796533
-0.66912097263894887
0.71345420110883473
-0.62748857457145835
0.29722847607079778
-0.71966194966450092
-0.92697645731009815
0.35699280195783434
-0.1151989016575872
-0.61424809953752091
-0.78474722337174774
0.082891903252828233
0.26738677952331558
0.94459117221907241
0.19039912684134949
-0.73386892140363946
0.40733319128109158
0.5436139047877826
0.87254411457119685
0.48847077171003839
-0.0079418708227911687
0.5650359389165297
0.49763129562277836
0.65810142178049624
0.078832731619935759
0.31480222608424246
-0.94587787735930517
-0.19712441374819345
-0.83325360045274488
-0.51655629203114783
-0.28448125012007275
0.83071983579811881
-0.47851329421622868
0.55163293692420701
-0.67389060847107174
0.49150030591532973
0.94426299707076666
-0.27363052736785343
-0.18301291444956463
0.37580303528207082
-0.40157682376423953
-0.83516952368259212
-0.32554073122077853
-0.2954921213566773
-0.89816904785923879
0.40288956951134564
0.78265639343131799
-0.47447757017591963
-0.3864515147791569
-0.060132211159611995
0.92034740392199232
0.88134650967789718
-0.082941050329383106
0.46513343467100582
-0.86016177809675343
-0.33197094821451584
-0.38719117376689638
0.54024785582528789
-0.7920846793906352
-0.28413749303957297
0.72982659614834244
0.17379661432058904
-0.66117159376762757
0.045870198017542385
-0.98819993019825403
0.14613973754594389
0.3066100565182836
-0.13541483288812761
0.94215343563335541
-0.42516460719343252
0.889234452429019
0.16881097536391748
-0.084516408581864558
0.59543208562686512
0.79894781311826923
