-0.079273344245163579
0.84765458596429821
-0.52459264175727993
0.42717562659851405
-0.79752198741848923
0.42600430000673706
0.33786858278576654
0.80399874054168152
0.48931671336030141
-0.58428708889098613
-0.34394217062210969
-0.73505944046930571
0.28375882635936256
0.25785497967860838
0.92357551825397655
-0.3902467371919654
-0.7409076187681668
0.54659252150236204
0.88997870188132389
0.28772649534878786
-0.35376740108712312
0.50547371717619083
0.8456157314621815
-0.17155277889840176
0.090669081284122391
-0.41458134071045982
0.90548408579820505
-0.3010003389237052
0.59745282412594503
0.74326907571332956
0.951585593658413
-0.30709982873280045
0.013211855814019438
-0.8363592848088629
0.41180735018766212
0.36182572192344686
-0.68389324681262842
-0.71017737405340775
-0.16714701417221778
-0.084412106240358484
-0.99639744086739113
-0.0081692198513926527
-0.25180321496347341
0.95688506369807691
0.14479680868577882
0.72953840456849905
-0.20803530961651437
0.65153282819241731
-0.43937637711708932
0.33353424863556569
-0.8340883072064792
0.8573564661730575
0.38632606842442507
0.34013535359761321
-0.71814432578334875
0.64110801786287519
-0.27064596205580949
0.38222571642801184
0.43604853452206821
-0.81471785130942709
0.65793939326846496
-0.27636815209139121
-0.70052580201953585
-0.95960634625427454
0.002239762887033825
-0.28133724191925125
-0.019754871780678283
-0.75075231266186715
-0.66028835373175199
-0.48447525591242946
-0.047484462202416554
0.87351528450161275
-0.88997868985313899
-0.28772648644835591
0.35376743858554077
0.054585207646985864
-0.13740426056783062
-0.9890098706706334
0.55445591108431402
-0.78985365847817057
-0.26212562036609982
