-0.72165216165139612
-0.11450267365675651
-0.682720510391567
0.84048425581290986
-0.31430863757789052
-0.44135733377225023
0.37168378745163921
-0.8575520551496042
-0.35560601071170744
-0.47828714319122301
0.42354280240000247
0.76931976654258072
0.52754647588163273
0.20343198457969983
-0.82480915576564406
-0.49516331895535998
-0.71418940194846503
0.49471889564237004
-0.25777130087955624
0.95855394559305407
-0.12136016574992559
-0.8729030092116481
-0.098341370931006311
0.47788001765365723
0.0023484152360065329
0.84414222956304541
0.53611414942548397
-0.57843495633381992
0.57304260058879164
-0.58054731004589677
-0.84622741825296466
-0.52197082390959737
-0.10698418380330026
0.12112804006488793
0.72759751724663746
-0.67522577765260716
0.16348221589655842
-0.93369216312891889
0.31857889069615303
0.99222242389429116
0.04315551758439435
0.11675728167168246
0.22723202922673894
-0.52673222551406873
0.81909631149120343
0.28025284711126469
-0.41644773067611235
-0.8648870615870875
-0.32950739895814524
-0.21053521122138563
0.92038024689136189
0.19462828412421709
0.27720015537339693
0.94089314211541974
-0.31054118621358978
-0.93818206156183392
-0.15290059198264602
0.66814995708622404
0.56893191341484628
0.47947065889770435
-0.31731423745466036
-0.61996477394645855
-0.71760389754660903
-0.72207979914172027
0.65722338563483684
0.2160050579179463
-0.97505752259644307
0.17532799772739055
-0.13609893769236794
0.75651169939686813
-0.62000160963595041
0.20805781101533621
0.40482046438965913
0.91332167287056965
-0.04431606341096684
0.70449155674545261
-0.10397551786904642
0.70205465468026929
-0.1622068061748462
0.13544737539693302
-0.97741647240500196
0.81216380453135784
0.48947715448684492
-0.31749341700988359
