0.10739519633029718
-0.97370930565245706
0.20088917315521748
0.41597842946963398
0.86894735591546812
0.26812765404466093
-0.073183247656836439
0.95077501725267211
-0.30111638751582265
-0.9741725996165167
0.16647627773386978
0.15255620311306145
-0.16037275888195374
-0.57232602469851901
0.80419120839597658
0.42738570650428992
-0.21391102565918926
-0.87839827582780616
-0.63044581044955639
0.47922742583776567
0.61063831718252892
-0.2819715892767794
0.050685760308191434
0.95808296955050187
-0.23252612685264704
0.91443827194802385
0.331261599234832
-0.75326844569344009
-0.23823649969290489
0.61304976872735351
-0.43102534301500262
0.59041913807530788
-0.68236529445247285
-0.69892037055590861
0.71115829127791708
-0.075922331159315432
-0.26269871569964626
0.024457873063144332
-0.96456788108198144
0.93389975363664846
0.35740758715168031
0.0095428928434370657
0.19071162576858708
0.48172762483676856
-0.85531723428551809
0.061913002109002371
0.58388594981272635
0.80947141875494355
-0.8918051580177746
-0.44997295208299753
-0.046988323300630207
-0.5104202952113206
-0.79650370585756514
0.32411875723498895
0.44820975436989735
-0.60225511820931388
0.66060335200357678
0.52723336220809502
0.77820974812648958
-0.341195793783648
-0.65807907522440823
-0.41719611312377819
-0.62680087264313822
0.36373034821094102
-0.043759573317691459
0.9304758640251779
0.69729983935294348
-0.71172156118834173
0.0850020786686356
0.75219036287151497
0.24714441649888721
-0.61084310211104376
0.90367151324276007
-0.17065287928282846
0.39275360080592581
-0.071123718864823327
-0.58317908709624644
-0.80922405363930328
-0.85686274677078822
0.16042179545742649
-0.48995007984348349
0.89672730694463709
-0.29242280095719941
-0.33221836562743601
0.68043530013428288
0.40449206738099425
0.61105971046782137
-0.31578537170209287
-0.90292000325011257
-0.29157343286003956
0.39385947036066055
-0.79957216752103166
-0.45338622225751346
