0.51772085350541874
0.35888125359580231
-0.77663979016216134
-0.629712375021241
0.69937209545775059
-0.33814345600668205
-0.88047417800638983
-0.44336619116560805
0.16790366998750611
0.41257073859785226
0.83596119633008381
-0.36187603386131784
-0.095241712274720947
0.82384902618934153
0.55875021099759137
0.13103563170552682
-0.98960509139458075
0.059257289082921931
0.038959503922181636
-0.12503945954902154
0.99138654954050398
-0.66509851177566737
0.6831737376084378
0.30152547798802998
0.97155884053364105
-0.20065994567807885
0.12573386807617629
-0.13103518114290802
0.98960508556223903
-0.05925838280107696
-0.3228033470281812
-0.43006317475009226
-0.84311545168575541
0.62971226422940052
-0.6993721481489249
0.33814355335070323
0.66509823723729533
-0.68317394208539972
-0.30152562027021401
-0.41256972078649012
-0.8359619035723882
0.36187556047042851
-0.62689922960054933
0.20888118474596926
-0.75057711568189855
-0.47952114739602353
-0.83317430815528115
-0.27546332138774765
0.86061649566626075
-0.10544101007044961
-0.49821826620713944
0.095241338793664351
-0.82384828718580072
-0.55875136428094108
-0.10742674406614493
0.69647607367621467
-0.7094931806972572
-0.3846109017813843
0.33735846839892458
0.85922274063856241
-0.038959828123648836
0.12504001000645398
-0.99138646737292202
0.4795212123106809
0.83317442347561421
0.27546285958396061
0.1074270194533498
-0.6964760107845307
0.70949320073770683
-0.82583249811081783
-0.32644691864145775
-0.4598185450517886
0.82583199327041235
0.32644708328426197
0.459819334854697
0.88047467513559508
0.44336544368942521
-0.16790303686040753
-0.51772029700169975
-0.35888196017746887
0.77663983462841357
0.38461080874775444
-0.33735791276849331
-0.85922300044102873
-0.97155899107755772
0.20065979059359915
-0.12573295230483941
-0.86061620016285367
0.1054403159001488
0.49821892356686692
0.32280252229331585
0.43006405334512771
0.84311531928997263
0.62689872795392876
-0.20888097773181782
0.75057759227913656
