-0.38491918536148839
0.2876566385550528
-0.87697826599970863
0.3399323884736099
0.46323206440698528
0.81845099167382618
0.73711319115256058
0.12909549476177928
-0.66332382488577957
0.91392051937513274
-0.29455608019084373
0.27925973552893862
0.022477214066651836
-0.040838745274149442
0.99891289496744162
0.80843889153845383
0.22513260507955765
0.54382154129656179
-0.2940944099333484
0.45999444981686288
0.83780283132944666
0.5302208980687253
-0.26476096892597217
0.80546100376403995
0.028826193482658202
-0.79690567500888065
-0.60341560777621639
0.94948583135933551
0.30569256029677644
-0.070913430512657721
0.90454004216033823
-0.31249517977670771
-0.29009321733693932
-0.34848417093852418
0.93606694900399057
-0.048347177659610184
-0.0082308120388238648
-0.19695240857967372
-0.98037849960504897
-0.45152149278001014
-0.85898811486076077
-0.24138715807943856
-0.091724232768477312
0.78123681555388558
-0.61745907001700018
0.5905558560273152
0.6736323835806215
-0.44436830749203465
-0.86988264540894
-0.4404938533699872
-0.22196699835697331
0.060370582239026471
-0.69190561770349257
0.71945952560965465
0.059623975134492517
-0.9952024249560697
0.077570064784813847
-0.86370648122117866
-0.36907056243277048
0.34321718232350845
-0.67041131586452207
0.65926008285876114
0.34047732774717826
0.61963459476868643
0.73434718578215952
0.27710499760861113
0.54801945398540808
-0.75168954926994358
0.36692982922063511
-0.97966923063144673
0.19810800115816124
0.031645196019413437
-0.45015762184304092
-0.81096624592375233
0.37375374709687359
0.24516289171833544
0.35673683108231435
-0.90146214001124425
-0.48757970345993606
-0.44697655245402623
-0.74998532941000517
-0.75332859932889695
0.14156095679815786
0.64222777652757468
-0.0073534128557019079
0.87249916836089192
0.48856026089820831
-0.82437827636681138
0.040916654439988848
-0.5645584866459129
-0.69981500495657545
0.6039691286361053
-0.38141873379813418
0.23447068065974164
0.96696789138334172
-0.099982983275212794
0.48825336537284236
-0.41670954810385114
-0.76678667419379298
-0.4424213377963131
-0.34828716475147825
0.82641358334183812
0.54665634133076091
-0.79972407490465069
-0.2482100894419226
