0.21731338765905647
0.63327922316886887
0.74278685842358472
0.77710557172889816
-0.60826400211220111
0.16162250499961556
-0.65966348022065291
0.020894182364811689
0.75127060770835585
0.99579612545207696
0.010665418326359005
0.09097431168497544
0.38249648051629825
0.89100563578456271
0.24455142484310408
0.4034477104765028
-0.56774331175425208
0.7175635699152948
-0.35165492223418165
-0.93032551213774617
0.10408293392344342
0.31963615500719084
0.057697273769492567
0.94578208537262276
0.36446849711995383
0.40056472213443367
-0.84066082220386962
-0.25375515755619343
0.87144987034403487
0.41974211546019091
-0.81983926378875116
-0.57253848618244552
0.007953828652420631
0.014958393808481425
-0.53540814308723883
-0.84446099185844292
-0.51245278791993532
-0.21189967598977022
-0.83216024146105194
0.8228673428252995
0.24993536266738511
-0.51031524629385105
-0.96496067024318011
-0.049977513876699672
0.25759105766803508
0.87032948459366899
-0.31734948968458832
-0.37658450531567284
-0.15066106085257244
0.70841535757888985
-0.68952804575967097
-0.72527439541302052
0.54218447962704519
0.42427943788242628
0.44382731696674593
0.79401553872002861
-0.41539937046803838
-0.039117645986432983
0.98808557735943392
-0.14885127337968701
-0.52456168983543261
-0.69108735559741064
-0.49722560321284104
-0.097588920451608024
-0.78591584431447792
0.61058389125537127
0.77938262532862335
-0.17352401837033476
0.60203998071928289
-0.90360548760067183
-0.1470023707441506
-0.40235236518945872
0.51110265512575459
-0.73798821236391121
-0.44062169072269092
0.81983926378875149
0.57253848618244518
-0.0079538286524205096
0.72363196489001402
0.40686863628995301
0.55750757142210317
-0.15189580368171879
-0.27154930463077165
0.95036237298118498
-0.6238364607369683
-0.53409783943228128
0.57058528562252797
-0.91606345102031117
0.37565568448146142
-0.14039430337988279
0.30559321964430602
-0.93753817149434093
0.16623766450017993
-0.62215283019848922
0.37911074922888077
-0.68498240539091693
0.48644590751311806
-0.20609810922379074
-0.84905473818718979
-0.26175825736794878
0.38710354881435577
0.88410036601905473
-0.087568897868470608
0.11164151321657986
-0.98988275096236211
-0.0066077091023623441
-0.92979036114983826
-0.3680301923664307
-0.565223210365838
0.8069864620872278
-0.17115949424929644
