0.40702075300411178
-0.89972134903161516
-0.15759314934570096
0.8454955384850773
-0.51310275844156583
0.14786092682478749
-0.54845939822042256
-0.69273672038746126
0.46830345368202919
0.49615800618161598
0.86065184195045263
-0.11447986656690683
-0.33432183694675166
0.79747429205947129
0.50225856174364469
0.41193880991020715
-0.82488172037224317
0.3871389470015783
-0.85782580311856216
-0.28034894592220283
-0.43074280031627177
0.72649285224264137
-0.54042839808167253
-0.42443525087724371
-0.81512992933369832
-0.098262402245658936
0.57088326180520665
-0.3964777560048241
0.77524461438359116
-0.49173283077563196
0.89545496897047461
0.44494497686031165
-0.013578148359147226
-0.68481353157490454
0.72864923284123917
-0.010036057581589269
0.016197971822902207
-0.65888401093249094
0.7520701335954898
-0.5396179925796224
-0.059543239393019372
-0.83980177704439529
-0.37986975663351608
0.29046472662756845
0.87825350018110659
-0.60495819852054078
-0.78085914993334826
-0.15583506026613692
-0.39042702133006629
-0.5868592960785225
-0.70933976881432004
0.96141890563934018
-0.052242355104483953
-0.270082254530709
-0.7677757032907373
0.43947852079582911
0.46623931536875318
-0.25417776363439182
0.40900961688682214
-0.87641588174103402
0.21013260011113405
0.89436306873971749
0.39491643628115741
0.66228693996379118
0.58897413439005575
0.46312576928182492
0.18255845669035706
0.79907095575687093
-0.57285078123071098
0.12568020908714694
0.52562521081087688
0.84138137773772503
-0.79319437518558444
0.34518828878837354
-0.50168488960432611
0.6109263825748884
-0.12106759479381685
-0.78237560836519016
-0.1019695946765897
-0.92579718761918672
-0.36400792458117764
-0.13025815890065784
-0.96698413694247265
0.21903079907043294
0.28884314183411275
0.32582655132032778
-0.90022591490697523
-0.9109160595830309
-0.39530675401069892
0.11817149667855233
-0.11979087860807529
0.99147569936944979
-0.051245321368548868
0.24021999386803083
-0.63195974052620041
-0.73683189460018683
-0.98514424082716745
0.17160807352156998
-0.0064415733543342554
0.70855045712722342
0.44826861088585862
-0.5449876165558859
-0.39700700650788934
-0.29439196056783629
0.86932089031419812
0.58090173956898195
0.1604915279435338
0.79799476090014565
0.11382250225727812
-0.089548209191404757
0.98945720281905281
0.013969598505484212
-0.1841315609726617
-0.98280232934775158
0.93284412694772734
-0.0036941801858530578
0.36026127720293033
0.5812210506846377
-0.39605827319746617
0.71085858964556869
