-0.93177198462576782
0.33077112249677704
0.14963767302648126
0.97960707348938336
0.052876834734447264
0.1938401968582158
0.89752512111530292
-0.43703585323733413
-0.058722397363155154
-0.57437962812051913
0.8185888145182254
-0.00062892430426005237
-0.94798166171532272
-0.26305899453377368
0.17925047962651436
-0.056984447052277884
0.99837138810730974
-0.002710018972190469
-0.074323946399586907
-0.01051171732359937
-0.99717874766287506
-0.19059042307356017
-0.75679550301026444
0.62524863634883865
0.35975015347485234
0.85909047710878073
-0.36406507552335682
-0.050909543287144962
-0.99388890674506691
0.097944164968568212
-0.3483077709727746
-0.52488001950048757
-0.77664835144944788
-0.21616226550661799
0.83238479519275743
-0.51030327032359646
-0.78993534118239195
-0.51212489694826535
-0.33723915353467854
0.3463824796677587
-0.82336597667811839
0.44954159565951513
0.16029151696684027
0.51379574475671852
-0.84280517455599313
0.19170244215495383
-0.47948783190587602
-0.85635366101046639
0.91768334952679842
0.020061266127160155
-0.3968057655864532
-0.94935890798814226
0.021316310106402878
-0.3134697413579336
0.50511337817179658
-0.0047528489044902896
-0.86303990963290156
0.26399686155628799
-0.44873958990947704
0.85377891607623124
-0.28042856293380852
-0.22291141155578256
0.93363286343674057
0.75447158533033154
-0.45855569417329456
0.46957353233586768
0.74382828286041225
0.47633110177159343
0.46885836571611933
0.66470216216084932
-0.49227402330161557
-0.56199405833258831
-0.65346826470552766
-0.45805522399375703
0.60263142864836994
-0.11323713923048059
0.84632386231563717
0.52049329522486576
0.17489285044264502
-0.86595004236596373
-0.46855417508590408
0.29139601305322371
0.58254643628648362
0.75876743020941761
0.82784401399452356
0.553945639151601
-0.088422380415589696
-0.7485220976901682
0.082234651370937717
0.65799098123257771
-0.60812435959610045
0.61204294551902561
0.50555731238528034
-0.74679706797536083
0.5201069949617817
-0.41446695049814225
0.53153164207592252
-0.84449993343402496
-0.065528435827516537
0.19268791286653883
0.090000419456158026
0.97712399046019371
0.6768132154072023
0.0029503620082020668
0.73614887544177121
0.43520305475129256
0.87156098112319336
0.22578697331493636
-0.39821725559262888
0.4076426376383035
-0.82173626993553206
-0.64638246246080677
-0.076631691909260863
-0.75915564676700364
-0.35944104649269715
-0.86581530420958974
-0.34808905913959759
-0.2804059346968174
0.36994530034360412
0.88572737709776406
-0.60316078167666787
-0.78160819949292271
0.15901476010931367
0.65346778212146484
0.45805557935360319
-0.60263168183583637
