-0.16473295614949615
0.85696607563750271
0.48833615303877109
-0.28961849804727052
0.021924552442368288
0.95689102806382553
-0.95519594307416056
0.20032282318708255
-0.21787950074530221
-0.73738676098711764
-0.13044406382048773
0.66275569475857687
0.95519115289069911
-0.20041483894954365
0.21781587124946888
0.26070724256798772
-0.71100240719654906
0.65307527179744695
0.55246122974115908
-0.44485379694697852
-0.70490544683293699
-0.20325223975715734
-0.89204285777818826
0.40366826345481022
-0.40939960128416125
-0.69407555394036446
-0.59215799571630023
-0.44331247497423393
-0.21181821773344389
-0.8709805348964158
0.44331288325038154
0.21182343485916252
0.8709790582951461
-0.83333202168399279
-0.2765103932931674
-0.47864365036729301
-0.29187397495572842
-0.51529689803625389
0.80577831294826829
0.28961796240662668
-0.02192996327194037
-0.95689106619422726
0.26059125503721381
-0.96016484355893206
0.10087453093611676
0.66999482459004855
-0.26610348430447067
0.69303381639251216
-0.64318912600098888
0.72926765090507684
0.23340188846167242
0.91040611487274326
-0.26844198173556705
-0.31480090286433243
0.96186480043255396
0.2492075616453179
-0.11274616138759834
0.64326765335656777
-0.72921851928493764
-0.23333897504921397
-0.67000510547149017
0.26608575454076838
-0.69303068465444395
0.022434516706743145
-0.48269329889251961
-0.87550206833815736
-0.55245094885971757
0.44487152671068081
0.70490231509486889
0.16483658400200041
-0.85694008251055098
-0.48834679845511586
-0.71371852179813544
-0.6893074395466342
-0.12434277392734866
-0.91041377993286388
0.26851505478834653
0.31471640354510616
0.40941785068201619
0.69406494043631461
0.59215781849102789
0.2031648003154298
0.8920329321806576
-0.40373420937291166
-0.022438827703439728
0.48269035151513384
0.8755035828398946
-0.6880450263144029
0.66111830344613454
-0.29919329974536096
0.24802971392049331
0.96014322753661618
0.12886521496543565
0.71376442107068327
0.68924572757224101
0.12442137371466541
0.66894104763479934
0.62120706978820617
-0.40819070449289735
0.73735773526550086
0.13054672485221358
-0.66276777446892499
-0.96186483195437134
-0.24920760958565974
0.11274578650215904
-0.17612890190985406
0.24894531159098898
-0.9523680180208145
-0.26059122351539643
0.96016489149927375
-0.1008741560506774
-0.26081064168625839
0.71097676194285675
-0.65306190607051373
0.17613334027104707
-0.2489421705097494
0.95236801825074868
0.29185572555787365
0.51530751154030352
-0.80577813572299595
0.68797895420240562
-0.66114849235659212
0.29927851514796233
-0.247954527314902
-0.96015193681492561
-0.12894499065334356
0.83336081867137579
0.27640738438818169
0.47865300976705261
-0.66897469407121113
-0.621126722937973
0.40825782631158969
