-0.63956914366441842
0.10403174694216344
0.76166180559387664
-0.31742143088703578
-0.7415088585223889
-0.59110764497378199
0.47962687750553901
-0.14623283760556596
-0.86520171958920133
0.15971122739131338
-0.91029020123900883
-0.38192155395238531
0.071998806481081937
-0.50135385119235398
-0.86224154838414901
0.14704081007009459
-0.3059597009238304
0.94062089153097728
0.029322650208909503
-0.74299139169869732
0.66865833879968839
-0.42234415951593118
-0.24997274325622854
-0.87128585352439702
0.32757853090324696
0.83735795137450453
-0.43763451344833743
0.75968953543068496
0.54571044816801106
-0.35365508128313156
0.10707900436920066
-0.97781744370778856
0.18001981447625875
0.81956672839179656
0.21654769924247583
0.53048795619312361
-0.99136078079549828
-0.12366766351642647
-0.04370482011091896
-0.5362534995114544
0.69886717413058563
-0.47330419096438209
-0.53290291898104203
0.60406195523927197
0.59255686070958025
-0.46286472672794593
0.30441154450204888
-0.83252018373426906
0.54668929468266791
-0.60038813003626523
-0.58366506524797557
-0.75162471181999846
-0.46960545502390788
-0.46317492288906653
0.34775935727034052
0.93399304065469324
0.081978225398701338
0.0098302670348346284
0.092764881347671788
-0.99563951440196274
0.62472588805077178
-0.24410249383375016
0.74170852583971181
-0.40229844903786371
-0.39615227575281425
0.82536012280555171
0.89050221607815805
-0.38293636398752534
-0.24569400541304004
-0.056021054289754305
0.65213045582910278
-0.75603406673005868
-0.90300465308708944
0.28181349590668431
0.32428960826384567
0.77281949620291379
0.61336348852333411
0.16289646170239616
-0.11236551249005503
0.92793046741191443
0.35541389850645011
-0.34759343100504408
-0.9324272510138828
-0.098783745063827616
-0.44499389234893005
-0.78459250592108698
0.43173491337233522
0.9917991495322469
0.12780439995523538
-0.00069450643908054981
0.8384620844555658
0.05061420533333847
-0.54260440022994871
-0.043760912375089722
0.60674242999933181
0.7936930175997553
-0.82758635065975983
0.052016389698219229
-0.55892318560283771
-0.16598287337084544
0.12720990214381356
0.97788921997541178
0.43886188204038479
0.40584486398752612
-0.80167960861363929
-0.15386451422601075
0.96546364170535093
-0.2102514394886173
0.59990838704294547
-0.79907304501720922
-0.039902329286106195
0.38534192903904851
0.23613937273383506
0.89204808971788951
0.52230243346947058
-0.70409512597734702
0.48109273697158766
0.43502581717964395
0.69052717614921244
0.57786223045512974
-0.60046871857151496
0.79378538725972281
0.096654420437010946
-0.88621910014610283
0.42335467000198357
-0.18811307749261677
0.89699619865664526
-0.33851323359661928
0.28426503526724634
-0.82939758897216975
-0.30931818167452735
0.46521167428678745
-0.77474014440784922
-0.63148799137097733
0.031632663453357426
