-0.50711736903956339
-0.86187675433043565
0.00065906238327334739
-0.28407741055859215
0.19783503161044674
0.93816913457969753
-0.46626652418035097
-0.7296308692891581
-0.50023426812756588
-0.97511016423723107
0.053015339921368754
-0.21528943618826701
-0.30077392032606226
0.92683424360966427
-0.22475171573136668
-0.082447993725234189
0.93848821216790967
0.33532402829586255
-0.70395381648482014
-0.59344534278989547
0.39022000125242123
0.87121928022794015
-0.22070857711437192
-0.43847997644962006
-0.064198012959351666
-0.31000218548523845
0.94856589656515011
-0.74063791693465286
0.23624183821036168
0.6290033941702442
0.25275760111223466
-0.72104197528444791
0.64514499529787117
0.61290973539092075
0.10113936388551582
-0.78365329408856865
0.46206838004704714
-0.28678144468400402
0.83919557621906771
0.11978668490239795
0.81580196620199286
-0.56578998052374163
0.03593399019092839
-0.68415991117621322
-0.72844626726225625
-0.86681050080175648
-0.48241206773238704
-0.12616716136130968
0.44929574806938977
-0.80722995861446545
-0.38277032889456791
-0.29807340211830657
0.15912158934878665
-0.9411867863249751
0.57337553042189326
0.57791244774537398
-0.58073892917072745
0.23341495152973751
0.15562100188663403
0.95984351025267156
-0.71984834904690853
0.22303703960242172
-0.65732247286992096
-0.75340719450616278
-0.28420010157169306
-0.59296534597984107
0.41235529485735145
-0.89924420278753048
0.14602388351268253
-0.086933086173625149
-0.95657753155055725
0.27821226547543093
0.45249028855396523
0.80493449509923642
0.38383980690346137
0.67110220172877866
0.73422479643209793
-0.10264396299359238
-0.58491843881817529
-0.23737801838193229
0.77557855586624858
0.98932758703939749
-0.11394223976774523
0.090819004175959964
0.88057895500990835
0.40711449926973603
0.24256646198106152
0.5894122165755612
0.41185995690611699
0.69495655608733931
0.089410265658365656
0.63644675428508757
0.76612096522342865
0.81806726799367113
-0.030542296613012988
0.57431098993051999
-0.2837715175906978
-0.68815000830535178
0.66777488113406636
-0.94281703652191373
-0.14038337326459893
0.30230538227906023
0.80481658095132813
-0.58717780497245642
-0.086559207329680157
-0.029135741133049172
-0.96607853376160058
-0.25659963989387036
0.72696962897913053
-0.53933456509430366
0.42500986510489797
-0.90303173826988559
0.39469043422578354
0.16956751106250129
-0.74118416667215758
0.60026711933406052
-0.30054187149362083
-0.57987711136153686
0.79169669751971361
0.19224691117253073
0.21751137223827768
0.97211042659514679
-0.087693337557782441
-0.3501144178711168
0.63251855550323299
-0.69089809041773487
0.91482810027860384
0.2766223085336853
-0.29422720024181209
-0.41748864073699471
0.63325226669869106
0.6516861219763288
-0.33163387047858039
-0.34811574487704477
-0.87683202731201404
0.16156261113566228
0.39851954791690453
-0.90281764083957328
0.51570379805571209
-0.44076489594983198
-0.73469442570993226
0.15873026959852279
-0.15012752911169264
-0.97584139413943605
