0.45928153958895079
0.54602314012687647
0.70065626225617128
0.98784742774987877
0.11054980230735857
0.10925292077446555
0.92676719212149272
-0.069701424340332677
-0.36911283241330572
-0.51315235732723297
0.48580052255788064
0.70758215809331548
-0.48800549134538007
0.80218120295118911
-0.34402900756845661
-0.091127107183975695
-0.926076812248673
-0.36616606635735127
0.86711513977219823
-0.30657982366397185
0.39258138786754637
-0.85328365056294864
0.4994572731512264
-0.14983138515781311
-0.087538435230381295
0.99551128413442136
0.03597645783636369
-0.85295788099430458
0.39587810806734181
0.34021078290190582
0.20553943576191258
-0.6778341870170963
-0.7058996778987412
-0.95066163241052803
0.029101146736457341
-0.30886175535532606
-0.97751923041630862
-0.076672734127938028
0.19641142025771841
0.6835728642126353
0.26386536842801961
-0.6805168672828612
-0.2767782185045084
0.053794886783922573
0.95942687471082222
-0.48538004541301993
-0.87367186810050701
0.033221655657493854
-0.0028692838718438933
0.47474473957086599
0.88011885530299461
-0.70584861228673546
-0.21875288361190237
-0.67373949894923579
0.39984682278426076
0.66780408204564567
-0.62782181095634493
0.19189434565858773
-0.76246482469433574
0.61791904907366146
0.010002306070858466
0.8981545205667556
-0.43956616232231338
0.66549508013652359
-0.54365646016831748
-0.51142345627800134
0.76628859975279584
0.14224296047311955
0.62655304810107004
0.3218682876379434
0.063630340075424938
0.94464384041547844
-0.55252174904646367
0.80807047365209328
0.20430816538336974
0.33184208789726605
0.87921861071790031
0.34184128373745087
-0.14235179189153405
0.82867201633177479
0.54133045055114026
0.42664673020005045
-0.88069533061072236
-0.20578703129710546
0.072796306794639026
-0.20596957583935083
-0.9758469303869427
0.47733199016615951
0.86732747305904123
-0.14105752599925953
0.8676129881940432
-0.4935112437834962
-0.060781205781636323
0.18701986822580041
0.29680635900814228
-0.9364451687851959
-0.35346200991383248
0.07768134709996373
-0.93221790149106698
-0.74261851059355177
-0.016018310949538834
0.66952308506737745
-0.86938252450329434
-0.47141477648024049
-0.14812877709737429
0.029441330134784768
-0.37947116068026537
0.92473501409423597
-0.45789203755870916
-0.42180895571868537
0.78256762443628192
-0.21365087680609829
0.5821645203042648
-0.78449842201172748
-0.76327107888403323
-0.53214128626394452
0.36639174607591618
0.53907344060895046
-0.18416745735188797
-0.82187722518790407
0.83459525593683359
0.49288239096492198
-0.24600347039103579
-0.5516515195258237
-0.70276734038954503
-0.44922006443018009
0.77516743333273819
0.57316301538983017
0.26570586762352827
0.053956518848532031
-0.98831487735580892
0.1425566458321755
-0.28329733669833601
-0.51051769957299387
-0.81185854521728595
-0.29950146770002883
-0.80855205838819544
0.50650018728697521
0.57381842324139798
-0.76654274835818448
0.28834810921564419
-0.67720523164524105
0.36324987087842453
-0.63987702376247546
0.53628226180395877
-0.38038997747233749
0.75346187741187343
