0.060326192553471616
0.27595334904034063
-0.95927602891212771
-0.43064942562943875
-0.088652540383756293
0.89815466334509508
-0.35406382912419593
0.50629124582647989
-0.78632561913330978
0.91105939132476776
0.096126525492326767
-0.40091205591216195
-0.29401685653745535
0.851069298423484
-0.43501165197359043
-0.6493411983279378
-0.36655962495964162
-0.6663257833098496
0.53017203600809548
0.18362961066484595
0.82776674149310181
0.039937801457140647
0.099364251096736064
0.99424932367025276
-0.24526696361917164
0.81903652660227677
0.51867454598072371
0.88111154781002243
0.13682258040874187
0.45268313620690565
-0.61876203435753308
0.78498270929090863
0.030589065890146355
-0.21235440192250676
-0.82541850172697051
0.52305822332789831
0.50093824114568364
-0.835837536899105
-0.22458069923371893
-0.85538491340543898
-0.4752112830571506
-0.20613317630489852
0.36443367085684386
-0.63610761992683007
-0.68011410470363654
0.71677145420910471
-0.66571172581604388
0.20752489137929847
-0.95676295976765646
0.011893060746589532
-0.29062552180204654
0.19976744198763913
-0.22060639873753676
-0.95468622382318369
0.35242407905514961
-0.29686300431272211
0.88750753527649229
0.53863358922167492
0.26893546682584757
-0.79846576084722598
-0.66676368347939274
-0.71986307504212699
0.19293352115141971
0.62672902429524313
0.77871573080037115
0.028505099718758902
0.022213148149962544
-0.91683535968012864
-0.39864708614196187
-0.68503126518526791
0.55324384286519579
0.47397617666969466
0.66667109634588184
0.59563336912187115
-0.44807425599503997
0.24460677292305452
0.93338290976724048
-0.2626097301978903
-0.94719207972656227
-0.22328555632817432
0.23015369742519357
-0.79930396069136156
0.077063394885669073
0.59596510937453184
0.65930296079964001
-0.21485264274657076
-0.72052616037562633
0.82863345520750653
-0.46281802937329714
-0.31490644419872899
-0.75290225287963564
0.5385528458714316
-0.37828432403755685
0.16731823479686805
0.5888447573835619
0.79073792118903352
0.17622332871383184
0.69825794281411457
-0.69381639049104149
-0.94262263410384695
0.31901686547425429
0.098441907834553699
0.9787554467658911
-0.1918545928028616
0.072315908668488416
0.22593550016714967
-0.95721847148442696
0.18079255408682396
0.74689362155080818
-0.33405439402686821
0.57494137085276797
-0.15634200829573214
0.98692671962268208
0.039151328673097958
0.92743386271366024
0.37386483556478256
0.0095663483178058135
-0.30711974838227135
-0.085832319163554022
-0.94779231540491837
-0.34778208356414969
0.41706831108841275
0.83970330845938534
0.24496695268033394
0.9033006378029681
0.35219192188246168
-0.69701765535930693
0.14577405642430386
-0.70207999016566336
-0.48467498575723805
-0.78206137145068599
-0.39175268916229938
-0.11647549339476342
-0.48245610776773118
0.86814144211416255
0.33015103470039986
-0.72390935263754874
0.60576855600975243
-0.16732067361259131
-0.58884654341026132
-0.79073607511964161
0.63268612267044066
0.58559764018085092
0.50673826971609592
-0.25640596318082665
-0.96601867520137374
0.03261749848617003
-0.63053890928307132
-0.46847373626261685
0.61883199845536341
