0.44338625308584495
0.72820807248684016
-0.5226104033976896
0.045949589178344456
0.95641234920684848
-0.28838178433975087
-0.13434409650844395
0.16305871147535383
-0.97742698977740905
-0.75611870283109983
-0.61867377698131809
0.21337119042805433
-0.061027046473166043
-0.32141977352556489
0.94496826866595729
-0.55005340721021811
-0.808859826600966
-0.20781489390196586
-0.021515703425860674
0.97422347913199503
0.2245566458915019
-0.0046855341393346652
0.64165702101179567
-0.7669773876432715
-0.5476441909655072
-0.097626726509199249
-0.83099630707532823
0.38136778564841906
-0.88660758481377611
-0.26169754034056997
-0.63593449109813938
-0.51032629766142434
-0.57892520496773481
0.838704551039122
0.52045260789792169
-0.16032391898440115
-0.074185236514406727
-0.98936784660991361
-0.12509122582245286
-0.40880100128339397
0.39375422843497293
0.8233099956512574
0.78887086552392793
-0.34513956021598208
0.50848937206341638
0.3514474648203692
0.3008813669414202
-0.88654107772781621
-0.45018623819864656
0.75928529628429131
0.46991295979471287
0.76429081328231419
0.54755103136233663
0.34065733631656953
0.63998230156553615
-0.74961049901811294
0.1688394309534795
-0.5156352834485235
-0.085188073005859108
0.85256275234173184
-0.9940095853030706
0.10468865752063773
0.031388362686579949
0.66199138775238042
-0.1882044930208443
-0.72549739582471584
0.92679924910947131
-0.37407589034765315
0.033322366523567168
0.37824530043775978
0.8036403512154453
0.45944823276955216
-0.80260876339428699
0.500937553725471
-0.32385296075570175
-0.14893863943412361
-0.80626230106390839
-0.57250186337394893
0.4187584648202855
-0.148238817540886
0.89591662620772783
-0.52407314127915638
-0.53146034059653458
0.66550525840357766
0.7335193025714698
0.32017119044972736
-0.59953301957529326
0.94580831966888546
-0.025412294395502778
-0.32372957501389249
0.41545813432661721
-0.61089436983103884
0.67394555234869247
0.97930919813238049
0.11565737418553025
0.16606283825655299
-0.79672767704948833
0.26870364715962136
0.54131632030305898
-0.80758030730572639
0.5682709015954287
0.15774102082815078
-0.45440986747928125
0.89041004076133312
-0.026108076314870821
0.7347228728104388
-0.55643628064211026
-0.38802186246956544
0.48397631408609088
0.87453744713243331
-0.030841221874756446
0.23238504939333984
-0.19274534745450614
-0.95333436938625926
0.41584615963123933
0.41093589949627862
0.8112975151109082
-0.058930550723019101
-0.73005467708714644
0.6808431233806097
0.20923879597746275
-0.93375759704890926
0.29037196182026337
0.31689751016684231
-0.63574075078506787
-0.70385344059775279
-0.88085945795492515
-0.19814802274657106
0.4299115913917419
-0.52913127653675129
0.39499109275684208
-0.75100075155311519
-0.33978417445834658
-0.89340694407005894
0.29388900468554208
0.006459910446361624
0.17220873445926396
0.98503929938503654
-0.91728783793052282
-0.36153395397387322
-0.16696173965542008
-0.87721064616335731
0.026570693296329582
-0.47936987860671554
0.7657454975775746
0.12549614794799741
0.6307809047441808
-0.3865172665543774
0.78310096588588307
-0.48719326748625091
-0.18555785032267108
-0.43211536355225855
-0.88252172594544587
-0.01524777265710048
0.68591116007757869
0.72752552251452152
