-0.83367973464800782
-0.17887193105374069
0.52247768595255162
0.27710712803389831
0.62591497760616266
-0.72900074101545431
-0.47558402208816469
-0.27226275216563006
0.83647643823220796
0.19827834499542848
0.97826541887515917
0.060683343174905237
0.67063893290296117
-0.52396236998099999
-0.52507795280193525
-0.24905700387714855
-0.597068128029274
-0.76254852915165761
-0.49823103834237742
0.21355299733901376
0.84033383233081815
0.21194059326966291
-0.71971697524992084
-0.66112681118043326
-0.053564918042886038
-0.51722690538786753
0.85417043258236758
-0.1973582448137077
-0.12935867151783773
-0.97175925892537429
0.76839903922323449
-0.42934789090973524
0.47457697488623746
-0.99050859779509204
-0.11206436251743007
0.079588292779544628
0.60597849565224526
0.7696773552966536
0.20096475201037275
-0.57193864534252581
0.24722113118293229
-0.7821559296332079
0.33330017649100502
-0.73309520081962554
0.5928595271110163
0.11180575910233451
-0.98644371936076558
0.1201176954709431
-0.43522699357447836
0.65178918627990134
0.62108640358061684
-0.0395916220242035
0.48655880516898664
0.87275026930847788
-0.14823378924157965
-0.85160327672410852
0.5027908141561902
-0.89185226146087904
0.10281850242436485
-0.4404859808056627
0.75379275540776236
0.025159693005677018
0.65663039203393059
-0.86637976710132969
-0.37283774146343251
-0.33223202388976936
-0.1146717041857605
0.34986512311145435
-0.92975523439738716
0.43247857287238745
-0.86542851178452485
-0.25297386227965407
0.86609619875325117
0.37309672288099049
0.3326803418908818
0.89800354911882252
0.41597633016803415
-0.14336428603363247
-0.7076952006569196
0.58807014480777431
-0.39158780337610821
0.70368815358616865
0.37799143563292936
-0.60161902986079641
-0.36930811274558129
0.90922734753987722
-0.19213835729988035
-0.55611716142372591
-0.73291024348295397
-0.39188809342435349
-0.82204072330532996
0.31219171387939121
0.47621988935018056
-0.67922326432955837
0.71545808440279113
0.16363216876943032
0.4108389530928046
-0.3128869932286677
0.85633701548510222
-0.41533861767993729
-0.90714454218031504
0.067694994321483459
0.98246021202527201
-0.074046148624392238
0.17114058449459579
-0.23560463257682585
0.93155205277825759
0.27694986924162562
0.86733010744282524
-0.49171873413686534
-0.077143834634115893
-0.10273797822113387
-0.93507906742943314
-0.33922270779877817
-0.29399424523900725
0.69665435655759445
-0.65440055872200364
0.58636854177101283
-0.78713938442676412
0.19126819575034104
-0.80185265109312709
-0.58809826995554215
0.10570123372138127
0.32419688943930725
0.16398322494282386
-0.93166833090710399
0.56363579938351926
0.76966998421103561
-0.29987130749354013
0.52130966389435263
0.54701978151391117
0.65498518530027072
0.67622357700306257
-0.10361966470367964
-0.72937277094218456
0.14425963426634145
0.8179760492694057
0.55687012915306955
0.3586233168189315
0.18423793884758816
0.91512059233905374
-0.57113553154144114
-0.63261641023823112
0.5230685252509174
-0.93623219108088551
0.35121537123463337
-0.010818844319201638
0.24732947921949372
-0.32700327122970352
-0.91208387186381434
-0.062531257949719032
-0.027839956388552356
0.99765463894451423
0.08050998577561283
0.91438149192468032
-0.39676772728638932
-0.61907988672136471
-0.26281722031145971
-0.74004540574536348
0.9442422846204519
-0.047378395791334377
-0.32582479271379816
