0.76998546282381808
-0.62782028530484379
0.11385989811928959
0.53688996592887672
-0.79747907456714529
-0.27527493549616733
-0.66646918616323736
-0.67563419916675538
0.31517812870059525
0.48073648284430925
0.87059559539049836
0.10466968686848539
-0.11313879168556892
0.51048104217449009
0.85241346739500545
0.37717471999739566
-0.90395698066986252
0.20149691732905473
-0.84420562276155442
0.37208242809197717
-0.38583873989395467
0.13991947482679476
-0.82987363341839571
-0.54012247974060845
-0.72998912409135253
-0.27211784662312277
0.62695115938766255
-0.41498913728248682
0.58305983754715685
-0.69844487382829323
0.7994865425234744
0.58554428810206993
-0.1340117718519574
-0.81774181332053686
0.5606356244776225
0.13033043893821045
0.14088374410155419
-0.78236904609480085
0.60667161328072605
-0.62149485565567864
-0.4028033061112849
-0.67193276522234391
-0.5789665458388118
0.59391970679711914
0.55862073061917328
-0.7925445568556504
-0.5699039840188761
-0.21698519396007918
-0.36183731310213024
-0.77712918115957008
-0.5149213480108269
0.91600719141600317
0.14613165008232795
-0.37359920518970841
-0.50232818924374145
0.20874364953080693
0.83910218631085909
-0.3135122022975505
-0.14094427381663965
-0.93906592457017635
-0.16023372130320576
0.84363199961175894
0.5124550748976846
0.29293695124304092
0.77260854797976786
0.56326190549781285
-0.13459161573107434
0.29083692316364246
-0.94725866641567569
-0.33789219668529547
-0.21661854635480485
0.9159177194455389
-0.64796577269447386
0.13685779080422969
-0.74927318283296307
-0.08342670296978999
-0.53501227362072334
-0.84071508390582272
-0.4604223262128696
-0.88435396747869455
-0.077002218990247201
-0.19055300934485994
-0.93038380269135212
0.31317012999198501
0.097222185940070274
0.68471879156810411
-0.72229358507088348
-0.93744741866136139
-0.30320900804194084
0.17104570935095828
0.36879334452966472
0.85690201391288234
-0.36015331121991695
0.44594914792572826
-0.50382979845876397
-0.73978705831429514
-0.59003687980708908
0.75289958449407335
-0.29154535862566267
0.63619340210470565
0.50724219278044547
-0.58134612149882425
-0.85727979837060042
0.16797527955177377
0.48667818192843404
0.044980565055434477
0.075860510857884852
0.99610337398267779
0.1103998318151775
-0.42022828272286389
0.90067756024837942
0.20214768282119225
-0.14370635573811485
-0.96875425039093022
0.71329862391256482
0.57633890570232349
0.39879636269440771
0.56639840191765878
-0.57312569893059873
0.59221599398398117
0.86839746683417041
-0.24269106458580328
0.43241980385524142
-0.43931895568588325
0.8890571677170892
0.12874862215158867
-0.91218815194577108
-0.13275901306154939
-0.38766973044162506
0.35392730988155652
0.30238303683066664
-0.88504234834106577
0.031061149755471602
-0.99204585753284491
-0.12198451347523709
-0.99145114209328955
0.12939877794601534
0.016750794249512906
0.037839128335671185
0.99656648521653457
0.073644014759918608
0.97541607256107854
-0.21516326555702828
-0.047626195988723308
0.80358218820451055
-0.41277683542379823
-0.42880176181770197
0.67126173229450659
-0.041989082929059438
-0.74003013700237541
0.76266538158661956
0.17041373827693365
0.62393963933686447
0.96373195571885029
0.22020107993737051
0.15077201968779144
-0.34813781761334039
-0.63713034817782888
0.68765178642843605
0.49655657639464801
-0.14679192493722604
0.85550201473313303
-0.14130584886931719
0.91943261267140042
-0.36698273505924506
0.38562601327741769
0.38732767599605572
0.83741856278163507
