0.044470036180328326
-0.91540006220261116
0.40008141921560925
0.80120315597347869
0.45490699342226454
-0.38875844710263646
-0.22769597313219572
0.96163912766414383
-0.15298605153649389
-0.53727157137176706
0.79976434411822384
0.26779890304640791
-0.20844676873166604
-0.089799058191743164
-0.97390249704639498
0.6895413800369915
0.084618211003540916
-0.7192860651946773
0.87940815128244654
0.035817027259059421
0.47471933183336174
0.48206400645667585
0.24515414246724482
0.84113835967103989
0.42813066526643784
0.4805224670429879
-0.76537722211040371
-0.45673250245952707
0.30347245375380977
0.83624152671922469
-0.93518749090503428
-0.35216892729321625
-0.037435324279239311
-0.69138691913808292
-0.086621670322344552
-0.71727317967097937
-0.77168564718657484
0.39440683186052944
-0.49894339649701469
0.37927207310655459
-0.61721093843081254
0.68934994889592316
-0.63981449714390548
0.74551332124540803
-0.18667430752551992
-0.74098393374199001
-0.035642349786116835
0.67057619465499241
-0.2736792237877827
0.68480111315342929
0.67538664325757947
-0.42936507810823893
-0.8065810209584271
-0.40629138106876866
0.77636716685259355
-0.48302161861896536
0.40490015828595571
-0.80120313597825688
-0.45490737150669441
0.38875804589420032
-0.49884774432627171
-0.46204790025824288
0.73325484372593097
0.055292489396825024
0.82730427489365421
-0.55902627608994104
-0.65404621512163319
-0.75642821323236697
0.0063171758844607542
-0.19047798029105975
-0.98137697191926199
-0.024847092602928871
-0.95552958397498899
0.029770181018903573
-0.29338873610056421
0.48967198391037048
-0.3348326709784919
-0.80505181859225106
-0.96617976257039884
0.031728760263217207
0.25591004703130948
-0.077423132710903841
0.94019441219551469
0.33172296543585933
-0.27508773982323137
-0.12634230818258554
0.95308150572867745
0.95218586904937419
0.03044532303218803
-0.30399860704969306
-0.38395455232682751
0.70582607092357763
-0.59530534967534965
-0.76390194447606097
-0.4635752614257293
-0.44894520402801941
0.069512292154784494
-0.4904218782936467
-0.86870847960079189
-0.75396041444893858
0.44514362232063209
0.48310542219193847
0.47811439705036268
-0.83732319642732222
0.26513484881829491
0.94859198087170016
0.30115286887448506
0.097366336043681542
-0.39238870589028291
-0.49290707180168941
-0.77657821374130331
0.70444382826848095
0.49205350398348274
0.51150976728897746
-0.019994457043269506
0.45214098328765845
-0.89172235192307137
0.61096810507912402
-0.19954388797516207
0.76609412695032486
-0.41054325612493425
-0.81340482950665172
0.41210049525035952
0.39642634716538599
0.83794122267282845
0.37510086459334424
0.26365421684164569
-0.95511895943467007
-0.13503417074967169
0.70548909034550566
0.70745181957355363
0.042391819795086917
-0.066763064317865828
-0.61020752452102034
0.78942350500907743
0.18742923458526828
-0.19951492759996653
0.96180251387047255
0.45672798790965613
-0.72483296646214479
-0.51576808333754454
0.73165341760693825
-0.67550219271101419
-0.091542690296380416
-0.90388454259784279
0.4274416652544083
0.016922070122385061
0.00076759171630137334
-0.83975512284782672
-0.54296477275582844
0.48184944282343878
0.78377105865318375
-0.39182144156287446
0.9669998211787032
-0.24686717416465187
0.062991619762595388
0.23043595497044822
0.97146421353265289
-0.056183204627732096
0.013084523538784094
0.27754618932329955
0.96062318732991137
-0.44926907414305695
0.2913541187137017
-0.84455318158609916
0.20340095898957863
0.64537681180680229
0.73628582810224374
0.80855416220885368
-0.38154660691785186
-0.44795351714682724
0.23999458589514916
0.044179556440600835
-0.96976840819534194
