0.80957678742907924
-0.56179216805921428
-0.17022040172476124
-0.12975351447736683
0.89163527357730954
0.43376325846420849
0.45088462084150027
-0.87052674810011488
-0.19719594197360049
0.62644742828985223
-0.73664623925215111
0.25478606277560151
-0.74058485805680141
0.26897801291166556
0.61577990921032766
0.21255044750594695
-0.95337277624812045
0.21424905314603623
0.27878711007605705
-0.33429416706438669
0.90029170668298864
-0.21556800685327615
-0.13549757803776949
-0.96704231591342704
0.57839428769622792
0.0076146017800165248
-0.81572180662288596
0.67951272545595154
0.6427678555151165
-0.35371166203551019
0.80961179275638417
-0.26613952154661996
-0.52316202088906416
-0.38093295680055517
-0.80229925214111264
-0.45957153136045925
0.90826393135081507
-0.33199044293397817
0.2546349873989488
-0.21742008804331436
-0.88965293146547553
0.40155468724710885
-0.88379438347233386
0.29660964583380939
-0.36184279147317477
-0.59883744213427859
-0.59711943308155313
0.53370600571329452
0.2690383627661182
0.87167695720498783
-0.4096311043341076
0.16539996657025779
0.17962485568379238
-0.9697307679346544
0.90968456036369794
0.10552890493182264
0.40166858336170119
-0.99440610282862951
-0.096699212079242688
-0.042494294210291363
-0.41136024448104469
0.61599259631287362
0.67181535450465868
-0.7570900177847607
-0.58284943071526862
-0.2951292023598443
-0.54244495264439141
-0.4088043103866395
-0.73391587335329378
0.99163157298962468
-0.065353132218111967
-0.11133638919690454
0.18551873322280221
0.14596028835725741
0.9717398797240302
0.49880923180585757
0.4402816458937675
0.74655302728896999
0.55688686013541866
0.82939519213545454
0.044504384852587273
0.015008579937019397
0.66228324493814761
-0.74910322786814343
-0.70815186327731927
0.6830360371011549
-0.17883710621124121
-0.36635393615863915
0.92987516408149462
0.033421141295371493
0.63928237213374806
0.003691082572229431
0.7689632140671574
0.11802798703423363
-0.84809181235190267
-0.51653622534950239
-0.93426307650138707
0.32530096958044913
0.14605404162905899
-0.18694486936910368
-0.60242216559227779
0.77597625622159283
-0.89443301687782129
-0.12503891405572662
0.42936563473408512
0.32901068796926075
0.82037771857827302
0.46768832149445594
0.5046107207367142
-0.5979506853175468
-0.62275436445347354
-0.84751839499783388
-0.50722111282553095
0.15633078022042082
-0.63532313762315651
0.10210354487499278
-0.7654667706207946
0.2491652651427646
-0.73554086894739867
0.62999706408398559
-0.67114950049011235
0.67662967101341243
0.30287065935173335
0.10919907206920343
0.99392822660419533
0.013499741429537035
-0.16201040340269354
-0.19294154617704726
0.96774283203137534
-0.32692328015608091
0.232938225338955
0.9158935266000775
0.46096440526699684
0.48827087039278971
-0.7410150971489794
-0.86451196675857878
-0.17175130215037337
-0.47235637980328471
0.26461414046812215
-0.318428323489447
-0.91026521380530467
-0.26763064126896957
0.34253622645301157
-0.90057913223730179
-0.099397723231151869
-0.57935504661560755
-0.80899185569293008
-0.59158713389704098
-0.19140504458913973
0.78319140183821845
0.84536672896444998
0.22418035949733292
-0.48486932257629251
-0.52638976736108811
-0.84866923000878758
0.051714126250292355
0.91916661817073408
0.39350257464841876
-0.016983868394495501
0.74446306939775198
0.54779657394556958
0.3816983781421846
-0.10099726676797136
-0.98812660926961005
-0.11578150179861492
-0.5385392403681496
0.58489690478035661
-0.60652378136562368
0.044274454018126297
0.5822627933667639
0.81179419324243152
0.64927694097671329
-0.43509125227247164
0.6238069061110928
-0.22925565506694554
0.8854453988092218
-0.40426265020083663
