-0.47387508931762906
-0.83368588634108676
-0.28356699850279754
0.61475293796101549
-0.72360660644148977
0.3138029706400674
0.45108184803136492
0.85439518404544479
0.2579419234179649
-0.05038190654423795
-0.98926848870906958
-0.13714780618092817
-0.3803689130876477
-0.091150413204757891
-0.9203320553632387
-0.5129037565696063
0.31853369234807916
-0.79716122794318411
0.94026981630673767
0.30132403370854488
-0.15841874652990223
-0.77996041769292823
-0.15051909147612175
0.60745843473728789
-0.29862145891824582
0.88087740502165168
0.36726042748417581
0.11683672218841276
-0.92718138082432522
0.35592677252626759
0.71694936785709729
0.69276198225983554
-0.077874513576213999
-0.75240528728876099
-0.13996155150012046
-0.64365910834975093
-0.0052899753670328552
-0.0047841804735943372
0.99997456356540004
0.34965223202082929
0.90183581615059993
-0.25384144135824949
-0.95738956580942403
0.17071800290524464
0.23293901082319254
-0.42016893107149939
-0.31580990185098695
0.85071862284488842
0.30102868681188094
-0.52378349807713642
-0.79688931280221909
-0.20405408513437862
-0.74318457668334836
0.63721159383674431
0.014263614986394195
0.46602541111420209
0.88465635445824886
-0.088497803646841344
-0.81849979582703591
-0.56764973617609105
0.37925064093782263
-0.92510983263970148
-0.018459385190031166
-0.83849610267559493
-0.45770031322138177
-0.2956936067534896
0.52841327369660651
-0.11093239639939767
-0.84170862868947849
0.22928475484422275
0.71438744994561587
-0.66111955995585603
0.40666689340091594
0.32963619437584168
-0.85203404695414642
-0.93131338572471278
-0.30623999148916609
0.19716096262365881
-0.70221866960344803
0.63929266779234517
0.31335893950437982
-0.98221634549763759
-0.030317688753173429
-0.18528866232430768
0.015791839269331781
-0.44630923413771051
0.89473945108947872
-0.83337349620212831
0.27823523995981925
-0.47757069327204626
0.39701220986336266
0.21984224181658016
0.8910952215854766
-0.71694670416242234
-0.69276460566587739
0.077875699208685242
-0.34134345614381839
-0.91459820190863406
0.21678278071213689
-0.14556410670488709
-0.47731463753310982
-0.86659207683652639
-0.050467640369633568
0.32751362738646711
-0.94349766356450493
0.099518877316317381
0.80848781224989752
0.58003745611906343
-0.53131255528211219
-0.54869237505292379
-0.6454793925125526
0.75265962786680363
-0.33379801099142437
0.56752301489681778
0.71265287523348952
-0.41940253373830783
-0.56234099451785302
-0.48209424617573976
0.87473648710291685
-0.049205852650815479
0.65198663788841849
0.56001933818147209
-0.51116706161268077
-0.41383981966295064
0.14791715858548607
0.89825225736278147
0.73246332378718337
-0.65588356337437925
-0.18252186335329412
0.36470424750610786
-0.81033338843077429
-0.4586399584045241
-0.37801707278062474
0.59373027532337519
0.7103431937104745
0.80564199766975586
0.12718541710600992
-0.57858866327146019
0.81610325914994075
0.48325886448344096
0.31691692965668466
-0.120849288892155
0.93335129862772204
-0.33801006305168696
0.49984840464185154
0.58090964820323043
0.64241384869988205
0.040295295537077953
0.99480338650417766
0.093501397622705568
0.76323062081695336
0.12760257157323687
0.63340082347220295
0.4372732863310671
-0.23220478719863361
0.86883428216390368
0.97285924840714488
0.044691994380823954
0.22704076380013649
0.90815011160948289
-0.39313197834202601
0.14391185631687423
-0.8615338232357479
0.50107893191737773
-0.081727445875513657
0.099608408784213856
-0.09179429712240611
-0.99078351415194665
-0.21741243956420217
0.67644859763003917
-0.70366833514596605
-0.58670461400198493
0.68050762926970976
-0.43896134501172307
-0.73365170043207217
0.29739964353064297
0.61098988083353345
0.34401828675825047
-0.66258156713788752
0.66530976639834394
0.95305964862182124
-0.16834510684458548
-0.25166889194005604
-0.62405627327454538
-0.58861818638930496
0.51388948076259711
