-0.38922105302022658
0.18505996623788543
0.90236344162530147
-0.28523566157740093
-0.93587653313055563
0.20682294867841516
0.59791646611439486
-0.43516165286880909
-0.67314948965423693
-0.11977969669290513
0.89970354903272143
-0.41974557545980279
0.88965270544023933
-0.19263295178512127
-0.41401764405567809
-0.15612699386581874
0.82715645484675848
0.53984864637393037
-0.52860793850593135
0.80455485061330811
0.27067534003508137
-0.49207673022529452
-0.25219312867229715
0.83322212969967435
-0.079515372403647991
-0.79511842183979176
0.60121876284968701
0.32431202799452941
0.67519027922517749
0.66252531675242587
-0.82959906085596569
0.53200804726814088
-0.16950762776004896
-0.19837174224414716
-0.35445970472575039
-0.91378715771494379
-0.092223095165415395
0.07938392298646163
-0.99256893639151844
0.27400622061532803
0.33886011239802682
-0.90005245141030576
-0.082345530642938689
0.51230261453120507
0.85484808283555525
0.89875550193634379
-0.41479962890936489
0.14205567780206466
-0.74716120354608018
-0.60597192194288607
-0.27303509981762031
-0.80977983768744011
-0.33706449787205123
0.48025424386377369
-0.53458299624761707
0.54250909532920299
0.64800069568481955
0.19065363915908837
-0.94133209577080013
0.2784691640867068
0.029797659412531846
-0.98488897396604014
-0.17060424512202341
0.34166448499804791
-0.65151487807817043
0.67734315035571546
0.35220620039212824
-0.79967305276887368
-0.48628571959358446
-0.68422421875140427
-0.70720347883433077
0.17804622433135406
-0.5714944088150844
-0.11654971341348289
-0.81228708286930928
0.89251348467484259
0.2857182282907334
-0.34897675237180742
-0.51515330663646841
0.84068754889281683
-0.16691769168695272
0.30877022271170562
0.28763827088486948
0.90660089051849391
0.21803522546187415
0.92623859233562555
0.30747798380682267
-0.1405133255809807
0.98879300738785514
0.050441985241012399
-0.42790086061508337
0.3095234164899735
-0.84917377969956498
-0.51221830921441591
0.64819999616683044
-0.56344402443796149
-0.97906452683565737
0.10800144459222367
-0.17253504066728914
-0.83475303545734236
0.47538249538529664
0.27784681548652179
0.60864934113243019
0.47484691173942367
-0.63566216652447582
-0.51034812586158596
-0.56258730158868431
-0.65041549683316235
-0.96323397898058394
0.054143162748738705
0.2631517046587305
0.6431856324840366
0.055356634656730346
0.76370667482063503
0.70285040901768658
0.45171819426163168
0.54950157007662992
0.91422555630820401
0.033133703890052039
0.40384872150284362
0.76559671664743101
-0.5925909841810596
-0.25039487400103899
0.999481475949623
-0.019842264021982105
-0.025358702491354794
-0.94264898209026937
-0.33318205343169688
0.020065289313062448
0.89977171278858292
0.4222439696481734
0.1100949361290173
0.4789162415907941
-0.8749947586029786
-0.070875989995649202
0.28855596734953853
0.7652862511973012
-0.57538891841549522
0.72286301834102684
-0.36427301125759182
0.58717478657059763
0.30394933436450866
-0.13671083198689013
-0.94282816597555275
-0.78620262961233223
0.25692928628643358
-0.5620255928683302
-0.087969287023467763
-0.45146360099208005
0.88794257782800734
0.29350128699085781
0.94369826103025778
-0.15261253769981564
-0.12840275254266123
-0.79941693873380559
-0.58689461677965571
-0.4887584782735393
-0.64410869639215818
0.58842088435721651
-0.41147776950145237
-0.88165249981070537
-0.23103011661608913
-0.75421089986301282
0.11833781152648046
0.64588085657569028
0.17392960719439071
-0.54993597415158735
-0.81689590283900293
-0.082371991463887725
0.59989252000406423
-0.79582901396307903
0.67596233187505383
0.69937948797869143
-0.23225687865099545
0.34988257151220531
-0.25903720658681001
0.90026768894352138
-0.85354389174370437
-0.21602801537533264
-0.47412521704714922
0.61168719408163441
0.7604707615619577
0.21799770046014982
0.61801175701058964
-0.71991849706886146
0.31587786528149736
-0.018184431377151235
-0.012557024490790068
0.99975579397742287
0.66799804914739125
0.040391492349080037
-0.74306603588180098
