0.8302103020442605
-0.09151958490615246
0.54988637004219654
-0.049984891061159567
0.045921620543340348
-0.99769369820214748
0.27159148960148466
0.47554259175212821
0.83671817609378807
0.74371272237474517
-0.52181003643739332
0.4178584358980339
0.1292117759568189
0.96090498901802046
-0.24487939691685556
-0.64047349796453734
0.47979156080633539
0.59966136826052963
0.96958922287638094
0.007835346060003405
-0.24461264528657484
0.30746829303690593
0.71868250783344334
-0.6236655367351992
0.71928186450696496
-0.69413449440444497
0.028476359831793734
0.5103817148173373
-0.78583774572071718
-0.34924138154104201
0.66663276453966147
0.42049700820289276
-0.61545351029515194
-0.13208093208661137
0.80920739533050012
-0.57248407726465178
-0.92311036184357853
-0.24688960195017801
-0.29480974255594089
0.3122875162448665
0.34879072781197445
-0.88364106705721035
0.4226131359906799
-0.066316970382232332
-0.90388063190193713
0.18310653201736185
-0.18845136133682927
0.96486169078416129
-0.61440852972536875
0.77571987661362796
0.14408619513072166
-0.35298054134964352
0.80449790686734912
0.47769012474047085
-0.34989202648657081
-0.31530180883603126
-0.88213396893320428
-0.040710317306264857
0.17411611640636335
0.98388324920815129
0.084012715011625258
0.8364989856173316
0.54148989905403644
-0.76813326295301232
-0.51191480798931477
0.38459656746572946
-0.98015766805648818
0.16302673182969796
-0.11275296208523658
0.95797338916883723
-0.26331623510451324
0.11380485918780504
0.21826565799713651
-0.70126010705580188
-0.67867102840121463
-0.71044810373898848
-0.16354137493889942
-0.68448353565061726
-0.96760301002616689
-0.1898507231955813
0.16643652811332102
-0.63930638417631025
-0.56999767011179325
-0.51612983174637317
0.047544013051449063
-0.9373164872655827
-0.34522075476870223
-0.48712278655330687
0.15129947985215075
0.86012781504669988
-0.20009379485602924
0.54805088879489983
0.81215928028388218
-0.42797957702120532
-0.86846019362714355
-0.250220650102773
-0.46882999168609496
0.17985716455210171
-0.86478311688821397
0.09308525113090943
-0.37620731570813071
-0.92184770522553161
0.33446606613051227
-0.93999036489133669
0.067457872176874767
0.77395943514568077
-0.0080666977811767356
-0.6331837972783938
0.84387373558652423
-0.42469298584062043
-0.32789172933305832
0.50890809189697483
0.096250989312446508
0.85542287849820553
0.38872206223696953
-0.78414350395411403
0.48375006308712953
-0.39076564861102459
-0.64070754295681975
0.66090547906931474
0.75632323358480436
0.63566694774407828
0.15460497367663473
-0.23736445506823992
-0.70722131934234433
-0.66595504423183949
-0.65558935179603839
-0.2484668779692194
0.71306858882149582
-0.86024466567230407
0.074190817770086334
0.50445499079794187
-0.49414964406685241
-0.83658180531483428
0.23653120784534065
0.96051534610207345
0.20408396288436589
0.18910316231048865
-0.88159739552514726
0.41805653850967045
0.21912271176806328
-0.1170870497357598
0.48439573021532778
-0.86697831537665071
-0.8174654839325004
0.23179170357192408
-0.52727866326471817
-0.12398883555196434
0.98414184410776706
0.12685266782622842
0.51211112382522495
-0.39245270953487799
0.76401771421427001
0.35677918768537592
0.92302412251648935
0.14399680721192382
0.74550717006588352
0.35047511966410361
0.56690938418480064
0.49593041829787393
0.69730384531293332
0.5175136399349225
-0.1111276426806755
-0.99219462273028203
0.056572764271772831
0.58092805713952678
-0.43415929672217268
-0.6884971296220509
-0.77541082300243291
0.58661440663917508
-0.23371263015519309
-0.26060413864041787
-0.27110772521589138
0.92659920367532722
-0.78570039061345265
-0.61517294385574306
-0.06509335862994374
-0.52608747279908019
0.58259054021903633
-0.61953226987072152
-0.051733445288943629
-0.88214368313463121
0.46813050845272136
-0.39718442674067284
0.88781849097845222
-0.23242817865187254
0.072334303165209904
-0.60013904553158159
0.7966183996205749
0.56992533272975388
0.7805306050377393
-0.2568211239604325
0.87196002632087233
0.4323478723429513
-0.22969769214997962
