-0.5532572786078902
-0.093336689244128995
-0.82776484952451101
-0.70561761017180313
0.063982953938888948
0.7056982144094508
0.50033267149756155
0.85096520084188954
0.15976684508444103
0.26662664601006852
0.94561055994388188
-0.18636228309408548
-0.36594056624591831
-0.80447386240731955
-0.46787744835487166
0.030219016412924144
-0.66221933904294561
-0.74870044613620979
0.8214038844027749
0.56972800368326959
0.026564271251233371
-0.93818876098118309
-0.10171018689243592
0.33084269169939073
-0.57964762523848301
0.35963700158915429
-0.73121122642048519
0.83794644517613581
0.33543435684413042
-0.4304991838148382
0.90422671256719234
0.19944937174769001
0.37761620779487198
-0.32711708539413736
-0.94458796276567547
-0.027349461446896838
-0.85865609574405799
0.33948445416069722
0.38400522734044196
0.51697439178956373
0.45718124633576002
-0.72368693938241802
-0.21206569977501857
0.82974984378850247
0.51627835100058939
-0.25335297354201641
0.66328671248984006
-0.70417540984604021
0.56203338026971073
-0.54984798313666305
0.61788807635618492
0.44144823896814783
-0.22442463599565271
0.86876753799283946
-0.29934051268205664
-0.62223276721222431
0.72334061193511134
0.10016902922698351
-0.99414832304080847
0.040438563016902913
0.67981461729438875
-0.39195263065661901
-0.61985903351829896
0.20297081278339815
0.78026501140614901
-0.5915989867582675
-0.37691875242057743
-0.49536265365110665
-0.78265451857217894
-0.52206427349057205
-0.78216554159665497
0.34009698599601362
-0.95085502565882518
-0.26789861359268863
-0.15525802077338849
-0.50117547388678063
0.46004407342554132
0.73292741446912457
0.14962843334365467
-0.649560391680302
0.74544123141617025
0.49826818580940457
-0.86108053407983498
-0.1013367102238414
0.24117768289434965
0.82098348880711725
0.51751274030675454
-0.15577333638218813
0.93135605603229721
-0.32910570424154933
-0.24845824200457686
0.16512176563467154
0.9544649309920632
0.74921803719922053
-0.62473530750903217
0.21995028594421617
0.33342280979167255
-0.36322642251296211
-0.86999758384668002
0.66434036770199312
0.032256907276929904
-0.74673379980720578
0.67689997490124487
0.56864666249015838
0.46738356541228326
0.19334134830794023
0.14096415395958628
0.97095222865644937
0.36699490034086857
-0.85568780376096099
0.36484671523605483
0.8249411076306743
-0.21614236104058349
0.52225917771244412
-0.85723585206706965
-0.018806054574199215
-0.51458043709627899
-0.096124410781885716
-0.89802226263694962
0.42932052531907788
-0.68479873125188739
-0.71106872686024358
-0.15947402094748125
0.80321614235970118
-0.55260815710218847
-0.22241414828405812
0.6473355699536294
0.14837172050198871
0.74762456649583786
0.0018195049698255044
0.98763429661948454
0.15676474585378122
-0.085549050227126541
-0.22271258907970537
-0.97112329941704667
-0.42005374611049301
0.9068351245329892
0.034711774540920261
-0.5592718946366072
0.73585272719954309
-0.38175346985007808
-0.8382737867116854
-0.51208125190418829
0.18726945816200538
0.6116799096820017
0.71420191489587737
-0.34024008119338317
-0.7967805473559858
0.60426745593160269
0.001265328828505001
0.0075418672819239085
-0.28393042478104163
0.95881522418115528
-0.83861684004593806
0.38805021882567176
-0.38228107886830326
-0.72654876629067255
-0.4528848450359364
-0.5167419156003098
0.9842379839143206
0.17174998071086425
-0.042160824779542874
0.099612246218858155
0.46229339654683088
-0.8811141900528151
-0.22794041281952393
0.19617136635978485
-0.95370853158824165
-0.057677941720465781
0.55666098110235473
0.82873506451522505
0.051068501458420797
-0.92393181730980845
-0.37913322872228739
0.37691874895768634
0.4953625500053811
0.78265458583997272
-0.98659141784705051
0.15994544877529371
-0.032478110268557292
0.42958087625160818
-0.73526976931749166
-0.52425054800801418
-0.41651574267966457
-0.22195910488251425
0.88161714585173567
0.92222343565319154
-0.12203712002584999
-0.36689354868656376
-0.59908752908530072
0.70228526960951509
0.38456408124519326
0.96376312970788891
-0.24770244233872826
0.09901580618812289
0.27350796951424988
0.070785752264070759
-0.95926157427919634
-0.69540859840933367
-0.406807453315845
0.59238043281749497
