-0.33205529800926187
0.23239883385259977
-0.91418272850012428
0.46589809555696782
0.77249618986137625
0.43149577194457772
-0.18912826893402879
-0.79844918027893297
0.5715849931566761
-0.77008405376080602
-0.43591893034952967
-0.46577380379991967
0.42855225408719178
-0.88840706104276168
0.16454743816343528
-0.94540803709497112
-0.1363133787238969
0.29601065213452876
-0.93727123782627175
-0.34014498737230137
-0.076315229863410647
-0.98916322901219977
0.1422566474101537
-0.036320140938346769
-0.73957950824025931
-0.16645791812679164
0.65216095596408596
0.56526369833831724
-0.38566346276118435
-0.72920548875604385
0.52258694734480948
0.046625487402907624
-0.85131013525581545
0.24054391351683024
-0.78791215689553873
0.56686246893424475
-0.0221614392386521
-0.97487709390489796
0.22163826923708935
-0.45873668281985097
-0.71320892113465451
-0.5299940477490116
0.80439888958558081
0.14539610840229888
0.57602291455718269
-0.22795873093417807
0.18184642848831553
0.95653891370760391
0.56746585227198199
0.71471306412380775
-0.40886151992574588
-0.27358400548701917
0.56977500440318396
0.77492466491848766
0.73658142641954816
0.35521087445661753
-0.5755632345116467
-0.19724949718880144
-0.15555874226619454
-0.96793290757331141
-0.6782272141764617
0.10521736536095189
-0.72728065557729238
-0.078377276684833672
-0.51195254762947817
0.85543064679444125
-0.2141290347587029
0.9752029504870745
-0.05592818461751474
0.52915805165252583
0.45532147398219797
0.71601264772487183
-0.31075652466671588
-0.93921513886291086
-0.14596336974661808
0.9067021162709139
-0.28077858526988436
0.31472950037085545
-0.54645426224246463
0.82348437947593212
0.15251628121673658
0.14687839437195607
-0.97511807884173252
-0.16604658859104834
0.1179093344075156
0.16569378599708554
-0.97910313968525742
-0.90824386311524996
-0.039224158862776935
-0.4165987883743717
-0.68911676697252944
-0.71460305207218011
-0.12025206628766738
0.34601108887965565
-0.4461980368016239
0.82533849923936764
0.82982025301841522
-0.090879835393076036
-0.55058078716876846
0.96449579259311968
-0.24119934207860888
-0.10756739027705263
0.3802839517997279
0.4682711130655452
-0.79756271268906342
-0.52644230497256816
-0.55009757360735645
0.64826781429164637
-0.87251835484221563
0.26755805657626081
0.4088085209784259
-0.081112368524546133
0.56069429130581361
-0.82404046949734799
-0.22541756018744463
0.84866363363624309
-0.47849447280242263
0.12156905289443279
0.72858572535938548
0.6740799701674044
0.20793333127796546
-0.29284318709265089
-0.93327734222848613
0.54186749656428723
0.84022241373281592
0.020147248649701608
-0.47395838307318899
-0.84398973506202535
0.25108719247420913
0.83336457453611268
0.54265537669630282
-0.10501727501148361
-0.38422467960203066
-0.20789681847034383
0.89952782528092246
-0.59605238631594948
0.75511547625822673
-0.27298749107307746
0.62891034668981971
-0.62327960966329476
0.46475187358897391
0.19020287375214195
0.96052654374514368
-0.20300646683649082
0.29098340469970374
-0.68924067678987921
-0.66353292883443071
-0.8305046020369895
0.39886965236500688
-0.38879957101005175
-0.60704549264836583
0.22725789771104285
0.76147857342361247
-0.055766146339722149
-0.85939088511704054
-0.5082690660468786
0.7714689267653535
-0.50936948483314171
-0.38128522520068009
0.50220996988298228
-0.81121468479524417
-0.29952609456053492
-0.78338412727733919
-0.54296005214056609
0.30249577006866646
0.18686570361956858
0.78947832167134457
-0.58464107657755315
0.68910320523503521
-0.25130403900438347
0.67969335182483881
0.79275914027929983
0.51760984360079765
0.32188972538927557
0.15136999544868113
0.36616294483780304
0.91815675257854212
-0.53916946086520567
-0.30634553926366387
-0.78450538751724219
0.97367217827153019
0.13815930923422104
0.18131324974170104
-0.13984553787896056
-0.56098547074536032
-0.81592801591068731
0.7718610938010968
-0.63407168948590598
0.046728411792647404
-0.23176513177331923
0.86743976413485158
0.4402648967289684
0.12886720484675135
0.96290935165424341
0.23706291150618619
-0.84346203109578866
0.53444407126785876
0.054234092473303561
-0.61864855599303026
0.59965886388178347
0.50762506945160557
0.081379744643719609
-0.11960277746216104
0.98948093098607004
-0.51365352921995389
0.547103597178898
-0.66093699084995716
0.45929772875360558
0.045209997821478359
0.88713113599893534
0.95459533321433421
0.17314302122980621
-0.24242368697144495
