0.3836246020529539
-0.82063073327783631
0.42355326028681867
0.57430438097602798
-0.81742478460612178
0.044622858529866936
-0.25328636875128036
0.91879892748683933
-0.30274501854501978
0.035242223541883548
-0.91602259656744334
-0.39957551008246611
0.77849187784185814
0.5939417271810179
-0.20293748014471533
-0.24822041499964251
-0.96641838012333281
-0.066499173958768018
0.14659006228570901
0.52482424045731946
-0.83849321420478395
-0.49265146348051864
-0.44501778791270841
-0.74783267110482876
-0.63576574534898778
0.64331927449086823
-0.42654686507978107
-0.76105466177003012
-0.49924143467753029
-0.4141905258443585
0.27174711213085012
-0.63685630719122677
-0.72150367361455381
-0.59720069897868444
-0.32139543057054876
0.73488523073180756
0.089169407769029513
0.066468475560356233
-0.99379613526859856
-0.73597070773024498
-0.086128061712799867
-0.67151252732070355
-0.57430479776229049
0.81742458998970691
-0.04462105946046184
-0.99435798085079541
0.092603541851432505
0.051737703417325427
0.16220087939584815
0.92160166501702845
0.35262054075316468
0.22677518591873977
-0.33790846269449165
0.91344999090862466
-0.35867176467336054
0.055199595138217865
0.93183022591171305
0.53008082204831553
-0.048970333091889959
0.84653188278614244
0.96792886831546832
-0.23392439883139521
0.09161376268283726
-0.61917119072484716
0.69790998585761332
0.35992872657875069
0.46686209047930743
0.22322661623563705
-0.85569250684885556
-0.44824317927582041
-0.84631702162268929
0.287794286156632
-0.12659902242389828
0.42752206256936598
0.89509640460553097
-0.90481073049589233
-0.14626557513341992
0.39990489308131666
-0.43718182371029168
-0.79746014901623985
-0.41584776511163307
0.45310604479989153
-0.81469199673999126
-0.36190034901006191
0.37371509985820417
-0.25374275797538498
-0.89216121688460415
-0.22677584019967612
0.3379101512222199
-0.91344920384370998
0.18522353473754158
-0.98265561569858084
0.0089545025196111905
-0.9433384282042897
-0.13228112645064805
-0.30432599865605969
0.076895217705881605
0.050314249111868797
0.99576884959827583
-0.14886526544041093
-0.69033885842226306
-0.70800522123611676
0.80921368690538265
0.2841361961236521
-0.51423713496535728
0.81886164071145529
0.52935882392675038
0.22191180433278282
-0.24302993332326364
0.95253817255623252
0.18332343366881051
-0.85639565279552055
0.33856506566603334
0.38982070517545458
0.6584991809044054
-0.48761679097221389
-0.57324400904866646
0.71117928566423327
-0.085533573081429004
-0.69778795598522236
0.52320266659139669
0.84227713159616335
0.12972356478986777
0.81706720861608095
-0.54886040811485748
-0.17650333993530387
0.52165167207570695
0.58914208159511561
-0.61708276650251148
-0.34054285445530363
-0.67090486566557761
0.65872393724965483
-0.71117938551099336
0.085531997786253214
0.69778804731730559
-0.054509595096326018
-0.34575897359700869
-0.93673872356147303
-0.24531800607447488
0.77817640810163435
0.57815270800168594
0.92765173118354605
-0.15518907222987305
-0.33967428147064849
-0.92074681620770671
-0.38877922049503899
0.032802715659550216
0.44824381365383986
0.84631623438221926
-0.28779561313918955
-0.28376977846176743
0.68285261277045284
-0.67319166814832576
-0.86189483345735662
0.50680229088259876
-0.016992175130496754
-0.73366411027834888
-0.55188556388825161
0.39643321967416534
0.10858491285049356
0.99095703257900114
-0.078825606775152907
-0.37667741753822076
-0.058782830521440767
-0.9244775291766828
-0.197360262078941
-0.34489436985552335
0.91765832453811103
0.53590972718579122
-0.50553948519059566
0.67618828237472317
-0.60716656709272732
0.32216327980745713
-0.72633296837506611
-0.040521900088556634
-0.92710027138390194
0.37261650850855838
0.1076258767353406
0.83451131469477235
-0.54037721667678773
0.14886570698177304
0.69033994214105732
0.70800407171816349
-0.88016008752634922
0.27965218458812424
-0.38355296372300268
0.81305580218943052
-0.18706278781746039
0.5513145889055191
0.35429149282268002
0.35423069529332157
0.86544679364215493
-0.51886326411967243
0.46307708322009089
0.71856838793774669
0.086326682570996627
-0.68843040396391264
0.72014670920193102
0.97151704269142158
0.20884856704447238
-0.11196835179453701
-0.67660568443972391
-0.73452274048286847
-0.05177925740476811
0.72092720571662172
0.28467209408196953
0.63184314739388447
0.94333852319886546
0.13228091135618877
0.30432579769017215
0.7741253396282759
-0.55253052404968228
0.30893361510005674
0.5327796246309674
0.65958847126312536
0.53017819660455545
