-0.6589646924829905
-0.62533891607196179
-0.41799135649764574
0.0063563415245697788
0.5228820124721717
-0.85238136884582061
-0.33841141395030455
-0.66341991942124523
0.66734678048467733
0.79113746164877563
0.50782098283547794
0.34090961583378832
0.40038668057301935
-0.46974547977362907
-0.78678439883615015
-0.90274733947202779
0.42795552806998072
0.043603979984848745
0.97256680904064985
0.22240643335361487
0.068184898294358628
0.40698337238565918
0.37882825021223565
-0.83117608931124298
-0.1813662183032379
-0.97985442572244574
-0.083615783501192489
-0.75386694119070508
0.077515835201083544
0.65243844941331308
0.53061064044345896
-0.84551635932133606
-0.059619077216740722
0.78531996358935541
-0.35634539345080024
0.5062514349159003
-0.35813954836686462
0.76300560789155536
0.53810640789867614
-0.62517196661323404
0.76250007327971514
0.16659426883710737
-0.33062536423508099
-0.10834252050555492
-0.93752267533906786
0.47724210620032875
-0.77406844409173758
0.41600242298677864
-0.61821692640995518
-0.32685685065219194
-0.7148233565587786
0.17405813969609357
-0.93216728324460019
-0.31743963214116266
-0.60019932437275669
0.50862235418829527
-0.61730387317952462
-0.30243795545507701
-0.90146969185062609
0.30965089661567263
0.76135742328071565
0.64539276741482932
-0.061668872082899215
0.30829897909684595
0.28288846834282949
0.90825428926402019
0.063535284477552634
0.86831434300721577
0.4919283172925743
-0.29088155790552872
-0.84056354924551702
-0.45699107097429337
0.73431314425275085
0.14087528781264416
-0.66403189641864613
0.88973426193831839
0.05085072649586115
0.45363768223982331
0.59071702647370872
-0.080440167554453421
0.80285912467746867
-0.021076503062155773
0.58300845317180117
0.81219266467316387
-0.89050514114081802
-0.2925907246060333
0.34841248754355547
0.089259368621608617
-0.7328566423657098
-0.6745027107830851
0.43393739066676945
-0.060336842461337109
-0.89892035599551945
0.77824947978359693
-0.60355802178834794
0.17333626727115392
0.50804036613321701
0.81823420507309941
0.26904975753124161
-0.081008123982999253
0.17203727164504229
0.98175397173308387
-0.2866111719943743
-0.55969915759013755
-0.77755442837199606
0.22996134842964538
0.76731075866496978
-0.59862507286732314
0.95061146700371812
-0.082027053355702206
-0.29934829433090115
-0.57671341381815477
-0.8155473866153059
-0.04779224316930944
0.65690967094367403
0.32287545684005586
0.68133774560859262
-0.40506235788682526
0.88541320181437844
-0.22796479613303555
0.52726077664270699
-0.70965353999870684
-0.46731994027799956
0.39423302644995911
0.65255837070876455
0.64710732778576119
0.97011676778661304
-0.21891753921866464
0.10463540453259196
0.17868390969307468
-0.97391878849828639
0.1398365253673983
0.46579427889170227
-0.49480469963014251
0.7336238811377962
0.44499353768178374
0.86851345395364532
-0.21832345664852412
0.055200296341794637
0.11349049278383343
-0.99200445328207121
-0.43020711510866255
0.42839300601438751
0.79460762046927236
0.081241671946475885
-0.57200771909281178
0.81621502071303498
0.17199249089545246
0.9808182895340456
0.09172821807430348
-0.90281791546160794
0.23456186666824316
-0.36041717804048456
0.88356758827918724
0.33772479289676999
-0.32442299734349073
0.61468236192340409
0.5922342859480576
-0.52098382363357465
0.0006810252995873195
0.95547556115265697
-0.29506946342269363
-0.86997467934521022
-0.49138684250536357
-0.041024728040626381
-0.21625257097329731
-0.31289322906984002
0.92484196095856697
-0.88439272259339941
-0.22365304036462219
-0.40966917111188056
-0.66744410933352394
-0.65755030482833443
0.34949385908216346
-0.34905801704333905
0.31148496077047089
-0.88381877098848172
-0.44786492788713306
0.01110241993484648
0.8940322939582459
-0.25355300400726466
0.75106761827866797
-0.60959683966708766
-0.24056764201197112
0.9573040634204214
0.16030015525741087
-0.69966607718609064
0.091639946575147985
-0.70856862802888154
0.82896191224762361
-0.50591245648920902
-0.23848424352945752
0.73707456307745223
-0.29216759496811273
-0.60939247198725066
0.20377899136654651
-0.16268359530811233
0.96540570253922742
-0.99692970993374963
-0.061199024228168648
-0.048844988329714317
-0.63035306581307859
-0.35477643752235472
0.6904988716855367
-0.94195218070762954
0.13180640799391877
0.30879306998681433
0.065427880320034215
-0.85048929310461685
0.5219072281461874
-0.723906767922047
0.49402769023025311
0.48155543049831401
-0.72495992492274408
0.63819901766986775
-0.25910445982503916
0.039814246446594675
-0.32650325846373918
-0.9443571612438012
