0.89742830002312468
-0.19179699519307006
0.39728624309496802
0.90531432555705404
-0.42474223309681203
8.5820217593906098e-05
0.022718690036753055
-0.25935929937490376
0.96551365342535322
-0.99712343583279861
-0.073820869723345062
-0.017185252581318446
-0.68150079610939063
-0.69633629087435867
0.22510538623855075
0.33143973453896763
0.31401996123021325
0.88968486910687328
-0.38050173389152586
0.74555662424222702
-0.54714143560333395
0.38367766290398647
-0.003659232517006819
-0.92345983183131553
0.30895237720581065
-0.90932799821664723
-0.27869521036103917
0.63553688306373157
-0.30273310249661584
-0.71024329558145782
-0.11250627256967485
-0.96194225236860176
-0.24901695070918262
-0.57493853588127108
-0.34506020728520326
-0.74187541629777232
-0.25274888152578101
-0.95473233026158821
0.15685719760579797
-0.41137972886474178
0.89995526605407339
-0.14438572568198593
0.405398302214311
0.42872160707419404
-0.80737228103860148
0.6554436006994957
0.74377436751952652
-0.13112351628525076
-0.36763284192845841
0.88728811964079113
0.27850652825367378
0.33723191027430671
0.6895420408625591
0.64094181684130946
0.00331060949950578
-0.85459671959971095
0.51928170265680917
0.9046745639591679
0.24212742001380397
0.35062550649196678
-0.40183718508344984
0.66185489783813556
0.63283091809098613
-0.72965188228433975
0.41093980855456486
0.54656802360187284
0.045927657615404592
-0.77845295574372786
-0.62602048365833507
-0.87314515302370199
-0.33088771869899986
0.35795371120493746
-0.674930256965802
0.46212442070061066
-0.57524791874825698
0.7211596118507253
-0.61899871103649806
-0.31107781979830307
0.17098746091254921
-0.97766064658679563
0.12224135276643591
0.2402637117982096
-0.43740886906897386
-0.86657188395005524
0.99981583441290878
-0.015475949291145428
0.011348667355984424
0.35892332210644184
0.76143788046841743
-0.53980218880237918
-0.20277798657123219
-0.48512028609035091
-0.85061118978398897
0.70672118269465756
0.1235902281225426
-0.69661368450762029
-0.37825749909555267
-0.005267118444669058
-0.92568543352548649
-0.37914313040730524
-0.14673429782122926
0.91362986625211628
0.70868784035123644
0.023042026882977865
0.70514580757133105
0.89001263368496542
-0.22854370385369133
-0.39451905823418409
0.35721220274316756
0.89657954574752008
0.26181016091539461
0.45020763003644976
-0.66728401676919591
-0.59333391174053973
-0.73226704884028715
0.64882544685672527
-0.2069070049416091
0.73941468441864666
-0.57952067780063232
0.34266851105342172
0.38151902375622709
-0.10290548998222782
0.9186150960242343
0.40770128996103994
-0.79507441020937053
0.44903935283483276
0.91787767818588706
0.18516067288488269
-0.35102149949098904
-0.40703544690395521
-0.76457627766401326
0.49974519567189368
-0.61344097678145604
-0.43010569734870585
0.66234376053043387
-0.36102695479016417
-0.75293920529308467
-0.55022003875500447
0.69282988287684477
0.65915825859838351
0.29239894581616394
0.70153606131228008
0.52155710899107599
-0.48561850946944279
-0.21019040541354997
-0.56001053872815587
0.80137893033538632
0.033897985660601801
0.28515638129318605
-0.95788139389797555
0.23484960641097399
-0.57857572587107298
0.7810862896001769
-0.92534148437444319
0.3713838508417176
0.076270391566315238
0.57779213114259431
-0.81553991806582049
0.03241751426149124
-0.0109041788182695
-0.13248397289986902
-0.99112516657028038
-0.52794874932054825
-0.83757915516290971
-0.14046806372786394
-0.70465461904400994
-0.57334104544299913
-0.41802142704683243
-0.91893859450964133
0.23095727252047757
-0.31970392207563958
-0.69836394110125544
0.67973324281468139
0.2241662873452642
0.64824157252855807
0.423039700791009
0.63310368439960585
0.90108881648066996
0.43298668756524167
-0.023695425819029382
-0.35316729538854114
0.40660219444883239
-0.84258383377402679
0.0033424105620444124
0.66028674374408247
-0.75100615465352294
-0.92594905912443348
0.082536928880620614
0.36851864983679145
-0.88585666805358665
-0.19199087831724296
-0.42237124228333922
-0.039538205975485491
0.9205503831278653
-0.38861770725403177
-0.01423459363572678
0.86289282254932875
0.50518645383351124
-0.040003093438856878
0.55561137323660781
0.83047923179658933
-0.047187618363079963
0.15561116887293491
0.98669067736308291
-0.42721880767975767
0.29498317489390852
0.85467480183646238
0.31264614757819104
0.9364154470585675
-0.15930629904250301
-0.71155325602994823
0.071993123984364041
-0.69893415564854955
0.5975082211824555
-0.40349207560596273
0.69294882245557632
-0.71012569424804228
-0.010675277728022388
0.70399398918894573
-0.030073306384328338
0.99741940779305971
0.065192953613534346
-0.87819624198554636
-0.47466345616655864
-0.058872437884642158
