0.48503729306369975
0.55580472681121773
0.67514437714591558
-0.14436842344414655
-0.35642620741523029
0.92310244121649188
-0.48503687637919252
-0.55580512288169037
-0.67514435043980414
0.59589908966860783
-0.3148461057302776
0.73876667807813534
0.85574873636442195
-0.091314497424700616
0.50926983296752404
0.23972300320632967
-0.47842187881485515
0.84477534741788118
0.083915486176322607
-0.91461034731581414
-0.39553268355805571
-0.70220388781840948
0.49571051032716684
0.51105849947328996
-0.14738115355695153
-0.98887368562649169
-0.020189835355961
-0.34975593154204432
-0.85427800941881904
-0.38455151927222531
-0.16571851307213839
0.050866104377772357
0.98486040323011725
-0.84930941000656279
-0.52116970223132741
0.083998021110106014
0.43952389070160347
-0.69679065218272829
0.56683466419520701
0.34975746996400053
0.85427770217331733
0.38455080259161833
-0.51733010370915011
-0.16609994856206783
0.83951198376435254
-0.25779997347787603
0.96566179936732077
0.03219414414881791
0.35267439407089046
-0.69185929353691744
-0.63004086352658728
0.16571812017516577
-0.050866300368654221
-0.98486045921867282
-0.26445818831530937
-0.89000327501247833
0.37142433563250421
-0.59590136831593143
0.31484405566392148
-0.73876571377690115
-0.53367092197728916
-0.84569194498986922
0.00069369673665352187
0.26445643598481344
0.89000308959970265
-0.37142602758718152
-0.816370511010722
0.57579575162545771
0.044703927815874303
0.81637162009031017
-0.57579436232310555
-0.044701568518909322
-0.76970169085365236
-0.35120294558556497
0.53311893429989077
0.56395681046687784
-0.80401480588739382
0.18844868755680494
0.56945126962034287
0.097643309867167946
0.81620526558333595
0.42049570529726116
0.57142714117918814
-0.70473710286200986
0.14738285223229802
0.98887346488137906
0.020188247109849261
-0.539597611637751
0.7970613578198158
0.27115974882947935
-0.9568292134543418
-0.22201993989029375
-0.18757665785341224
0.79597717204617058
-0.054506859146016731
-0.60286760062837796
-0.10207647989313727
-0.70711861626776906
-0.69968825542535829
-0.5149228566522106
0.27109091413738623
0.81324299441758696
0.61899060925972094
0.6918976253558734
-0.37165616055055933
0.53960076336395157
-0.79705929167467815
-0.27115955032434536
0.032375534774334934
0.73156218085583025
-0.68100558021908841
0.25780220820798505
-0.96566112838480067
-0.032196375101558157
-0.15406028544624953
0.44369165409844302
0.88283811909749788
-0.78105125947227649
0.49256448737367825
-0.38384782903525178
0.76970119019465799
0.35120379668190299
-0.53311909645889022
-0.42049710267214097
-0.57142753166463611
0.70473595246730247
-0.61899229466326333
-0.69189688129346405
0.37165473870769578
-0.9274088978921472
0.25762515885423681
0.27118630797996079
0.97274600869931793
-0.1938497989733913
0.12722994143487679
0.22952115920691241
-0.091879000174782732
0.96895731939193142
-0.35267183527624923
0.69186035031734605
0.63004113537263673
0.53367182122847534
0.84569137690651464
-0.00069444412719165338
-0.85574987759639609
0.091313630002721149
-0.50926807083252235
-0.96410314968886301
-0.14397480243109412
0.22310619226041459
-0.78044709280958147
-0.31089721113510127
-0.54244378458370124
0.84930894305327476
0.52117026300340774
-0.083999263155625836
-0.2321783062372576
-0.32302689709298898
-0.91746763314422919
0.14436652879498338
0.35642542397540039
-0.92310304002730015
0.9274098411490419
-0.25762396078493821
-0.27118422035470541
-0.97274610835163733
0.19385086235384499
-0.12722755932350233
0.71633396765116786
0.63006728043060301
0.29980138245164822
0.23217912541331126
0.32302620395114162
0.9174676698844626
-0.15222258207608241
0.92143576185842913
-0.35746947040896604
0.15222103769719147
-0.92143698769107629
0.35746696826026536
-0.22952253550568211
0.091877796712045642
-0.96895710749567387
0.78104998962577277
-0.49256497157158896
0.38384979156730059
-0.79597635421417234
0.054508168072622008
0.60286856208072515
0.70220586327387269
-0.49570821574253221
-0.51105801082572844
0.96410318324121791
0.14397571449427049
-0.2231054586961401
-0.032377410127516305
-0.731563658621178
0.68100390358516383
-0.56945195900729084
-0.097645098571207511
-0.81620457062416529
0.10207767746311988
0.70711897231250331
0.69968772088657127
0.78044670975136088
0.31089617465015079
0.54244492976354575
0.51732969226717707
0.16610040425325515
-0.83951214714597955
0.51492387708465692
-0.27108948803548888
-0.81324282369090828
-0.083913384017952744
0.91461116368712569
0.395531241802133
-0.43952662407733301
0.69678888863017785
-0.56683471260033502
-0.56395688385667464
0.8040149024896851
-0.18844805577445287
0.15406195910335424
-0.4436916422979425
-0.88283783296378449
-0.23972575813171026
0.4784203567926405
-0.84477542761054514
-0.71633309933909917
-0.63006824986281962
-0.29980141978657104
0.95682887570430664
0.22202079011150691
0.18757737437307043
