-0.52462372455722217
-0.72154140771277253
-0.45182733935384928
-0.87126954699359827
-0.18725666657311887
0.45367864982330181
0.2060663302289564
-0.78667659810539192
0.58195927481164711
0.77768492390098554
0.18641648524764662
0.60037909121240418
-0.95937083341510976
-0.011624704506982964
-0.28190862036752862
0.97932457016360697
0.18701839330631606
-0.077120080646941688
-0.76911035988676368
-0.13002653775661993
-0.62574943371438974
0.10489834191071769
-0.16370251118602538
0.98091682914290523
0.079386107514000825
-0.99217190129783284
-0.096398984480227115
0.073728720894048902
0.92543018061295301
-0.37167601015670143
-0.36263078248164032
0.90272695813672643
-0.23147992277941984
-0.69620793625207156
-0.714151892552356
-0.072674506283288864
0.22795174436822516
-0.085294713451321336
-0.96992928303909887
-0.13646944763266153
0.47641269590939489
0.86856607868323921
0.36151844883961498
0.85660158160037714
0.36815505096131879
-0.028266356145438997
0.90782748737584762
0.41839008864349853
0.26163652907586721
0.70294668554956286
-0.66137151732442867
0.15396506340780422
0.22901409303073766
0.96116975838981711
0.46517784708279675
0.3973384338595421
0.7910320723974853
0.55459655792357498
-0.6206379656405232
-0.55428437966888011
0.62129130239295738
0.47879479837560501
-0.62028433691277929
0.18765390895232945
-0.51037246564041228
-0.83922938269047587
-0.10737138338931387
0.14718893309140135
-0.98326334417819106
-0.62481775100943415
-0.064647793517400479
0.77808960976024122
0.82325514323754856
-0.24591122713749894
-0.51164307627549577
-0.99028718101721569
0.05114947574202873
0.12928662051539536
0.31284351025661777
0.32394132375464246
-0.89285550726554164
0.97061745845428382
-0.20656394971275827
-0.12342238055884132
0.32310644648112796
0.94608227375145604
-0.023033791168910741
-0.94296031656323165
-0.33288465539356421
-0.0036942645381436595
0.63025037899600289
0.59710916549659199
0.49623089812642468
0.81670436793006029
0.52508798400727941
-0.23932526915294997
0.45089413232425607
-0.86491126252710071
-0.22050621167970111
-0.30679843414457592
-0.32614280852820571
0.89415076427399554
0.5106681168047642
0.78795050163253932
-0.34402337341539052
0.6203936479307669
0.086570976903313251
-0.7794980356390655
0.52964141078022375
-0.30071859636332271
-0.7931256532151808
-0.18061461521318767
-0.65325860059990004
-0.73527652044224323
0.038162058962243929
-0.53637243161792825
0.84311818380108094
-0.89095417804861876
0.38749859633988176
-0.23673928793576191
-0.61347409138859088
0.64107845341359959
-0.46115936048590628
-0.78417718360890676
-0.54606461103712423
0.29475343132875886
0.79560374817669044
-0.56137742980672012
-0.2277499883442422
-0.48660646101887844
-0.81040902909386625
0.32626884260961819
0.95683295444173355
-0.018411607748922764
0.29005466725154322
0.88028384070099708
0.41075114168607529
0.23745285722493892
-0.35046387366394233
-0.93567832878290425
-0.041001686581110489
-0.24747987020203777
-0.72706893717436949
0.6404096145756365
-0.26299513643081346
0.078807588941085777
0.96157314965582874
0.66743277911164778
-0.73684384766486133
0.1076783614555164
0.33001576491914542
-0.91773455017500105
0.22102689953921906
-0.52964886190040528
0.3582345252135346
0.76885636371993371
-0.42181206498477813
0.8796788245925321
0.21963548756241169
0.19415178619063497
-0.81600857294784834
-0.54445853174929859
-0.040998969997599825
0.52289035411421836
-0.85141339079993517
-0.23064581697080139
0.76764646138812709
-0.5979309470433507
-0.31343136679569561
0.72113164421338372
0.61784296550392459
-0.59077344455838343
-0.47964703157049432
0.64878768662038877
-0.085256194166465932
-0.94834376623445438
0.30557402114790533
-0.43256374797661684
0.42190960856071902
-0.79679413033766933
-0.51433361759505847
-0.41811129917387702
-0.74876155838471903
0.76140691262114746
-0.24683457548307833
0.59944324648695557
0.67256958412686174
0.73584763106545326
0.078602915739692622
0.50551122469347343
-0.022195752007879391
0.86253449223883771
0.59185238493851178
-0.63507483217627358
0.4963775901255752
-0.81422219039084509
-0.44073764786801922
-0.37787901559480636
-0.17001688760801453
-0.89995999009857131
-0.40145519569419347
0.18093414580979353
0.67950718720163239
0.71100831037436263
-0.067137975068181241
0.99737123006798967
0.027260259287279862
-0.88681843018138928
0.43227773337795461
0.16336778481767678
-0.82649253773202924
0.21596531803859975
0.5198740871381804
-0.65896705233895858
0.61304875848368168
0.43581377175729619
-0.75204701803163521
0.26694818243812346
-0.60263085762571755
-0.15858750778512395
-0.27752901605612607
-0.94753767609600703
0.87206126733609246
0.15578965212900725
-0.46393828285849753
0.87965977757425351
-0.41737422666744822
0.22802945123769491
0.42668376160047877
-0.42254270223758356
0.79962405689938243
-0.47650015926152151
0.0072888356961825392
-0.87914416968887343
-0.68934077739502353
0.72302318078052175
-0.045241271803981985
