0.88928316952367548
0.047987507323706581
0.45483254450707805
0.021853570862936281
-0.65633402551358133
-0.75415387580630788
-0.55738203206062376
-0.63227347783146515
0.53810363273896744
0.19146290817622133
0.67674730854550846
-0.71088327816112973
-0.046891734961997604
0.014814795426252749
-0.99879011159939501
-0.69033864247768872
0.49728767392099882
0.52548789526334871
0.63579484140645703
0.72475214437007374
0.26551694648725904
-0.045367277380946008
-0.96619574666453156
0.25378650332594277
-0.33388146204392927
-0.46783191918441969
0.81832540269481469
0.48000806509496169
0.43068400982662181
-0.76426666885548078
-0.93581355127033494
-0.34258278962347888
-0.083006201651438585
-0.31108770102071315
0.87394859198892272
-0.37341438220056122
-0.40407165873081313
-0.62147092797411974
-0.67119295310180049
-0.81956364383784219
-0.50027257745150444
0.27936138235136809
0.27265084133738349
-0.83623118766241011
-0.47579293763015446
-0.19024895831270841
-0.78663333986583106
0.58737834695573954
-0.22750859504453436
-0.36976611614142374
-0.90084008488440903
0.20522570419414973
-0.81390588710104839
0.54354357440804213
0.73093774991434279
-0.30032446237442117
0.6128092876659692
0.3997538803114451
0.70040790852358503
0.59129146522976317
0.21489950686294204
0.1012264201425304
0.9713760414047653
0.76590021880722736
-0.6426217390073502
0.020836395710639912
0.64495865004712649
-0.66133377790656167
0.38296993867563894
-0.69271136088124707
0.14753231839458364
-0.70596401150141508
-0.4156548861273579
0.90943819489312783
0.012376805241357024
0.93358095076474068
0.0240836962208743
-0.35755640666270211
0.4362028049414487
0.37943676164440365
0.81593802269168725
-0.64053597785406591
-0.29164610438904665
-0.71039158980750106
-0.45805431117930612
-0.85363670878482056
0.24797301753430953
0.040577097576783447
0.39192629538530399
-0.9191013426917598
0.36338260630270186
-0.24511910154771241
0.89881572499211315
0.37562236949401745
-0.90192762089857492
0.21315347099199811
-0.99478615822460525
0.055389746609238739
-0.085629874315540144
0.33694085590755773
0.10906916727601378
-0.93518702748166871
0.53042439843229117
-0.20605042647442529
-0.82230966143992823
-0.89148700964873506
0.44875071949918116
-0.062239082388184305
-0.35032113519761782
0.35237095579802086
-0.86781899710932897
-0.79594622235428303
0.080510710199502608
0.59998969713080752
0.71905061514261548
0.41340726520490217
0.55862388593653045
0.28077577303306556
0.92045732232276023
0.27188836506937664
-0.70465408650492578
0.68776512131523715
0.17447566097924894
0.67744473034277619
-0.6242635044311825
-0.38905489891029776
0.48726737731281089
-0.86098236791932181
-0.14587619798559498
-0.20518833070453102
0.68937847941463926
-0.69473380590169043
0.070997415238897507
0.49855367464035522
0.86394652643088643
-0.95098975478669356
-0.12935410607746392
0.28086651906491872
-0.12927521752429905
-0.87911333974082473
-0.45874574006063362
0.99751906058211703
0.0028106233643282927
0.070340771759164589
0.7580295010339424
0.44900012539492501
-0.473064649871002
0.17042116666535745
-0.31732830184843969
-0.93287693443369268
-0.52737100747611243
0.27111176936070935
0.80521936699742613
0.099036013012276408
0.90154088815695799
-0.42120766268884008
-0.17605848833603421
0.19729006071949343
0.96440657433788213
-0.11497883320248581
0.95219749800908637
0.28301906773330793
0.39502327722570102
0.9136290644773094
-0.096117339706127861
0.71899075000516444
0.11295739337214927
-0.68577906696660018
-0.51159101046482025
-0.78716899024557674
-0.34444102369976687
0.015112787581865596
0.79412303814744756
0.60756909395966907
-0.41993046086552183
-0.032907842315802037
-0.90695947095302376
0.78591050951887376
-0.29421350273100066
-0.54385943573550299
0.44840916277464588
-0.55846027389636543
0.6978906398708451
-0.57575538930836057
0.55393521919343136
-0.60138299329088396
0.62869113181803349
0.039354198378283627
0.77665868168930074
0.062238631667386551
-0.54860898452106821
0.83375927870754973
-0.7204252750884379
-0.29109193314483267
0.62948622659415898
-0.91939417827839298
0.2780762828653997
0.27818685421054834
-0.061936334898766397
-0.19732315485908108
0.97838001971410204
0.43215868269452329
-0.56476362534092717
-0.70305115067362411
0.88894404196287369
0.40055077000308464
0.22212062242989652
-0.42267836255722474
0.79031864701132493
0.44355319637235385
0.92859135539951121
0.34146557591129623
-0.14532499834806592
-0.46370246036935925
-0.10701743800002173
0.87950400579605914
-0.7090992333891728
-0.70469456754648585
-0.024162857392254614
-0.76836748068691441
-0.49685394646706471
-0.40341984396277175
0.72328927277295296
0.68204455408716025
-0.10801784172820462
-0.85528440321759358
0.31630425127093076
-0.41041468082984151
0.92926721974388948
-0.33327005543371485
-0.15935339488279013
-0.30445781312023718
0.58273612251647389
0.75347465222428534
-0.0098932565271808229
0.9969467615694354
-0.077455006755553502
0.49338642214705175
0.7460377046474238
-0.44721089173379308
-0.28824969301404857
-0.95428253149329056
-0.079100977010804444
0.90384013001323138
-0.33837531506142049
0.26186860356818159
-0.65803095723047511
0.70776252694940345
-0.25703592117161245
-0.89188836159921625
-0.10348810000079021
-0.4402560205177119
0.106978617192685
-0.98680256365095198
-0.12155770578391836
