0.074454291396843272
0.93776058632689296
-0.3392073720077966
0.71349229639001055
-0.47290564546751179
-0.51699999369155236
-0.53823858425657312
-0.6060954156307915
0.58561725859883773
-0.58311064014845815
-0.37657564794483334
-0.71984217903689429
0.99442536423138994
0.016060910617826305
-0.10421248544869109
0.43869876156915222
-0.89857118524447266
-0.010640566058051672
0.41300777073045369
-0.80963860790713049
-0.41702506627595493
-0.37643346052722532
0.88783148108976273
0.26467548239581279
0.94969438691930985
-0.22913390292913283
0.21349057586324219
0.59864523217875054
-0.17285552299069226
-0.78214119835312601
0.12776513703745326
-0.96261943225538515
0.23883027111763022
-0.95798397317129125
-0.038136856376928388
-0.28427502059208837
-0.58953654251741106
0.59232756447145452
0.54917640281054636
-0.46899410548055182
-0.020661469390507347
-0.8829595872445819
-0.97055917511294965
-0.23733562109038961
0.041069338510742404
0.95432841381033418
0.19179074288799997
0.22907114514211668
0.54834560289892265
-0.23775160266799614
0.80174264899044534
0.70457308960274523
0.57026793667870102
-0.42234019676542661
-0.29177979998759307
0.6238210314006426
-0.72505990725004144
-0.023156480285869693
0.020016363470466616
-0.99953145153826373
0.83133526912441824
-0.059414519545077538
0.55258626944311484
0.77981937967752935
-0.6054342118870969
0.15915762676040063
0.41238756320789305
-0.55417248525912866
-0.7230693979786289
0.084574255716222554
0.73573186169714022
-0.67197159385922489
-0.087641120866065944
0.18281408336587393
0.97923339651813091
-0.86752360647470339
0.37067888373611052
0.33166241475523733
-0.69798916129874089
0.68868323500645301
0.19628176820715376
-0.40717120067439816
0.40692540646320852
0.81769390783845364
-0.85567453603009258
0.30598181697018556
-0.41736820203905078
0.3647544576634969
0.14882300052430184
-0.91913323306773753
-0.7723654590039597
-0.038020179936087216
-0.63403948114863484
0.74737212128183739
-0.43930342346624468
0.49844499642540685
-0.2205795121379866
-0.97277329212404828
0.071111187271125406
-0.29967273449957865
-0.65960484821964416
-0.6892878182607648
-0.15655210546204912
-0.61680075528171441
0.77139371695607317
0.62465931231791028
0.77761914041917402
-0.071478779985812826
0.18000917128967869
0.76530766618122292
0.6179812896325042
-0.98046821725333244
0.19615345833656797
0.014349067519409205
-0.58194926264002289
-0.77288066499394426
0.25296350209319141
-0.24694626449940896
-0.90007496248357111
-0.35900223447770652
-0.26473552509112713
0.30149857903389499
-0.91597691488119259
0.77979867749296783
0.33255591127276213
0.53039663315085361
0.43895105554298086
0.84055501992422577
0.31747319464466178
-0.82383432922372246
-0.44852058655236587
0.34659238513161383
-0.45933977324861502
0.030621628044050248
0.88773266730916389
-0.53267110706398801
-0.83906566884620959
-0.11059066444726898
0.09826434936919376
-0.9786577553430843
-0.1804802358982418
0.28134076776034206
0.3768728659591532
0.88250451290616938
-0.22631288002880293
-0.3091304896275297
-0.92369952945517542
0.17790379871111664
-0.43566020187514604
0.88235504583260671
0.27903761573115227
0.96018205134408852
-0.013727246035962594
-0.04944383624948559
0.54630661109985412
0.83612462810607768
0.095799839058034894
0.42574901674718757
-0.89975561436162077
-0.53040831259937427
0.83839537835210076
-0.12553968091134557
-0.28423464682864302
0.85819849805804782
-0.42744122809236251
-0.60731491875628185
0.33518950157844307
-0.72028923876984696
0.25291980872110942
-0.029894829002321509
0.96702526831277758
0.43875231562824313
0.53146203964058303
-0.72459954868321996
0.88970348783646558
0.2491365223035702
-0.38256855200880091
0.49296299344496036
-0.79628262440720221
0.35060158180042861
-0.11016874408321221
-0.20652045754758733
0.97222021602179343
-0.61950342576787798
0.63560646605327331
-0.46067333955106665
0.047584763562496732
-0.54859350302725118
-0.83473400476618342
-0.23585971880403403
0.77148246684117638
0.59091877310027585
0.91772151359576926
-0.36160492413635015
-0.16440529895302874
-0.15652523677607749
0.98697857502570052
-0.037055940042462474
-0.43148586345073636
-0.34783287118248268
0.83236545060875944
-0.23957659084178815
-0.8605616151143084
0.44948499831749578
0.12950485654219976
-0.79802054729532224
0.5885505060965105
-0.60002185493722904
-0.66773863545629586
-0.44056655378801851
-0.72988371837654553
0.20112087675843199
0.6533147408261557
-0.81445041442228805
-0.5785246957870348
-0.044493806444064754
0.41561570146485027
0.80870655406040348
-0.41624187453406025
0.67766050348058937
0.2175322481244179
-0.70246420766354412
0.44292177201247879
-0.59591501619984955
0.66985490768140132
0.86281127326621432
-0.11752683532337535
-0.49167484143853296
0.24881441029385243
-0.23741633094611594
-0.93900206337909986
-0.84045175868786248
-0.37994966168707217
-0.38636653051520692
0.5772969618398186
0.15398631630490117
0.8018830539681967
-0.93147106481864361
-0.026759658796213559
0.36282995475392105
-0.83484800693479788
0.53769310126628478
-0.11796157920119771
0.070111513001505685
-0.82185300660640903
-0.56536891608634232
0.03297338590299765
0.95039040554375298
0.30930702040605662
0.88642924700136871
0.4595932460688798
-0.054929393119315981
0.69984660022908751
-0.68639708297408997
-0.19767088969407726
0.51066161981919167
0.58011345788919189
0.63458103187810799
0.74525549706004202
0.60960759319211888
0.27013483008361222
-0.73611853315161602
-0.20494286546801332
0.64507978347214789
