-0.67451588054055933
-0.32808029729297378
-0.66135591433565322
0.52898354117451807
0.77633880490372587
-0.34274549328491755
0.45926361574104763
-0.072910807843916348
-0.88530274220517746
0.1840579706801905
0.74313463674925972
0.64333006698943895
0.0075765013048950374
-0.96385484264659249
0.26632018123809043
0.62607916960771404
0.7676507585764909
0.13688384214454699
-0.95374212674859826
0.17330710786891268
-0.24564324136270002
-0.24151612322922583
0.91927950033907613
-0.3107976230228664
-0.3119062577850833
-0.94949144157172638
0.034358241173696812
0.84629881660569084
0.46168367589242149
0.2657564607422912
0.98640047875222969
-0.16256500213263733
0.024222212925075589
0.6467491830866432
0.50836962161717747
-0.5685734974421226
-0.08547341922709166
-0.57031785923945533
-0.81696501396213705
0.93087378521308572
-0.078851069585260697
-0.35673029704290937
-0.49413983044146037
0.68141117255891093
-0.53991169822775198
0.22556875931991041
-0.57503732331272894
0.78641643651198467
-0.88699990393988926
0.086112514729320619
0.4536692685400015
0.31093308202375769
-0.81452837621160568
0.4897592703045977
-0.64689113030053913
-0.76244917338744667
0.014252141568553256
0.85541023254830728
-0.34473560171545825
0.38656267145384304
-0.70363155587286352
-0.25871047313825352
0.66179417092364479
0.84189749218366394
-0.44244442489973645
-0.30895233213231993
0.73295580169471808
-0.12993032501465748
0.66775287599802868
-0.35676467311572968
-0.28320774460267384
-0.89023162233976694
-0.50537427649930389
0.7375654252990671
0.44787730915532126
-0.42961450501159704
-0.84546516261379456
-0.31720661388134763
0.15653962061746132
0.14244354774323903
0.9773459893421883
0.13736909863585514
0.90644574897276131
-0.39935677646583456
0.01073013159324222
0.46531323258178359
-0.8850810470574334
0.42539075374548518
0.34712945589977656
-0.83578935592323311
0.51274049623747986
0.10940993618210597
0.85154368612700682
-0.89790530806715729
-0.2779113072621045
0.3413669038449561
0.0072852557851586491
-0.98874057354345812
-0.14946238080901231
-0.88505370820080487
-0.46548891355166583
7.0430777957404065e-05
-0.93502276739557766
0.32652852935338605
0.13824450792067872
-0.74611007189132605
0.43538654228059492
0.50374429964344825
0.3809512691441298
0.46068935883664924
0.80164920332534095
-0.82359238209270691
0.51687926583581711
-0.23351961953524894
0.34454432560853071
0.93656437156204952
-0.064314738680538219
-0.078952293058144024
-0.79235050871642576
0.60493570464776036
0.62999954153874405
-0.76514141053760287
-0.13288792097666274
-0.20363144034197989
0.71420062407019946
0.66966536798761545
0.7072304439690813
-0.28011512632459923
-0.64912295840422252
0.57491946846943409
-0.63124138752376557
-0.52057844313023038
0.56491966988598785
0.65150416546864209
0.5063675433446686
-0.63528368755503117
0.11174667183663678
0.76415137090756857
-0.022404337540479716
0.99974161602846834
-0.00384016147561483
-0.39238484208287294
0.9124236455216439
0.11626360908122665
0.80102279388611453
0.58292616778408624
-0.13623350023926822
0.97604062548482395
0.21758793925249395
-0.00043138735085337563
0.72828025210109937
0.11507871886241258
-0.67554775024756364
-0.9184388062768738
-0.24780486069747157
-0.3083227369809402
0.7369832756481377
0.3033386545164985
0.60402095335431982
-0.37716461100998044
0.42886755422488498
-0.82086507852073676
0.28877939096796379
0.90428768663014414
0.31443638968998816
0.38885552759951286
-0.24992175574286965
0.88675278102845878
-0.99702270677972971
-0.056935046976399208
0.05200117875026123
-0.58151151765147913
0.79244820472535582
-0.1840385765708755
-0.72286202861527149
-0.58894738906282629
-0.36140207595183282
0.21738806731357124
-0.72918728992439674
-0.64886695431527719
0.58363034261509428
-0.51064311551285535
0.63136299523991135
0.88475177680783634
0.29265907043510342
-0.36271884694269463
-0.025535760623173885
0.46194318460038614
0.88654183157403765
0.85167859008271751
-0.52071330539859961
0.059171215768979352
-0.71502208793808542
0.37910765087455339
-0.58738471448364982
0.35910249612315598
-0.43207415403091443
-0.82725892119492339
-0.70675974860434498
-0.60455376565192354
0.36743081279174516
-0.14520412141182487
-0.50461552364578555
0.85104578984958834
-0.25663198686680094
0.14545413396491053
0.95550150090374852
0.92945968658313982
0.056378537852095685
0.36459038863693494
-0.12684231101369942
0.74161492943029172
-0.65872477149626574
-0.42663522197596959
-0.62790121595315873
-0.65093966723042762
-0.10559806874073191
-0.85836536148936993
-0.50205373624090377
-0.39865605143842692
-0.20220685773715666
0.89453101641898802
-0.39259145725129774
-0.83537285868937061
0.38473904748342247
-0.56136700684459906
0.061968597262707127
-0.82524358620932525
-0.098075779924835169
0.92332764413682777
0.37127779756520701
0.35164914389857321
-0.931532334038216
0.0926843581016462
-0.21803843575150328
0.092289641985091195
-0.97156670513007037
0.32084505244439321
-0.8916078962386943
-0.31952122259212179
0.28410821595313634
0.679725795464584
-0.67620659905680058
0.62828628473279124
-0.71841059238527794
0.29856752195324221
-0.74134443534169114
0.65373064107506318
0.15180473348185214
0.0093263600248147099
-0.19437021081472855
0.9808839075836272
-0.46839882072603256
-0.57149020726293698
0.67379632511985954
-0.82502269223820701
0.014276739864832013
-0.56491922607648326
0.04251539274135209
-0.2449611340250466
-0.96860027059526044
-0.45096961211921871
0.44382151390292907
0.77436998440148341
0.1522821441283686
0.12307123382488121
-0.9806444921501819
