-0.81263975600446314
-0.55974414393596417
0.16218236738437697
0.22045610179352132
0.93908521860002314
-0.26366277588797299
0.30277555843468323
-0.67949808958123536
0.66828834156374239
-0.8334174435812558
0.533870663905745
-0.14281974287654839
-0.35835653133870271
0.33877106553684572
0.8699510110356351
0.73638016430947395
0.3653317918232345
0.56945318990657789
0.097039505090701222
-0.89920385541607228
-0.42663305176301458
-0.23382713804025279
0.040569993395743437
-0.97143138983243382
0.88158947592285286
-0.079182604451327965
-0.46532796079149846
