-0.1809544699486032
-0.68382821524471771
-0.70684825234334714
-0.20372344730422262
-0.3514000912551471
-0.91379140556494498
-0.66249976565705204
0.5696190998963554
-0.48644438689085218
-0.17096294608953708
-0.91268126229168023
-0.37119345970268808
-0.37900790604731549
0.41436167716931493
0.82744027436852607
-0.89231420660190153
0.11980992009062433
0.4352251598245413
-0.7528368181029701
-0.63672959315582833
0.16676975297759714
-0.068344127859782444
-0.25519332428858876
0.96447158974519553
-0.81906530307435266
0.23570959112945306
-0.52304208047661416
0.66409384984324549
-0.2357040389956882
-0.70952305431289253
-0.74044279422133519
-0.64053753671033931
-0.20360779098735976
-0.50015156190552312
-0.71258195753064968
-0.49201155365016902
-0.71926732480391142
-0.1956311040429872
0.66662057169003308
0.081559273395392401
0.56871172053540531
-0.81848339253088975
-0.35194473959232075
0.73814597427321615
0.5755653055366855
0.58464856700323964
-0.51773736382584568
0.62460713668651124
-0.41166665291728916
0.82253999489157092
-0.39237548812285744
0.0052831496407590396
-0.045739008998400069
-0.99893945331322143
0.43536775324248417
0.82053673042109887
0.37037061636480334
-0.21605785202133979
0.93885804852607602
0.26807567830322321
0.62412311217153038
0.68512561500717606
-0.37559716787319147
-0.40389281096322366
-0.40789966133307648
0.81883359941845779
-0.94805986192657066
-0.056466089260553971
-0.31304005968468473
0.82277692119974721
0.13637201770664201
0.55176155241887259
-0.30884167144756508
0.61546602508670889
-0.72513336286606001
0.46028697335734453
-0.550016662851051
-0.69686266419125131
-0.53644087804998553
0.31238098239976259
-0.78399573097812192
-0.8011251850971749
-0.3790511141846773
-0.46316162474709838
-0.057335770638427284
0.84844605438654375
-0.5261671808476881
0.27589762673634571
-0.75834011437122195
0.59059357471673724
-0.52695445263957774
-0.41892811198810853
-0.7394715963641888
-0.44437864409895506
-0.85680943600540993
0.26154389887907009
0.14074250749086387
-0.47954690798771266
-0.86615605385208061
-0.67837257875297585
0.49261594389015895
0.54510565601656125
0.62300595207850029
0.12796531689054669
-0.77167898853594763
0.50877248736546821
-0.76768406543391399
-0.38963025008180835
-0.16152531725844757
0.29973373980818274
-0.94024957171229728
0.53643392968762416
0.84342815239850211
-0.029454894695824265
-0.068585864613044847
-0.89399473179743705
0.4427972433221663
0.25492548908824147
0.93433683303146864
-0.24905356342330587
0.16234268175659364
-0.79842263267946101
-0.57979837297570613
0.92579588840062965
0.30602498344719353
0.22192494795906473
-0.35168899609983062
-0.71559420902354109
0.60352280655685731
0.35616744664095407
-0.15836450874543029
-0.92090468145355941
-0.87676513213228269
0.43546354415808936
0.20409410767177097
0.30750705164610465
0.75779599593554337
-0.57548643922509435
0.29008428311063073
-0.422526280956321
0.85867493884089297
-0.61304318739697794
0.7408873524692019
0.27434281717830711
-0.45989354337522892
-0.88061667193762183
-0.11407105622060124
-0.66916939928860097
-0.53866921425467873
0.51190603890751241
-0.11324494391890497
0.17133948376889607
0.97868195241284195
0.058739382343831165
0.85237689851014053
0.51961842523923174
0.88597816795441975
-0.048803240459936045
-0.46115174251946572
0.8081019059985558
0.33416306672015583
-0.48508386322540326
-0.11977372929980074
-0.9916248632213871
0.048315467614248729
0.97641453998479188
-0.075960868531393208
0.20210045165274509
0.50431664900342943
0.47780402621995344
-0.71928299720343303
-0.10615011757328986
0.98403355122857139
-0.14286400034880517
-0.055079674771098638
0.60389434077360393
0.79515901215337081
0.57650094327515933
-0.14319194374892069
0.80445181934548282
0.95462174526806831
-0.26845463071236897
-0.1289551655050428
0.74093290858279159
0.64006962698724446
0.20329608355168632
0.58706861240891861
-0.74257417001847381
0.32238803691458801
0.81863874708857776
-0.23593952667193255
0.52360590286881614
0.85140568356103252
-0.46811040286332745
0.23660306999509564
0.5428933092494862
0.24028897093940194
0.8046912856599262
0.85179330789599095
0.50629061521997643
-0.13460302211979958
0.24499722383136405
-0.034005457344359086
0.96892723626995092
-0.40765215627621426
-0.03996146225492464
0.91226246279116463
0.23267730973685893
-0.94527741723217074
0.22871789174547399
0.67569781845448595
0.4988545382788479
0.54274912047321278
0.20366275115875201
0.35209712227264223
0.91353658945757188
0.77787183158268169
-0.46126428850959988
-0.42679113132296564
0.16691610480219313
0.97534972646564499
0.14433268874740401
-0.996233507959839
0.04307641231037191
0.075254370773399498
0.34719297980973851
0.63038844676169103
0.69431076684739457
-0.65848181525165184
0.17277821725922718
0.73249531508646026
0.97989820655696569
0.14002046571599305
-0.14210479924027383
0.17253611431818294
-0.96224501824495101
-0.21051321601922413
0.77327454071497492
-0.62822914415371656
-0.085875649155820133
-0.031702814103478791
-0.61633105403335653
0.78684875510612085
-0.45454600213608748
0.89033666398254574
-0.026240364146316444
-0.93938235832596817
-0.33912368327271547
-0.05055603138587203
-0.92675178133335501
0.33390807807003231
-0.17215263923341551
0.2644829255747207
0.24219271659088715
-0.93348351357148418
-0.71328490130799405
-0.077537306789079968
-0.69657204625361013
-0.74397397738762416
0.65826120611149996
-0.11486907981990678
0.49311401854849823
-0.86961208955748026
-0.024766477473074939
-0.90669560686280082
-0.26874491382808752
0.3250834474211674
-0.40127608761582612
-0.024174093585883322
-0.91563809155530262
