-0.17998313866646723
-0.65047246240509593
-0.73789677153950084
0.0063994361580546671
-0.86971823384033398
-0.49350708297096302
0.70863130018500908
-0.59482234955625268
-0.37951028031725692
-0.89857166217856699
0.4311176586343014
-0.081893420635147748
0.40101570780462253
-0.78213879379760654
-0.47691226586321156
-0.4288259343164626
0.86685486225463337
0.25430486791076873
-0.65465877186494492
-0.066338411923111198
0.75300803948151951
0.77615147424298936
0.21546519956766552
-0.59259061484780573
-0.64542661562244752
0.75859003582591755
-0.089250441969698571
-0.74625103620238042
0.52804467078326034
-0.40531249255885465
0.95889405054302557
0.061163921569801299
-0.27709416185006941
0.25021334553024177
0.67830499231724661
-0.69086584740893364
0.54939431126518423
-0.83128850517922515
-0.084411562634174639
0.14599527735532328
0.60444099935858764
0.78315800275827752
0.45069175485480628
-0.13674483038915763
0.8821438621153217
0.5886353770405065
0.73577416848787791
0.33488022617400492
-0.14902913011868876
0.65591242166302521
-0.73997919800776346
0.61408470755329481
0.6002700989873434
-0.51242148687473044
-0.74414520875283396
-0.40347530277777255
0.53240547361816815
-0.47141915661990336
0.28288625936871969
0.8353079330595109
0.085571216691802052
0.98720419572605667
-0.13455646701201099
-0.10501635563035806
-0.66894172841680588
0.73585904155133852
-0.42639093990442251
0.80277658674412256
-0.41682192617816982
0.073597168906518157
0.4040562702485595
-0.91176860397897486
-0.050350696123841625
-0.99467602922178378
0.089913315428970131
0.55670786151983065
-0.5226634419758035
0.64567738333011415
-0.59404058722485886
-0.79353729335319345
-0.1319634221564171
0.83764686014319423
-0.40740685747618521
0.36382329525970075
-0.68260308673605774
0.20750039306210905
-0.70071150472749932
0.24502155891023567
-0.46748856217870821
0.84936380891893559
-0.45967799805856829
-0.070062311230477375
-0.88531768910708597
0.20820683928719957
-0.96080979225043461
-0.18301490428298611
0.92016369498118922
-0.32143718938024185
-0.22355515588305236
-0.9231583585632116
0.28014218403145558
0.26324703557868007
0.48371373309033772
0.37300806921966306
-0.79176133065263321
0.6229009231992636
0.77007226864664047
-0.13777931970699214
-0.23085384330829314
0.56601468624371343
0.79141258391955127
-0.71420994108630242
-0.65356829211368639
0.25050478557724115
-0.080880159087585321
0.016650704090187554
-0.9965847449761952
-0.90802369440711839
0.16533406311750509
-0.38491248092040969
-0.74370224164537302
0.31728648254558922
0.58841844274758648
0.90812131319476708
0.040415282041838835
0.41675206718010455
-0.14896701337299303
0.82650679065493016
0.54285850267635871
-0.52561299819907215
0.63769663504853491
0.56309322298528675
0.80841512047412734
-0.19882257045977533
-0.5540167673135622
-0.31366964973357248
-0.040800492692776441
0.94865519058931236
-0.99943158459672077
0.033268898460205573
-0.0054486792649439467
0.98042220422739879
-0.16761211574616283
0.10333673167360918
-0.49976773779690803
-0.42590995714754509
-0.75421012765670103
-0.84821989510110418
-0.52230764481943426
-0.087850632996282499
-0.13553710021084436
-0.34011225364115011
-0.93056614455371922
0.54670146055956093
-0.45134996372576563
-0.70526642006180373
0.32829493858540132
0.26886035380130424
0.90550347511925378
-0.88972128726802246
-0.042061844411016014
0.45456224241227566
-0.087407871446627594
-0.89213216333713619
0.4432381607539802
0.19687966435836529
-0.61758697624201642
-0.76146222791309903
0.34888144779573027
0.86040495965353792
-0.37146337745132973
0.25112138668277367
-0.28322227590861987
-0.9255934267158894
-0.72800010443327123
-0.51569117924000984
-0.45175043508467622
0.26100735692920046
-0.7707922037372803
0.58116653231811277
-0.49891377261599562
0.5381951793868327
-0.67928712366631072
-0.7649605306817725
-0.15525707498814406
-0.62508449602048766
0.65705804864227058
0.18791590183481843
0.73004269365018537
-0.10979928974868823
-0.35557988741903629
0.92817404598154385
0.80146666156899993
0.40452984125336877
0.44046202779464017
-0.31611285768894687
0.29644104837866092
-0.90121882250643648
0.50296811795683161
0.55167897895649631
0.66533703977494019
-0.061897604599489273
0.27552759824503631
0.95929830039991593
-0.030062256667508773
0.97399333790322573
0.22457345890418537
0.24456039749115857
0.83855111827374829
0.48684929292421969
0.85680500498487999
0.43780763996430788
-0.27241448900846443
-0.93748771766303418
-0.29407165055804207
0.1861145979471357
0.28221994161484748
0.094693575350183884
-0.95466487907658526
-0.29420800214848308
0.95114688701587646
-0.093601553362140558
0.59971260062250897
-0.7320622853396922
0.32315570092111068
-0.93641798240456853
-0.20954435323554571
-0.28144719976658861
0.36622053453335018
0.92483924647600702
0.10273698586097743
-0.049638570413633308
0.88311362076659017
-0.46652582473408061
0.82140569045594714
0.56288029584858368
0.091969909383448664
0.10928203057608858
-0.059622022687899262
0.99222107022768391
0.97250192347934661
0.22088803182389918
0.07381386201747496
-0.44945743045817144
-0.70978516366235678
0.54239564862813883
-0.24505759001825828
-0.94506705609242236
-0.21632160563208977
-0.41020684279915992
-0.89138212518501048
0.19279069744518174
-0.74350426949118298
0.61900834077831401
0.253041647353279
-0.43548514907399777
-0.75555866460188259
-0.48937080959229462
0.8120693795052385
-0.58296999657776238
0.026254636925703359
0.58438905221926252
-0.056394936754567443
-0.80951161001848526
0.29766396664221767
-0.92780215927307841
0.22489845755592436
0.73392286492319991
-0.18769047477709935
0.65278596340674278
-0.45898230438570087
-0.4104272618056784
0.7879623766573407
