-0.048412555084977306
-0.62675501631024966
-0.7777109836180035
0.65206928856186464
0.68155362146781917
0.33209984037714391
0.78652731701724177
-0.11640615717351432
-0.6064852728284128
-0.28990738003767969
0.056268188536092938
-0.95539918461267026
-0.54278781510311502
-0.75813876374366318
0.36139590850591635
0.069855333111586454
0.14185825511768121
0.98741909435195552
-0.35968219157422437
0.9328406471912013
0.020905693297848919
0.16347450873114269
-0.88444607992750124
-0.4370711803539416
0.60947845426153024
0.10588593898674212
0.78569980381559956
0.54634377904050335
-0.7256769658805412
-0.41821216660225652
0.12951775904041149
-0.9656880766128344
0.22510372893613773
0.65263382438974482
-0.25535105511595579
0.71334769216251337
0.20011603268519493
0.9741255072808731
-0.10503841929084702
-0.65305350123603001
-0.070293114287253017
0.75404244085274241
-0.20167111863421786
-0.83531020018016255
-0.51145442551981124
0.00033297630023334916
-0.99220748496076216
-0.12459613121852092
-0.025724699273972012
-0.59115472626852472
0.80614783350056152
-0.80442477939362167
0.56167963091644679
-0.19343413998332182
-0.33239871846874319
0.64180347380483027
0.69108566254292214
0.92548368702227379
-0.37872330260986653
0.0069717369380513554
0.071740807658191172
0.62994125023904268
-0.77332223410672885
0.58880467037472917
-0.41498176686256999
-0.69361314384642858
-0.37465600022585688
0.84301053237011714
0.38596129832900922
0.33138628274823656
0.30358657843379339
-0.89331871188348455
-0.55603156831510603
0.31068875243732397
0.77090945911046049
0.24476154357467669
-0.77897382176125218
0.57731410150593987
-0.27546872900016056
-0.94501106097470344
0.17626988959689485
-0.65990612628951872
0.74195334841993266
0.11844464214987359
0.65006958714031615
0.26341608953398349
-0.71275626665069958
-0.3547876234839909
-0.9164703873257467
-0.18495343029416289
-0.87405848390689966
0.44944947028544646
0.18443681945453172
0.56784404715481529
-0.59001015260449485
0.57396964896626768
0.81471136747628525
-0.44419305609736631
-0.37274376804958548
0.15423991203201975
0.85605056536275514
-0.4933431656346951
-0.37642023723386242
-0.34154525527810203
0.8611937317455457
-0.36465912438676723
-0.6529756942248045
0.66381207111132823
-0.87536641071192256
-0.17515439516998202
0.45061578406660779
-0.77997534215649833
-0.040010134878001598
-0.62452994702808073
0.49588320606772851
-0.062184179058150303
-0.86615990083520633
0.47588793328596285
-0.84153151880107813
0.25564697889309335
0.66674863608538792
0.43006501263881508
0.60867917754943035
-0.15535210013871523
-0.30656976711110612
-0.93908503495473328
0.11738137281509253
-0.02421205320257187
-0.9927917152130955
0.8841149821049813
0.37773915462929303
0.27505241223711502
-0.011751622744490034
0.83839611273154935
0.54493472776058083
-0.52190616218963071
0.80274320698262169
-0.28847409157799025
-0.11261219185753846
-0.85880191906457248
0.49977770864260096
-0.57728061748849413
0.22623703922455426
-0.78457879830837285
0.96462238030613168
-0.10890837873983472
-0.24008879285129822
0.31785708682046049
-0.45812465703643263
0.83011364943196853
-0.51821847875401472
-0.2133429598285132
-0.82821156099723958
0.49061618037207155
0.80251745802183483
-0.33950183081581686
0.37636889233445103
0.68471028331292572
0.62411399984976423
0.79353318723852828
0.60662851669988027
-0.048030443237245
-0.31992451742999156
0.49422098840785761
-0.80832785289407616
-0.13530705130202642
0.95459132438659344
-0.26541930086902188
0.30254521148416974
-0.65937225820351986
-0.68825476396432561
-0.66820910513795007
-0.44007521504800712
0.59985864744220407
0.24314430376988183
-0.35773938926847632
-0.90161154435270907
-0.82120578422685442
-0.51656125116570706
0.24245728231273297
-0.32235336719382307
0.012812682874386564
0.94653269453113165
0.30342215219627838
0.89695560157464083
0.32156748336928059
0.98830974758550016
-0.015264891459265219
0.1516931966708521
0.38179601396472013
-0.91790925291062875
-0.10804817046902053
0.85805098087077836
0.082038658062213624
0.50696959752044923
0.70493908374843717
-0.70399551229397528
-0.08632037345758789
-0.97124409055080774
-0.23270352315980386
0.050338721469154427
-0.60161778558328571
0.56775961586495816
-0.56187637311310656
0.73561382564867284
0.5370637620201506
-0.41283751651138356
0.95783623833891895
0.27537578357091441
-0.081962908363810275
-0.41598910239387471
-0.55861227980976269
-0.71756908206477077
-0.96894306302192679
0.20552457229734428
-0.13750996619765496
0.061821358408705875
0.58408355793696387
0.80933584931856295
0.52528426425654062
0.85059437554703998
0.023783397827178799
-0.84449445332709061
-0.50383688901246315
-0.18159710231724963
-0.94335071647488544
-0.12981742202047233
-0.30534711831991923
0.88001942116115406
0.2024641594958774
-0.42962085901270586
-0.65753924878124825
0.57667188625235544
0.48486252888663406
0.3428476008582596
-0.099999049408059662
0.93405337786617948
-0.20936334423130012
0.36282523936862704
0.9080334992550575
0.43919187009311383
0.60070076218391455
-0.66803375330575754
0.86898271337773203
-0.28000966502785118
0.40799954821257456
-0.8192960131090844
0.22070288513111558
0.52919210065755939
-0.033222199385843573
0.31760544655003087
-0.94764078942905505
-0.6432552096964067
-0.76565176743569219
-0.00032591568313117242
0.75756139156568125
-0.59747218997582852
0.26292150960801225
-0.97319722427220878
0.094086284867890321
0.20984502297797378
-0.83379952186762807
0.28968674633976554
-0.46995738777935508
-0.016565100835849538
-0.24447282300006831
0.96951463952261974
0.35148855125402495
0.35849902465555583
0.86483191873239851
-0.73997911210376699
-0.4017707182077585
-0.53945454270118298
-0.57883889181016701
-0.70984798219961998
-0.40132453138962965
-0.036289129080117472
0.98187888247488697
0.18600257863931347
-0.24476216607084686
0.77897329673052529
-0.57731454601550125
