-0.21517213820894507
-0.87577149043041136
-0.43211716870298794
0.13445213316860655
-0.6393043228559705
-0.75710805481389531
0.62271225400648211
-0.77675985069144038
0.094199697791329126
-0.64420260705896237
0.76241143665973643
-0.06108847934653943
-0.19748560812030455
0.041827469654521596
0.97941303716443018
0.82490990205016557
-0.15391001683820926
0.54390749233343749
0.22573132147204625
0.61695122014373482
0.75393405710953298
-0.91490714152173069
-0.20513795346038116
0.34765405569707103
-0.77473373007807422
0.51908284899260648
-0.36102720584608639
-0.31011212642966773
0.93784961365352182
-0.15578373217768868
-0.94164664514703234
-0.15339594061641684
-0.2996185593145792
-0.44715718366727175
0.69026511108219946
0.56884490814055144
0.15150891453216592
-0.86037680148928997
0.48661772293695132
0.43235489097515489
0.31786809038456182
0.84381818264667297
0.091783940841157693
0.97419675883621426
-0.20619501273474533
0.40093096160934755
0.22021109425008104
-0.88924768090346229
0.70123523202507088
-0.38108599290835876
-0.6025301779793234
-0.67371698174085426
0.39421679204218896
0.62505883673935769
0.58556670221662566
-0.036973709512525994
0.80978057648972346
-0.81087560195456665
0.055871941848550537
0.58254534953846404
0.98955634944304161
0.0073890087541535476
-0.1439570554943099
-0.036074563039815023
-0.36482571597210262
-0.93037671019159185
-0.88004943462673613
0.47475736486088532
0.010882882132517518
0.60113124063074497
-0.073519863303369223
-0.79576130921124533
0.056606320278075099
0.30577434216356419
-0.95041978945043837
-0.38332633905442559
-0.30977073597166949
0.87011666397253995
-0.017504397597995706
-0.28321004382718618
0.95889815264194489
-0.61048272872259535
0.41381322889029937
-0.67532914162414071
-0.55644655556008671
-0.55163021305103699
-0.62134639200254704
-0.1358761624007595
0.64026175570779753
0.75604401503431728
-0.54620512529815946
0.036527889911934279
0.83685463155592532
-0.11846771021918451
-0.59403763091394857
0.79566619552018591
0.90225653404056572
-0.31264032946435893
-0.29696661626102494
0.24563004593843041
-0.62249959963136692
0.74307478021466489
-0.70945117347115361
-0.70475264938447257
0.001653978829866463
0.74056485892394153
0.25158135939730508
0.62311356054154887
-0.49053391254820966
-0.60411879818499892
0.62802624015215958
-0.20875356322027569
-0.82159554687346437
0.53047404008163423
0.14609413141571354
-0.86736234329747774
-0.47575105905861786
-0.74117355583706934
-0.22984390139030786
-0.63074047049600146
0.63455979331594781
0.63430159190017832
-0.4415827886361981
-0.22710971477891259
-0.65157394278254177
-0.7237904216966774
-0.75674047254653209
-0.55201771154929735
0.35017181974843165
-0.997886186833019
0.0077575167903488305
0.064521152044151348
0.028692662727926647
-0.98967831868342604
-0.14040497367803093
-0.69526917432716739
-0.29763878304849239
0.65422620709952584
0.46496710934535185
-0.67405232061198617
-0.57398524049371147
-0.71879620546645351
0.62059911004773105
0.31335085705163174
-0.37472553995132091
0.37113253218366699
0.8496125077134461
-0.3584281913088227
-0.93176445391155194
-0.057829353290464347
0.55757301112848046
0.59484882758059121
0.57902263305255663
-0.9493883268337211
0.21356327662934477
-0.23033135207176075
0.20526245477808169
-0.078729463765519744
-0.9755352357519792
0.76555047643941831
0.63876474880048384
-0.076889945462554343
-0.30779648545472116
0.6331075355433089
-0.71023670137497064
0.28990599632180802
-0.94556764001424654
0.14783893754538446
0.26617269695068158
0.8414250713764635
0.47027220272637199
-0.17756009482223739
-0.016933690175017949
-0.98396425893615391
-0.4895458802382886
-0.82464463210893024
0.28338324205154769
0.50176323992753347
-0.73955842749416145
0.44865017929316342
0.96710747340810033
-0.19423695049381837
0.16424110916899776
-0.089068150205066851
0.98636295171203225
0.13840156107853319
-0.10196837694971699
-0.97284273614981576
0.20779668145276065
-0.55121702703748554
0.042663446633019721
-0.83327043594822647
0.69750655012270468
-0.65376417311811041
-0.29338885200892761
0.8564574596113631
-0.0088672065085129252
-0.51614144623812708
0.94529830843400364
0.32555760921425508
0.020575498888475732
-0.4329583243884163
0.87093446743312763
0.23242255221847358
-0.303723095583109
0.32247353986745653
-0.89652835833272193
0.21472459195978871
0.039407878765533769
0.97587927977742361
-0.40707382036097939
-0.30520093258786324
-0.86089679725517376
0.33698373326822428
-0.30232696245349344
0.89165036381210216
-0.50048515735336019
0.75586172763820081
-0.42212279725309404
0.27761718421099224
0.8193905896100272
-0.50152543374119307
0.68994734393174373
0.30122235222121146
-0.65820798925860247
-0.80560977138509771
-0.49345954059985864
-0.32785755754569246
0.80596162604326926
0.49872751197194343
0.3188992413725133
-0.92276236165822645
-0.38490785525370685
0.018856480873262992
0.049350668302966527
0.63104808953741387
-0.77417234530124523
0.86272659696462295
-0.50563602256075957
0.0059187480750650711
0.27307573500012805
0.95367768407106379
0.12620823213638671
0.78841539542205741
-0.4966957976548993
0.36289729794177855
0.59680505599822675
-0.43620202557571608
0.6734623360059534
-0.10051722099946819
0.87221896241182784
0.47867564163197052
-0.81611050468600144
0.13082086559153347
-0.56289390231822733
-0.54603093838551986
-0.76985113380444947
-0.33042313191698952
0.87416474808354117
0.34575622477199797
-0.34101118198595004
0.38562354588134506
-0.37847342182731253
-0.84145846589847983
0.41162519491343219
-0.8862591550766119
-0.21238975718091724
0.40166296728380141
0.55078955636879701
-0.73164043444019367
0.93627017473064456
0.1277950852385108
0.32721029338749408
-0.91130960780752923
0.26983898083885249
0.31096900671535826
-0.1138396478342589
0.86422974931883501
-0.49004844145581727
0.021289529338891822
0.34657512607214985
0.93778059157171823
0.5827557607864301
0.78068769579568886
0.22566002061385884
0.47740681694203646
0.86102637610408894
-0.17526069379736206
