-0.64766111287127293
-0.74853580862998359
-0.1422294838386215
-0.12472995473698259
0.39861367582090218
-0.90859758740592023
0.2619186748398013
-0.79734157233845548
-0.543732493778882
-0.35926400180561485
0.028621553477637195
-0.93279696809281165
-0.85029747457492477
0.49334004062521092
0.18332978221614799
-0.23398176134748591
0.26620157746845241
0.93508783304566412
-0.55024321586907754
0.7457375594475989
-0.37564330929645867
0.034270534016356193
0.69415594950357618
-0.71900837844007259
0.4441941803829067
-0.41971464035571743
0.79153720745460143
0.01757268643638989
0.99200018401461965
-0.12500734220984389
0.82405956723400631
0.19633368884632377
0.53139336867719511
-0.74363063882603198
0.31478129830401885
0.58985269961001607
0.090368598749647908
0.83873693561018947
0.53698591155006503
-0.83990426711985011
-0.47005401003077418
-0.27131172058695946
-0.62473243196454831
-0.55457898528607052
-0.54968312465522673
-0.61252643191760558
-0.75592990598804422
0.23104403786982611
-0.32231315200066224
-0.56287582654444013
-0.76110776893900611
-0.34450961673480396
-0.93734055011899653
-0.052017468987403143
-0.58228956346930638
-0.30494173556163878
0.75362417834579876
0.85225172737113575
0.51655304727509754
-0.082703945152129268
-0.6369770497151297
0.63124256108111487
0.44248510394810381
0.52361478513747428
0.22851462442647594
0.82073663449895018
0.023949481182676223
0.013145515103872735
0.99962673923006606
0.99239329050602421
-0.11979186178588257
0.028380747144817409
0.47262424242447293
0.77163501355062825
0.42568266506332469
0.88277825717815528
-0.43857094653713902
0.16839855553720395
-0.97465103285028709
-0.15302862889571589
-0.16321030268388606
-0.90176359270123552
0.14820648388597452
-0.40602618266894636
0.29928710768019329
0.60660585736251849
0.73651650422099046
0.020830613050010195
-0.996617022405064
0.079502177406817545
0.13108657495597478
-0.64561701015862605
0.75232638266921648
0.58763067886386611
-0.68937967956367729
-0.42361048459955936
0.62619356519223868
0.77506362287334707
0.084604960908184271
0.78104632566282706
0.42330601120164807
-0.45910636899214041
0.23050639615049578
-0.25517615118062498
-0.93901647120929332
-0.44984750532937084
0.49042708998259554
0.74640370534995648
0.72216888384724109
-0.43230011205323632
0.53998955204854582
-0.34629072076997536
0.93139863609109619
-0.11215755612644464
0.25262260596125014
0.94639392910201026
0.20129667139872437
0.37325738261328933
-0.9102595764892436
0.17918267141188399
-0.074055259977581639
0.58659727727130784
0.80648586644003939
0.35662415752196597
0.091218005939735183
-0.92978410701846603
0.24003337129780222
0.42901132696728433
-0.87082332421518271
-0.28361785312889543
-0.90953807205984394
0.30381146927036579
-0.3023141518358296
-0.13449080613107026
0.9436728122956588
-0.56150528186597826
0.096669489471008715
0.8218070504942282
-0.18599182445501133
-0.76542031447701087
0.61606719067144777
0.36949950892218331
-0.082372751920310586
0.9255727106215591
-0.69425844811871618
0.082313505582153182
-0.71500328252013567
0.076434422261301593
-0.56659833963677442
-0.82044140596049353
-0.25550298079448791
-0.48449661663971322
0.83664882434017829
-0.85861760194670622
-0.50480830722318282
0.08913128847802046
0.42731096951466885
-0.71863236783873241
0.54860992993832181
0.90925088399051657
-0.13032199956096857
0.39532139632569235
-0.34200830228941109
0.65918303744266293
-0.66970743187826387
-0.78827022667908164
-0.42896658012530836
0.44115498735354525
0.37726770090479256
0.9153547279279185
-0.14069400809564897
-0.406758427815404
-0.81521840649086663
-0.41226997358482603
-0.46780360266046189
0.3534679530175881
-0.81007419137227721
0.96111827164390085
0.21656488017032505
0.1713222711414181
-0.82175987522461735
-0.20828602998144655
-0.5304032778795672
0.93217988526331941
-0.16591739888477738
-0.32173293001770042
0.58953327653158683
-0.14885995518197542
-0.79390882952965813
-0.11222081610266688
0.96562158156399092
0.23448123517908254
0.79969936950721099
0.52436536539907297
0.29244124534625088
-0.84576335895231292
0.48703738983886402
-0.21789658453644367
0.63636537222139555
-0.76810022469895933
-0.071141815094448793
0.68761268271044407
-0.10565585363193124
0.71834924595843641
-0.097986039025468166
-0.79695775101563826
-0.59603446146359318
0.2216157318025983
0.8609407687336802
-0.45789459502145108
0.44105272329136447
-0.5093425408806278
-0.73894700170346239
0.10679641813343581
-0.89451050618098948
0.43410307463285541
-0.70202592190542279
0.45236279757331194
-0.55002500338119886
0.0020811166582694971
0.0665073689611963
-0.99778376356168164
-0.16530564421299238
0.88337012610699706
-0.43855588502839116
0.59348658755291306
0.29698955472206812
-0.74804470105788867
0.8130599201449743
0.05502150352775681
-0.5795741543611076
-0.67295437195114405
0.73941924899841249
-0.019788569490113091
0.61980563886512052
0.71728901120002952
-0.31833542756451683
0.62259683508341823
0.49365429690616935
0.60718911064855774
0.66320119035060154
-0.69419121406935658
0.27975478445677748
-0.51945491434269053
-0.63862455473632918
0.56773697259651257
-0.8119703312976726
-0.077960498287729399
0.57846896355731747
0.74401376647108219
-0.37520900559683007
-0.55286681707311025
-0.15694960510370909
-0.28495922559630799
-0.94560301459192808
0.95689818689294148
0.191561306967622
-0.21828908720744139
-0.96302918442579943
-0.17257255364990226
0.20686590746406583
0.84825170498847224
-0.49494406207172609
-0.18841289872004316
-0.040411515172555451
-0.95894416389076043
-0.28070090840841372
-0.2792650026769643
0.77947529848855335
0.56073997300532774
-0.98124345598976093
0.18924694672532558
-0.036699771558032272
0.18040922099956919
0.3233401278290598
0.92892608678721889
-0.93152597580470242
0.1664317141858305
0.32335714143074518
-0.45416451666926499
0.8580479470309027
0.23976720458525219
0.075558099692045341
-0.34193769173577537
0.93668008868627961
0.45057201274152292
0.62898652751141548
-0.63353043300474854
-0.54396070536824026
-0.26444963655899084
-0.79634988587875377
0.31939399174868721
-0.9266907780994178
-0.19806988620266069
