-0.30829474373203031
0.28631574152571854
-0.90718115453407633
0.80992476845661798
0.066194023477579231
0.58278659961974355
-0.98072117394271152
-0.17824746727346016
0.080086324619293076
-0.18202058648940239
0.40227032208233665
0.89724416635931792
0.72063544917775468
-0.015796762533215537
-0.6931341945697419
0.49040485361443725
0.86683285055876658
-0.090021601538549559
0.57999789803953261
-0.81453317877991405
0.011753252163218708
-0.23031832488647866
-0.67278801675827671
0.7030716561830318
-0.31960903004716806
-0.7547798069257996
-0.57285033906716065
-0.57999906525196454
0.81453232740486747
-0.011754655216434958
