0.90320905346933744
-0.29914163135466199
-0.30777863818253387
0.98619756437532902
-0.16019065584669978
0.041872637838726835
-0.082036448318019636
0.71236645685236777
-0.6969964507075832
0.34268387651388804
0.8828177035241519
-0.32124860018645529
0.57629648876698791
-0.81430095248037504
-0.069255438951716847
0.47931675197172796
0.42629173564808126
-0.76715761574621633
0.44030376488600492
-0.35482827857563143
0.82476026053045481
0.29200457780398009
-0.75064079401790018
0.59268180746307342
-0.10897394419631566
0.12632964390484014
-0.9859845336298001
-0.52350360121655493
0.51961291266755372
-0.67523803247628111
-0.75451204497891633
0.51865385520470431
-0.40213151140271469
0.40204684560202453
0.3699457310461326
0.83755506685960912
0.78040236022622567
0.3199770764484911
-0.53720277987070442
-0.32836737745830136
-0.18279651706874825
-0.92669320638962938
0.96362111972040376
0.082931129777915891
-0.25408023406505592
-0.75946028839877977
0.21742947251569184
-0.61314312752145417
-0.32770050741704709
-0.86072108073918208
0.38957874506931761
-0.52857910483568504
0.13552579072937063
0.83799575773286861
-0.83430775664328172
0.25959876931368775
0.48635280011085902
0.84728227220129337
0.34199732450870918
0.40638723065851623
-0.011233264984754349
0.91668220922014987
-0.39945906055195168
0.39624472841093067
-0.87619203348144059
0.27436770157984292
-0.20614806507991865
-0.44081032333390974
0.87360702498666964
-0.59208847491378847
0.77457846117957652
-0.22239479614177868
-0.51928675816880121
-0.26581801838889063
0.81220812843158652
-0.76231040841006859
-0.046438532368498993
0.64554341754922584
-0.94242284420358302
-0.081556341316464803
0.32432660377203298
-0.90628971988962959
-0.053445292063332456
-0.41926428941497251
-0.10542502507530996
-0.74830374598547378
0.65492523835318628
0.85636367242129463
-0.51601241469909587
-0.019298923118196781
-0.76785904149188167
-0.38340793458195688
-0.51321618066733476
0.87012624585088116
0.44679401197525875
-0.2079793911533166
0.35736625490385221
-0.86253127719232969
-0.35823059015243719
-0.46411714135201027
-0.60807515351018659
0.64408065239285139
0.8003986891308521
0.58040330096666348
0.14997982085805547
-0.010323486209950432
-0.94638501219096161
-0.322875880692235
0.61086016173047675
0.52766204600857702
0.5902733502477121
0.29970761557671965
0.72065902758185241
0.62516070824236569
-0.66430155824102177
-0.67469722664270859
0.3216940970536884
0.54960847369985555
0.76685635498758609
0.33145415437503351
-0.36148821451893992
-0.89462455294559129
-0.26262745483062094
0.13386706011620117
0.44402760111504935
-0.88595660145622257
-0.28157428036455473
0.95008195612681379
-0.13438824829362905
0.27346125430922985
0.71784374270019524
-0.64024940722955659
0.72822896708317586
-0.20114572206231821
0.65515110470562399
-0.21977598319701533
0.28999170119715673
0.93145226954823845
-0.48769264597416462
-0.47495246260628754
-0.7325135093136107
0.97143788345399529
0.22273173039558017
0.081847509830247869
0.1120410353977903
-0.1986199727111613
0.97365133021385475
-0.23057049383978878
-0.075623868776086428
0.97011250782670211
0.82535357222250405
-0.0463324376485406
-0.56271199208928857
-0.9519286914683448
0.2691788818986694
0.14620019117342786
0.92084390894922175
-0.012117231802675991
0.38974307953388659
-0.60822324222367308
-0.68060197617092222
-0.40846718062918885
0.086929003658302598
-0.77219641571875719
-0.62940928168726518
-0.19371304556501717
0.95106232642563449
0.24073991615805113
-0.28045126434424744
0.59012577153087165
0.75703280120666294
0.68108830337906945
-0.35995022360658252
-0.63761631058638391
0.40890186075451096
0.9116302482758466
0.0415879634030899
0.59827398417096411
0.087735988411761501
-0.79647387665987668
-0.54124166314506028
0.8304930941281653
0.13167643176132734
-0.1385390826936389
-0.98925709638017745
0.046661759802490411
0.066142696170365736
0.99709514203589589
-0.037767995336410246
-0.47735165371920307
0.16671312232941612
-0.8627526491032752
0.075091480319054701
0.53377568058673097
0.84228545778593678
-0.99756190140392675
-0.059449147763246009
-0.03655204094994105
-0.59208056555898469
0.44877681470504133
0.66935788220543879
-0.43698940828296257
0.76441243588570029
0.47403996130262727
0.18055632076119119
0.92691795885341577
0.3289719024296745
-0.90829998712406357
-0.37257940180471888
-0.1901991659846694
0.43957136701560034
-0.22435238182782916
-0.86973732935192349
0.59738121909074038
-0.55813208646094259
0.57586826023007698
-0.063267365034806594
0.81559024342086273
0.57516066916840758
-0.23547680849412206
0.44322263653490651
-0.86493026720335597
-0.93747544301015839
0.25928425446278136
-0.23218843455389179
-0.27492587401859825
-0.7571265216609645
-0.59260036617663248
0.6589280399125268
0.73954190874173331
-0.13744672943242175
-0.74053194571829606
0.58194858141402017
0.33607779748279126
0.13976426312122478
-0.53874038969942473
0.8307976548237801
0.7021449260693805
0.15988468491935812
0.69385112979893748
-0.75602553810487039
-0.38841775692472197
0.5268368170874248
0.22011135051257821
-0.97518838227919036
-0.023634983461481157
0.70292948132980859
-0.61947451803856424
-0.34948743293328138
-0.14432821658072664
-0.51010361627405665
-0.8479172521907764
-0.89490798740900257
-0.4103265178961466
0.17541904908758366
0.60583854201185283
0.63588842890807507
-0.4781271452174331
0.11524568459276477
0.16706065964557937
0.97918801472522565
0.45580975566933307
-0.63732645892260553
-0.6213311929992209
0.21740810053181167
-0.49735480151383177
-0.83986422666660032
0.26817295822827664
0.11314980540063078
-0.95670287237621188
0.86435095915906757
-0.36849133247075638
0.34221565904371809
0.053067112982426702
-0.19945278614214768
-0.97846945155167975
-0.65928609770254065
-0.12425682949403814
-0.74155382926679414
-0.36588219567816532
0.78915996781128928
-0.493312035216869
0.68780102028668544
-0.67906070801505836
0.25652740852135458
-0.74178392060703402
-0.66665767978332757
-0.072966794603900584
0.44390283818835008
-0.0019396148837859336
0.89607282524492959
-0.48832509146392256
-0.87021963820259918
0.065240986605728746
0.042464586300358438
-0.93296595967352336
0.35745108336778197
-0.82220458428097976
0.56889332407648696
-0.018439289805915172
