0.98289862175758969
0.081125520247636404
-0.16531469780869748
0.84380146189831073
-0.53234264771676165
0.067899913992444161
0.6023761586421893
-0.060565252134742974
-0.79591131021825212
-0.55700140786379071
0.5322605381941381
0.63753286277574872
-0.29103893172272749
0.75128114949954605
0.59234531704769489
0.82122910986424413
0.4055552206091203
0.40138225190990823
0.34499622201937169
-0.29945941413147337
0.88955138473299866
-0.018488004901499336
0.10361930600107261
-0.99444518858437758
0.25631053281281535
-0.96607111830679171
0.03180416863676231
0.46341449658508294
-0.3883866534735389
-0.79649407515587933
0.68135048477404769
-0.62129294280490133
0.38698397398212186
-0.50413374312743542
-0.66548053832935672
-0.55044057094766419
0.14577061211548212
0.74910601844205027
-0.64621289199255094
0.038013330617331711
-0.95039806144067329
0.30870456994542134
0.2391774751481803
-0.15627633381347544
-0.95831719324634934
-0.81576567761878338
-0.56430382569780735
0.12683671204342123
0.91786150317037019
-0.29954588160080015
-0.26038918144544354
-0.16577561959627943
-0.83601689919324695
-0.52306231771250566
-0.10905111504134492
-0.27810207995082997
-0.95434117978596178
0.30487252359975819
0.43090956700480959
0.84933485117334162
0.016112812220151519
-0.13700865390398473
0.99043879469545015
-0.1250651018836019
0.88100977651098733
-0.45626800674921825
-0.46027935649543994
0.803479056063922
-0.37757690667037952
-0.75517012777431891
-0.41082669207329603
-0.51082238321889561
-0.68932975309285704
-0.10500719282526585
-0.71679702912044629
0.061723132295980421
0.45732384762646933
-0.88715565338428337
0.39643849453917029
-0.84030412273742061
0.36976411583333824
-0.19245949999657305
-0.59790067633311772
-0.77812217684722851
0.40350731740981133
0.82110531233776085
-0.40369284220486995
-0.050096895161522083
0.58877951724252553
0.80673972331281296
-0.38874330742050384
-0.88564434652227064
-0.25399356765262326
0.39733564206713684
0.51898193041799545
-0.75682372019031419
0.15024504442105241
-0.53484030666536431
-0.83148798728124462
-0.61822108604242121
-0.16106817902011503
0.76932420375266597
0.052877911062755384
-0.50739375098395934
0.86009040686666616
-0.79806884186585259
-0.36525225698921571
0.47924619185464656
0.0020066766528046825
0.89067531326808802
0.45463552389095629
-0.83119781710098295
0.547059335425927
0.099177983292180166
0.8425939398407376
0.042991430476912965
0.53683068974231729
0.18295291781392944
-0.79301290257811996
-0.58108413006035065
-0.23777653084576217
-0.68900482367595772
0.68464200450324175
-0.30787810379233105
0.91902151342603611
0.24619206133699095
0.96849148237428484
0.12967141331035101
0.2126254291907636
0.90127511137752181
0.43285622446494393
0.018402786565890662
-0.57909276002909249
0.81500298291278284
-0.02053565497261373
-0.33470385167600858
0.018797966675366706
0.94213585438731517
0.56201327401012369
0.61928277609343496
0.54829729442194985
0.093533682174836694
-0.78517939203784348
0.61216400794060011
-0.36857456049775372
-0.030217953835678261
-0.92910691990743044
-0.011861717249520018
0.23966145606320954
0.97078405742036922
0.59496087777042628
-0.80235253965249409
0.047454778851414414
0.86553888365491505
0.35821133441439496
-0.35003868468850985
0.31841431877012605
0.082589240418796755
0.94434704371285172
0.070831945433406707
0.99038692023779307
0.11881323044180839
-0.59656573952468517
0.22830189553164598
-0.76940728026320571
-0.47090505354546253
-0.37537870377079757
-0.79833530505715511
-0.27482360265163691
-0.34230771224928952
0.89849731082526507
0.13062411423846898
0.96386742142067694
-0.23215713364717108
0.63684068087930601
0.58378722009891382
-0.50361337236650516
-0.93700592766895252
0.31062021931922118
-0.15979665473133151
-0.23968887482008161
0.96526125310060673
-0.10401902013636444
-0.22706454967868567
0.65709015270171645
-0.71880054361529988
-0.70076177767542447
-0.67699889448015349
-0.22495650206613083
0.23970622737441363
0.72236401397323802
0.6486379235555052
0.41794306042554469
-0.86390097315289005
-0.28106708599126096
0.70747827675394659
0.68720430640352514
-0.16499917933649258
-0.18176766635705052
-0.98300613772530421
0.02567973250429402
0.68727134402268608
0.6977354116495823
0.20204800176056845
-0.55976790218468542
0.55245328752910994
-0.61762064471812705
-0.81906970672804424
0.28591117989789033
-0.49737271007749501
-0.33326999619198572
0.37671099411166176
0.86430315084095199
0.60966865283307181
-0.045243242651642403
0.79136412778636356
-0.96443389163429782
0.17701393802716703
0.19629909427003914
0.7468896950371583
-0.35043813500459026
-0.56510963271015424
-0.52666000905416921
-0.49597522280260348
0.69038960973422125
0.67533600872644395
0.26740056233065701
-0.6873268615314585
0.042456573357144756
-0.96483535370949003
-0.25940350732218875
0.87294015454465268
-0.28739735416004064
0.39418047567753284
-0.81247964629969105
0.38354907818417083
0.43905230778667131
-0.99406466974219287
-0.034647572647779359
-0.10312603007951857
-0.60667585282863556
-0.68586464694616722
0.4019130449040651
-0.90887849447972946
-0.37760479478998799
-0.17707202270226519
0.73054736385412056
-0.62730038732086613
-0.26980506524690512
0.97749207389757764
-0.19705858169799981
0.075346936544132381
-0.64260928042283993
0.19013857859000219
0.74222680741550529
0.65560153084288642
-0.36643320126264184
0.6602373374544005
-0.53968661167937804
-0.83835393602147079
0.076818221349754592
0.43786227442181347
0.89860226390595555
-0.028117609095512468
-0.74934547047514022
0.59971294417368592
-0.28075923932957253
-0.89787501972237882
-0.061145924269739131
-0.43598351448619826
-0.30215722061193717
-0.87376915903062258
0.3810885340166873
-0.86146462550374225
0.00068003335956373678
0.50781712905368526
-0.60674500551902233
0.72131749569976455
0.33400833623600101
0.86146826796030584
-0.00068352246181139337
-0.50781094522914194
0.51113288644500077
-0.65012780060241449
-0.56220727074475751
0.40006287662488987
-0.61499841566485547
0.67950470452847922
0.62126051501531088
0.307398549323666
0.72079227545570723
0.37095531538810167
0.87020762128232554
0.32423887775445859
-0.28772022429331251
0.34636895486090363
-0.89288611795747574
0.3498540866022623
0.19288185675337477
-0.91673262591830318
-0.9550573578040209
-0.2205987775073556
0.19799399654197272
