-0.57102818341940575
0.4507325801025121
0.68612459143720106
-0.81165238131597561
-0.13578296931982803
0.5681402970629672
-0.36821945385227045
0.48916795015546843
-0.79065109267326816
0.96545445341173364
-0.091419939674170239
-0.2440083871866327
0.41289468532541701
-0.076858686660814982
0.9075300111372625
0.94833152270016197
-0.31354479571444882
0.048548780969008172
0.079085926803999534
-0.99351115387854827
-0.081737404537140013
-0.61566329908392914
0.10491340922024624
0.78099416049473613
-0.6737109920523503
0.45182382651031933
-0.58478092392400338
-0.2301562516255376
0.66674892182183854
0.70885398714199122
0.61442392080158514
-0.63664952421053289
-0.46600496657150503
-0.87498247462068024
0.41177013691428382
-0.25465864103199487
-0.74065172742825869
0.67153072060930974
0.021943334648080588
-0.014802510562839091
0.39181458228425697
-0.91992511586022607
0.0049079836171320515
0.12083197950833448
0.99266084058197424
-0.70724685834207934
-0.20160206535632005
-0.67761234390271019
-0.47552432515609849
-0.87684624022708024
0.070832811496301509
0.70591432821589506
0.6687654285652096
0.23331901503197938
0.79364789706500072
0.44269607291399682
-0.41730468786107267
-0.61917269671267816
0.15320715676082075
-0.77016409859380952
0.70970290551472126
0.46650766368238644
0.52791323683874802
-0.83236317575710406
-0.53674491859627715
-0.13811747175728398
-0.93059418594589738
0.34862258371365751
0.11160983473021868
-0.090715861127869821
0.92226606402449829
-0.37576048180801186
-0.68829446102343272
-0.52577287687252539
-0.49981358211802357
0.31338038987438677
0.20881196286308421
-0.92638560837668638
0.53036512721698104
-0.41399586132807653
-0.73981096141875291
0.11146497569941187
0.780875847864416
0.61466126396118281
-0.65274134160597685
0.68791791232291999
-0.31732898837595142
-0.83263146878254457
0.23410925609155034
0.50191402989484513
-0.12058734932754724
0.99234575107053102
0.026619570139645051
-0.88191824450102596
-0.3629624135406036
0.30079643676913537
0.84947099198684617
-0.46491524316845328
-0.24950521125319497
0.64759748290526553
-0.51225137768969542
0.56410639616101987
-0.15592452443213692
-0.96665707682591584
0.20312961010888445
0.31464243916448886
-0.15382013616506862
-0.93666402791330705
0.049749889670661025
0.49983180737077254
0.86469249610380217
0.1775075489620544
-0.93013492863832303
0.32146552628309216
-0.96845045091218218
0.014906148081509038
0.24875998648770481
-0.42202928273833157
-0.15566523738728269
-0.89311791963913167
0.53155314260278064
-0.77612152634700815
0.33924420839551317
-0.46880368652996618
0.87025284956563709
0.15127154827925127
0.8787999883723181
-0.25417378035773514
0.40386417248311507
-0.59208877603518484
-0.7681704604166989
-0.24360834352778973
0.18821044421302002
-0.47006503758005475
-0.8623315424672805
-0.43169277046355625
-0.79856792904176732
0.41944083567941048
-0.97011625280187919
-0.24222995050757493
-0.014110532475363457
-0.053215870139029509
0.70547734509336535
-0.70673176433875018
0.28829442871285255
-0.71924711609738512
-0.6321154232881242
-0.12421434007802268
-0.33467256459241995
-0.93411191632914847
-0.72769496908634079
-0.66074946999950046
0.18403850103119354
-0.75468798936702641
0.55125651381396801
0.35575594820441941
0.30344007850000182
-0.72848265928297384
0.61419633170828958
0.043819286941370245
-0.57909128609213734
0.81408424162619952
0.4378191133856289
0.77728053293792099
0.45182894669328516
0.31580330836020071
0.26200530046656506
0.91193283357721955
-0.092768772060938448
-0.66978120690614118
-0.7367408566149013
0.19747547397279477
0.96905292681770339
-0.14812110654887475
0.53732544098263835
0.63308881394753935
-0.55720725419480222
-0.29880269371108076
0.17144218445005066
-0.93878886211011092
0.63294687042123643
0.19817069715090224
0.74840272181138412
0.79584833689367029
-0.267625357320466
-0.54314095111920246
-0.6599333328252327
-0.52451911430774478
0.53792907985346872
-0.98522031501218998
0.084364193701451706
-0.14907586561340219
-0.43117193272294413
-0.49403230130500403
-0.75499857595842035
0.79064493486094545
0.60390028244019989
-0.10092093859739054
-0.89789148252804152
-0.23268573682802721
-0.37369537524619401
0.39497004834527233
-0.42934656145074651
0.81219467560465664
0.90564338173210857
0.37051846311717501
0.20621865486448351
0.60112583553235932
0.3168440065356985
-0.73366041557244255
0.67305612466003106
-0.73310935656925613
-0.09770426995905572
-0.1660148608893475
0.90351020268839577
0.39510552970297014
-0.37806780904507387
0.74742764977361198
-0.54627524208749612
-0.36228021275349631
-0.77270849841097267
-0.52122415900526076
0.84592799984423994
0.10484776756083457
-0.52288886459460271
0.53450468688593178
0.805749176530838
-0.2550941085498612
-0.078148318702822073
-0.82515013839174356
0.55948198308436015
-0.29165583149137136
0.34515557011918246
0.89207875682182858
0.10223489757915533
-0.22569327910766274
0.96881916242537758
0.23404971034466557
0.83221927682789965
-0.50262491816823596
-0.22013022148812844
-0.34413605826051841
0.91275027197613057
0.6926218674369532
-0.17111713002038612
0.7007095522124227
-0.25104895338600541
-0.94595768941081737
-0.20527657647266723
-0.34044310455682752
-0.61121024511645694
0.71450719298296061
0.78863145297487791
-0.57889546240523237
0.207220836272237
0.010867819428760705
-0.8913533099294777
-0.45317895734315417
-0.32112407793246689
-0.012241976445181497
0.94695800360139448
0.61821228100965542
-0.040444970801151052
-0.78496992295611745
0.40534664355547767
-0.91328627833665843
0.04002839442551006
0.27801063594129993
0.5543318489306448
-0.78449110101048736
-0.55744768151729873
-0.27705904107275864
0.78261763980300869
-0.48362956767067788
0.73688346924584236
0.47234012536188885
0.95439544802282161
0.25858530310480016
-0.14920780747506612
0.8682155929654809
0.11159873180050409
0.48347430871982977
-0.85919708356048929
0.11854620082155225
-0.49772198049907951
-0.39884380595428071
0.8970137998875074
-0.19049897969091306
0.98950599433452313
0.025008843577019674
0.14231108501795234
-0.00024501880003058351
-0.002397001732884155
-0.99999709717002683
0.46849810729390329
0.87979552680754092
0.080432297439969824
0.36607755628032607
-0.87536992436500205
-0.31577637388670371
0.40905349703850197
0.55266356398228311
0.72611171427472054
0.16416840008162825
0.95163908758484406
0.25967630503248468
