-0.29036377252137729
-0.95074234287455628
0.1085259281119189
-0.92448952394451145
-0.34692923870782166
-0.1579848836011282
0.19372554142115381
-0.91039495935791093
-0.36558368751462178
-0.89641672117518889
0.11577292080159658
-0.42782437145000374
-0.32657717843289985
0.82390996369138847
0.46316273409770414
0.82901798695353968
-0.51464077925545038
-0.2188013839874958
0.091397055577210659
0.44061820800633356
0.89302977162304265
0.80796111986119901
0.5763778997707969
0.12242281424817275
-0.99337964163397108
-0.0045029306532934407
-0.11478942112710118
0.65328930868599722
0.32470249720522049
0.68394544187768791
-0.44296719143987617
0.88745458323650894
-0.12729662210908083
0.036401570029035761
0.07171891625903519
0.99676041391602765
0.87433690080736726
0.32340757209215637
0.36185981567455772
0.94386834293743971
0.10649049555400814
-0.31268566573668433
-0.22098303454467078
0.96654142104900975
0.13024661162575243
0.54789910046617074
0.82581340734419706
0.1335619405329542
0.67756778319655675
-0.6221584324101358
0.3921999288055345
-0.57553017170391652
0.79280777640577516
0.20055136780633248
-0.96481349488149026
0.1634123872695788
0.20598862051439126
0.38123088776064273
-0.41190478704786704
-0.82764573135145425
-0.77636899519390912
0.47324316419858686
-0.41628366631530173
-0.23046586915503714
0.31200607870173125
0.92170368883268683
0.13287360354953853
0.860221988292457
-0.49230350022921049
-0.82901798826153528
0.51464078039731742
0.21880137634584776
-0.69626932371631467
-0.31968874808928255
0.64265708834240132
-0.50565719116407537
-0.62880388381258479
0.59069152755585308
0.8633113600009773
-0.22175143782293535
-0.45334291162068896
0.36042948730672258
0.91029761321640479
-0.20358988199890921
-0.73369269176272789
0.67038958883044464
-0.11078282015597128
-0.072584050548029799
-0.28068050845989867
0.95705277167810032
-0.61200606132882729
0.60052616702388184
0.51460363739132353
0.6567110590581825
-0.5118167702743236
-0.55387198753560429
0.17698797687314155
0.61262108048240571
-0.77030556780470061
-0.16193724243392815
0.70556184120279575
-0.68989768643721083
0.39158819657178567
0.56521472498589953
0.72607919606938931
-0.92833484115837728
0.35569176209524017
-0.10806383793403568
0.053522107027340719
0.72582975407554673
0.68578899973533036
0.0323656385505139
-0.99770422818343674
-0.05948729701465983
0.53581088398954313
-0.38710011111768039
0.75037337410853278
0.19623864605066524
0.27892000831879282
-0.94005001077370676
0.73580721528333182
0.46386644784812919
-0.49337172648799732
0.50933637691133526
0.1083141401262669
-0.85372390279500865
-0.23361396220414607
-0.93292191825297832
-0.27400950915335553
0.83440977074295863
0.035141337897154554
0.55002310938676124
-0.44245965284599087
-0.74132840790565691
-0.50464011655383612
-0.64621835759812862
0.012507362694209429
0.76305006400734443
-0.79097520087267537
-0.61136764827337109
0.024245210849128479
0.37091446415599855
0.21318546214802428
0.90386637231871936
-0.52952848352516657
0.71737634569440423
-0.45273696974477401
-0.079760702215549997
-0.81666586741473823
-0.57157247255428223
0.79451602571208024
-0.3179790551942433
0.51733316667739115
0.4003666704379672
-0.86343392465841251
0.30690126580284277
-0.37089438733576113
-0.21319847734486574
-0.90387154103924594
0.67702922955090838
-0.73446636668815579
0.046803616714982045
0.46126418142268683
0.72022593859844386
-0.51817945955667633
0.35849159280362963
-0.71344456464578598
-0.60206364370098076
-0.59903573426756118
-0.43643462732075228
-0.67132779262139886
0.64992368311461735
0.61253826123065991
0.44988452368941345
0.97677185497359964
-0.18804490467499457
-0.10274170115977925
-0.027861617298817986
-0.31460095875625721
-0.94881503309714588
0.49290924947244963
0.44005732560657257
-0.75059311345395219
-0.45458708508157419
0.50952128221774584
-0.73057418859703915
0.96146421945277138
-0.10596327927206725
0.25368945220088052
-0.79080414311406033
-0.49547260675344862
0.35935456472762262
-0.80664706867557434
0.28582849174419411
0.51732251053317058
0.66313668063665354
0.71933127835609934
-0.20691122437601286
-0.2211378578940969
0.8891986201897133
-0.4005294766415079
-0.68692698739433844
0.2574991122365502
-0.67957745782708756
-0.084918446408459733
0.043288003790047318
-0.9954471388212669
0.17653018413443261
-0.51032893066075591
0.84166589370136224
-0.2538163724851642
-0.84900623347063009
0.46342816550840576
-0.66572028683382134
-0.084087817651622765
-0.74144840590595529
0.21662398840730326
0.96791433403103078
0.12734162565233167
-0.54357754940463565
0.34615759543379593
0.76465571789318576
-0.95476129907249696
-0.23665806593694516
0.18006615900935513
-0.87698767814296275
-0.068047274043742653
0.47567024384612377
0.35566250410985251
0.81623426511593
0.45526454685266993
0.058762491614039736
-0.95712147073573284
0.28366434361050297
-0.40916929512872796
0.15968926114538912
-0.89837621729356765
0.98201864302400277
0.18051159124820779
0.055271603725023342
0.77537779042397448
0.13355109644929281
-0.61721421464061155
0.0070857253297301965
0.91643721430202851
0.40011576417193212
0.25877084905782377
-0.10616562415148241
-0.96008671896158371
-0.28050521730354683
-0.556120856862789
-0.78233395402966344
-0.17700600715588502
-0.61260941643843925
0.77031070116004863
0.081415662610235931
-0.79658912491656919
0.59901356908369841
0.082997913913076787
-0.60465095028409388
-0.79215438811296091
-0.0037738744033893215
0.98873259863928453
-0.14964493396034095
0.64237891225109678
-0.19724266720419487
-0.74057049855450818
-0.5479011457248264
-0.82581205730993446
-0.13356189769150489
-0.412423503187205
-0.34900691324266642
0.84148739059335831
-0.56789554374281737
-0.78150621616125815
0.25834605764044949
-0.3399938596720995
-0.016256006191799177
0.94028714638027511
-0.27932766425871819
0.61411005549481135
0.73813609566253324
-0.72843701888866597
-0.58482220239553373
-0.35687883251578606
0.37608738000745717
-0.92589665072887894
-0.035688580360824777
-0.84809078127520054
-0.23257597028190133
-0.47607819185870298
0.40805675927477786
-0.67781936665019538
0.61159675228380184
0.56357175573515839
-0.76817508731848883
-0.3037991299540258
0.883629063844797
-0.44440160104076609
0.14733259829776799
0.60222473971443891
-0.041955229996038602
0.79722338246683144
0.88503737861473653
0.42819602737518009
-0.18263898979919233
-0.13488246373367635
0.40947238324044238
-0.90229656340946218
0.29238671872251332
-0.1720809344534836
0.94069025652033711
