-0.85768436736034703
0.20044745476283862
0.47349587523523506
-0.5197559458103983
-0.85385112530798146
-0.02814271850820688
0.29830184097927731
0.20321850792456467
0.93258685906744765
-0.055633367453571642
0.051326511828115783
0.99713114363624922
0.55537921381761257
0.6302530818957538
0.54252648010971305
0.092373587277987682
0.9957088326471214
0.0055714416359353347
0.53578358589526598
0.72507946543764878
-0.43266120450748025
-0.14634198563506043
0.95534311780850334
-0.25671686835172292
0.89115685585770377
0.44980672189469761
0.05927369733834658
-0.82359211571403901
0.24373741512952266
-0.51214070273671064
0.99361584916383883
-0.11281603658142476
-0.00029356512423829345
0.20727395612208896
-0.49733946475838803
-0.84243157817554437
0.25956793918958543
-0.89183450732911196
0.37048035910411231
0.1309478487011054
-0.9540834644669085
-0.26940193717078875
-0.84403690679911381
0.48073761546720156
0.23768265615289016
-0.33254343586536722
0.81228723423408711
0.47917044187135915
-0.5850196858004324
0.44127885344104045
-0.6804593600882598
-0.28394762370546711
0.61197609828506505
-0.73814565102004537
-0.31153196419095436
-0.91588933625333868
0.25316903251532291
0.62287969202976745
0.43811518547749595
-0.64813268202654395
-0.70339670838546431
0.59451350899999478
-0.38959820103410014
0.35098743430428142
0.37232852456109566
-0.85917360920750785
0.56521063159053109
-0.78936537750018454
0.23966485503933227
-0.65040555497940411
-0.71322423309479666
0.26131170539850046
0.8182876417869015
0.45010482949876135
-0.35750661219161045
0.69004219702482616
-0.71967625046656458
-0.076862610153036512
-0.73459291764642187
-0.44925991734413012
0.50846708055847889
-0.3268505237636794
0.25837384135462999
0.90907188561689711
0.96715591950451418
0.18537834084274799
-0.17390887876634609
-0.49116766161631359
-0.41290120892038129
0.76698560602820309
-0.18581431788708772
-0.27847472488969732
0.94229765300873158
-0.26457755579002307
0.95715169025039704
0.1177257780733913
0.20849908880810503
-0.71101455647606937
0.67155523260959571
-0.48532590410864807
0.86366745232594544
-0.13615174840571811
-0.91386197529412339
0.37101581844704645
-0.16493499499375866
-0.55793093598190069
-0.28062992768380868
-0.78099930496930703
-0.61334115656646493
0.082611146485148612
-0.7854858522838718
-0.20808473644910286
-0.96931149050019616
-0.13090445691875977
0.36231575841619118
0.89797078739741765
0.24975138875322023
0.9224511319605162
-0.18852183105578482
-0.33696205774558152
-0.9131707374885859
-0.14698827544557874
0.3801495114768485
-0.4088544577063597
0.78446429338037016
-0.4663194235981119
-0.63449711878499848
0.25048180904815937
0.73121287570002269
0.89626467785942443
-0.44163436313201127
-0.040849926836226548
0.059738767479557614
-0.19973243166544269
-0.9780277273170902
0.30188319451602824
0.52983492659768194
0.79255377573135488
-0.014427409547233922
0.4188424415027231
0.9079443039359818
-0.90649356181460972
-0.33149871217561622
-0.26149192380371949
0.54040792565170637
-0.63369203016754894
0.55352839565369205
-0.32469341216593312
0.29479757245348381
-0.89870383295698508
-0.70890450894376211
-0.49202481003884957
-0.50533749465623223
-0.65030611240556446
0.55332846478998166
0.52050895306528921
-0.0020152818587759929
0.1755881133252494
-0.9844616564894284
-0.010755243247213438
0.93313379809453412
0.35936838981240743
0.21295348371518336
0.90912909519383822
-0.3579596374531635
0.8055137601187804
0.40982230363470062
0.42801081960956416
0.43667658477523624
0.89508115665351751
-0.090240142469064713
-0.57743744834639199
0.78072224967471404
0.23882789223635761
-0.41837863003398268
-0.61177542258411222
-0.67133460677438539
-0.8711859488176904
-0.46498595220876826
0.15755350466151397
-0.058749221036367788
0.71081626234484574
0.70091994565265703
0.024910889022444371
0.51241243780919388
-0.8583780875503233
0.62503926982302249
0.091408588409700051
-0.77522279452041976
0.48662315115919025
-0.8009719920458348
-0.34877181181114231
0.24507226535081045
0.79335696584820159
0.55724708119106148
-0.98598817988630094
-0.16293104030522501
0.035788059874161497
-0.750964113682
0.65871209575226763
-0.046381837732713246
0.81671670223727388
0.060435575345864676
0.57386528865168918
-0.16481869365809704
-0.86806746705657645
-0.46828802126342911
0.51825112694188202
-0.56621455518364316
-0.64094995664377596
-0.45453903583674804
-0.06395909876787477
0.88842754267604784
-0.97699966671252303
0.1704755766138655
0.12810046456507926
-0.72772736367470914
-0.11282388926217027
0.67652321037109653
-0.18257753155359654
-0.62372616381345558
0.76002047179424437
0.027425355512954133
-0.99144343471751684
0.12762353086527981
0.73750314745083956
-0.24060681658874378
-0.63102889578143395
-0.21848894667341809
-0.39329551435659788
-0.89307402748513487
0.36264259375303243
-0.93180227517675307
-0.015325441967511308
0.73105786605877365
-0.30882410070481997
0.60842589630739019
0.84880772132371041
0.12043362418526891
-0.51480209244606989
0.29122350553772158
0.68143009619990191
-0.67144761062596181
0.23329712208639269
-0.14200745253868349
0.96198042404701789
0.22154182365141403
-0.78487362204167743
-0.5786990736094052
0.71368878384964107
0.68883844321275267
-0.12708233142121497
0.76147792618521903
-0.52267542342343454
-0.38335593080294422
0.92132696233033162
-0.20473164597016097
0.33051714270444776
0.10307901646681115
-0.45807942520550626
0.88291446729999168
0.31867202263041988
0.03729224891021013
-0.94713115784660795
0.66728205282516662
0.71109611628455693
0.22153323764720206
0.46355179613927028
-0.2618883226489519
-0.84648345450822304
-0.071832872211725241
-0.67150650536183309
-0.73750867908557682
0.44631903803632833
-0.39828515472210424
0.80135401154191277
-0.3023752730819389
-0.05593075349514743
-0.95154660686804404
0.56688633962589152
-0.043083997374273722
0.82266861318261786
-0.81475695092753175
-0.13126170930738043
-0.56474903681633359
0.95927024679207917
0.15154407425555655
0.23840089592426006
0.60242835007310647
0.31192674867331738
0.73469843234505938
0.79663435405286409
-0.52893352750343681
0.29257995390242808
-0.44477511795142055
-0.71187726792272643
0.54351251123242295
-0.37672297892380485
0.55797558564352723
0.73942074827295534
-0.50125914827960738
-0.78156121360166797
-0.37135069093713885
-0.96439929764676591
0.033883055265814553
-0.26227072513774469
-0.080752516660087495
-0.86051413025394041
0.50298554918244598
-0.037490151332460628
0.81097676921217021
-0.58387598713362021
-0.764623716557707
-0.62827057041427314
-0.14361985388101142
