0.86771202460322405
-0.24463521258893464
-0.43270019080252381
-0.098890976906256464
-0.11570687044094263
0.98834836713543928
0.20987046595529824
0.43125563181088372
0.87748103543672185
0.41162338213623856
0.44766123996739149
-0.79382970812988707
-0.7125037817755473
0.23863158467372267
0.65984341153917059
0.16311325246415648
-0.93701448729162207
-0.30886553300130948
0.7211679566772734
-0.57142563878140051
0.39164973842094503
-0.72935024436185869
-0.68022694520693328
-0.07307204707506644
-0.14269460768030762
-0.95289631172070066
0.26763196380112853
0.42172298019434307
-0.76219210824817729
-0.491134317778956
-0.99121383223388881
-0.10440272233985963
0.081210900476687262
0.54252204529048831
-0.42824820112199435
0.72268479201488756
-0.25484615506650371
-0.24306214871628457
-0.93593494918677023
-0.86202024472606176
-0.28194809426071765
0.42122009665395854
-0.82670490261739615
0.56221565650339356
-0.021738435335127752
-0.37474470803988719
0.88150011790420169
0.28726981381791272
-0.33360904903655769
-0.59303765385725893
0.73281057819084572
0.96515121792686087
0.25863628961864499
-0.039879772148264291
0.43670039732665711
0.1172606224757293
-0.89193200939945194
0.26047290927035061
-0.27806973738187024
0.9245707569940862
-0.79551731829312922
-0.24383728168121638
-0.55470314255286413
-0.47008670572430211
-0.84815213010369239
-0.2442467058157437
0.48840795976364776
-0.84764458169417745
0.20725908415317798
-0.40492698251586395
-0.79181320321304527
0.45723734542149336
-0.70045267209735496
0.43003176312724944
-0.56959523949322532
0.48729726468924517
-0.86048414933337058
-0.1486889524221803
-0.42081800032664429
0.40363224639112644
0.81239966782017914
0.79788820352705248
0.087533335876249896
0.59641623869806593
-0.91084566307499149
-0.3470602858234686
-0.22340397503538634
0.16839629391712649
0.98430320545908367
0.052819389602205273
0.91083853243493462
0.098821897512631762
-0.40075853129256944
0.96159034979901625
0.0043982081760285075
0.27445337479842724
0.838596316420812
0.4345674685166494
-0.32849251649387107
-0.42731280649592707
-0.70258014958429249
-0.56902100032836
-0.66920375866551163
0.69756463418439973
0.25606622292511799
0.81438464120465182
0.57844931140329325
0.046626712376348599
-0.42964509463350598
0.64493716357574271
-0.63202938831690525
0.32810299796531484
0.86421969487785311
0.38140889044620241
-0.11081142477848027
0.55426242278964089
0.82493272139121787
-0.53349415547515233
-0.40794739127046431
-0.74092031422378812
-0.15799425372061482
-0.98339558776466751
-0.089280086000462805
0.09842414055498809
0.59195281912025155
-0.79994034058272023
-0.51219236229884813
0.27565421822848174
-0.81343330149162818
-0.69303452250102993
-0.65008153952619752
0.31160414404981573
-0.18963233777678998
0.98180473012130609
-0.009952305297702432
-0.84762651329624816
0.40162710717665012
0.34673471233518094
-0.5891212293059801
0.57728512976743374
0.56540079247415975
0.41591129062495241
0.6259022229982063
0.65974556124053607
-0.34686791722107002
0.87273678667041155
-0.34353041960635955
-0.66377910278998242
0.67384727845027081
-0.32454144269182195
-0.70510944862280667
-0.10962847381084993
0.7005728107718322
-0.10928236191891574
0.78945324231815617
-0.604004092342737
-0.10647734389296137
0.22860924472195424
0.96767783299255006
0.22814123226536021
0.068014329558513956
0.9712495194928793
-0.23001635122149935
0.10534435549142748
-0.96746836895933896
-0.46852993228374923
-0.87647177818536293
0.11080128428305161
0.10106155034324997
0.27281621770412728
-0.95674336914338365
0.88706439769759959
0.34498280409956977
0.30676313209542111
0.42226045115010363
-0.22715465255134529
-0.87755163678201209
-0.70885327875687409
-0.56924329263213846
-0.41652023118805503
0.80085365348487325
-0.25055484038772585
0.54392618769297352
0.074806199344599991
-0.40521815415856394
-0.91115436676775141
-0.89445228047893821
0.33879782995769153
-0.29184096416025285
-0.91256932933888268
0.061566131877118867
0.40426084469766693
-0.06162699458538104
-0.78333227662052662
0.61854074881358956
0.70698445870587112
-0.063727532417876667
-0.70435202616326376
0.17844323819198327
-0.89862818548067613
0.40078098133926793
-0.63536996713269689
-0.46837999610271369
0.6139423296341584
0.65387276228653257
0.7223470988746562
-0.22508904790581766
-0.28411200760675265
0.7531667175108735
0.59331295516578486
0.99319941432302705
-0.079335156958681471
-0.085210658128765743
0.17923816933907258
-0.98271168900938133
0.046383347618590053
0.35549541921471767
0.90106541461831735
-0.2484031511395777
0.34599989904058326
-0.5531756584715285
-0.75781314368285879
0.20990185888856017
-0.61037042030480837
0.76379916185608543
-0.79987737717372498
0.096200996208330891
-0.59240319868667757
-0.41684332069675473
-0.27426740313700515
0.866613545686303
0.078244550425989531
-0.75410203024568945
-0.65207968708430419
-0.97049138794284795
0.23575212823159869
0.050669517098908948
0.56289495735555639
-0.092075817985447464
0.82138377797835593
0.70687567665526563
0.28250332649383963
-0.64847409221423435
0.57625473757836232
0.61397394223082802
-0.53941308445386138
0.91822857927429458
-0.33672598520658603
0.20849912971176815
0.69126706514650949
0.41981866129877793
0.58813445424412381
-0.89190423028806376
-0.43732545518640348
0.11512293533549893
0.50649924877118169
0.25092836648994871
0.82492027850266503
0.01200643639323885
0.9522940543093017
-0.30494569944875105
0.64505180269101825
-0.42733409551356422
-0.63347749972407974
-0.032418221385666253
0.93761781083512907
0.34615300045923358
-0.065612953453076633
-0.44607112361477058
0.89258920731556024
0.74390349781912646
-0.6668570584984036
0.043694959243895166
0.44263944906417063
-0.71733325546129889
0.5380551261176334
0.092489922632610092
0.7645531984271503
0.63789028914557722
0.70676858337260662
-0.62075805572119691
-0.33931932720480024
0.26749957472946712
0.78426913308170942
-0.55979094706400723
-0.56116588434509096
-0.068313081949314694
-0.82487949003583427
-0.53535123731463008
0.84354847093937024
-0.042720368462185708
-0.21955101766035617
0.46445994275491803
-0.85794773280217962
0.10089897558709054
-0.070353049962925893
-0.99240608879953451
-0.19703862288317411
-0.58088569546252067
-0.78977692413701606
0.51703085530544346
0.85224784708993317
0.079703838004801644
-0.43870862499435104
0.068803428147480333
0.89599153491019123
-0.96159233317548798
-0.0044011300616063889
-0.27444637879247413
0.90108733365864302
-0.41252728510871467
-0.13365199647139861
-0.15918714892238672
-0.88393769738479233
-0.43967442359094888
0.64922440178129504
0.67323529097051216
0.35392360633838676
