-0.15539192577080643
-0.68946322158310913
-0.70745587529504661
-0.49278782781006292
-0.21325722581005271
0.84361218127883864
-0.35556908186549996
-0.10729078809061411
-0.92847149380701
0.46562519773906219
-0.69368406278236927
-0.54954125984515967
-0.93676707975474693
0.33641721313885314
0.096389299155306751
0.045062746293863462
-0.97485295114790826
-0.21824544103982785
0.89343779755393227
0.44557304836373529
-0.056864404277432223
-0.87863164605488475
-0.20886100792678228
0.42939901015103926
0.086730306312527636
0.48430645854794863
0.87058894328820824
0.36963704491428401
0.82728273281488507
-0.42305051118438686
-0.56673424296528641
-0.81217874815499358
0.13848457999341024
-0.17076146944220705
-0.20330864640635918
0.96410897457204092
-0.36189722928063517
0.7517824952968547
-0.55122905874439687
0.59988057069068756
-0.5326343169811536
0.59702930018704692
-0.49300630982811439
0.42881247342158496
-0.7570103309121532
-0.61375835479380803
0.081360400956638143
-0.7852904985271203
-0.75677539991375165
0.6519063180811544
0.048053579796452604
-0.43639809562437692
0.12541893481587035
0.89096958024674988
0.97293836290151925
0.09176838278675549
-0.21206014692821257
-0.018331562549831842
0.8520315867517847
-0.52316931197435268
-0.85733278038355509
0.45973428040648262
-0.23157049703910135
0.19641176618384887
0.67514111313652381
-0.71106040211596422
-0.3779793689482589
-0.44174719156077813
-0.81362830297233457
0.98150225483344899
-0.17403335053571992
0.079785441392315817
0.45980647774263389
0.40232137850815264
0.79165365622929607
0.6070893013976042
-0.094760177479599667
-0.78896330009234483
0.70141638272430462
0.66702789516409267
-0.25117492932000984
-0.24370061924157527
0.93633718350791806
-0.25275024621497849
0.062637172549286885
0.36209238885594541
-0.93003531467768763
-0.8946460548541787
0.15432805074670455
0.41927471815812645
-0.94662124463678698
-0.24761911289665739
-0.20638070193352115
-0.9941955422747879
-0.012647104555855137
0.10684228782319147
0.17428921933493155
-0.58736925153164976
-0.7903294442058767
0.49287483748630989
0.86669141234502245
-0.076944072807681119
-0.78081461337403479
0.48098655915749977
0.39872355015898631
0.71896240312638326
-0.19594172542611185
0.66685823315587411
0.29181471328779723
0.69626091660681722
0.65579334329847794
0.75044884192397066
-0.36796221997265344
-0.54902672095970695
-0.27322164774944346
0.43701204200421179
0.85695414483179211
-0.57479889942659768
0.7461092914074694
0.33604635170377339
-0.79445003364324041
-0.60226687221677311
-0.078254448272793889
-0.094615767092585651
0.72214931948363736
0.68523588419375792
-0.026892705907139356
-0.99208116749337705
0.12268553082564389
-0.96658087818762262
0.11965516511430969
-0.22672460692106516
0.099952845713699459
0.89581284120879601
0.43304593539156772
0.66854805327500966
0.24294073855425935
-0.7028679093634207
-0.56738499150527455
-0.78401530620009208
-0.25178218971669836
0.39223806263252675
-0.88000265287526702
-0.26785188659924436
0.31230543324373083
-0.94642107187415891
0.082173420757648649
0.23766280738363868
0.96401900913683702
0.11909550793106517
0.57797750995675501
0.5865860278206444
-0.56732603496559841
-0.24372408567385834
-0.87525888529051876
-0.41775645271191253
-0.92645506487436935
-0.3562539950681618
0.12150762842966764
0.8497702342507637
-0.012606537347105486
-0.52700248974508468
-0.25313254718931416
0.88083174578867374
0.40007417957714625
-0.27537289611158983
0.24116482388846916
-0.93059620448718749
0.26217478743340755
-0.23315268810079309
-0.93643163384500305
-0.77421090729346187
-0.47359815564187463
-0.41988362435375987
-0.65893101161083445
0.56406636438506785
-0.49763345798582947
-0.74856940961000384
-0.58167625216354368
0.31827123128725276
-0.0093805749990833135
0.0056555067127476884
-0.99994000822874807
-0.27749175374364332
-0.89879998710710796
0.33934777114420522
-0.44030705210041654
0.89617821124244212
0.05472032131610579
0.84831508376481268
0.40177594429410413
0.34487332347353239
-0.66530329001460398
-0.41195308764150151
0.62262844930052574
0.39356572640075621
0.42364890089266116
-0.81586005403812067
0.9006171765802693
0.015739753088517529
0.43432817249321598
-0.50864473563691726
-0.64853066978491569
-0.56629365461497028
0.48898610620268151
-0.42670577275771077
-0.76079877197323664
-0.58229308625123477
0.77667632472762027
-0.24022624401094914
0.86537753337700818
-0.50105603381094266
-0.0080359011923266319
-0.65112464977318019
-0.27767030056336944
-0.70635394431035881
0.86603896225639854
-0.3352045053404904
0.37096422395333123
0.62351817946394927
0.57508214980741279
0.52962779463586207
-0.80227327331354981
0.24826450369885375
-0.54288334946830363
-0.31845893036542078
-0.51484425546286716
0.79593925791318909
0.24404892080881072
0.18380472606330148
0.95218482813414407
-0.72864050541552194
-0.007892413379507154
0.68485087696436497
0.71882889579177323
0.67973536058294837
0.14575615989710108
0.3453561574189366
0.10522584770776158
-0.93255382981735158
-0.44898199655167881
0.63173645775469245
0.63192105101509477
0.46301967298788704
0.81835156712468926
0.34046070993692545
-0.10443711350226248
0.9905306393396982
0.08911757319745793
0.51876869665367076
0.00074386238471554629
0.85491431502870763
0.10746640044521405
-0.89626565235905697
0.43030088679520856
0.83779221125112902
0.35970871334941551
-0.41074791820221246
0.71624674295741797
-0.62470281523154791
-0.31102571572889115
0.044079375905659787
-0.48940706547579255
0.87094071720303723
-0.096738797847416735
0.14406119915295534
0.98482890691208336
0.44306237650773012
-0.81022167442593407
0.38371417593536755
0.26982160960659723
-0.67896277208579092
0.6827926867731402
0.12557698346836499
-0.83738996229158402
-0.5319854060745326
-0.11183572729903614
-0.75168861068506143
0.64996692428604241
0.72639939482261329
0.2178896055581824
0.65181902318898377
-0.31340136760096976
-0.94725536295010115
-0.066984029052557237
0.17577420262150811
-0.1579832753909382
0.97167109372952121
-0.15940614152099739
0.59332508106629311
-0.78902156511914456
0.12423710041660306
0.96833080409339967
-0.21656545598018381
-0.065821048108672925
-0.35681328958223957
-0.9318539939300452
0.72029407689289171
-0.63354304418914109
0.28248832533854012
0.97732600966660244
0.16690741685774305
0.13029115483037113
-0.47761203947266756
-0.70238767840729166
0.52776726781070271
-0.85512749647546804
-0.094900258444830243
-0.50965763578965739
0.41184010180331332
-0.36495669622748117
0.83498164077143555
-0.63991671216265744
0.34059505578764937
0.68884077221658613
0.61461909591851938
-0.7887747405469967
-0.0088190479826269121
0.92545544119964718
-0.26900356748867299
-0.26677576170321993
