-0.01060135040479061
0.84608477484867717
-0.53294292859447723
0.20052941968602117
0.90072279052630277
0.38533933937102427
0.90922546990670805
0.050125205201931082
-0.41327534244906317
-0.36616101922745342
0.83138479594376136
-0.41800170941260845
0.94685520641071619
0.29804745117249076
0.12096666872532205
-0.88337357681754702
-0.46276977800923447
-0.074129996235378387
0.42034121301675692
-0.50617466835756109
-0.75306073443827504
0.15280800498842123
-0.050458143983716452
-0.98696691399315761
-0.68382621771620122
-0.69393290447289102
-0.22547467275455105
-0.10261948455517693
0.97583555595172333
-0.19290984715669798
0.62830714700013524
0.14366958099340121
0.7645843187809509
0.5512954498462701
0.81152177267208048
0.19366398596012355
-0.86512062495342157
0.50145043243047227
-0.010666212799937571
-0.66280006802769165
0.71058475690972145
-0.23614693110442755
0.78748894143056036
-0.12597726970990827
0.60331657911996128
-0.89238830575267669
0.08545037110447834
-0.44310421554525325
0.26765689393718894
0.96239129235400356
0.046505779523486661
-0.77572406142589023
0.49452366329229219
0.39204403702759388
-0.7353925985716806
-0.46878709520320749
-0.48932237363207681
0.39949866864597794
0.75373716876332308
-0.52180560956618771
0.31391742357633901
0.14805059841097623
0.93783627115043133
-0.15912840291251232
0.10404408225106333
-0.98176014399396305
-0.48908606004534977
-0.34379431121151621
0.80162353848169621
-0.5770623121274514
0.031538207304987069
0.81609094432061158
0.50994956981067652
-0.84681596158514905
-0.15117593543459623
-0.17527063328515149
-0.57741532461597267
-0.79741566827248445
-0.27731294394217587
-0.11305135085184008
0.95410529984519932
0.12793514732150102
-0.19160690602246419
0.97309783251445192
0.69642889813442121
0.58873073240063123
-0.4103448727232889
0.35971022829519345
-0.72531042081494324
0.58696962878591064
-0.46059864602164868
-0.80819081744497911
0.36698295584487345
-0.078760317950972686
0.42818462895109788
-0.90025259557874771
-0.41938912217776642
0.90512260160557378
-0.069755575130022812
-0.44677298159210033
-0.89442374980644956
0.020001467483023613
-0.12599828169302738
-0.83414178313569387
-0.53696547248180659
0.28142751091954193
-0.47117183444693883
0.8359399849998429
-0.65228728310717976
-0.54938535768416741
0.52220401095634394
-0.067422974218847687
0.98581631419417459
0.1536890927037344
0.85160965286242485
-0.38097696391702773
0.36002437711369484
-0.37515062356691775
0.88667215122857945
0.27032296586312404
-0.93195086935752358
-0.070374263360013886
0.3556895277630357
-0.97664230655067508
0.17493580410058313
-0.12476886430139431
0.75584227917440028
-0.65050971097310339
0.074428253655029405
-0.91978297454380076
-0.22599895299726569
-0.32081732026731014
0.02748044518626069
0.44080881273050382
0.89718025822656655
0.2241387653081981
0.93075294995820557
-0.2888957597996461
0.52218486839677858
0.14085548027027472
-0.84111990637201628
-0.14584413294830559
-0.86096833725510646
0.48730176598154679
0.2276983386776355
0.28740555897776671
-0.93035020891711651
-0.71014262171821374
-0.68767847353493361
0.1509826938951796
0.48125202738708295
-0.16270935541195461
0.86134903018303144
0.2053912129001445
-0.90667971511545842
-0.3684377068943388
0.93602276287217601
-0.35165486162776466
0.014150819011485703
-0.13681890797714469
0.84485840336878681
0.51719905711155933
0.44893468282946281
-0.19366214637268561
-0.87232598471851919
0.90343641560006427
-0.27994070122607662
-0.32470886462300391
-0.73635436558988598
-0.15087548146115132
-0.65955957833283141
-0.94454768167404146
0.24330296234487134
0.22052969314449167
-0.8257600429739852
0.42605119906505856
-0.36959535603525634
-0.25093844004100169
0.60418432943389855
0.75630099522366023
0.77384385299393355
0.55559357483440619
0.30410766314946502
0.60587229915241492
-0.42680824310814369
0.67138176973664276
0.47064501128465658
-0.85943888146517333
0.19964489069033839
0.96244487936691581
-0.062879943612857647
0.264094617271248
0.15586462763174749
-0.71289163714228987
-0.68373367003958685
0.90705394815737073
0.3486191350580764
-0.23604625352562708
-0.46265990250020039
-0.65822876585164047
-0.59386926711518884
0.7899331773249223
0.61193423887522302
-0.039269105586379902
0.54536117793621108
0.82014794176630157
-0.17302756779347986
0.17036043481358501
-0.91545791825734735
0.36457389120732447
0.73374082974860666
-0.095499522867523473
-0.67268435085997158
-0.12154442929896725
-0.42849698086700999
0.89533082661899088
-0.25331771689605576
0.65954052989111056
-0.70769797494236397
0.156282003564821
0.6355223262919798
-0.75610006490291715
-0.026623461072318021
0.11566811555495976
0.99293105418477834
-0.49042986480316136
-0.36939980195683148
-0.789317638231534
-0.99080533641753887
-0.13361167073531144
0.021276906961449828
0.19954942157443029
-0.97987882073236454
-0.0041862906565218331
0.48918203496323714
-0.72603472919610057
-0.48329546725618194
-0.325156439308945
0.27563302855952765
0.90459920602608912
0.64296265252653384
-0.64798066375508567
0.40831371132446959
0.75673648584226683
-0.5980487596150893
-0.26398403761960676
0.86383533464516749
0.20447193129526076
0.46041258011793906
-0.13716890641683319
-0.97778424834510069
0.15850127696840971
-0.69438131996464114
0.23292651367655814
-0.68086696329800489
-0.40286143999050023
-0.85743421951205456
-0.32017060979817363
0.99707970431311144
0.0023581898834867734
-0.076331528134525067
-0.66706727355722228
0.72963170366586461
0.15052850080493779
-0.86943378510139013
-0.40253280514856066
0.28644761144666658
0.46192301212767795
0.71732591744080576
0.52160392927450183
-0.50485925798662168
0.69002227309864961
0.5186389806531807
-0.34138851317294161
-0.63835035293378239
0.68990050730731001
-0.10181722427401166
-0.97605824487906667
-0.19220706398239237
0.7471419655438416
0.2935421642197501
-0.59633202257506701
0.37316072804938377
0.46431637778513413
0.803219379971715
0.69987589518518878
-0.42160700982313892
-0.57655984997805942
-0.80092590336996738
0.17246832943914955
0.57338675660628102
-0.57939763884998463
0.57333864333332085
-0.57929368730875197
0.11749403026486195
-0.40069780780054032
-0.9086453761924731
-0.19601983568736081
-0.24241447811954506
-0.95016390418449848
-0.75621462561742137
-0.21417517585550594
0.61827860552469904
-0.41690471318051658
0.35026843304021998
-0.83875054989157527
0.13195267125835483
0.70923613110929762
0.69251180703068138
0.03500059133423998
-0.69264117640139233
0.72043261958322569
0.65776041381024497
0.44684055219319063
0.60637015010623641
-0.57887340543627808
0.40474333570412702
0.70787598679550001
-0.48458640142510062
-0.010698039148294142
-0.87467798160937649
0.4811947586442652
0.48362720667848524
-0.73113359190619409
