-0.56162366416364051
0.54660910505370897
0.6211258697911316
-0.9359135966459573
-0.11551845222768684
-0.33274799294383106
0.91262710761838184
0.24677686833432694
-0.3259032673895873
-0.72681224819309642
0.0065846526585513565
0.68680462886170413
0.040917530925569878
0.95327855667309025
-0.29930878545446121
-0.48087778835461503
0.5875552062531727
-0.65079599896739204
0.64602350377049234
-0.39293511335983144
0.65441243055506915
0.59576782234226677
0.65414736782680427
0.46599562554472213
-0.30401043369461056
0.30252987012625887
-0.90335670357074538
0.85408005149986643
0.51491890087925396
-0.073524085490991237
0.82055283725623063
-0.4822097562698564
0.30686608191345532
0.25306303913614342
-0.056062022077613939
-0.96582407709879958
-0.47501170029692458
-0.0079304832967052995
-0.87994374366530115
0.48003987829117856
-0.66242124918325995
-0.57511720881980222
0.83324720643282268
0.47391598378315197
0.28478541621147724
-0.25182786614066827
0.77262112489844437
0.58278582961127356
0.83383712883167393
-0.02696050007233863
-0.55135176976010503
0.10735811101555932
-0.96649283688682808
0.23316481776979539
0.72837897451034772
-0.60660319329833423
-0.31858536590922998
0.067848148795570065
-0.35974938986715455
-0.93057885490442149
-0.367002656562472
-0.67332041657263142
0.64183227302975854
0.2541102965309982
-0.81923661181816076
0.51408105494525702
0.62149745814278912
0.75366953961761918
-0.21382968590590479
0.06963068351654296
0.79303358127143553
-0.60518534920206091
0.34948438773258172
0.90692883106157252
0.23524616494317616
-0.11667836212905512
-0.8267757089462846
-0.55029817999630859
0.64402404616481346
0.75375995586512379
0.13068648321731197
-0.10363116836724416
-0.0056858006286911187
-0.99459954384367721
-0.28632469862359072
0.94536698278464482
-0.15588275985100747
-0.45108453116596042
-0.82905128300807029
0.33044926370845229
-0.4875230140520565
-0.66340347207511641
-0.56764173913506255
0.87956713916151641
-0.30835482130103797
-0.36232437385253347
-0.95135243699003402
0.24916741300780906
-0.18122952554183672
-0.74054414848034666
-0.098308982489231464
-0.66477793894912773
-0.12096105896507088
-0.14360513539965108
0.98221483765055007
0.97420091330365333
0.21690488670443617
0.06232857003063267
-0.51730171896785659
-0.85578739095838186
-0.0051839202874278609
0.044260442160228175
0.66235560414996852
0.747881051311578
0.49553991816441728
0.56052102490257361
-0.66351817619999764
0.89725947385492988
0.15340172912802308
0.41399679476791501
0.57845934856576109
-0.68319078001232536
0.44568502348971301
0.45110413558432244
0.1903081648071594
0.87194487283683952
-0.25576644321091757
0.5040702903271822
0.8249222199314955
-0.84796494735677719
0.17892694766170694
-0.49893947073235534
0.44430703357699425
-0.20012686595901041
0.87323564828483502
-0.12376232376618473
-0.87208586674330424
0.47344390189606839
-0.7764765532420832
-0.41068619801889661
-0.47793410531377417
-0.819008107486078
0.56735559548549241
-0.085634970329737381
-0.91709788738676179
-0.33922531570937547
0.20942218156779163
0.39594469067981319
-0.3880487030908939
-0.83225357070543249
0.17776139054157586
0.015207336189892626
0.98395610926439858
0.90844077267293621
-0.416855081348734
-0.031099898699820008
0.0087807806449591297
-0.67335788633379601
0.7392645364166659
-0.27719937576118736
0.94001859489911666
0.19881033001707477
-0.94280075090746107
0.2915829632545705
0.16157388287718763
0.45138252469269319
-0.87349270380938326
0.1823850673542749
0.4095104097758831
0.25198179957355404
-0.87681605651861871
0.22815578588096821
-0.96986608612052561
-0.085467610018595749
0.69683132257157254
0.25819224560126336
-0.66915085907030691
0.139304088415239
-0.37297293667523879
0.9173252201147899
-0.52016834975816517
0.77194904589765301
0.36540328193322297
-0.93162735292024834
0.0095353982290997934
0.36328990004048228
-0.58558032703177965
0.81034946832742039
0.020722446159203475
0.71108449768046422
-0.70148600187006982
0.047709813863253854
0.035835435205422185
0.99788345152138824
0.054262682972732075
0.73774497455970989
0.52175716438497122
-0.42837111705254727
0.21932542847322223
-0.86827730112320145
-0.44496166664022496
-0.69606206305754814
-0.66978567112898779
-0.25862087913074822
-0.54663819930449531
-0.37879362904038261
-0.74679452706856098
0.3632323639991083
-0.56799812267720307
0.73853935736614074
0.19774059285005044
0.55246299358839657
-0.80974273609255543
-0.61733500293818577
0.28304452277801628
-0.7340185912309547
0.85593497224010673
-0.18673803199201106
0.48218692506545474
-0.075116096259419812
-0.97256069468160355
-0.22018916241082875
0.5045649505706179
-0.8345427745004812
-0.22125227272213235
0.6959339672114393
0.001157463330963544
0.71810484858409429
0.29265035409913825
0.78189173952062085
0.55045533689398141
0.15952434762795981
-0.65522358319090745
-0.73839964690155546
-0.44863798101694147
-0.086124071925511553
0.88955416148990718
-0.56153821780663071
0.76234933328207533
-0.32171155401528306
-0.75401309791628901
0.49877116408451594
-0.42742434891856329
-0.90530625365669348
-0.40329394887165149
-0.13332133322762818
-0.67363680663962355
-0.58924070811018836
0.44610406930017354
0.11096332478834056
0.36314376769072382
0.92510201844948059
-0.27023805060454853
-0.28882293700469552
-0.91845125459407773
-0.19179342294935861
0.19178322651065258
0.96251466323507617
-0.38444162208396604
-0.8680148884063541
-0.3142527529145191
0.0088617316143256367
0.91322256505120525
0.4073647215875385
-0.22960129552770164
-0.44332461822395852
0.86645630470819612
-0.26149740849035302
0.82647641054150478
-0.49855375655114598
-0.80393938800197384
-0.28079890723743983
0.52424558568792101
-0.99852128265837392
-0.053269729422427477
0.010843615888490718
-0.20572144508261228
-0.97363174597945534
0.098589605203180622
0.57848268130472402
-0.06806600009354348
-0.81284980596772149
0.37543179203578037
0.80730578936500164
-0.45531124737541256
-0.55518369790819577
-0.37779543271576055
0.74097346281502718
-0.79745348621984058
0.30965630483094031
0.51786186400841538
0.3971634554005985
0.51427014016742068
0.76012328778063243
-0.16163843478410378
0.58952673406857137
-0.79141092121538803
-0.52299155172434497
0.25915759726768528
0.81198348296218559
-0.20073752508221659
-0.5935137378049854
-0.77938815044919785
-0.75984734078038119
-0.64024642703079571
0.11276759899582467
0.34662653685645989
0.93142616004246725
-0.11088440979434973
-0.77517738492503818
0.57029489957956303
0.2717788612352241
0.9838199713156317
-0.049669798261500489
-0.17213708252776735
0.97668394915443446
-0.1331216822538466
0.16842529850946969
0.67727380809002213
-0.37051323526489394
-0.63562577934566278
0.055903508077623933
0.2852512594274742
-0.95682104741673346
0.69466335816929281
0.35106807324034911
0.62784872920813461
