-0.46947961065987426
-0.010953350374001426
-0.88287537019119366
-0.059314143575307329
-0.79150904463499916
0.60827236056960432
-0.36944210652850834
0.44281339650492463
0.81696317285392417
0.87784716987988154
-0.47851614434090373
-0.020165464016424932
-0.065083215621776963
0.94061186990123646
-0.33318686235388806
-0.88312599784178614
0.46859166520069911
-0.022590335110074074
0.026409827959520387
-0.86101624604400395
-0.50789127284827396
-0.84974409128901429
-0.51720394369366329
0.1021521411774092
0.56909740579989554
0.14724103586422715
-0.80897974020951735
0.50237366957033669
-0.012221848508792219
0.86456423852797792
0.72534498315329987
0.6663087783252627
0.17293717744034953
