0.9801105139973264
-0.05304433081679652
0.19123200391172782
0.15701542502867827
-0.9805747010891126
0.11755599468789844
-0.21704898320827357
0.75178051744933205
0.62266828445960631
-0.12179380341919824
0.50643486932119652
0.85363340643645647
-0.95252613304105027
-0.27024807011214408
-0.14021393110003388
-0.92397720885511314
0.23303995704443312
0.3032465926223134
-0.99553877368069899
0.067351701857668173
-0.066077971784896924
0.7162924402368217
0.54191283986520411
0.43960847813572573
0.12680120125725605
0.41616918242863277
-0.90040250274885414
0.15393114007129347
0.67819991900629617
0.71857503016470403
-0.80101044654732767
-0.35122495282718658
0.48479201420154527
-0.023589804017917874
0.98959292492376649
0.14194845574088127
-0.92060685600000391
0.39048964050801388
0.00092592748635116344
-0.19022656367785598
0.52906060235528463
-0.82698774689035015
0.094374820468298468
0.97954668765827069
-0.1777123517352881
0.70470722401169272
0.69703909231369965
-0.13237912302258137
0.041130611044203784
-0.5292743797504359
0.84745318677489312
0.62985179357720511
-0.67158216858051378
0.390210339396936
-0.30356362212340982
0.90131777121771062
0.308990942602618
-0.01938685741279346
-0.225629577351148
0.97402024803594223
0.84567092275213296
-0.20957159383197271
-0.49083646713572804
0.11000276836109713
-0.32076257962992261
-0.94075010415202853
0.91254079656851994
0.24657587911642811
0.32629684404856218
-0.49483940883370126
0.8166860812012382
-0.29691379933791839
-0.75219103829476275
0.64182347702246356
-0.1492356065148055
-0.2428957648720968
-0.71700480977029102
0.65338024929857497
0.97709496463715373
-0.095396206107736886
-0.1902235367691642
-0.80638394199592922
-0.41022984297347109
-0.42597701114622022
0.37082765022248348
0.58736964757791077
-0.71936343452713247
0.34655054771418808
-0.34655702725896959
0.87166561520827579
-0.034766114052562094
0.13145983785322293
0.9907116777071362
-0.34051458701280746
0.24669626825554525
0.90729860975330778
0.61302084780173871
0.76648556414898172
0.19158632548189489
-0.16938345833403748
-0.12772028977659328
-0.97723936250142129
0.83844290289684631
-0.47443609630409156
-0.26818629552168433
0.84913827724733937
-0.39060231325053046
0.35551936515013488
0.06177613157417558
0.88657476443557115
0.45844181379291898
-0.96685441181125753
-0.10445275255602914
0.23298534040702279
-0.74200922328273655
0.38164141413738889
0.55115528082253207
0.25928143693673394
0.84727107074010977
-0.46357833118787001
0.33321080362543709
-0.85763271514464479
0.39170995170012574
-0.59426954436640833
-0.71177588417326398
-0.37445800745598917
-0.47072310071656059
0.50487611171583369
0.72354673260991764
0.62126216135838186
-0.27373996569781872
-0.73423413026368423
-0.67561911619061377
0.55298625020816583
-0.48759103449358615
-0.61065670797286575
-0.23682428469646444
0.75565378526528282
-0.13364634981608006
0.89825883954851415
-0.41865225468614709
-0.25205510556846977
-0.96435783892951732
0.080512000671072212
-0.20378321015686504
0.21721627149593742
-0.95461484099901062
0.39346346103960628
-0.10594892729712145
-0.913214832134982
-0.78906097613216908
-0.60376603517025607
-0.1133549766006663
-0.89087919299894291
-0.4249213535088634
0.16054939057420214
0.63376863362076274
-0.5557518654430279
-0.53803083842384525
0.61130298920513171
-0.75191240685412919
-0.24685296799451434
-0.2060684386380997
-0.48742977676374277
-0.84849750224812315
-0.73022467466326879
-0.16373077345570353
-0.6632979408505052
0.60791284186845784
-0.099924407166629481
0.78769098607500454
0.68998344981454829
0.063519429658057444
-0.72103267681702876
-0.62275399137777809
0.12803548889076533
0.77187070148279946
0.095650484855892351
-0.77413478417075066
0.6257526034174673
-0.83471225343603406
-0.0061939498455185578
0.55065151316331584
0.065699145331060166
-0.65791381938651883
-0.75022198619009506
0.30932306498834006
0.9356539400144952
0.1699145255755688
0.49506861265067192
-0.86521466205446984
0.07943964585840288
-0.77597343788478101
0.5820264564305444
0.24312636161506135
-0.55681909163043597
-0.5694537152293625
0.60471064601785562
0.19637129556502375
0.37475591800108871
0.90608847040522222
0.57247884254806636
0.68525721004305984
-0.45021165124730855
0.39929949200596765
-0.62265612892800559
0.67294818581534699
0.036110344966543639
0.72943093030270889
-0.68310069602081502
0.84840913968386067
-0.081724273544500653
0.52299433535604856
-0.28580385662914531
-0.74060638326566786
-0.6081269115916953
-0.021629491850786668
-0.985237169599124
-0.16982309831876088
0.84352830675840884
0.44405825053166714
-0.30211300175935302
-0.27709193273977611
0.95718404073897589
-0.083778117460001925
0.67331164393842091
0.39918219016485457
-0.62233833980571285
-0.91555637604609397
-0.036502389062858881
-0.40052977152022928
0.88713719739747909
0.14204216084731708
-0.43910319690884891
0.36515455062534957
-0.49470730138195607
-0.78862338293825751
0.35290784583390167
-0.7648675451282696
-0.53891900203864551
-0.45802300751585817
-0.25769085646601203
-0.85077044323362661
0.97393880587897941
0.21935894317406587
-0.057661568245969283
0.7429404786542968
0.23724297233109978
0.62590352072538258
-0.069386757092212592
-0.92508360188796401
0.37337087119674583
0.93583948989843846
-0.35101711338369679
0.03148706493796561
0.27394647347861412
-0.025112227263065442
0.96141703007098811
0.42911958718247484
0.89043179910216841
-0.15161659224510324
-0.55483638455325979
-0.83193956817383163
-0.0057568465852039959
0.48800989627778085
0.2138626664226152
0.84623229733067917
0.40810738854327566
0.77821485143586977
0.4773154139780475
0.85906694599942002
0.50144211983467113
0.10276080355340254
-0.32888951356020696
-0.89881193783317426
-0.28977368458627256
0.31104727253628811
-0.92248767106440499
-0.22861778360815713
0.65652083982192611
-0.39771809025730831
0.64093736633277376
-0.50568037881092331
0.41071222417222875
-0.75868493025836614
0.48299502222909885
0.52509494505319609
0.70070757608398482
-0.75285364300997104
0.19721475690119408
-0.62794723653107842
-0.31164939912685541
-0.43401993694645585
0.84528181475580344
0.015774268822902584
-0.87359616885546432
-0.48639583284004184
-0.88692708216612715
0.31950560330403788
-0.33358135496097907
0.7613335119505823
-0.64495677741829205
0.066347862386095635
-0.50561379716807109
0.077249290003594109
-0.85929461496463777
-0.36373699255856473
0.71481121740433751
-0.59727742609057277
-0.54565205082875268
0.7041458283025267
0.45435943030878634
-0.69147888963110427
-0.66630145804766217
0.27910448258330478
0.12258559256744278
0.074790583026452792
-0.98963586292406169
-0.41490490277733955
-0.83228031182239137
0.36764575912711056
-0.34535777091120484
-0.096716225434035616
0.93347414629920866
-0.5520982803454173
-0.51618566423372192
-0.6547822912077147
0.43498566287293172
0.25374596982908182
-0.86394470650065036
-0.56260526046236725
0.82233068764196726
0.085132608689979059
