-0.11964949623100306
-0.056309983114271725
0.99121803043192147
-0.90619999658647987
-0.18382074792208708
0.38080375368426789
-0.75507508369619247
-0.46545212420299215
0.46175311374814804
-0.96455112767599349
-0.16710222062273916
-0.20424977346846362
-0.9243796273505609
-0.36843179437093271
0.098895487439281726
0.013835734689446041
0.31150975825124333
-0.95014222249085167
-0.29917532635829491
-0.64122374674371596
-0.70663019374377056
0.42841457243014902
-0.4471675743885023
0.7851764862405114
0.83132286699447455
0.52443321720248459
0.18404372172594982
-0.8313224634718277
-0.52443357964498327
-0.18404451164835287
0.82691994048783657
0.54146319900412643
-0.1517267812477768
0.45726738990966603
0.59123657420220654
0.66433865418989435
0.3525076396278865
-0.35711083547048267
-0.86499145382688603
-0.57881663870162148
0.81545754061390663
0.00054609346767950828
0.31197570734643038
0.82967033898232367
0.46294523071163673
0.20554421992047922
0.46424303981458132
0.86152769754721092
-0.74508562900978381
0.45119027505904025
0.49119725277656257
-0.20846031231243323
0.56581002434580641
-0.79774890444324698
0.92890948973967413
-0.36894505917351533
-0.031728586212271197
-0.27377170861640027
-0.34310982936287726
-0.89851249104051634
-0.45274968392157222
-0.10071430780188566
0.88593134717815658
-0.60764504772113481
-0.63904693554631165
-0.47157874225716329
0.91824976775752565
0.23041732404153839
0.32206400108485722
-0.14323141647577761
0.016792446762721076
-0.98954675233970812
-0.31687561701693101
-0.94000545630610399
-0.12641038507532693
0.38629393341882495
0.29209274553712483
-0.8749050377088915
0.31291066020557767
-0.8689940840642677
-0.38332258033021471
-0.00035851714539670947
-0.96477408328209335
-0.2630795311168333
-0.52332866965323932
-0.70292692439793281
0.48168541858295194
-0.99503939065005675
-0.0067437280007300099
0.099252874957937276
-0.52392647534335712
0.55097745632494266
-0.64955745785571772
-0.24638416674561817
0.79186395277291888
0.55879005241317237
0.72968881523792262
0.42236913026934331
0.5377346471190001
0.89425616576888567
-0.08508573386651283
0.43939313590078805
0.16933840651325427
0.57100115293064568
-0.80329458322051783
0.80646823025632786
-0.073770406971417651
-0.5866574133533965
-0.56176815393730084
-0.4057031166633166
-0.72098649248897062
-0.0010404002150478312
0.93326283986264558
0.35919269104326473
-0.31971935484049979
-0.83901798335889644
-0.44025942095626458
0.1591171074095088
-0.92799256200489832
0.33691475330299187
-0.87928014350195238
0.13788867242337843
0.45590913925968224
0.6281922151997763
-0.38488934481210396
-0.67619134349125409
0.83865413256243548
-0.36518874917591243
-0.40409952166673185
-0.36062533587688705
0.28583167091146588
-0.88783423172777132
-0.48809698830768539
0.53050212625119697
0.69305759071517736
0.96811170705900818
0.24726367216501061
-0.040254180935242419
-0.83085638983974175
0.54075283521449791
-0.13139265835636796
-0.61349103398076954
0.71588256238678516
-0.33337802581414533
0.73863312681418569
0.095271879268056178
0.66734127175938418
-0.76350745958600008
0.61641114491968696
0.19259714321695684
-0.73990652187782546
-0.65242337284465912
0.16395755990090216
0.57701237436869213
0.74891592499758242
-0.32585527018972676
0.24382561662297167
0.097278337384132385
0.96492797335044977
-0.4621410290100807
-0.052691200348156268
-0.88523968884781379
0.026800118031320104
-0.78567959154903622
0.61805285623225381
0.73821905413420297
0.48205635204290381
-0.47186258759122957
0.96677438067846166
-0.084375086794980764
-0.24130507991361555
-0.72578211828450812
-0.14329527550338442
0.67283488375444811
-0.65915157079662867
0.19234329596453559
0.72699605446923599
0.23423203989710298
0.014436707234136125
-0.9720735224096364
-0.37743408792808503
0.23980704646999457
0.89444736554658844
-0.46946232188698545
-0.86580987021147227
0.17314270695837566
0.29433306702104772
0.80604104378524744
-0.51348406147763959
0.23842404895197497
-0.97108523245262124
-0.01214266007861688
-0.0047780635028492622
0.99981671122124571
0.0185395272834806
-0.26826415771224227
-0.64749246050143294
0.71329366692880547
0.64144271151688581
-0.59104617111832036
0.48909679149247992
0.99199067281192543
-0.061896206426682837
0.11010615189047765
0.76346474487135563
-0.6173710497921524
-0.18966963440954807
0.17598982040257521
-0.24037192855737968
0.95459358843241526
0.61430312462945047
0.7889389351699998
0.014388455209669013
-0.5317404574883341
0.74835513389084163
0.39650558564705957
-0.20309344609337823
-0.36983916401059413
0.90662673957801454
0.080464888350469624
0.73032649640324432
0.67834254650147718
-0.091973513304373533
-0.98944321303098925
0.11199554025657754
-0.17591379504183741
0.54982422175648182
0.81654617865976065
0.47426097094378056
-0.84201167917463138
0.25708532352699598
0.73577487609364189
-0.66081521678955812
0.1481842804374183
0.31211260309239414
0.93249288541206754
-0.18177662568869082
0.50440442014514386
0.27685722290533005
0.81787912252556594
0.67780707629675463
0.22846987796313162
-0.6988412424761129
-0.79137098854390309
0.41368082889724628
-0.45011124213235659
0.48478464971821422
0.56250517382975185
-0.66975500954628853
0.023464464514935307
-0.57182920143349736
-0.82003706214594707
0.60782572065670326
0.71248744178834444
0.35058456697644269
0.86814510491475017
-0.38858590216077099
0.30874758858079687
-0.65720430541609021
0.23539713960061895
-0.71601025663771123
0.52756271609552252
-0.84241490099752381
-0.10961165614681335
0.32394062557206521
0.93404272341150796
0.15042161395887294
0.048351927015241498
-0.26497476611293019
-0.96304229630754568
0.89974646030201777
0.20859913927186233
-0.3833310661413023
-0.8875252570854999
0.066555986948295551
-0.45592676894064432
-0.96078713640364
0.21917549078111773
-0.1698534155151126
-0.049812586992497576
0.26756877504276783
0.96225030880703144
0.70657835779442257
-0.28906057412903213
0.64590325032525686
0.012907762364908685
-0.81679160082084035
-0.57678841051052676
0.35583954931012796
-0.72599358059665187
0.58848240082369307
-0.930900042472662
0.32413054045236456
0.16841764655300784
0.58561009820255638
-0.66250894909323388
-0.46705749673307995
-0.61066836967515503
-0.77650232102037187
-0.15533282888128838
0.5045930826826639
-0.10198791092505433
0.8573122458789153
-0.52782007525105634
-0.42094754661120187
0.73770531458298394
-0.0068239773641739464
0.94647950857041563
-0.32269176188622767
-0.33270868557776101
0.8028803579412922
-0.4946595408694559
-0.31553262062179976
0.93352237086535061
-0.17022088126159596
-0.72137478087025952
-0.10281515688503157
-0.68487040309761626
-0.22411511104520196
-0.88235965699600993
0.41377995686968749
0.32793447158108496
-0.65430398622851327
-0.68142884878343102
-0.025297250057881703
0.78404586731273695
-0.62018717101317666
0.093056413781488392
-0.54240758000012335
0.83494581920777244
-0.31020279640819415
0.92995068495844035
0.1973979448876407
0.5455533177933406
-0.06405183451890685
-0.8356248799188789
-0.81794644097019542
-0.33943470117882613
-0.46448649424911348
