0.7180795224196812
-0.32283131800948384
0.61655635557001787
-0.99324105637048654
0.076714885697334367
-0.087103560504062053
0.20872943762471322
-0.76933373702192343
0.60378607382810068
-0.5048527256564147
0.4211687097244155
-0.75348566233629155
-0.685070918781574
0.55712822608600543
-0.46934632835256207
-0.55580805743155826
0.1083617996013453
-0.82421788604792823
-0.95477907789094996
0.086466532515337008
0.28446520204847819
0.24500817536003192
-0.91643325252660013
0.31641916451167201
0.42057717796729122
-0.29993027118237831
0.85624568308490445
-0.77106103396425807
-0.61589001518550224
-0.16169221099598829
-0.34470294158181564
0.59646080033789228
0.72485474112067749
0.61222762418394794
0.27626691368731215
0.74084676457940069
0.80212898957339074
0.39694688608178313
0.44611910261268467
-0.62407960326689216
-0.76142592093058648
0.17537165027805016
0.09489371964330677
0.23913415518492914
-0.96633846958312064
-0.090796910003666895
-0.90534056530552909
0.4148667038291346
0.62301215624515605
0.66556565258904199
-0.41094794714718319
0.70370674217593621
-0.70945255586546674
0.0383913009949799
-0.7938128447755245
-0.3804084546464413
-0.47450034257405488
-0.16940553106859366
-0.41071369138143105
-0.89588840251183433
0.84982122018813955
0.43958338459402496
-0.2908098033196323
-0.84773325845567626
-0.50843051417046925
0.15115136376650343
-0.77689999382580233
0.23503536535580352
-0.58411024355470098
0.90226401400891065
-0.4285241016082395
0.047819905535030585
-0.29802326966882964
0.29876014179005517
0.90660052306045247
-0.031555077269623318
0.53489356020153389
0.84433000441381678
0.53605896219349281
-0.76687625343414012
0.35290452104053843
0.91174692227695631
-0.20824614918941745
0.35404956018370731
0.30829174523207353
0.42469322215812877
0.85122962053414741
-0.68810308225299244
-0.55842589317096669
0.4633299796366942
-0.1875521221944712
-0.029226663546331494
0.98181974088846857
-0.11605948435324118
0.80440172317862835
0.58263887944327331
0.43850534515225043
0.26176215485492277
-0.85976370972413874
0.95694316468380414
0.16647823401693948
0.23779145729724377
0.99350522759633142
-0.10486973076007466
0.044155433516967692
-0.51742351847493595
-0.84505974646995763
-0.13471053197559762
-0.43244701924672951
-0.5619539608567925
0.70512220318323637
0.54340219635635834
0.57015428693340287
0.6161478248655502
0.62307157330832919
-0.051919010330422927
0.78043976763193779
-0.24946520699877242
0.19108326512363541
-0.94934414007079126
-0.16250230228853615
-0.97065634020063918
-0.17725481933991563
-0.5085111882965434
0.85879818955957954
0.062306026886857144
0.043270086576341051
-0.65560434313341942
-0.7538638105601525
-0.60666513468957606
0.32998210395403965
0.72323524901801062
-0.67242991205827518
-0.27610839237132628
0.68673296777672044
0.2038839381846663
-0.95137293745347418
-0.23091313005426764
0.47804093496048361
0.54451006695316417
-0.68919202802177526
0.41783671887566703
0.87930881589531251
-0.2285355172571655
-0.11271949115446733
-0.41892158649953309
0.90099890159677354
-0.83112793073443425
0.3595275615538881
0.42422434540725351
0.17087924364548973
-0.34359693044738593
-0.92343999993409409
-0.53134695244156727
0.03247682046147974
0.84653155420443249
0.42966037291892001
0.80060295752430943
0.41764442812816671
-0.010842412606526854
-0.86769532164655394
-0.4969781392390949
0.043985196713117847
0.21767065092194077
0.97503066115754888
-0.29737998557219436
-0.6549736159162679
-0.69467597240342971
0.32590433080409431
-0.79302809359078119
-0.51467738432818921
0.78515366954471189
-0.25612010921816636
-0.56385831984156087
-0.38350930748735712
-0.15885112699107926
-0.90977301043954462
-0.53323419519937532
-0.41510153958397528
-0.73712414483931266
-0.92193612027628657
0.37953622899989597
0.07736950953991524
-0.41134948310079616
-0.79070010340971286
0.453414765110905
-0.38717864104289473
0.69045808484907123
-0.61103218653908076
0.9405056282205656
-0.20761180940860202
-0.26897304675287714
0.70369727142697613
0.70610969013691094
-0.078862257645747919
-0.61357227680530546
0.59503065300710301
0.51910267107566876
0.13090831224880947
0.99115072108049618
0.021983218276237535
-0.3147850047906775
-0.93837735023543101
0.14268268754149702
0.20549425076335109
0.71190461322896736
0.67153848331016985
0.093499535497099356
0.94550009335044349
-0.31190929825211922
0.29163028312078437
0.78553379377863408
-0.54579156900655545
0.8841244865758221
0.076576375047575695
-0.46093378160166559
0.35063317149163015
0.080838676274381405
0.93301741005617189
0.9750666470511038
0.16829407537438926
-0.14464486856573028
-0.73216652906787993
0.64869414518876423
0.20767301151211737
-0.21798118517113002
0.88741928581160046
-0.40616648566938496
-0.12470510881559912
-0.70673470910684211
0.69640123978849788
0.18579531559751461
-0.52726187607893693
0.82914113077071494
-0.52115255940565841
0.8074372072027316
-0.27648719002800942
0.50104012509583906
-0.58225226161997523
0.64026642648382714
-0.6036450491382116
-0.64740668128138779
-0.46527115071014835
0.037859129150856742
-0.99612498203673006
0.079383288557876144
-0.21595220701798096
0.97240236570772165
-0.088307890078346718
-0.33982879485632544
-0.83960256490527552
-0.42377343379567844
-0.041312274512722749
-0.082478342929676901
-0.99573621954921376
0.32315171941682463
-0.03820145506698007
-0.94557581138093605
-0.17247378176408448
0.50206039942148406
-0.84745982201915315
-0.027107574353069257
0.75689868949254901
-0.65296979505728647
-0.97401978410102608
-0.19817489835315194
0.10960004490194497
0.53231518350320439
-0.27152341566108418
-0.80182016696993097
0.72607001126020276
0.3409985756751221
-0.59711163959191671
0.70131501007684804
0.66170775019666517
0.26514167905212221
0.55776342299217574
-0.78439355958195278
-0.2713424177278676
0.44876564357363152
0.88795071420102711
0.10076173032372014
0.89143127819452417
0.44825595283761255
0.066459589241288627
0.12135457593893043
-0.17014721411405065
0.97791768182598571
-0.79573447005523168
0.049990964797426013
0.60357895639637926
0.41935077991139896
-0.90752312148709102
0.023381773970937644
-0.72347967466272767
-0.12853666320027191
-0.67827390231620555
-0.17080409111762834
0.95659644104495356
0.23611270918273217
0.13308720501466975
0.92184574893685112
0.36398930070599506
0.36458571313106025
-0.55498858706315513
-0.74770644374002748
-0.93279528718907279
-0.30658943024144381
-0.18946206338494812
-0.870475021392212
-0.25172218296190774
0.42297657114445458
-0.91520158241567884
-0.025047732831731045
-0.40221719831930047
0.17244836285177101
0.53512541354282495
-0.8269838897647066
0.80788698017893024
-0.52582279787859187
-0.2661372061334118
0.76963877571331674
-0.53255265846324074
0.35219855320861521
0.66518876960883178
0.032890167050902919
-0.74595049279268677
0.83697741222905431
0.060599043136155731
0.54387182992809824
-0.76721644525089505
0.62839608410150749
-0.12844176743750996
-0.89743668362856099
0.34000983255751427
-0.28107065418143756
-0.41682722286699608
0.8173785616441499
0.39767744874650368
0.62697156932508469
-0.55824644483919617
-0.54338527591612096
-0.39690636230130849
-0.27218192787248618
0.87657420547513221
