0.55714539151128673
0.70821846719160675
0.43360767457058025
0.91294602569732397
0.19524095464814667
0.35834414156162969
0.60279816845063849
0.061893135702739958
-0.79548953975865577
-0.053211676025831635
0.86900476929231318
0.49193417088238101
0.92158512705547491
-0.36690815343924088
0.1267251377192021
-0.6624012561608511
0.20254956301823171
-0.72124770388379744
0.029252818662378648
-0.062856512167081158
-0.99759377076969336
0.94756116681897185
0.31716174272052483
0.039195204950963285
-0.55355757531719241
-0.66145833868746884
-0.50601074789945355
-0.84487845064858702
0.33725873847941135
0.41525527925472444
-0.58786413803507587
-0.11295147983284386
-0.80103540397153972
0.5189886796315949
0.40216215465544553
-0.75426543854079864
-0.36079480563215316
0.89341816221280446
0.26763986186133032
0.14687660489543156
-0.98620406448916598
0.07634661825804917
0.38279684451372253
0.69631630779113485
-0.60713274935096229
0.73194562044797407
0.40119062941031108
0.55072832465780142
0.96482052729828993
0.08753575866266769
-0.2479089370297107
0.44892107787301427
-0.1088941854479145
0.88691145117027681
-0.86981554330395783
-0.49312759966788106
0.015687290162250296
-0.41000455021594001
-0.81581785560601083
0.40784494023664758
-0.32080314763224005
0.94489081170683176
-0.065319938925659557
0.95623006222971896
-0.23079613002147514
-0.17988111200250612
0.38757175899703722
-0.51382374163890798
-0.76535827829594638
-0.50989711480221822
-0.10027898910069905
0.85437056167761039
0.659827240394812
0.59134669625844749
-0.46361309047220234
0.80265664266493364
0.54295123561084002
0.24687298299838126
-0.75669945250881609
-0.22285159497184293
0.61460809073047817
0.61175056055221677
-0.60066020750699756
-0.51475097550339743
-0.82752051794603121
0.54235663292864644
0.14511745276373078
-0.48717903038298288
0.80989666234049007
-0.3266863766440693
-0.91655903910808922
-0.022430177144403349
0.39926985233364021
0.81242572782306788
-0.55531744659859905
-0.17772723560099199
0.044902749626903576
0.76169604794442591
-0.64637672732067508
-0.12413891978184076
0.53923980768995494
-0.83295255470998952
-0.42395130325403851
0.40977478458092986
-0.8076818175437992
-0.86471518331806041
-0.37909618912196014
0.32947493247957438
0.22858863839608995
-0.89635600204261334
0.37985938450748352
-0.34827715518105185
0.11135710148319691
-0.93075379082131837
0.33732215663388448
-0.78742528371679044
-0.51592168514940051
-0.18779529120572938
-0.0033109175529450184
0.98220260966152639
0.8972238229348124
-0.14538982638687636
0.41695468571708627
0.57457399400346498
-0.78668283408790862
-0.22582037987374401
0.81686336648625713
-0.35664367194230467
-0.45336467854945278
0.1817984135037678
0.1030141186874939
0.97792506267021917
-0.033351801604043482
0.64709534198756513
0.76167924726078795
0.085676313814695537
-0.21666329280820895
0.97247960739576955
-0.3605123656221858
-0.87912953685416917
-0.31170834391153124
0.53494876807393132
-0.7475057624392949
0.39378287247699284
-0.25047806818342344
-0.74701627904182744
-0.61581443325534591
-0.058954800349245259
-0.82326173781028045
0.5645922799448978
-0.67835088195013626
-0.70836423137214899
0.19509022699770667
-0.73283400878756222
0.12170116109811464
0.66943494303160023
-0.98340637791987418
-0.16370127852623639
0.078190710927763016
0.49818642449338674
0.21334228881091924
0.8404137994199129
0.77994016135943711
-0.47105983046816197
0.41206307868810771
-0.91693794835580167
0.37920706394534598
-0.12420467591440908
-0.74242024203225665
0.62749340733744308
-0.2346576399114487
-0.0064258238122882547
-0.89944056006665096
-0.43699586690874176
0.26026024725388475
-0.93818297675203033
-0.22820452631805097
-0.7845278627448109
-0.53830529335934418
-0.30780422953294428
-0.13153822377666585
-0.95596058806350315
0.26236815689972937
0.20952355034692985
0.49527420155601792
-0.84309154136610021
-0.33463181821007226
0.70650058407569727
-0.62360121146620584
-0.97625661041823386
0.063909566583063529
-0.20697487266300185
-0.84674987238225374
-0.022006671673556286
-0.53153585017615645
0.68655055192870851
-0.23653834947851682
0.68753032578379036
0.74745983919035008
0.081864417148453078
0.65924351039845674
-0.61091852619318998
0.79083363883565139
0.036887803403066056
0.77255716660744789
0.27310331642881591
-0.57321026061913261
0.11125366923099246
-0.38055568081052787
-0.91804139061671752
0.62884750843445614
-0.27858358405760575
-0.72590770613721656
-0.64675970242815894
-0.57843547957003905
0.49710590751832595
-0.74657848060526288
-0.33340577383979786
-0.57572663849037131
0.090707220709296765
-0.69236411386758046
-0.71582409427145932
0.52373649199055239
0.8135609004726041
-0.25262372845723668
-0.3592792851843572
0.7418008925493933
0.56625950857388763
0.47538364887084728
0.51992417578556482
0.70971067190788395
-0.045970490979566611
0.25221480983608996
-0.96657871053445132
-0.62337222277197801
0.45658605035342764
0.63477259747013404
-0.30741650729538728
-0.65318520759022825
0.69198567588326243
0.36670267044487803
-0.16392514498629324
-0.91578256061677543
0.46813318158711859
-0.87999825884797911
0.080339210362355945
0.87275593492448855
0.39799233426242042
-0.28266442988538809
-0.10012280370441731
0.31268511161516949
0.94456521487538159
-0.40455161224882474
-0.91214787110254836
0.065759062264947904
-0.83927901667586435
0.31183151101342788
-0.44538953838934836
0.73335986681898291
-0.6690014860657385
0.12091450442803393
-0.51716697638909659
-0.4143027397455743
0.74892693793979026
0.27848805031948548
0.90609849426502997
0.31848065014989074
-0.48341121570454004
-0.44156767882065401
-0.75586479052274846
-0.33045415555077878
0.51101923169070629
0.79351080390972761
0.20627068485487826
0.43478539388533333
0.87659230308820013
0.76814212140796823
0.63442919355586469
-0.086355542282596925
-0.6333019805947917
0.67626522259346988
0.37628971562523306
0.003471012655838789
0.98988341008689451
-0.14184070821130335
0.0014938137652149078
-0.56135925072849568
0.82757087922544526
-0.93224255865487626
-0.2511976156775147
-0.26042958685706408
0.31964306085823213
-0.41232744651587261
0.8531203845266393
-0.97367750250729579
0.18050552757850422
0.13917570055422987
-0.62777187852852301
0.54603284588619605
-0.55475273748057419
0.29910569450800373
0.17466664917114169
-0.93809772688148541
-0.62831725108243441
-0.76596955350406726
-0.1360443864957058
-0.26748729263862692
-0.20769665060192885
-0.9409105428283806
-0.17472829427227057
-0.51256655488961456
-0.84068159846002022
0.57466425676140931
0.80974357134682817
0.11864375526483155
-0.11630526047356729
-0.98605981219190308
-0.1189921559021624
-0.032558909462645357
0.98241676649552301
0.18384018690994686
-0.45379280152192825
0.21727830357355468
0.86421191387476148
0.54738292313625669
-0.52888202206143076
0.64857978861433785
0.22342184572830087
0.89692214946279858
-0.3815931559323259
0.84127912900196
-0.043336576177560739
-0.53886117717915982
-0.23203867668942549
-0.33804900500282214
0.91207506420076101
-0.15940102668183576
0.898049200992179
-0.40999871376637925
0.24963942482157994
0.74699570065068677
0.61617982828403295
0.25786509185289463
-0.70837920862118064
0.65704222938630652
0.30546829525434482
0.95202758828153211
-0.018237098049147367
0.99477043558013678
-0.022797138598855848
0.099559384125301742
