-0.48213714797907969
-0.037726149927134231
-0.87528310171639578
-0.69708877525180379
-0.71698468046657737
-0.00045540551176931706
-0.65774127817277628
-0.5249444939305099
-0.54019412184851057
0.016305727379448048
0.88224622814357334
0.47050580887069304
0.92904706925230141
-0.1119058831561833
-0.35263099187216135
-0.23433852334162497
0.16753867521744895
-0.95760965366084783
-0.5503644383149644
0.28299838314496467
-0.78550041386086455
0.68135410968320109
0.7203662074790651
-0.12972703781417677
-0.31842021741238175
-0.17702326612789807
0.93127403506833739
0.89643116517725585
-0.39976813262924754
0.19130239473951086
0.38709397107293303
0.26581373656771051
-0.88289371671277561
0.35760313811459143
0.56224611401268065
-0.74565360784229839
0.78004280621100175
-0.49122100821358283
-0.38760178220449015
0.011846888318610985
0.45021253630491609
0.89284283241288376
0.55281088670115663
-0.57581962448151103
-0.60235528021812224
0.076085251115362143
0.04902976131593606
-0.99589513356980253
-0.51232193406597382
0.60256955165662129
0.61191189830827641
-0.49450905091131797
-0.82320209562180957
0.27892491522029433
0.63351357579336598
0.74384009609384871
0.21298464904447262
0.24093471189493876
-0.58126770316887466
-0.77722475633299526
0.7859513388614745
0.50427708182552233
0.35775007713121659
0.49421596629408054
-0.33033879217083784
-0.8041311217998719
0.40774615765394617
-0.83939120169154202
0.35939599530500149
0.37935539516752431
-0.055908624845197458
-0.9235603444416669
0.07349300678231388
0.98505898490251853
0.15574843247016795
-0.75960003155196654
0.5110269532214079
0.40231734383132967
-0.77431702416504711
-0.027969027444160945
0.63217946786653367
0.57165827836532956
-0.76456503833631129
-0.29773665365584789
-0.9004629993083757
-0.42130372336437372
0.10802573561832027
-0.59114542528066394
-0.2767111617927277
0.75761337046613808
-0.8296561330166653
-0.50799103807993007
-0.23155087168548608
-0.95431664103780234
-0.126624859754215
0.27063978556478313
-0.042897234263354012
-0.67586191677722218
0.73577883684078182
0.52131823528190269
-0.85186942251227893
0.050455768264482871
0.19931624252228822
0.18864887177116665
0.96160524054638041
0.55574588246901957
-0.5807597781074525
0.59486518998115301
0.19814646179222115
0.69838277839485285
0.68774957253400737
0.92410362962787762
-0.3577625661335524
-0.13430721492949613
0.24551371391133509
0.80979606366397094
-0.5328727348587099
-0.30504077683160363
0.8215754425477958
0.48162632472941619
-0.41065755403277532
-0.91044033153121817
-0.049586046798910863
0.17731252081028614
-0.97322352668500822
0.14627452639026686
0.84420753333659537
0.15728219665316207
-0.51242165379079874
-0.036509124896949623
-0.75956527839085075
-0.64940562952771519
-0.76829946380427883
0.065284774519821787
-0.63675256743412789
0.36509608037437546
0.44565804891030553
0.81737002363478406
-0.26479746187817077
0.72653888717908965
-0.63405327031681569
-0.67159677636298243
-0.24049761089965124
-0.7007985938416329
0.86438316759742273
0.50263996873417494
0.013957127396187421
0.96102089475089847
0.22761856725940299
0.15693510662359511
-0.19103019959514328
-0.95456053079889813
0.22873927490390797
0.2628954968990812
-0.73005857625133863
0.63079349469699963
0.75732764152924992
-0.23784579403061934
-0.6081810763561194
-0.69766659959680788
0.65099158428510906
-0.29911749028933632
0.31147514193989989
-0.79577847253052791
-0.51934560613381442
-0.19438500088557506
0.1806304939358217
0.96415097162799979
0.95886023330754921
0.21096292759276714
-0.18995182590036166
-0.41972285455053004
0.83243065338189637
-0.36178990129375327
-0.80927768509540365
-0.3280200840573223
0.48731145365325834
0.39749289522826858
0.91557350235024826
0.061029173656118457
-0.2896247268588153
-0.78803863012390774
0.54324270360897775
0.034031030330394132
0.65945725489205043
-0.75097138290676091
0.29581748542733316
-0.93947642989320457
-0.17284690622214818
-0.9726060503701911
-0.20088973774382377
-0.11696488384346443
-0.55937380895447686
-0.58456752626616315
0.58769188278452433
-0.68065668550376379
0.30377316298235668
0.66665458967198665
0.75224501807808875
-0.034821702591062209
0.65796267508526318
-0.99554387802527666
0.092498886333541919
0.018339655216160749
0.64415334966293458
0.37478779409335156
-0.66678375168915194
0.51431114961851021
0.10250193790995328
0.85145604355291915
0.99746804757989915
-0.070920549048578654
0.0052697039567891728
-0.2821310556918436
-0.8835887188046152
-0.37372856917209912
0.33882926599863988
0.85675134732742109
0.38880825268436842
-0.36862061413485303
-0.6820259800815901
-0.63163233397965812
-0.86880069614540467
-0.23539133708772098
-0.43563318147417912
0.93581227883056128
-0.096226513130508146
0.33911036103412706
0.041818033836776722
-0.92472615271376657
-0.37832895016535778
-0.55163803482093487
0.57316017931959651
-0.60595617612268382
-0.73444292091064678
-0.60107816988093843
0.31511685073448392
0.5765370949108104
0.65459482827073645
-0.4889893546827051
-0.90170135421929976
0.38961915746766534
-0.18743420161023874
-0.15220825563164125
0.66828102986991111
0.72817107332932696
-0.9153985536324325
0.37386910617563812
0.14922258359605023
0.13556713416771202
0.97466089848880755
-0.17792606636056443
-0.78448267886395062
0.36495914428437143
-0.50138981797166471
-0.5136491349562694
0.85696550850807285
-0.042126991183518175
-0.57891871661275518
-0.75092368290182177
-0.31775264280978799
-0.060431213389908915
0.8948912813254768
-0.44217379281892039
-0.19442490812238017
0.9718654191735393
-0.13295323281607316
0.14692174635598226
-0.3009404547783831
-0.94225731258796208
0.56834668415762568
-0.2800313663739627
0.77366949045038824
0.76527894930370932
-0.64202954861978012
-0.046326973262799186
-0.32493807375613171
-0.50180868638582565
0.80162540534303606
0.039062703615827615
-0.8923909090717872
0.44956931678246381
-0.18181965980245202
-0.18576762336035293
-0.96562518681958931
-0.76474219364514451
0.64342033040441748
0.034346115953371538
0.65083285705123328
0.35209984926651827
0.67263830423863324
-0.075447898716842723
-0.99392410413731713
-0.080140437945175808
0.81269177187000419
0.46957941675263148
-0.34500326853096797
0.52712272987357345
0.64351740755959708
0.55500177821193253
-0.37024135848054296
0.41162746261687655
0.83275696844281888
-0.57196584622307034
0.7694188321672385
0.28434087194902147
0.69610879067607023
-0.65387429405677955
0.29644722821312919
0.42966767999267041
0.86197324928997132
-0.26904981374869047
-0.0047727028624977453
-0.075826725265612863
0.99710958727858967
-0.41285797101811661
-0.40228786107006204
-0.81713693626128447
-0.25893127465104254
0.94755552344485194
0.18733159102708508
0.067645235959533256
0.37732972465654524
-0.92360511093356079
-0.019753264108767151
-0.39209120659258084
0.91971424598612339
0.65133633261159929
0.035795732402371008
-0.75794435637574997
0.3084969576252079
-0.15304832834250751
0.93883216621905041
0.78533905712712526
-0.3542822293764924
0.50766787105222655
0.85952162104983032
0.20433046241516797
0.46847800917126908
-0.93938542997434082
0.084192188808464255
-0.3323652949625796
-0.10395363586969339
-0.51253439787752753
-0.85235094449516013
-0.26780780706218132
0.46916413956232722
-0.8415247997684242
-0.51637671895031823
0.078667011923989075
0.85274063193977978
0.28807015046150991
-0.47371147280246323
0.8322337585969487
-0.89704359597846051
0.17111985368563684
0.40746875044429959
