0.16660339638920771
-0.16762556570694195
0.97167122939449446
0.66354543325004434
-0.70899982395789696
0.2388026541742824
0.25042637361695003
-0.66702190912972215
0.70168967794745607
0.4014625127129382
-0.37283579688377327
0.83655323766527601
0.038499456053388829
-0.68473944833444678
-0.72777034824059073
0.57329412649783773
-0.54756047611380265
0.60951732503769485
0.61916235586056245
-0.77772121071612343
-0.10857115403018205
0.54016376840517955
0.7924883871797852
-0.28317001869459679
0.12603823179857304
-0.89494196596647335
0.42801079621564797
-0.03051297973153692
0.98876856936972257
-0.14630678143700243
0.44888312234381605
-0.27131252809149214
-0.85140675036992164
0.0056148895685071169
0.68087497197845637
0.73237814382221278
-0.3985357615657793
-0.72596902768836913
0.56048034540953195
0.427347020043151
-0.78803766282693355
0.44313786390524451
-0.17023369369331715
-0.46232478446006531
-0.87021622784540409
0.29946947255296286
0.95012991064462338
-0.087012573271281368
0.0069514908059605286
-0.97573255278505155
-0.21885534540225707
0.61242156817668669
0.32908525724055698
-0.71877862815954985
0.037383975923501761
0.98115409234885431
0.18957606761204612
0.94691342057467742
-0.27426687006041428
0.16772792827322422
-0.46535714780926746
-0.30923438988428142
-0.82934722348104584
-0.49517115127131234
-0.19341085642254349
0.84699337161901178
-0.90360104507335404
-0.317808734635385
0.28723293601500138
-0.78630030578837973
-0.61005706376099422
0.097786543411734192
0.93594959287413859
0.34954145947974102
0.042651233317533323
0.80198864411711712
-0.44685898409858976
0.39639785952697132
0.34695777628155006
0.90704111757960648
0.23853031777470227
-0.67337828393189303
0.22592699984252165
-0.70393087549211542
0.53988114209766647
0.72209100296750373
0.43256552779978191
-0.97522260710419673
-0.070689709247311036
-0.20962784070686866
0.65189191024927462
-0.43173176070447955
-0.62341368620729021
0.33042775312060568
0.47045824046801965
-0.8182215738682298
-0.031035643976409993
0.47527733253557969
-0.87928848848420238
-0.68509067707005533
0.065430639269807897
0.72551333250081451
0.74014378040338491
0.12092582170335152
0.66148630369460804
-0.35584350294219524
-0.64176572230600659
-0.67934686213073625
0.83460175392485514
-0.55072546137702949
0.011890270670320297
0.51645265260476492
-0.053957044834178743
0.85461412048377983
0.85894811829197326
-0.20228315195038604
-0.47041434557174738
-0.17380330365590221
-0.19495629975613876
0.9652898284057948
0.067667336620700541
-0.99196486570174447
0.10689638332507385
0.17039832904163429
0.22362480367695228
-0.95966471053189384
-0.24202864011552286
0.65749915870484354
-0.71352434693306266
0.99358888322390537
0.038607446587467918
0.10625721717543857
-0.10079983946903923
0.88274951706278537
-0.45890378347583405
0.37428970311291465
-0.60132651223154332
-0.70591334017079865
-0.19287806282880951
-0.90793230486014909
0.37209808205732969
-0.58440663920960012
0.53283104474316711
-0.61201303728404777
-0.76924433129488567
-0.23954769076539056
0.59235130000672143
-0.99264363175576109
-0.028403785810094132
0.11769386256890045
-0.60560485553356325
0.57784099099372388
0.54712205958228677
-0.70920896022265012
-0.57052416255323435
0.41415556338511034
-0.15776462724500606
0.16542818342121385
-0.97352136007393353
-0.58494690901217405
-0.80764668190768707
-0.074457711760478787
0.16143366289569411
-0.097770574228245283
-0.98202855727272942
0.45733054333912992
0.088461283448455691
-0.88488608049838147
-0.9016789901861787
0.015677227797805005
0.43212176893256465
0.82731751986687008
0.15074402014771826
-0.54113026316316415
0.94683100797484054
-0.27807772916026219
-0.16181414920339779
-0.37560299789712565
0.10423562256783879
0.92090027850934375
-0.46317232533260905
0.028052844005760406
-0.88582415579457541
-0.93263673448692674
0.29812322443960937
0.20325172701675165
0.43518364223894684
0.67887456874231367
-0.59139201672205721
-0.16821047470390979
-0.15696712119243408
-0.97317344757470903
-0.9596732889642301
0.24528636149183619
-0.13733819321176927
0.68990288605507855
0.45541854279371236
0.56269703988249753
-0.76282273999383265
0.59144512036938812
0.26133146947802061
0.70847993796291009
-0.24081195129563857
0.66337454097761239
-0.46918099240677569
0.80693632289443595
0.3587798310354135
0.77903520862311748
-0.53319260613613273
-0.32986328757122241
0.20958821600653144
-0.84666795745617074
-0.48910750303813111
0.78096508103336182
0.61196762277822414
-0.12485660125809854
0.14626958251785369
0.43145818244746464
0.89019607167701154
-0.60022179661491937
0.79880498790044752
0.040551031722069059
-0.53417078917540717
-0.73398851447739943
-0.41943107730231799
-0.36300823233112223
0.91375301059502401
-0.18242932573565007
-0.8409692294038541
0.53836299343744431
-0.054185260846119861
0.5977863789530089
0.79887164177951242
0.066749869653474986
0.70111273547867414
0.53285847803800146
-0.47381723747942689
0.89316769865074197
0.34529409834005304
-0.28813789708829907
-0.85954130959290675
-0.28558863097539139
-0.42382528353192012
0.89643458344122229
-0.079993575508301579
0.4358968518903984
0.057594009634541414
-0.46799788005862258
0.8818508458434744
-0.51918620022655615
0.36129373836077877
0.77454020174268767
-0.41565364282953959
0.77866490670855248
-0.47001384262923041
0.52681055336889038
-0.73043449064417221
-0.43466779928648075
-0.81753503381861448
0.4120513099528767
-0.4023060855186199
-0.52195098781125004
-0.81384804525520027
0.25537917996021064
0.78373249168656722
0.57101751951299151
0.24434069223933078
0.89175726852402448
0.25613850191929766
0.37304428942031631
-0.38659097126191544
0.37400802340113237
-0.84300973859757222
-0.64942470484556614
-0.46939842361106504
-0.59825803182882265
-0.79542287228834152
0.31479270697519279
0.51788802445682713
0.18864161768956667
0.83779429026023566
0.51236224224937876
0.68561901219510712
-0.078478036545122642
-0.7237180168384838
0.27441523724753086
0.13967138553259537
0.95141378044980318
0.33041379352139377
-0.92491328901730141
-0.18804821948106709
-0.55738235634324895
-0.46924444490581657
0.68493398204664913
-0.87459791071898108
0.090220825404492069
-0.47638083213887339
-0.053660801800126098
0.12966237479416778
0.99010513932253907
-0.28100769884493687
0.95083597978994794
0.13017531535111676
-0.19926703462958592
0.42157695423090608
0.88462733428903484
0.1541788373081027
-0.41151093028848584
-0.89826924715222578
-0.14760623241774226
0.87499722671788505
0.46107727485471411
0.36873401466673511
0.61174504970692356
0.69985942916190358
-0.076100134168843231
-0.73879456143735511
0.66962031448431292
0.97285527203083111
0.038822229835279054
-0.22813472807188778
-0.31826423070134996
0.66628105372078572
0.67437188324306452
0.22654466222868655
0.8860909824369716
-0.40437641728910539
-0.14643423675920558
-0.84534989546426109
-0.51375146573349206
-0.77845099792380024
-0.57145966155779415
-0.25970733344226271
-0.26465029235917964
-0.49568820226262311
0.82719612480466165
0.106158521450874
0.71942896579145033
-0.68640536966402621
-0.31955791347852869
-0.91376988205549015
-0.25081336204744947
-0.71376958694348314
-0.12382253269963966
-0.68934821182793837
0.38826465334306876
-0.91154319226239244
0.13542365969236581
0.50205498896094891
0.32196333488878714
0.80267079120067175
-0.26839803005776397
-0.96134043824728577
0.061539087185530805
-0.93424765562133183
-0.35294024222390397
-0.0511322147474296
-0.66325537831549997
0.69438795514765006
-0.27913736919557752
