0.37666494972174736
-0.84150740225118126
0.38728388503471489
0.43504752507878924
0.90036322707212801
0.0089280602083392901
-0.80076225255615185
0.56169527504975869
-0.20803421081152393
0.91749580496916716
-0.39491110855969019
-0.047398989442143047
-0.72468249938157248
0.075610725837631426
-0.68492210741688275
0.013548337597747118
0.84620322808906223
0.53268803189107605
-0.59261665869284241
0.40724048969871518
-0.69495372463904515
0.62289704509395871
-0.63461993000518879
0.45744597020131672
0.64832382932298727
0.73795316734426331
-0.18735350313924709
0.33300890101681702
-0.79317412592713554
-0.50988221954025448
-0.98828276544373705
-0.12034558105465794
-0.093883527029484964
-0.90819079686136905
0.41448255487704883
0.058255370558479312
0.72655899741294583
0.6730142708241138
0.13843343001378505
0.65930815317595481
0.022094385905723164
-0.75154813369947293
0.58470574007093779
-0.41800950065637549
0.69526056618299914
0.94753609489620338
0.21187804857616405
-0.2393387586673113
-0.35527621757092803
0.63490203208620877
-0.68605992368108593
-0.94513274068663622
-0.20775293704250725
0.25211667860809922
-0.67825080396901904
-0.73211647034426386
0.06309770808861373
0.86684105833408209
0.39398241635818837
0.30555594444685857
0.98319684407742225
0.15372104218755825
0.098457132727739524
0.14498964253202684
-0.95163620847921382
-0.27086256712536222
0.20245380738149546
0.93738920061527298
0.28339714615111394
0.59862517472805821
0.38861836233037056
-0.70044533594097314
-0.064276028416176093
-0.99792151438022958
-0.0046090463343534879
0.84009059892876337
-0.40031480786514351
-0.36605442245027547
-0.17190062721627972
-0.27954995395106585
-0.9446173815935246
-0.34957261842618742
0.85626546040836682
-0.38027417182646878
-0.30025440454908575
-0.47464946245695505
0.82737849883725978
-0.22331021099896275
-0.91802014154313227
0.32767601283085401
-0.79829378394837636
-0.27004516379440663
0.53833320910067872
-0.64131626442177969
-0.56431038275039203
-0.51987233135472788
-0.46482744764621325
0.16148175939372186
-0.87055102394851902
-0.62349702061106671
0.6365637743272613
0.4539141179819754
-0.2415030198337845
0.38978345413837828
-0.88867606600555937
0.4865181771097512
-0.84505025237928011
-0.22178848999783524
-0.16511642113837827
0.66600238422007907
0.72744579982540558
-0.8429828547292475
0.38865699231274109
0.37192156291205064
0.62100524301713445
-0.62375469508882797
-0.47463940891994333
0.30810040049479903
-0.95083856011104562
0.031307759755334168
-0.57148680727754053
0.80942177971525031
-0.13505262541068941
0.46129400789021696
0.470417145085616
0.75227358580112258
0.094370836476583925
-0.95656130765378466
0.27583438857834841
0.48614361958661506
-0.15969357505606063
0.85916374645409643
0.10326360403436165
0.99436355879937788
-0.024036243751272453
-0.57449399727916772
-0.57031724430300812
0.5871072201402624
-0.51742676839607749
-0.81232737633169738
-0.26906090947823091
0.53185430695859137
0.66953699866490035
-0.51850863405385406
-0.6891798413619753
0.32199824678831024
0.64911345335429382
0.73739342771054273
-0.065612143928876515
0.67226927591431196
-0.097792656228928188
0.80456855632725088
-0.58575253696179075
0.69071656860514397
-0.30262676889317464
-0.65675540393940612
0.88302123409371591
0.46727835320036115
-0.04386844845637506
0.32964138815305061
0.73996054811576006
0.58634029577435132
0.73987138256480933
-0.65800613079936277
-0.1400652315604754
0.16005963964961759
-0.64889333776867764
-0.74385371408272161
0.3356819917587972
-0.65859185919119523
0.67347929694678188
0.32253648334138885
0.50722549994263177
-0.79918240040789013
-0.24842270768128571
0.9652902980287873
-0.080627531524868623
-0.27714522279294873
-0.73892137586560946
0.61415448038089038
0.77971214438360092
0.50323771804074957
-0.37255975499490773
-0.05392554344348835
-0.27771248696071427
0.95914952450096103
-0.87368743833593698
0.061284794538619417
0.48261209480528716
0.65500734164736807
0.57291111613608536
0.49268472210507308
0.81363590149918097
0.21958102821516531
-0.53831291256999014
-0.17241899279432002
0.048761597662941296
-0.98381603845289578
-0.56759114910741926
-0.30041316379532917
0.76654564017636939
-0.51974367799846666
-0.78185967134413348
0.34432827869094618
0.23064961107694062
0.77073463536318176
-0.59394349795383683
-0.46199658715903352
0.86816545964739611
0.18123986351967675
0.14184481622011488
0.57873546911480978
0.80308486780659927
-0.66391098545094585
0.0089702203498655837
0.74775780741121589
0.44750222426091457
-0.50232035743157677
-0.73987567725351466
0.19571670877846084
0.2816708008714483
0.93933834683854156
-0.15075120706431072
-0.58594915299648043
-0.79620202440797672
0.050543582263435236
-0.82085055468584478
0.56890219999919167
-0.028002699069672017
-0.83668594676469166
-0.54696661262940449
-0.7259963380263188
0.67313038894286192
0.14080055629863936
-0.60857814918195841
0.64970414381804009
-0.45554051613871793
0.2593356808973547
-0.39959545766175536
0.87924312612018607
0.0040399934566910647
-0.59618562951888543
0.80283645508163126
-0.78450882310243064
-0.53124787885063596
0.31987747293477725
-0.81905010428367553
0.33858767790542826
-0.46315797633583955
0.14526708159365664
-0.37184207307925943
-0.91685928456518362
-0.3548583308217455
-0.11533180670003575
0.92777914365958358
0.20359275500457208
-0.052028750540347328
0.97767223507004575
-0.72343637666259875
-0.25723955343299454
-0.64067747039433509
0.59428460477010481
-0.79360912446442633
0.13042379422500763
-0.34144301170056252
0.806766659884953
0.48222839636309911
-0.87953549321285063
-0.32726351889360089
-0.34542134470846653
-0.21347830112158109
-0.93289624785929059
-0.29005448743348328
0.14272687723161376
-0.049004594710889152
-0.98854822250254093
0.0097766317347190643
0.94655569850183285
-0.32239219454824108
0.96177843709395172
-0.18171888318225149
0.20484258696889823
0.40033178564251831
0.17324083037179847
-0.89984558458457886
0.90593736079870713
0.06337103760109615
0.41864258013541045
0.50024126370161148
0.80521433961365918
0.31841568015842697
-0.95994139126264444
0.20837436661627057
-0.18733031969760425
0.73373410551410234
0.27488222593057471
0.62134855296594405
0.50076889942492075
0.16252997046302844
0.85018499049915053
0.98454556584089836
-0.097836980439570925
-0.14525134781299726
0.086570770301432717
0.28613980079150564
-0.95426910048078895
-0.35443216377792686
-0.74519591083928205
-0.56485475632954496
0.43388895341071432
-0.18752825240303159
-0.88123409526573582
-0.42675312946732252
0.21459756848010711
0.8785383600573583
-0.76453927095639995
-0.60500559178569269
-0.22236892110522158
-0.39349651873469155
-0.91883649525240696
0.029999745598121675
0.88006455633850311
-0.089534412605094496
-0.46633675132480645
0.34546068034672217
0.88753304997741989
-0.30486390985513256
-0.44818544080907202
-0.46129609845301484
-0.7657256167837172
-0.14257275108558543
0.39077614171948383
0.90937726918519435
-0.90385122763060111
-0.011474949995029619
-0.42769297847084992
-0.099519653509628533
0.079022897368751302
0.99189274634749269
-0.4491223671645449
0.52341263378939107
0.72410518165675952
-0.98037127788329392
0.10949838808118487
0.16395810595728308
0.82244400472932844
-0.31632336183100429
0.47278471828594032
0.0046998489724345179
0.5877416091193981
-0.80903505012414456
0.81361921464069209
-0.53993628655622461
0.21562138119244595
-0.1384376028831219
0.96114777718073907
0.23880950677998422
-0.90165160881109119
-0.43216440902700315
0.016071711132050408
-0.47914114318609313
-0.15593224347069543
-0.86377595495158321
