-0.93713178158322419
0.3199198548098362
0.13941058225653269
-0.39291549084287491
-0.40506035655894501
-0.82555649388763397
0.20843062947230745
0.92438936717052855
0.319469827307443
0.30486327119484447
0.2148951539481988
-0.92783536184279947
0.5884980278779206
-0.8046470991624104
0.078823327722929645
0.95172021253153416
0.01526801720964762
0.30658689585404197
-0.60954726068524545
0.21346687706568668
-0.76346842068741549
-0.047903765563799543
0.63993772871541887
-0.76693215645933088
0.57298396773495808
0.01093539847134683
-0.81949361790008923
-0.72518171022595967
0.24940540390763585
0.64180092836908653
0.79459998911341501
0.035627163932763793
0.60608709150671458
0.93532533538409557
0.22111118668597279
-0.27618175195140982
0.60610198065225529
-0.19192239020974647
0.7718848263734629
-0.79395009042982501
-0.038229695681634979
-0.60677981531570591
-0.95834445956412373
-0.27762594737750518
-0.06708002806715524
0.10059863402837965
-0.93451954759743927
-0.34139878440015192
0.00043553999921418137
0.0099642813969795189
0.99995026046356472
0.31656563454485043
0.94856964252517884
-0.0013536265624089854
0.75979534751744038
-0.5715851580927449
0.30984098653816577
0.95219810913418279
0.29575537990977646
0.076469053974211457
0.63100144357734878
-0.73013795617158661
-0.26217502390746572
0.22281369395193928
0.25911354052893115
0.93979478126985438
-0.5656085554589686
0.5698278529546339
0.59614023517015791
-0.21109151598463632
-0.82503757423988688
-0.52416922169435987
0.081701680022322976
0.9578862406839066
-0.27527946779587992
0.28843557294886241
-0.12509565694166863
-0.94929236638245107
0.8452506036046693
0.51640935969138657
-0.13737827458908627
-0.29133553372736964
-0.21615692821275623
0.93187970745875459
0.78215624696564057
0.59442817812720961
0.18677994105628762
0.38948721346970805
0.86308206581845792
-0.3215416896860267
0.8606798145801221
0.33154951904525692
0.38640027587358888
-0.82653939928587683
0.2716667873150449
-0.49298050478499034
0.027519704888960557
-0.32309659686320097
0.94596577894670308
0.49123683868168216
-0.32601868610517587
-0.80771169648104124
0.50371975806563696
-0.76849691802418019
0.39456164578128056
-0.30604580217525301
0.11344786483062996
-0.94523306593468093
-0.93706604868652821
-0.19298466059349237
0.29097103150422327
-0.30302451212072939
0.10483193052691453
0.94719924588018656
-0.85494679843596422
-0.48833658340886876
0.17490955705348896
-0.57798656179128816
0.0018713721117475663
0.81604413627885641
0.62155864978630471
-0.49017516667603817
0.61105904039621584
-0.35731105339427693
0.79550514427286467
0.48938775685307134
-0.95398585737780073
0.0069681450700688772
-0.29977062710916957
-0.61559887813774683
0.73731566849552488
0.27821507188961703
-0.80441585763018453
-0.57949151718039582
-0.13078497432449093
0.51092452089311313
0.8157511654314531
0.27112021327700553
0.36581134154064776
-0.92038318320488921
-0.13811900113259915
-0.69283205842151052
-0.58485812227810885
-0.42181123222211298
-0.62107924919581114
0.50572621852601629
-0.59874999633715509
0.92182542935597056
-0.097688284093329858
-0.3750931576869691
-0.58609892152130549
0.80665446407426777
-0.076135601269173167
-0.45533396811912569
0.35662328842099367
0.81577619947672408
0.74616210454071852
-0.23445381970237136
-0.62311597650383976
-0.53269052990893107
-0.098526090481963424
-0.84055541687605706
-0.87308451838967571
-0.30259562398390755
-0.38230787605548677
-0.24278038653992343
0.6132472392311783
0.75165517858048669
-0.16464514376703701
-0.78047695048145771
0.6031150026330766
0.76514830892217223
0.41718824604079419
-0.49041006588256925
0.15186010544153841
-0.85139103329134047
0.50206754207615167
-0.80375095574730593
0.59392884058131157
0.035113152251416889
-0.25580979694552353
-0.51817777090713024
0.81612079101344293
-0.0012407032647413479
0.7986917884691751
0.60173905281884399
0.58298933587641255
-0.56280312750089867
-0.58598299798679021
-0.99902765065009635
0.023978864751758467
0.036996855025337491
-0.069295079462294185
-0.95384504846860185
0.29219482451652889
-0.44604196122473938
-0.64629996335483109
-0.61914693425255041
0.18263678196771954
0.79364198649742201
-0.58032422243165194
0.087492089696171588
-0.77051251720408775
-0.63139179205341056
-0.32620811966126828
-0.94322991966656489
0.062494650273965134
0.017228456777643505
0.034567005775453748
-0.9992538728415219
0.93364939026387495
-0.30308314700515937
0.19089112619853107
-0.18912565768372253
-0.21061470264038498
-0.95910006393358238
-0.55863465826944325
-0.33023366338171345
0.7608370693845532
-0.928902662132018
0.3211784674165703
-0.18434813899791075
0.41853646677817463
0.47940491567612653
0.7713612336657889
0.5643224055315228
0.34296866871511911
-0.75094121933403968
0.28656900300199561
-0.93662290232518208
0.2015334844595181
-0.36787323724903281
0.9198242119165202
0.1363550530346026
0.68009244804895952
0.33266467936618105
0.65330580374658342
-0.26997448361228488
0.94451987517618929
-0.18707213473800913
0.042500680501898161
-0.99902068170517055
-0.012303238687923069
0.059094137477395683
-0.61488221415481237
0.78640177112712428
-0.34674275063327059
0.41504414595645656
-0.84113484162204877
0.30489658371054379
-0.09228350490932101
0.94790391283256703
-0.38091713358324775
-0.84887462191995344
0.36648876326973279
0.38288873352981018
-0.79496443947242523
-0.47056110943237833
0.62820690675732593
0.60510049534747801
0.48909045465294981
0.28906724316015853
-0.57438632413310964
-0.76584625061473011
-0.60941427941134174
-0.79269011518815968
0.016019280025553931
0.088106310540511198
-0.37453086289387677
-0.9230189113896351
-0.12487012176635119
-0.58853644035331898
-0.79876924769691826
0.25667450885499782
0.52011388625482091
-0.81461631571492155
-0.017284421754263507
0.9993500750905
0.031633466159000007
-0.48810441874355914
-0.62517644904074543
0.60902256441597979
-0.11338829025640224
0.93619944676006817
0.33267655691207387
0.33258918603218174
0.74467512023690696
0.57865654635076857
-0.75557413640837801
0.58103655048499037
-0.30249669649640282
-0.65198170562326729
-0.68889279894445277
0.31677526275745221
0.99958630413777672
-0.0074676071999849507
-0.027775086370467432
-0.10209995385415208
0.35870669396641253
0.92784972227546991
-0.75623645714102206
-0.4212420885945023
0.50066108665177556
-0.49165214371258475
0.7810389349560195
-0.38504071429601627
-0.67265740549141118
-0.34633369935657099
-0.65389982682942771
-0.7933101430164331
-0.10936012380444653
0.59891516954300172
-0.79283661500313574
0.47038509400514161
0.38748930985014757
0.52065645011366901
0.12771190389599488
0.84416025170478903
-0.21241776347305222
-0.95029525244563418
-0.22763485440589928
-0.026237448392484999
0.35308627982441071
-0.9352227944728515
0.82669991381970598
-0.26794310303344537
0.49474614301407061
-0.14178168266082333
0.86069962968426184
-0.48897249608054627
0.94193922972673405
-0.30915586291747188
-0.13104632740203059
0.11054035985003725
0.57572352581795772
0.81013779733077729
0.61433314779343406
0.78819564611190573
-0.03663887242323588
0.34854533401995741
-0.39775087897588501
0.84871101583921205
0.35363056654620018
-0.66183746432005752
0.66099666657753275
-0.50173584991352294
-0.81444928840056485
-0.2914335147771584
0.47850113398088362
0.63522517410380563
-0.60623893224024994
-0.34880812047100251
0.67263504007079211
-0.65260631161708071
-0.91065507374307963
0.12269897917446322
0.39452794219868731
0.65249998152193311
0.67765198277033079
-0.33916303507504475
0.81153618147054862
-0.5839648185746894
-0.019852375959334742
0.80412981835017328
-0.46035975944096785
-0.37609058367309817
0.79416293076464706
0.11126953940562735
-0.59743144292861428
