-0.80608918429815613
0.27715240932432245
0.52288313126668795
-0.99512445973145613
0.096720058785865481
-0.01930129199396639
-0.30237839043669673
0.030437717136360436
0.95270187066702006
0.045418150453782016
0.5867318246041312
-0.80850662186902622
0.23994284625737156
-0.16236495614408775
-0.9571128729393622
0.75357170795270534
0.27481509827584261
0.59716525579849478
-0.69373330764392116
-0.33579184526415612
0.63716397773219857
-0.69615833778656977
-0.70690190806768616
-0.12511299333204723
-0.073551077442563714
-0.21742929857740931
-0.97330094992616423
-0.18103758410050616
0.95186300668933943
-0.24735037828833534
0.55134964923034946
0.15664591562001948
0.81943616066972325
-0.13826102520465031
-0.51648808197643625
-0.84505854831819871
-0.47418352208708003
0.87283391319053227
-0.11537307903316964
0.25021770895389689
0.3514791698909599
-0.90213828832315102
0.41161361989962919
0.90046467361026039
-0.14049056727442891
0.60833248800902739
0.66780814540117661
0.42891008960921817
-0.11795097431496933
0.82414085572463913
-0.55396698239480757
0.41118248891200393
-0.50224058277173733
0.76071240152191244
0.912866865076848
-0.4015429215491198
0.073738516384351319
-0.017971152624696868
0.21093310341219926
0.97733528717540863
-0.35775111496780654
-0.85634565902810267
-0.37240603110451337
0.82717509051501714
0.55977638525522955
0.049312961197456304
-0.02756039588235434
-0.13376312890521982
0.99063002676291478
0.42848078872424206
0.078950898049851323
-0.90009497798364224
-0.56794743817730742
0.54975637368927255
-0.61253868208942897
-0.72338532469698502
0.22779799244827692
-0.65178351210319219
-0.31818267172256964
0.3530004563351139
0.87985820746452603
0.75320825951906034
-0.6561209293813548
-0.046718773742629588
-0.13784741471366477
0.35304369143001607
-0.92539626225645977
0.032940161157728721
-0.98574683334187807
0.16497916941045232
-0.64740043007760562
-0.30724810255347929
-0.6974749361895507
-0.58949879069101074
-0.78262980992407738
0.19995438577845312
-0.82470224381844526
-0.54062250713651061
0.16611295499826328
-0.014637020394631271
-0.90571029306342687
-0.42364445313603311
-0.21218720007493055
-0.74641601577826422
-0.63074537137743902
0.5178396931376924
-0.68205457355542887
0.5163754553647788
-0.22822778510854702
0.96894405465969013
0.095181390219341105
-0.45366704098053551
0.31935907284339415
-0.83198317201766347
-0.45873997752032941
-0.56090889815149236
-0.6891580667736007
-0.79641921290129281
0.4360379614334367
-0.41903142305876984
-0.88047055642312289
-0.45306907552980868
-0.13964244365707998
0.27461788942531001
-0.87176426543371033
0.40572414313226624
0.28775243761029318
0.35876869252728916
0.88796596776655456
-0.97290397953127994
-0.21759850591640692
0.078158408601675292
-0.57673675909395727
0.44737987649218808
0.68353928696135169
-0.58803471028319232
0.14616744162480924
0.79551886119124804
0.69135524027076634
-0.39165244051047149
0.60715426177565657
0.99265059310639125
-0.061575359302229821
0.10417905323207237
-0.25021770902777224
-0.35147916997205814
0.90213828827106446
-0.79714978617049492
-0.41146798583492011
-0.44186685216396132
-0.67919022506852389
0.68276514022652479
-0.26931840164166648
0.043005386243847109
-0.48966326552533307
0.87085040227876376
0.27350084728037682
0.043252731562966419
0.96089879162649483
-0.95315945898628973
-0.15670604135987892
-0.25870883700847858
0.6004654481385524
0.29679281730949292
-0.74253300881863915
-0.57361769816431585
-0.0052271597202187235
-0.81910647241609025
0.51460530032999974
-0.84193038357332806
-0.16227943211737997
0.59070128444992065
-0.77990549765906625
0.20692850763096449
-0.2826273750562171
-0.93473157276130747
0.21540346736300417
0.0015607762370581236
0.79058134807005087
0.61235504085561254
0.46550530888678177
0.7680048295862566
-0.43985610048106244
-0.014421464322900387
0.51746902205804057
0.85558040684501324
0.68009892287451801
0.7037078886343201
-0.20557398322440421
0.96256595392454269
-0.20265272718324828
-0.17999626804610966
0.044755795302003958
0.94801793779688537
0.31505381826320678
0.83582388093784699
-0.46274287410523868
-0.29541068450348767
-0.79146824055257659
-0.031944311209302537
0.61037495457953705
-0.52499391111461402
0.82733757026916577
0.19973466928326203
-0.74733494016970936
0.55988323170193433
0.35780057861962028
0.1809655729122257
-0.71797478127089209
0.67213367337127561
-0.38840727415239557
-0.78177020665212693
0.487826950236041
0.89624330437014887
-0.23561776712681998
0.37580873750599292
0.54592311749511357
-0.17403889166706341
0.81955989041174815
-0.056791789913265299
-0.87972461616414366
0.47207975206875563
0.92304068420898189
0.11439839676920187
0.36729947197300827
0.33908604876190429
0.92466999326995836
0.1732225593887089
0.41542981072313401
0.55955389248978238
-0.71715933638353635
-0.13876291221700124
-0.98330828581153662
-0.1176846177180102
-0.91842843336495561
0.34027260708079649
0.20175174263740855
-0.16023964314896849
-0.6802742260523662
0.71522740029472121
0.9671280462117362
0.114585805203736
-0.22700976956175498
-0.90247825417695127
0.41613573497983564
-0.11119375346895234
-0.50871976372143091
0.70087070592192813
0.49998445533807317
-0.51690432557163479
-0.17601945729305546
0.8377511974683125
0.61376647221840397
0.77867359505553313
0.13022346157227832
-0.66545507879230048
-0.59382826264613875
0.4522582587329958
0.26014694450989578
-0.27326406717109686
0.92609411878883863
-0.75320825944516479
0.65612092946247513
0.046718773794730412
-0.92621659613182439
0.15489475788945944
-0.34370107801451938
0.54113184308574935
0.48913721116063014
0.68404759853143338
-0.44537342180276251
-0.89236443458969439
-0.07299473289980403
0.68670290107428111
-0.037852625630124599
-0.72595199868109161
0.18718445034314973
-0.96618084962234541
-0.17735993733866573
-0.41927066527043438
0.79026053163185106
-0.44687850853294736
0.26559876114893272
0.63983615165036634
0.72115670773931073
-0.44665036920175571
-0.53235761375054158
0.71909583420693279
-0.27968703626082142
0.048357424687558222
-0.9588726303452535
0.34257302284382274
-0.93425594001223555
0.099043235869492208
-0.2536184472500787
0.87286145110936664
0.41688196216880125
0.33045657338635187
0.81800519590728371
0.47081413803584665
0.078574855643377434
0.99665004811824309
-0.022686419870177006
0.77751955975947606
-0.056856703019107162
0.62628320232401846
-0.27668288273128006
0.64336303562531627
0.71381411221303737
0.96149207691453564
0.26662758366290862
0.06665371453003377
0.87006630788640271
-0.12537198470334779
-0.47672474797567077
0.62041890681983136
-0.66741803027744306
-0.41186594047221681
0.43746342320102061
-0.59166331739740941
-0.67717078511077033
0.14440733985701865
0.93186181174006177
-0.33283642230974253
0.058780954245752616
0.10656685003949008
-0.9925665246675508
-0.37835256992396077
-0.27984677138041814
-0.88234637041237396
0.11680956436409654
-0.72219483892401792
-0.68175519088935554
0.82864150245739265
0.20736508681111465
-0.51995478762770708
-0.82428994104146736
-0.073900646038746687
-0.56132413774298906
0.77219304879284756
-0.54568848981753681
0.32548727698124075
0.87066653730786603
0.42248971016488751
-0.25187740195801611
-0.87817608864990659
-0.29267467135974362
0.37834943381485009
-0.60833248800902773
-0.6678081454011765
-0.42891008960921806
-0.94778107921212451
0.031452751393258052
0.31736690173566345
0.70752015646760835
-0.3853583673604456
-0.59238007807263637
0.82444432775479992
0.44980844895886923
0.34345874523463826
0.49823672591520191
-0.2899559617878833
-0.81712037373508417
-0.27963376373980448
0.60965996523614974
-0.74170053590715967
0.32710894063424872
-0.83004634613826822
-0.45168883561545958
0.19364351673072583
0.77142086841914537
-0.60614522368456281
0.68606546287347958
0.52247967837185871
-0.5062896071821319
0.18784563135648363
-0.46514824864880561
-0.86507290187546204
