-0.37467221715286431
0.49425027997709098
0.78443443985863104
0.091817803093233286
-0.79460902013717127
0.6001383141841361
-0.23967233181918865
0.93574022666059808
-0.25874195942970912
-0.019330756121594298
-0.31493773374911321
0.94891545762978269
-0.10834251775329082
0.43623532830934164
-0.8932864250517405
-0.53146815799716896
-0.13296809680325553
0.83657700319075023
-0.32242833443396268
-0.36250367366435626
0.87443184739234348
0.97943300716858583
-0.054119705534661076
-0.19437603232276918
-0.31954286387260961
0.2013488890076417
-0.9259324937831479
-0.65338596984674868
0.3908869959365191
0.64830095697534451
-0.61844214842036704
-0.31926397532003031
-0.71805279967426616
0.27848800868386903
-0.23810424549638803
0.93045730546645133
-0.69610812680507439
0.096150882235989513
0.71146924293406477
-0.52418094633466328
0.7824810149856789
-0.33609194677450793
0.35631608924266789
0.14204193351779409
-0.92350578431828889
-0.99736889899217962
-0.055639771392173146
-0.046470368650940501
-0.13972205149591116
0.98800604692930782
0.065740395168391447
-0.43849910367662198
0.19574978643471191
0.87715480799318646
0.95177703415699733
-0.30676429415982254
-0.0040180940675647869
-0.81069895380320145
0.28825691574266121
-0.50958331686675451
0.53312875755217748
0.64886687762098616
0.54290469052796342
-0.2328351974122301
-0.054395742002265324
0.97099375595213333
0.67166621513427061
0.74084894785235988
-0.002707750589529343
0.75911647183050412
-0.22172355598271853
0.61203010295081539
-0.78348042562769649
-0.60480545397028174
-0.14271925415319667
0.20675787855908231
0.444912896746197
-0.87138033829244499
-0.033333670441057991
-0.96850073712611962
-0.24676950500637218
-0.37194633544866851
0.87482334104916726
0.31038692869043139
0.21182332142788476
-0.54290331267466241
0.81264190981399476
0.38504891411522163
0.11204907560098931
0.91606895941061806
-0.1580977651785844
-0.64291559880026983
-0.74944287938763388
-0.73920498614180929
-0.65076003777281721
0.17345708893270753
0.98377284946172394
-0.032961696317172634
0.17636469952304737
-0.18161822032076905
-0.097748494667016544
-0.97849887779079692
-0.96687236579723967
0.20324678202521873
0.1544298347277554
0.86004081716428193
0.0096427111825798367
-0.51013411073211268
-0.33560352906196472
-0.91718110407494269
-0.21482340098095512
0.034875375490585447
0.77098534557808351
0.6358972441269376
0.29038090091792534
0.86679204067455962
-0.40540164109846261
0.90565923620810118
0.31034582150192458
0.28890624594711406
-0.049581744280312964
-0.94255284762971014
0.33035704935606575
0.68604949850942321
0.12377709794591038
0.71694861435046886
0.065512515717548278
-0.84654615856814219
-0.52826859806151627
-0.87576056183111906
0.16643392952460445
0.4531480833505111
-0.40166717663582313
-0.60278407409793533
0.68943080815068114
-0.93347497953158076
0.028915833783373215
-0.35747494617822834
0.89662806096323044
-0.28217019750566169
0.34123027405687995
-0.82185434031873117
-0.41697970847415206
0.38817955384084107
0.49854424030008998
0.39004640008398206
-0.77415595731424336
-0.68944398206502944
0.7196646920121762
-0.082156720147135237
-0.061742181072236474
0.92515957615122224
0.37452324591690417
0.081665949937070173
0.98254862659560782
-0.16711932562082912
-0.95590963364600356
-0.11349898406205047
0.27084082579929808
0.50643146363405778
-0.49155105696581941
-0.70845234916489053
0.66211051802159782
-0.7492768875967617
0.013921481188476904
0.91534946353048907
0.25842174251629213
-0.30879372177764408
0.40024934444448035
-0.70576769009735962
0.58454463463999129
0.40152991677038125
-0.91535647093778927
0.029937552516648334
0.17918644757252511
0.34920978431715055
0.91975254473336898
-0.49046703839342237
-0.059705506000872904
-0.86941206387004122
-0.80674628340733046
0.46388435024042629
0.36602150730589161
0.27963609849837989
0.60803443443728722
0.74303282495131573
-0.61188386322194543
0.56069352509578141
-0.55787176738409527
-0.27206683906659401
0.74936758027497774
0.60367861044858695
-0.55329705265718432
0.65411803650549594
0.51574408948534523
-0.094522281607996417
-0.60696436940717069
0.78908794981914032
-0.86720801726831154
0.49481852551324185
0.055721464396272381
0.56585514973471618
-0.77558268408445508
-0.2797846487337261
0.49720802279528686
0.83264403943576293
0.24390179511454396
0.87890240242393958
0.052006347311368793
0.47415810322376301
0.56274195902270474
-0.7644373705917219
0.31457430600432523
-0.63403723100991694
-0.38699376623710291
0.66950176593262234
-0.30896270773665208
0.76888159732110672
-0.5597884730226047
0.18134350551118231
0.96883737566064065
0.16872662069726427
0.5080452731374957
-0.44166013680734539
0.73947706117090917
0.15595775542103749
-0.11344023972268173
-0.98122805225680965
0.27019070476400864
-0.90268211149828004
0.33490593998932755
0.74934732965860251
0.33843283344995551
-0.56915885021367829
0.97786248734490622
0.20908806155740367
-0.008193799960991989
0.083530294772761554
0.019187215189937452
0.99632050095761382
0.56020757965343249
0.77453439268587398
-0.29370723900777024
0.78107216611878849
0.54628120480626208
-0.30249482076545126
0.10114315955604855
-0.99402465272963303
0.041049373207789681
-0.81431504517947328
-0.14896650619548718
0.56098127172505718
0.38427649814219306
0.92086710756352275
-0.065843322996068238
-0.43027313274328122
-0.85720936613860532
0.2829436937688013
0.73993420373435548
0.38945131969367469
0.54847519883114204
-0.37088275123423708
0.5305959023192155
-0.76217712723420161
0.71806162810883845
-0.24694399591514152
-0.65069667366534667
0.69277866611551919
-0.5477898818153506
-0.46902448246965345
0.69335200364661143
-0.52663033041055329
0.49185718875594436
-0.92159182549171059
-0.37915829504554244
0.083111337884875236
0.74018955822654153
0.6040353168594933
0.29539931259034585
0.82150155603071862
-0.54433326835811668
-0.16981309253905835
-0.34495149742094255
-0.37370283112397201
-0.86101954590878915
0.49983963296503331
0.38640946933512521
0.77514389846371612
-0.73095920835570316
-0.50948450304741388
-0.45400900527911719
-0.92200700614042563
-0.31561963513343971
-0.22424835907137344
-0.13763066996914572
0.26304992204378524
0.95491493715231124
-0.46805371013088215
-0.60607187823734399
-0.64311943124319793
-0.037586552559388905
-0.39144324501337402
-0.91943430271015014
0.27632741763467572
-0.38610446757884376
-0.88009459626736097
0.86764955943328959
0.49716970069568761
0.0025555283951769476
-0.59912063099427681
-0.65828158326373221
0.45576290618348225
0.48800358211317063
-0.15455340885609792
-0.85904932783611088
-0.23861493342568094
-0.81071672287058372
0.53460388027420735
-0.56074108854623728
-0.74940295068495699
-0.35208613877950445
-0.73394491785392213
0.023640108996706075
-0.6787974681766451
-0.65172540548267843
0.72375439537203878
0.22678970661847256
0.6538827591619909
0.089141534499605671
-0.75132624345071131
-0.0089816266539095042
0.87910294646202758
-0.47654731129703315
0.38938132020236227
-0.7446890611375393
-0.54205201752189391
0.88090806361620233
-0.29637357690806515
-0.36900364004528757
-0.58197891810658131
0.28703530186328152
-0.76086219144057088
-0.25461538246856913
-0.8233606830548289
-0.50719640437395641
0.54993164927499272
-0.13743701047644272
0.82382416162490935
-0.83290471672675381
-0.21686088327615072
-0.50915723520246048
-0.56046543427636553
-0.82809810951981544
-0.011489908229079356
-0.064989456647231908
0.54904540049626049
0.83326197484260534
-0.79734711364320954
0.52479710877874342
-0.2980361974363423
0.27910913561981782
0.84217452634592982
0.46134602803922248
0.2794353619090888
-0.92084956220827618
-0.27194110078390638
-0.43903769106506724
0.89844985441897396
-0.0058107588815106258
-0.22716484839030782
-0.9712828822711056
0.070750931180743451
0.024936475586414965
0.16894210837498705
-0.98531047705946073
0.55755632057892046
0.61325423518317601
-0.55950888501648799
0.81794219355273778
-0.54368368146591961
0.18809205861439238
-0.035282481065958153
0.68695943435345097
-0.7258387438561108
0.27494643911578115
0.68893584204944325
-0.67065032703874583
0.16215384186994214
-0.64308717737365306
-0.74842836254674716
-0.94774875818468207
0.27156980936898956
-0.16739811826506124
