0.2057064454084935
0.89813632476995808
-0.38863350401903707
-0.91500016553101038
-0.30334267816244692
0.26600360276405549
0.80317402246049052
-0.034697714228266736
-0.5947331824204608
0.84411421465881586
-0.51618452583526742
-0.14499906171817462
-0.39966373324550503
-0.66407878530818798
-0.63187678168442574
-0.36248361498935805
-0.63090351468574313
0.68597841367015566
0.52507240594952864
0.76101546670465114
-0.38099137516048265
0.69960089502579959
0.70439342883227507
-0.11995201164220128
0.7131014464060913
0.26330856683091725
-0.64973450406068856
-0.72332653396134194
0.65503175303167305
-0.21847683581497793
0.30330013419251672
0.044857199135893748
-0.95183867345495277
-0.11514616293277653
0.90498251630145332
-0.40957051450336152
0.22145249379788978
-0.049994431492587352
0.97388877691984344
0.51138308507320129
-0.05241028811835035
0.85775317079003932
0.16730704613068911
-0.22788359345905829
-0.95920666185510306
-0.42083813639533174
0.82721787102074085
-0.37229807522899894
-0.028905274390474141
-0.94287913941055557
0.33187861271377717
-0.27711261433229339
-0.33464619113598704
0.90067781461302687
0.8593090203712006
-0.3250485415482407
-0.3948815685063678
0.5479444350220648
0.52706366523850556
-0.64958508981787966
0.52252083919197967
-0.84882974670872902
0.080374334911738732
-0.12050779866290923
0.47091826408397108
0.87390723707585738
-0.60127519501219329
0.61420942446386484
-0.51109189267960109
-0.36916681182285521
-0.84814108113113384
-0.37996390821531983
-0.85107292170637094
0.40546907192443082
-0.33357115230625406
0.64985773765408361
-0.3344141814826308
0.68253357136071946
0.73898987927271753
-0.51883009585907036
0.42977818693293651
-0.23917528303093422
0.24613617118343731
-0.93926150204414871
0.2146717151483695
0.52587846527421367
-0.82302362935464668
-0.34201116302694023
-0.093200243777063818
-0.93506260695466559
-0.69956344299450424
0.70260714395806734
0.13020825812813369
-0.44031761102654676
0.45858685187701886
-0.77189280389533343
-0.485834800986994
-0.86906298410990312
-0.093242028077033232
0.11323713691670481
-0.92969302009674293
-0.35049713152364687
0.4834165676186099
-0.59531622331304479
0.6417998258118609
-0.047420570074663063
-0.0018233058864904365
-0.9988733478722106
0.94520430060398997
-0.030895192517442417
-0.32501433383626666
0.50070685447764951
0.49864834283264198
0.70756093452744961
-0.55402466113246995
0.72229177051893467
0.41394597847747533
-0.97625900737422222
0.18958826653565089
-0.10475991462723361
0.58320746244589439
-0.0013284952603112756
-0.81232215952032472
0.28180117650083031
0.71130671617983321
0.64391835852086876
0.75013610829928024
-0.044676823381597154
0.659772536923249
-0.52056350602062718
0.15402959344677922
-0.83981457509508151
-0.41912417762424631
0.40467069988713655
0.81275860400469113
-0.30193394751728497
0.70781727864729704
-0.6386161534012148
-0.73663383796655946
-0.67316334270301448
-0.064974632000194432
-0.91660571793174495
-0.39902184458825529
-0.024809784283962279
0.52826505838578652
-0.75897666016801602
0.38064479164815235
0.60475789604787888
0.65701381239232926
0.45011191663123068
-0.83307381103150768
-0.2117638792917125
-0.51102258736846951
-0.65034600217768102
-0.46206151384777694
-0.60295044147277022
-0.088643480766228785
0.98089417514128086
0.17317318063589804
-0.80741793167362741
0.4886644106242341
0.3305803645124003
-0.095599968095544816
-0.56559595634045023
0.81912261613964865
0.44544058646138923
-0.28707002861223324
-0.84804096752781066
0.060974719359085175
-0.99808760297748622
0.010159743192445366
0.071003075526019199
0.89482082150225351
0.44074285095946647
0.31721257284281673
0.72304319996769073
-0.61366498564845839
-0.0314657735212827
0.71736240769417514
0.6959892823340913
0.87249773905181105
-0.2244716822903727
0.43400479167770462
-0.76626065397997345
-0.37378865760263108
0.52261520223756053
-0.88256072564041521
0.47019163921419316
0.0025274433986900218
-0.10958944766311882
-0.080617344757293305
0.99070227449278436
0.88906050531869085
0.12057995229070159
0.44162415353787654
-0.11044781177163465
-0.83161975665767685
-0.54425165246555196
0.44149971920363273
0.30232067190906114
-0.84479595718704004
0.63219074483318916
-0.75047340723046019
-0.19267726172841837
-0.83317645661417783
-0.45418205040870918
-0.31549272135880346
-0.61104753160484138
0.17119974554290388
0.77285934117773025
0.97235209577023829
-0.21785051420859464
-0.084098485778736451
0.4578179524625075
-0.57373390737410912
-0.67914072616231347
0.37734952370336761
0.23821350195223284
0.89490874643647045
-0.59434635111189382
-0.6384023547588934
0.48907550373973685
0.091472065275099906
0.28111163522122828
-0.95530576770872422
-0.11801983562592834
-0.33606650700860613
-0.93441458746418515
-0.52763264497514284
0.8451970745763997
-0.085121660486803516
0.18222732231560351
-0.75373741737836253
-0.63140566092289763
-0.9096141530016133
0.10687873684729358
-0.40147108024001488
-0.90625020608109708
-0.040328829351334021
0.42081367551580368
0.23414948215518222
0.96249166257655383
0.13705407501085537
0.74539890126829511
0.53235266157738081
-0.40122452778898887
-0.81394367318909722
0.22612591639775428
0.53512873853748133
-0.40205440097768985
0.89548033061195953
0.19096396555781581
0.20329515729716335
-0.60754986352026152
0.76782435644881264
0.38155326751898749
-0.34433490604294137
0.85781733284306094
0.68100822680682493
-0.32057343888677264
-0.6583771451848347
-0.77715640504783257
-0.58402928784747399
0.23438795410494503
0.077660408832034275
-0.33278253883388598
0.93980032067844843
0.77742960108096437
0.40945587349051521
0.47744015648792254
0.3338031819083972
-0.93178426604305309
-0.14266575378288371
-0.99443938170238755
-0.061880140359642614
0.085212465921624972
-0.60244284995128394
-0.19023706472024274
-0.77515964275057625
-0.064782343841148116
-0.79212606132559649
0.6069098375337515
-0.54887352884178897
-0.37861382804304616
0.74524453607614749
0.071054750455775945
0.98925927075105857
-0.1277392565766346
0.2404354437064736
-0.81597034669054047
0.52572159051287826
0.9818140990423605
-0.042148056261623268
0.18510704004711656
0.27003842147583834
-0.9343623262515085
0.23247858871024446
-0.16214204225415554
-0.96777117531567558
-0.19268863578781045
0.42057378000825518
-0.79842697780307581
-0.43085038782135793
-0.33000174280364131
-0.84064187730816464
0.42944159540310489
-0.34672840495802426
0.6623509782355167
0.66413145899416515
-0.72773804109473406
-0.10136161270975899
0.67832379216158722
0.56238868684828891
0.81531421743302757
0.13777406053618105
0.74990825946574291
-0.64833318928236505
0.13153584325200815
-0.2380483083460945
0.85862581868045007
0.45397654828073403
0.0098913328984574517
0.75312084112012379
-0.6578078444378791
-0.4611996038539497
-0.084338908705146987
0.883279046441941
-0.11757636515468337
0.52263772703452205
-0.84440843472646632
-0.70775850253224493
0.34971822995261753
-0.61382005647593685
-0.26189218644468021
-0.95750047899162682
0.12085245305756087
0.98695602356729328
0.1446854687205385
-0.07059690280284818
0.90875110127155656
-0.3820966547403688
0.16784988047047367
0.19370630829156837
0.48979067291305961
0.85004880027879814
-0.27747982152269413
0.16913704561296822
0.94572596900426209
0.88610071927715672
0.26328228151001332
-0.38145505048352352
-0.75083140815162597
0.052399073023294378
-0.65841213056819203
-0.63746452413375965
0.48266832247191194
0.6005582993790608
0.78684754339818519
0.58893734989577229
0.18445525567460971
-0.6294172260468196
-0.68498145001904054
-0.36692556286710154
0.37497499216541336
0.84405808093897827
0.38335324604358995
0.18288180334134352
-0.51472079368657242
-0.83762566254460191
-0.94798219621506585
0.22547952646446598
0.224696993314598
0.65466659291815021
0.23779576334552879
0.71754081908408396
0.67737219653363656
-0.58105804838159614
-0.45115235982333857
-0.39199700443835672
-0.41628601474240523
-0.82039277327463145
0.88697461365173458
0.44960219521384326
-0.10551730093330405
-0.96473756327561633
-0.14680752182397286
-0.21846964443814595
-0.55183155734934197
-0.80813854904022897
0.20589807640809449
0.4070025916954601
0.90459348481739421
-0.12672615191467476
0.9311643157996925
0.30941945075906535
0.19285388373908649
-0.23902764707375326
0.96447470604237229
-0.11249144562527859
0.050767554749573035
0.2166547958949305
0.97492735873011338
-0.11090016192148476
-0.61741900086037649
-0.77877784474287837
