-0.42445276744199795
-0.096315198842096938
0.90031285155929897
0.35188254988617307
-0.24452197187687325
-0.90354174023951472
0.91257237920416245
0.15453313765538851
-0.3785910221862569
0.33421289314482061
0.88163652260153025
0.33319481399152989
-0.98372600001898103
0.17961800137501779
0.0045310560248111691
-0.6332070313565149
0.27832964822309564
-0.72220596948562898
-0.56288387003545837
-0.81817815134261129
0.11724445197744952
0.14665538571848935
0.28734591582985064
0.9465328956225797
-0.71679424016250914
0.64124332735009104
-0.27388503500343908
0.11058360274119193
-0.52226641184404032
-0.84558208464011919
0.040726110811498434
-0.24091218243377213
-0.96969206671662866
-0.15095612322988494
0.33281519353881189
-0.93083097058978814
0.35732965030801261
0.7745882690777004
-0.52185106536057335
-0.047714972405551198
-0.52793712772684531
0.84794202076313352
-0.47850131129949119
-0.33957654147198102
-0.80976803318394552
0.076917959453990895
0.83898044692331419
0.53869790903046055
-0.42671822660009012
0.21550477263967782
0.87833322153770033
-0.31584799995892482
0.9365989737235515
-0.15173135253446227
-0.38703998486818514
0.47564146339263663
-0.78991470958258903
0.69765746046374799
-0.66864378432680438
-0.25727331291916766
0.83335979070401323
-0.24497498515947969
0.49547826984023824
0.57125759628919215
-0.012035487979884288
-0.82068258523681403
-0.29143006820436534
0.94447162856723843
0.15179544847572746
-0.90623670193015526
-0.41391122844633238
-0.086096080287100946
0.9104225798397525
0.39939922969032138
-0.10775426414164491
-0.2238396354445551
-0.7094664737931583
0.66824631698764392
-0.64626171327866988
0.37746161781937826
0.66322584767430171
-0.94604901309176503
0.12639484046506011
-0.29835483762109399
-0.13543247699155475
-0.20517636375107631
0.969309395360335
-0.6301618900919993
-0.67380842972952548
0.38584736917738632
0.35418647067686365
0.71164463886033291
0.60672386797522115
0.66160688685735314
0.22994217344830048
0.71372468370709541
-0.91970041891821352
-0.18558693023658357
-0.34598935065551345
0.93583155398154505
-0.15629236107917666
-0.31589871864378105
-0.23840987234225031
0.8654859552184585
0.44056190721548372
-0.57604235362693812
0.81582027457988671
-0.051112487831602223
0.21051541041636201
-0.96666795328011945
-0.14572690238406666
-0.90099615408481104
0.36985724436971973
0.22674115001829021
0.27064366359730818
0.042618851603293893
-0.96173574376886062
-0.14760101064040479
0.10863666867213505
0.98306256966571159
-0.92822524306123844
-0.2878991854658321
0.23560975606289133
-0.5398408235147738
-0.74257876760527186
-0.39641980168594848
0.72595845955097882
0.22818117611928748
-0.64878167812538345
0.60861199166667235
0.70173303890644323
0.37035413553334928
-0.34186703589216938
-0.41227188509387219
0.84448731342243799
0.43618143008831278
0.10502239375959134
0.89370915674794327
-0.60662599871604328
-0.5199999011793246
-0.60133601293723937
0.15382751059566549
-0.31789923997951419
0.93556248866892244
0.57521765230462274
-0.61920326639500689
-0.53452031520131416
0.94685300193149768
0.25698216203272817
0.19346720944463966
0.88109323086769842
-0.45128456772562431
-0.14148129718028854
-0.19236824700481461
-0.4589568030461495
-0.86738290880207725
-0.62622078752959098
-0.27322892191495141
0.73020098705425773
-0.043117482366323005
0.056513437686562439
-0.9974703574920093
-0.27613616709478844
0.72563849594895269
-0.63023613861721772
-0.46387561007601902
0.79631034182029536
-0.38821290278228232
-0.96163351426188293
0.022375016547249629
0.2734233766210401
-0.83940462623293166
-0.11428073869840746
0.53135655281674898
0.89506846142352992
-0.3909875978374534
0.21443215174551764
-0.28001680348021868
-0.14586663367977751
-0.94884852054880187
-0.80482615036267691
-0.57249697744900263
0.15653139782213024
0.53797601324409916
-0.84086289604346931
-0.059425577248982599
-0.89132889420182293
0.43102519137996637
-0.14053500189212231
0.1104028012213288
-0.73444584924375611
0.6696271470087678
0.17040208717051591
0.93655096166449181
-0.30632568435122659
-0.47826237221225515
0.68831265072369108
0.545427170371657
0.80927767579066967
0.39469570871221005
0.43506889223549144
0.46085104019616907
0.28523345464080807
-0.84039169147712245
-0.77723860090829688
0.62333468020073779
0.085755662886815839
0.56622090113270396
0.50853519211746168
-0.64868008255111809
0.31986722231818504
-0.52624327163136697
0.78787878455328664
0.75965485344285821
-0.64506984803309086
0.082519057188474465
0.79545193636878919
-0.40121332034459728
-0.45418508177306677
0.15548086344657477
-0.01684013840113105
0.98769535325450342
0.16123224714845183
0.3390905519214667
-0.92683426785863698
-0.39064504283138851
0.50371149527951453
0.7705006035263946
0.72194212583730066
-0.54885878750522366
0.42137109336049017
-0.84135125175863268
0.21511343796307431
0.49583694897807751
-0.80872092806359364
0.37285967804333864
-0.45491331152361059
0.61853322580698078
0.67905676126568015
-0.3953461313231425
0.12501879483758813
0.59671683566122236
0.79265334098571416
0.43801886958335362
-0.21104316695820594
0.87384223494242474
-0.39259148074136258
0.14880637659550244
-0.90759494904600591
-0.049890085401813097
-0.73528668985941892
-0.67591749725404981
-0.54885815248544834
0.79370260972960061
0.26228018560059313
0.24526765752785551
-0.87093469873840268
0.42581278363178143
-0.70785513240162246
-0.69383234888994827
-0.1324302955012126
0.55783924221671888
-0.78065177093139315
0.2817768485606239
-0.34377873025923622
-0.65760399726907826
-0.6703530169970725
0.026599878406324818
-0.98859925282289784
0.1482024419055806
0.60856656078325222
-0.40620727144115887
0.68164682477421745
-0.41747930487652429
-0.89572720066622769
-0.15291766407599097
0.41243591394712559
-0.83943575690106154
-0.35389861107744019
0.81004433640650131
0.5618796665801602
0.16768844128179802
-0.24448314672478114
-0.86668517644160992
-0.43483881600418844
-0.72730915631468385
0.55097890296857555
0.40919877764280738
0.40227270269155607
-0.50896693116356817
-0.76100547675504315
0.80318350271000649
0.43698290459486777
-0.40489776742570188
-0.15719001885431771
0.69819335034001584
0.6984392196272794
-0.99164331287011809
-0.1224851354479234
-0.040508414363943722
0.98085277547138694
-0.19453046601642129
-0.009259084269556404
-0.37109861263532579
-0.8298403977925829
0.41671421129064479
-0.8154604019051831
0.063492311754613562
-0.57531996251885076
0.59616156186056801
0.51825774165919591
0.61318863767219145
0.68290097357472701
-0.085576962455098562
0.72548111194410059
-0.67099794177404237
0.057073614739565195
0.73925933516970799
0.32631491043636457
-0.93485423965985182
0.13987898275619415
-0.79405112688544777
-0.48820320952755275
-0.36213317177379239
0.26163184972851955
-0.74536213771208371
-0.61317538997655996
-0.75557022445948629
-0.24559650237763422
-0.60728575969646648
0.73877821859675996
0.66379220336969036
-0.1165618053764164
-0.11172976583230519
-0.9821112927688308
-0.15157132988462679
-0.12772127980585737
0.41710842582128971
0.89983767191290653
0.070427243206149168
-0.90552303953376057
-0.41841131472263221
0.56332154643871446
0.82083736568476229
0.094312535824222138
-0.2750189442265798
-0.95103731824750004
0.14104112739587973
0.99182771574519824
0.10156819936522965
-0.077211936624897989
0.63307991754967297
-0.30870415429220738
-0.70986728556683909
-0.13538491989121026
0.90794573711652471
-0.39661752598439354
0.39146157060882703
0.42112299667955916
0.81817679043352132
-0.024858081849770598
0.99760300116623835
-0.064578075465783466
0.85778155460743621
0.090501622825617384
0.50598444723250091
0.45742818246528155
-0.68445798680405223
0.56769421538945875
0.80300367376876003
-0.074646183340959904
-0.59128085308633394
0.45844309686535545
0.86534348564556862
-0.20251068808159214
-0.068816199547089896
-0.89662357387117952
0.43741341709916554
-0.59841617510789613
-0.047280621223449712
-0.79978911234522354
0.96405180004329838
-0.053582307795652317
0.26025576482485113
0.27013689491155352
0.96226887170889908
0.03262938166172992
0.28037299680753802
0.58047218358098907
-0.76448873552844376
0.061924192505248978
0.79521007231613461
-0.60316360572363859
-0.5088061054596863
-0.56993009715523846
0.64521006765515276
-0.77258463193472926
-0.41534434244742158
0.48021043688699427
-0.044931848283091547
0.59061177384427932
-0.80570395407145612
0.0220034611938409
0.96716010251828877
0.25321371169884216
-0.58938407303469342
0.57094943801852083
-0.57152703670025129
