-0.56926950251161224
0.76517273069601865
0.30073730348824296
-0.7632007982569281
-0.55640214201747207
0.328544057773621
-0.052010286200164756
0.50171016478499408
-0.8634708105551635
0.67652475094708509
-0.1992257188870824
-0.70895936011164251
-0.49196256160796192
0.87030588959187971
0.023248580985066769
-0.90542986093317424
-0.25713918742206293
0.33775169166482955
0.52280541324742902
0.19232120607951134
0.83047399331424421
0.5211116493518636
0.71928608342378675
0.45942374677703557
0.87908210511780871
-0.018872909615037115
0.47629661529797213
0.67757770897278113
-0.67689015902381455
-0.28759026569046475
-0.35076563398653648
0.26408314101269642
0.89845621186949975
0.38576432751711248
0.68776347329197951
-0.61495307822680467
-0.30948707751471272
0.34780669716519064
-0.88501313564175055
0.199662547439316
-0.84011276605590934
-0.50432668723748086
-0.53605686821933574
-0.77668276334504027
0.33076716759314223
-0.70519013092501548
0.54651412041824843
0.45169591035278139
-0.25738017071077635
0.54751673869636819
0.79622915581645493
0.22416393681291255
-0.63358861767796659
-0.74048362100822995
-0.52774248639846177
-0.61534316821306623
0.58552596303108151
-0.53374412749678124
0.1569443139207625
-0.83095468510060222
-0.83483590869906921
-0.041913578171152509
0.5489009541907266
-0.87954593826494221
0.41405946985272218
0.2344220508120452
-0.03231067501840397
-0.94365547116163961
-0.32934840522850423
0.26138746521491951
0.48889483700638464
-0.83226103559942044
0.51557448502998859
-0.85659253427718951
-0.020788953957430713
0.27952296025005002
-0.94390885428120974
0.17579246144981001
0.7117083702802296
0.68935592971024107
-0.1351280794150076
-0.62386566371673968
0.15377586294410747
0.76625362485998527
-0.0017754624557513262
0.94367405542851268
0.33087176495460069
0.48233755895276187
0.80956917520663119
-0.33458665511156577
-0.72939583628821003
-0.68264441081829574
0.044478336119558294
0.28556201637641776
0.39165002788906866
0.87467970735437006
-0.94993473874318768
0.10000846812972547
0.29601063905079078
0.41910107914368377
-0.093669986145069939
0.90309480075802795
-0.28585261901591807
0.64047258569226895
-0.7127995140138631
0.3104098101338012
-0.82494122622380728
0.47235338788777498
0.97347331005621884
0.22807204399212766
-0.018244378790245666
0.25309465198631204
0.94914584913901878
-0.18725718730691929
-0.75231077547122471
0.22573677786076052
-0.61892762438828497
0.024880750800770488
-0.92815905449083469
0.37135120547302625
-0.20873773894447814
0.065198945712431636
-0.97579590787127946
-0.032857202000804969
0.35153519135357503
0.93559789093214818
0.61060049789577309
0.12882684899290653
-0.78139021938337128
0.045972501902987316
0.61884059068677422
0.78417016800387418
-0.26380424006341818
-0.95507657053637551
-0.1350409839161357
0.75818318037956467
-0.33518157126970616
0.55929560991545402
-0.90346495417983874
-0.42428696955328465
0.061087183894104828
-0.26482888182175252
-0.81647686245057105
0.51306061672663172
0.7135575608568161
-0.45431417720937323
-0.53332376257826863
0.66437472138136255
0.72317777112097215
0.18873298849416811
0.77072047335607718
-0.5566625527252681
0.31002702195642967
-0.050825458987623792
-0.54561802865731623
-0.83649132662736048
-0.32742159907739515
-0.8418844965464809
-0.42898204033768128
0.025690125323694874
-0.76658455803986514
0.64162927990832619
-0.43244921285568172
-0.12898066673470046
-0.8923853797038438
0.041420714711895922
0.24234470688771015
-0.96930561095882728
0.7810109860543486
0.33303677692124561
-0.52830705548981882
0.9874166782583319
-0.020710227905511528
0.15677815523019709
0.48379228627657084
0.87517528190512595
-0.0036400112049320443
-0.29999331548743491
0.89618272187645798
0.32689530384047938
0.76545779789489043
0.23048954875363126
0.60079025254846841
0.35005977856379999
0.20294219116124482
-0.91447942485248734
-0.63785370600676017
-0.1475828719276133
0.75588487592161757
0.013369161581170626
-0.51978155248656288
0.85419459329433522
-0.65098025428960571
0.72817252603179594
-0.21445158161578978
0.81581301444000731
0.041009809542839344
-0.57685987985954501
0.66147615059827325
0.59825660416006243
-0.45225914890531593
0.12204862074655232
0.99018168709345245
0.068149546723572513
-0.098228784769397434
-0.2294302127871865
-0.96835576277685964
0.56741447162918335
-0.61479444401244732
0.54778518508371565
0.94265471877717744
0.13085023883323807
-0.30705096672116994
0.21462356925237067
-0.96605136665222746
-0.14381057162370378
0.55494091096668241
-0.78478353839100234
0.27596264820798944
0.75384872045048346
-0.65681075756776486
0.017656030653227156
-0.56507155055128844
-0.78934126851295705
-0.24007187377932956
-0.99039381560858986
-0.11406831048313613
0.078156960968179728
-0.69493630993913758
-0.094777935518062725
-0.71279777501554331
-0.42408700643611097
0.70083275701849301
0.57357097003066326
-0.54900145861279848
0.46265766313385803
-0.69609287109159323
0.30355457573024647
-0.6301879818695959
0.71464517563638241
0.88462450095753942
-0.20169100318248398
-0.42042862835547679
0.19668204673629663
-0.35356711055416229
-0.91449793374616328
0.2028914175706219
0.11820424792455951
0.97204054876778312
0.9172079613964198
0.25670317787636859
0.30468513915056172
-0.45803936084876806
-0.38819556775463943
0.79969003062993438
-0.607178689468302
-0.62137397038954778
-0.49520544017395923
-0.58627179931809381
-0.38807412084193788
-0.71111451543129234
-0.87730803370519528
-0.044189960978740887
-0.47788896340574893
0.4873609179464119
-0.66408484242101995
-0.56698382492367438
0.86602813835971559
0.44025438150678986
-0.23700494326760185
-0.48973847116404179
-0.87075039790343689
0.044158514613982361
0.86125162002595124
0.50020859605118118
0.089649358275342039
-0.80340071709965888
0.26834690216713264
0.53154231050882228
-0.12877838972894048
0.79394383427669935
0.59419636009726118
-0.72765144227940104
-0.37503913398317712
0.57434225556705842
-0.170773212756438
0.84516040955498362
-0.50649816576735662
-0.93397172117708438
-0.28343707348276892
-0.21762410118605427
0.18903049193253352
0.82524976532896743
0.53219385372646721
-0.79296542037421014
-0.56099613558280359
-0.23767452104067191
-0.79768027996527513
-0.35014854071956542
-0.49102155796510538
-0.98022118938996228
0.016998965991692504
-0.19717366717221863
-0.39472153372640606
-0.056859009507289185
0.91703978313403822
-0.97131045032608887
0.23772708861259986
0.0064684176664432467
0.54673155623307024
0.4288564453153329
-0.71914306972289044
0.68414390295720962
-0.066371001377829128
0.72632087277083013
-0.19868284222707999
0.9792417716019769
0.040133289852575249
-0.25116553280550707
-0.61280254236905862
0.7492589133247225
-0.75078537264611767
0.65465725615879633
0.088006824617561333
-0.25551938364657845
-0.93933204955846916
0.22883431834661158
0.16416035311856583
0.870868467553777
-0.46329201448387153
-0.48775241995820701
0.72194531647459814
-0.49080804480499851
-0.31884252502171684
-0.40804471487765825
-0.85547586459127323
0.34898251594703295
0.8974909171921106
0.26966879152201317
0.92268202052207449
-0.38341869614078139
0.040595473331459152
-0.059097086861748652
0.96996556676118162
-0.23595409219192337
-0.73034092712249887
0.51843886713009146
-0.44477328069333949
-0.075162602079592855
-0.77859912154098254
-0.62300400575296089
0.43148363706138604
-0.12001818975431663
-0.89410150714355408
0.060156912092410773
0.71808005133879127
-0.69335574260027943
-0.89755051665546293
0.26964167203133887
-0.34885016662695673
-0.014916292376170799
-0.99880866461530748
0.046462411809273824
0.34070984729209614
0.63067776777537898
0.6972534354107276
-0.12127060143736795
0.056384445873976945
0.99101676852135234
0.91125279849811991
-0.27290586395818534
0.30844890443407524
0.47025672885414493
-0.42388019001579091
-0.77406988927329823
-0.19544637318403091
-0.29993473380446767
0.93372365862007145
-0.36523958686643765
0.89496027282801038
-0.25621505468111549
0.76146383907065207
0.50497666902542238
0.40641282648038207
0.54072683153045675
-0.36909236071537294
0.7559003392806396
0.58299542819888006
0.45916001053486194
0.67028979958285961
-0.86061941692744515
0.49030959427639059
-0.13758895656260275
0.98366568820100486
-0.12350860037558868
-0.130948232096911
0.079145733539485022
-0.17232162921857283
0.98185600215405999
0.4304572353724429
-0.84579291369941145
-0.3151839393931315
0.14298832050753177
-0.043769251691825446
-0.98875608357409006
-0.55187209685943306
0.44326703836939951
0.70636500578892902
0.27379805122076212
-0.37289615490346262
0.8865568705987934
0.86330663312386369
-0.44331440746340733
-0.24119285507598812
-0.35500255953390103
-0.64912564698650277
-0.67276227387445953
