0.6314979267301406
-0.62193048855648458
-0.46304733660763719
-0.10372080588181314
-0.80098321027710373
-0.58963369245779407
0.56689880600786047
-0.72495275300953843
0.39124065439413802
0.70095611422312987
-0.70543307242152142
0.10499860126279324
-0.58616405034103602
0.75407733527234877
-0.29627534240355685
-0.47035140483716698
-0.40121471271493375
0.78600019737197047
-0.65496671399341055
-0.75563052668752895
-0.0064117625191306314
0.12051555645792444
0.79871021822612731
0.58952352620808024
-0.93370097190926216
-0.018768661290422796
-0.35756150856749724
0.12199505794539499
0.99249312625613562
-0.0086371390646685069
-0.84868057074320036
-0.41538070342764999
0.32741435530982194
0.74325382006548169
0.05691029210095043
0.66658456148567768
-0.78486573922308545
0.23643286090704699
-0.57278728484238239
-0.63349389837976089
-0.54345001120671999
-0.5507699756114427
-0.67408784572085922
-0.12799519246844598
0.72747701472718473
0.95600043277279778
0.10159578095051747
-0.27521168185830691
0.019620220871900972
0.909603086293579
-0.41501478568616534
-0.40058580496476964
-0.14731378191468197
-0.90433935141556288
-0.82747741845065459
0.54831367816915944
0.12096789775327914
-0.19607215318187557
-0.9674255613228423
0.16013586121105652
-0.32051285966460685
0.18960834939329424
0.92807337028381887
-0.39889905297341854
-0.91450292951961465
-0.067556919978286431
0.81785785039407732
0.51876570961438806
0.24897926635979012
0.96534584171875359
-0.20259181621461655
-0.16451128192064635
0.14108347693893328
0.10658381012166292
-0.98424353894489491
-0.77791197440630178
-0.57286457845275907
-0.25822303311174971
0.29174122366626681
-0.87201943318121677
0.39302565637375197
0.28176466950939727
0.92426206718224035
-0.25758164178425402
-0.26377491868503661
-0.89998690000495907
-0.3470538460990833
-0.38677335074194263
-0.70317720967986863
-0.59661393458641621
0.94085126309508638
0.24302158177080771
0.23609195565710242
0.13889016503375329
-0.98317143924806916
0.11867368328225517
0.065973429705011369
-0.54306245180507595
0.83709657747025668
0.68640785621374378
0.65261430750091731
-0.32084080253787939
-0.27216628697720135
-0.8235344036108122
0.4977113604313525
0.005942070152802386
0.26715168234691516
0.96363617118781519
0.44982399306941023
0.76542522434732041
-0.46019843675521699
0.45299297813951966
-0.28015337080430047
-0.84635184798243146
-0.40500707682824261
0.91142708146155693
-0.072594372354269299
-0.17784261880761335
0.88020226554126513
0.44001815266153987
-0.78611341934873291
-0.0645362510613159
-0.61470380202077335
0.37379756943868603
0.91901078348853404
0.1252779186988735
-0.51005049494730481
-0.65014727803477013
0.56316694635604192
0.58431602681905848
0.37666122083408626
0.7188192439843033
-0.96721358158075499
-0.21249087149280124
0.13908816318421313
0.68576518763307959
-0.34703011057279681
-0.63976261987271466
-0.95435919316554196
0.29820863105589651
0.016436020935254151
0.182699119859702
-0.47447016520445534
-0.86110341651473377
0.5490485830653713
-0.81638500266980607
-0.17905636221516627
0.6287915409297975
0.60477774425112674
0.48873825112594738
-0.3492121352802402
0.2113762658965809
-0.9128915372532671
0.088204535659384575
-0.91625814190090638
-0.39075692865182921
0.63247286751163101
-0.22480973199659821
0.7412412942228952
-0.96220037362794208
0.075760692552077652
0.26159273394778831
-0.91212148950862204
0.28517487574162542
-0.2944650719904166
-0.31257672425010735
0.86254527547382043
-0.39788370061471912
-0.12628689841457896
0.9773833185525389
-0.16962743853531539
-0.85373957391939981
-0.51936822396611138
0.037220798731474221
0.18625468151759819
0.7697478366506062
-0.61057142218129534
-0.8710164249716611
-0.14259032881318598
0.47010465383628575
0.28567838891276892
0.35340190298436819
-0.89078333677456711
-0.065965533589005879
-0.98998840803667321
-0.12478581782931496
0.65539667297199167
0.48635479506060475
-0.57785310795980094
0.16460435170739654
-0.19331086879856857
-0.96723126262716008
0.10534681019697717
0.5696030183199583
0.8151407553926594
-0.12393152810125523
-0.315867492162412
-0.94067460034674921
0.84402194198240177
-0.38741027333335409
-0.37086418210448857
0.38432111810516101
-0.80790507726661787
-0.44675123313228715
-0.80939271552477987
0.13666434592111784
0.57114471774619058
-0.59333062638866629
0.073297617736484175
-0.80161476222895822
0.40020427386939061
0.57021842435862058
-0.7174172340407261
0.6226496362555024
0.75689172189302079
0.19855062780235305
0.78737355358380745
0.6150708428443753
-0.041602228299897993
0.9520094565574132
-0.22093988307858953
0.21181020440592047
0.2736916719238372
-0.94931420513345133
-0.15458139814149133
-0.14512486723709006
0.75022831293236103
-0.64505523126634701
0.31165234298805689
0.35150540946957926
0.88278919580139725
0.50978811340421681
0.10547287891107619
0.85381002058184974
-0.23926924533846536
-0.6209164581813913
0.74646699873111466
0.3686184104408608
-0.4570381280033437
0.80946687210487633
0.99911304855327931
0.023962218824653513
0.034625543744062549
0.064946271031953925
0.57509657355848898
-0.81550347207129004
-0.41868403105584423
-0.10824293738114288
0.90165799982361972
-0.68484337358057379
-0.66187421887445907
0.30481481599834215
-0.14056264131575746
-0.0074769217765699352
-0.99004355434853708
-0.55489379351265078
0.38935163952427482
-0.73518581237731906
0.39139640053567709
-0.17449343875357734
0.90352692128108036
-0.19496472342106114
-0.34954411341001118
0.91641020804100526
-0.66757656624259831
0.65400887181759726
0.35582850333779514
-0.18680707130740323
0.46729658168340188
0.86413946956296261
-0.16814354314469065
0.97482485165106114
0.14643857928236137
0.80118470776427286
0.19145973376339309
-0.56696228656933367
0.031887533525865389
-0.76616696391710304
0.64184995801798217
-0.55030173901913115
-0.77097045328062763
-0.32058159055189661
0.20374874959841507
0.05153237103858941
0.97766602772737454
0.93806223656165866
0.34277995711136205
-0.050409734572517476
0.54058825136267796
0.83316873079502896
-0.11659420446163994
0.56913866602959107
0.26660215795946224
-0.77782033156855424
0.38187637439238581
0.62031100326910016
0.6851165549774787
-0.99763339485980351
0.016073487125493679
-0.066852467958408338
0.44746521804144823
-0.88628796201239557
0.11945093986668259
0.81863977036176994
-0.26563944779183551
0.50918033166931853
0.18464867645471914
-0.72367774902186521
-0.66497773034453311
-0.27325592980720187
0.51806022207439228
-0.81052131565396413
0.76994891609813865
-0.61073764560235433
-0.18487345629752924
-0.69938586996517293
-0.40827040058356001
0.58666403068570494
-0.11580923280830958
-0.040249610914114477
0.99245563649848512
-0.3845071192559486
-0.46258930863915992
-0.79885255634205465
-0.68818178179692913
0.43593282180778253
0.57997276666539088
-0.10219400091761076
-0.58867260933187404
-0.80188586793810879
-0.062308169241953426
0.32846393956541514
-0.94245908794540445
-0.62076830533802829
-0.28543298905561937
-0.73018814003414723
0.85481697904728016
0.39528242852811835
-0.33621382188927706
-0.16778963902906294
0.70713159277108539
0.68688539621943079
0.91068939038459418
0.0096318451841713067
0.41297949319461907
-0.8298912370038628
-0.32568243394091428
-0.45300274498784293
0.4237508628571971
0.024766893367173651
-0.90544011796513635
-0.8100154352336294
0.55620747633562417
-0.18576393070677089
0.79804803913060274
0.32249671744844699
0.50903358874908899
-0.45838899152261781
0.46445216110395438
0.7577359187056818
0.7993527850413864
-0.50579481237088364
0.32435587373328345
-0.591764990791394
0.17216753420818406
0.78751034014693122
0.89756724306028202
-0.44036747010685651
0.021202251221303318
0.44686588652834408
-0.56018776819836102
-0.69749590953508567
-0.86900456347667665
0.3523494769865434
0.34739158700811984
0.86693760505448791
-0.1060187362680651
-0.48701048910933231
0.11110416635757571
0.94318399071465231
0.31314505245584012
-0.94151457484759771
-0.29228360535345405
-0.16769197771847608
0.67470308851976291
-0.048346058643370139
-0.73650417578961824
-0.71136357108002235
0.51701490144143536
-0.47608556103685912
-0.45822022181517919
0.66276660511648078
-0.59226231980603228
-0.64351622434153188
0.76497426461454532
0.026481002372547205
0.39332384329804931
0.81411506050153759
0.42721542874506452
-0.44306543655283609
0.85809330002722028
0.25955521065977416
-0.44397997522554616
0.7047588828519612
0.55335043023384289
0.33605986517851649
-0.69501248046092923
0.63562679224505936
0.10252407251766332
-0.26498245301144646
0.95878731434579878
-0.0070857075449117591
-0.92134931294534972
0.38867111583409447
-0.46234503649650116
-0.84966379845250906
0.25359120021464271
0.61289108667050385
-0.50891135482442118
0.60446153625406207
