-0.88342516318288977
-0.4537849005745474
-0.11678717851644776
0.68520064612012166
0.66854472938309528
0.28904674253596374
0.71225594617590815
-0.62244698250402675
0.3244244459172172
0.77657340238230099
0.42474540719118498
0.46532256530537114
-0.4447006899592999
-0.80746040041914846
-0.38761965649934638
0.12025119210416893
-0.83269370166552725
-0.54051905609708906
0.79382473348286631
-0.60766210560673506
0.024270515454882558
-0.75995578857926915
0.3545689232877986
0.54474588391597067
0.90429008323266646
0.20439859551950537
-0.37480749661220886
-0.57588566321439416
0.52464565351825454
-0.62697897982988304
0.3310462983925474
-0.93877361343166033
-0.09545915904226257
-0.2498445708646776
0.93756945754633403
-0.24195289352623614
-0.042615642671893564
0.99903020935737596
-0.011070130578228695
0.25004149798742609
0.78531965434096573
0.56634997112208807
-0.044538104235506283
-0.7481538108092749
0.66202887598855309
0.93890616263358595
-0.34146689858254037
-0.043076384958528689
0.58318947462637594
-0.62938584975018919
-0.51357909694539128
-0.30362855143481121
-0.65984987250387928
-0.68731932062922008
-0.51899546612194847
-0.6885307718952699
0.50652648726218197
-0.4587413596508268
-0.39155965674661714
-0.79764490856156156
-0.78745724885775359
0.54317580964178813
0.29132648530706184
-0.96406863743883742
-0.083359038046078207
0.25223586795469
0.26281405877685821
0.96484515089716671
0.0016140940052113966
0.43925690323385214
0.84814027082782117
0.29616119590776302
-0.78799172513456728
-0.46490589815577082
-0.40364780066219208
0.0187715258471421
-0.99921165362985831
0.034981438901995267
-0.26692208405321777
-0.84907382533976328
0.4558796334204766
0.15932592051050704
0.9418669817007006
0.29580709902822111
0.26783460830505673
-0.9404242643286187
0.20944408718331761
-0.92258713915406143
0.21951937741283636
0.31724472195421194
0.76383728866527323
0.64540524670452126
-0.0021596228282175639
-0.98292737664787344
-0.1694125019011411
-0.07178562833691414
0.18307373762417453
-0.43860971993661907
-0.87983266600498267
0.49466461320336741
-0.61362251080872976
0.61544645150748356
-0.64847447376883183
0.14582587669186614
0.7471383209000092
0.87386225611611235
0.44454579931918814
-0.19683442189648137
0.22250025912725066
-0.80835237704259355
0.54503217264478532
-0.65038676517805638
-0.1603014230616874
0.74249613429675299
-0.13155394792438957
0.12873605261340881
0.98291433377635951
-0.37772915293741066
0.83633040399062997
0.39733127536358859
-0.49468112062587449
-0.86668277528634263
-0.064432568769930726
0.98182945624160833
-0.033180619075274545
-0.18684208673125371
-0.94510459241609412
0.10059681544152015
-0.31089803813635281
-0.0027638063209733648
-0.65992230134602137
-0.75132876795767056
0.47299085047308298
-0.37786893873135025
0.79592381577057525
0.24442669568337932
0.35641631359178255
-0.90178877895156173
0.3620800394209564
-0.17499077053835935
-0.91557428714403621
-0.36181999584668939
0.93031461002503046
0.060008474230539413
-0.58678751199036172
0.64140473075479443
0.49424729350551921
-0.60290044590796676
0.7766803730486227
0.18242436910957657
0.58525527876242378
0.39628275456403478
0.70741518015650373
0.028844634136822544
0.64338940118779586
0.76499546764717663
-0.57149312276031827
-0.58958514943276064
-0.57077575474612541
0.49254744897611058
-0.41102353454754237
-0.76710929114121085
0.34794250494154566
0.24363092545425066
0.9053065698520627
-0.89046018311898889
0.39240968278739469
-0.2304241808803778
-0.61988711458094437
0.23414095480670108
-0.74894457635977152
0.72718919908230018
-0.41362166507262887
0.54782569027071837
-0.91591808828232957
0.39564688786537711
0.067509967261765252
-0.52917204112681671
-0.81537707355975386
0.23481307204414825
-0.13640144674991547
0.95337998033065141
0.26918628945259537
0.65963575186989587
0.69638353040432921
-0.28272009733416525
0.63704165851353756
-0.11380214807691046
-0.76238244760185958
0.53755013048664613
0.84323163579084159
0.00051537878418113803
-0.11641232283297753
0.85339219355069329
-0.50810425611223409
0.37801215970546209
-0.83844529521703215
-0.39257648177550836
-0.3480511788977308
0.41794052944753152
-0.83915796529200437
-0.61031777000831289
-0.44199101210927227
0.65738585688064588
0.27887643570658999
0.60458127857305033
-0.74612962091486745
0.72726386791950137
0.19642968452279555
-0.65764933319896324
0.17895414988147812
-0.31106973105130464
0.93338686227301626
-0.31529192818365137
-0.62112447694801431
0.71749242794491641
0.32462956658745623
-0.65240097869005198
-0.68482742899324844
-0.7144520687581698
-0.28675653025618009
-0.638223263288489
0.89976782027617463
-0.27496048476531482
-0.33884303359090118
-0.68198334646361669
-0.69258671282970186
-0.23499438367338626
-0.28677868099477527
-0.16074714793809763
-0.944414285447157
-0.11435746003437799
-0.19258142011938165
0.97459466854651322
-0.010937061872564262
0.65914084227405512
-0.75193997813910995
-0.99309026958034985
0.11732951356734661
-0.0023455726119393895
-0.8031473029665871
0.016721204447207042
-0.59554580937097712
-0.84153254180924619
0.020646804356671145
0.53981171768119918
-0.26014491684436819
-0.95377446998809112
0.1504622299415119
-0.70381249919604882
0.6127619664895706
-0.35940330883180016
0.596471956383409
0.10957067737105493
0.79511978462908139
-0.054304572365692722
0.40580292656296812
-0.91234587641590703
0.3942553521650522
0.87344555238323718
-0.28575441258386902
0.52357703802339628
0.65075166547362995
0.54989940456227437
-0.44295541954684048
0.77934986210594104
-0.44317523478815168
0.73866128512250384
0.46516477486002056
-0.4878537056235171
-0.37781121672733442
0.13473066617652807
-0.91602747344533297
-0.90967646963532478
-0.37472111116757051
0.17908883113458851
-0.092687427714891898
0.11521599848066766
-0.98900673123983318
0.47161520259653111
-0.7962007955048217
0.37900315818911334
0.53169927534053396
0.4248621218217381
-0.73265821366001327
0.69133819207876779
-0.16345190419703851
0.70380038305447312
0.56404551709247353
-0.82083797844440143
0.08987584653950359
0.027765788674752906
-0.19096145273125259
-0.98120476178524452
0.72914046551160294
-0.36297921170467429
-0.58017262381447809
-0.29913449218819577
0.66539650550094565
-0.68393424102792244
0.84508071367396498
-0.053301603524339727
-0.5319751182508784
0.20027313762571422
0.073366743558488906
-0.9769892482955862
-0.40371830147506854
-0.065993814323400526
0.91250005453431848
-0.37467960748125095
-0.35678343798414819
0.85575742481027139
-0.39618685609941795
0.23254586098303337
0.88823330133119793
-0.5475391864018615
0.82196137621025323
-0.15678117033921607
-0.7446049801285195
-0.66363646682967548
0.071763942628817023
-0.20405312031183581
0.46380304528215455
0.86211893569159181
-0.7663308955710133
0.64089286081035401
-0.044646382335514656
0.88451887096275805
-0.13478353111066987
0.44660918782768766
-0.29717733796675017
0.68568030762659393
0.6644758427001658
0.14284934606866292
0.013501441049521917
0.98965235078654856
0.88914868440429762
-0.37646892373288954
0.26016488326733556
-0.056837835131763208
0.83895072287702188
0.54123113831491332
0.49552437251932324
0.68338653670123495
-0.5361328545191224
0.086956244316457626
0.95549122301850509
-0.2819133453899938
0.075432206965570681
0.35901189573907238
0.93027976483966413
0.41190342648763778
-0.10082617641144036
0.90563218217883157
-0.90780526000646844
-0.19089922381018387
-0.37342615903717519
-0.82910745173198064
-0.27929048889624153
0.48433217557230274
0.31555633234395819
0.53970047579416258
0.78047908206766436
-0.57584623198875373
-0.083163751468466038
-0.81331722442479093
0.60403195824856615
-0.77026771294023122
-0.20453127833225904
-0.17058672558517879
-0.85771817891369928
-0.48499453050018415
0.98705037363607451
-0.088377050341684166
0.13386955172028112
0.97748359438856702
0.21009236589779851
-0.01967283641656567
0.78774024118483776
-0.54529058140615261
-0.28657197045034544
-0.071700137144445009
-0.49040944998001107
0.86853765704416686
0.48723912844423173
0.13778512866120626
-0.86233015141111713
-0.15649016142104252
-0.43588371979164448
-0.88629352485450041
0.073156875709472408
-0.96089838782853243
-0.26706246423815566
-0.22705975466516268
-0.95705581565465403
-0.18024437170963467
0.19859084778316649
0.81975016654005284
-0.53718836513304968
0.21874252871342803
-0.58745895468112508
0.77913008072915202
-0.74711718138550909
-0.55701120335224374
0.36270433774447458
-0.79679779827963571
0.32317793874275724
-0.51055782098280256
0.80320042249657064
0.13791686197572947
0.57952396023296393
0.8866424834494856
0.42974277559908214
0.17083984711690001
0.0013702338468371033
-0.93293502790681127
0.36004215886993363
-0.51563553436556853
0.45908369550683303
0.72343773485996987
0.93857240278639331
0.15878990089700423
0.30637821740602866
