0.46147198424164221
-0.72437543158816287
0.51217559671615009
-0.23583027232845569
-0.41040662176878168
0.8808805182667071
-0.87323609705725924
0.37501371224827534
-0.31116464198551325
-0.15066612786212874
0.11815012449193978
0.9814989893003313
-0.9519000582858943
0.074079745314801521
-0.2973188025830274
-0.83071405796839526
-0.44924499420779701
0.32877513451129198
-0.80816402310828006
0.34134825993533874
0.47995028616780305
-0.54210034933273876
0.44885055526608819
0.7103945314335175
0.51260032118556897
0.63256383971339492
0.58060649273625753
0.78344775909067188
-0.40929980159256707
-0.46763584250150247
0.096907557816415135
0.82589717322149325
-0.55543026970341203
-0.039668493905753846
-0.19060595414902631
0.98086481272099291
0.87996264196906415
-0.12175013000699172
-0.45917606054987808
-0.80420076375648308
0.16398917997184648
-0.57128686351573887
0.39740565870036404
-0.43035743918190289
-0.81046975080734784
0.23793243957299184
-0.87381367124771048
-0.42407289719981245
0.0053920409850554737
-0.77836158555959756
-0.62779309331910049
-0.60090480300762694
-0.70436051774677688
-0.37787521586081513
-0.12441528737148314
0.92679867187149989
-0.3543516023464478
-0.76781969135089378
-0.28401673632219804
0.57427120340715765
-0.26230852885836592
0.49865128226886801
-0.82616047737698839
0.4044924033178029
-0.50052076438579129
0.76541809494997637
0.84624102335423235
-0.53092145837225935
0.044704982186046946
0.31681471137903477
0.28724810817128404
0.90394522124177257
0.40012390290390037
-0.91143486331719148
-0.095850676862098957
-0.81372959037828663
0.57634427286080347
-0.075308916360133357
-0.12075274896496774
-0.95743785156046046
0.26216699642917091
-0.36692482965990331
-0.64831532155227145
0.66712323690576547
-0.6253266174968739
-0.57652695252877284
0.52591186947796142
0.1134755911661785
-0.45060187190106049
0.88548362110698942
-0.95919469174098304
0.28093473811828096
-0.031956474372706774
0.59490002707848433
0.7985385696222651
0.091815633786657427
0.72900485329722586
0.019555738490348296
-0.68422912606902919
0.96790554045725763
-0.23975117586488023
0.075354086973112452
0.93065905917378733
-0.11994952634736238
0.34566721960117147
0.15709314880165826
0.95343846550680478
-0.2574428773371083
-0.031486249313543616
0.30483064621473999
-0.9518859665067394
-0.10935216775897309
-0.31916042127678251
-0.94137066498634858
0.19072229222742923
-0.88785432853759727
0.41873583384344765
0.21109097800080559
0.78281796467770137
0.58535171750369419
0.74716747674572292
-0.6157779820576742
-0.25011644989166187
0.67957069006649018
-0.67160682886302991
0.29517443084911565
-0.41436877312469245
0.80114023939802226
0.43182500700679266
0.51574999966804702
-0.78156455114527135
-0.35093986697937302
0.4310018285454279
0.82863735778493464
0.3572079969341389
-0.3860006393278913
-0.3839097294553323
-0.83881870870170305
0.98693863879322663
-0.025116639309793271
-0.15912660898402409
0.51635362651781014
0.43676903843967457
-0.73662184290339094
0.20057979504425877
-0.71022782040048504
0.67479195975439676
0.15187268679589327
0.05017878098234918
0.98712551225491163
-0.19816005652238361
-0.60734995160357985
-0.76932348741356837
-0.61794048350151332
-0.78242532526846009
-0.077202132279234725
-0.3141962287107089
0.19269861572829503
-0.92959559667651548
0.030094996001967723
0.37254092299556646
0.92752765560346118
-0.52040579047122715
-0.56506859735585435
-0.64021503694173298
-0.37292746895611301
-0.098145689227835661
-0.92265515041318691
-0.6750465466697998
0.64891428993422906
-0.35103048891561139
-0.082229450293317685
-0.64115956397034823
0.76298933874190644
0.28176978952767151
0.56005119588316588
0.77906895952756816
-0.43884128919984394
0.16934216071227576
0.88246334513038927
0.90814421430985215
0.16817518979109894
-0.38339430297576066
0.64363276529543045
-0.76531567694387082
-0.0053645188136587718
-0.83431512284570397
-0.12527156770331616
-0.5368661938659498
0.48035622308431314
0.036017995565054778
0.87633361395056009
0.65564460370103206
-0.48798813408785857
0.57619244582618978
0.22165196811517399
0.083207238700558517
-0.9715693286937882
0.56988504770838677
-0.58386312679736951
-0.57821698484635387
-0.68344553754539517
0.70480606293582027
0.19013313982100596
-0.68524547251283352
0.18670662405048019
0.70397391921600061
0.11912969956279641
0.93522708998985271
0.33340426636620829
0.655575126087518
-0.2773982727075065
-0.702332864355803
-0.81674685609078157
-0.53196208489071695
-0.22347463682607413
0.81702191364249166
0.57653091114850674
0.0093435067417643788
0.00074060868138546608
0.99999607872014951
-0.0027007486194410963
0.44108769736525805
-0.86914964986138343
0.22365269812557417
-0.069756460680079319
-0.013851653745541434
-0.99746787812034443
0.099437192937004995
-0.5327664332418669
-0.84040000730101627
-0.090503854436710343
-0.8378196922765786
0.53839317934542752
-0.023262095618557296
0.6391935100775582
0.76869404289493715
0.55972435867494863
0.35912619218203506
0.74681792988301332
-0.61606035223735112
0.046569912986165918
-0.78632110845738579
-0.86278694104581888
0.45912800305968204
0.21166050922934901
-0.95371944672153786
0.15293455922498658
0.25890198442619727
-0.5828181666723391
0.80512052426373448
-0.11001784403442386
0.71464605305879825
0.091167708764887903
0.69351962317301574
0.50791581963010313
0.16398660877420024
-0.84565354153590455
-0.17140695224225022
0.95384593124647454
0.24657168565666432
-0.94413053229692545
-0.32861201505843446
0.025133275631311978
-0.099414767139260882
-0.92135779253969252
-0.37578786861876151
-0.63368256542606427
-0.25023508384329557
-0.73200328488947408
0.78475477672714644
-0.1911577224212298
0.58959194835297268
0.70392640252192429
0.6346580695400299
0.31889928598268202
0.46028696582573464
-0.12570453152379057
-0.87882551160359657
0.25142747270847288
0.3838938894654409
-0.88848731425863692
-0.64386124189359284
0.6025760830184349
0.4715344795043101
-0.41288203540627394
0.82715034277060762
-0.38124891513713022
0.30354822985291208
-0.69122032764448305
-0.65579945928936001
0.74674771645917015
0.41163364830461191
0.52242280534682817
-0.7569775622728111
-0.4252901250482366
-0.49609805457385897
0.30849796609532243
0.64870839735822228
-0.69570569935280535
0.43202734197749182
0.88824562894250514
-0.15611559322629096
-0.26131376711755605
0.42080497118560117
0.86869919496930414
-0.53038389753116866
0.33653753946197157
-0.77809729839688346
-0.62351268152752648
-0.73545841662943012
0.26520341887555848
0.023876254168512696
0.59831605086221795
-0.80090438116389429
-0.10608477404166322
0.83737180187096372
0.53624107092603857
-0.37823078205290667
-0.82557702815024869
0.41876490552367235
-0.19290836385244867
0.7562360360176037
-0.62521469991048106
0.98653734542731542
0.095728403228539843
0.13259011611933855
-0.5201956883255302
-0.38609836682016735
0.76179032350531173
-0.40564261137372554
-0.90742162083729305
0.10972727042501576
0.29095455462849557
0.95214194539443719
0.093654487139861436
-0.32327242231799852
-0.78030550197889093
-0.53536741080320249
-0.32692281656509964
0.65856312141214945
0.677802395337335
-0.94312779787838397
-0.16335681042239958
0.28952462651334221
0.61529084899134645
0.60424175798597635
-0.5062697591734322
-0.46780308601380832
0.62901265219018798
-0.6208891657136747
-0.99960683854136945
-0.027470900972731051
-0.0056140841706382337
0.74518719831919988
0.30716748523618398
-0.59189878820188524
0.84385482540044299
-0.41606325478093498
0.33882207966642697
0.89390645566980576
0.38377537481524365
0.23161975346948455
-0.62308351319426336
-0.09811539557056094
0.77597700013436377
-0.85162419258701183
0.0089522764565705976
0.52407641746864109
0.11878443302330338
-0.9781284601649155
-0.17074827638000867
-0.28482309660181826
0.95323953516973847
-0.1010454958498017
0.82732441166082649
0.46537817124951053
-0.31457507147663255
0.88068852887721505
0.15288483391877061
0.44834578470385644
-0.38029941637587322
-0.89398657981231555
-0.23698174828380478
0.57169998343632578
-0.24163672536753925
0.78407322482824093
-0.15366540752816091
-0.98710676925958618
-0.044801435368815645
0.29624013358422985
-0.21842153325678787
0.92980310661115317
0.91923922717976903
-0.33509536605215268
-0.20666479831919862
-0.80166969771323882
-0.59376580041277749
0.069049764869533709
-0.70258291687719832
0.43860234233059847
-0.56036169588439977
-0.3524837613088872
-0.12980950549082304
0.9267711099822693
-0.44379885372822914
0.88383472329250379
0.14791470289316522
0.39357979335903909
0.80528505917038595
-0.44340829912892238
0.15729574379611538
-0.97902199165886239
0.12951443484006422
0.18170120308590906
-0.23403460945341492
-0.95509814907951784
-0.93356492073155017
-0.23866421197179039
-0.26738723362078987
0.66580032260103317
0.71251623381380702
-0.22142842404747531
0.94963375101518432
0.30101035625542899
-0.087112021901746953
