-0.88462778278324894
-0.012300306252495119
0.46613559013884326
-0.083288920803584646
0.98806643449585208
0.12956726706243396
-0.74698580329644593
-0.62542628201957551
-0.22550870367401285
0.89800016393515714
0.025041838760373355
-0.43928192756352985
0.051688925014159594
0.7612820137914349
-0.64635744794079542
-0.53358608618535563
-0.079296397917518052
-0.84202017191199208
-0.66571293022587408
0.19441920115891353
-0.72043561041276305
-0.67892853217649307
0.67050392093145395
-0.29913298081659168
-0.23487725391778616
-0.94342866218603427
-0.23404066945278867
-0.47982365797606952
0.70705885843175253
-0.51945839868044386
-0.50430848763588909
0.46728796492623353
-0.72616451795271675
-0.14943760484153443
0.97373927291842344
-0.17175631177783712
0.46193293418572817
0.79888375474355189
0.38523072401018071
-0.13707861739776919
-0.36926719027674587
0.91915787264073068
-0.30616272157649599
0.8733933786189253
0.37874581727260254
-0.85910429744399508
0.16433679758065825
-0.4846991057080603
-0.43773664857718331
0.86696868806120919
-0.23822661567054398
0.97865861165826262
0.19811492151143165
0.054569219360746955
-0.92348763458339445
-0.1085786912122389
-0.36794192012626709
-0.33548330706431723
-0.30853425372653798
-0.8900885152380057
0.32221242374359443
-0.89943152270366356
-0.29529999991914607
0.55861215084148497
-0.2632317574877131
-0.78655038413453204
0.097566245384189274
0.92326510344330015
-0.37156745891623022
0.5782957397121945
0.71917453367076634
-0.38517791674778235
0.081407473822861842
-0.9700570903630189
0.22882758715289081
-0.011121439623541016
0.91173321378816419
0.41063226913651812
0.37830433123052332
-0.20546144678367886
0.90259150608555139
0.10800277521886871
0.59650655116935059
0.79530832697581477
0.21225384895454069
0.79502340943396765
0.5682306592009736
-0.94450560015728691
0.32184701162993423
0.06575463767981761
0.5021324957227592
0.081906218990976512
0.8609032047970524
0.32656162688595558
0.56105419193903261
-0.76064163543237451
0.79376829496241008
0.32412182839125231
0.51466196116750262
0.92922757325111904
-0.36709809583523029
-0.042131996676922773
0.44907066311320154
-0.54591310071689036
-0.70732907899841058
-0.41905799545637196
0.67783138039847213
0.60409851530291758
0.081265585915094668
-0.98893664963692129
-0.12409757270300602
0.86281762458015576
-0.16051771780517854
0.47935353235839884
0.78000215677886242
-0.19968759988704549
-0.5930611249033898
-0.92364934179401004
-0.26319404258568607
0.27856918234236883
0.15864095520670449
0.98536779243168826
-0.062316618725712342
0.76913495028011725
-0.58263060265812328
-0.26262712941323046
-0.1240567081168036
-0.52381341481457655
-0.84275111369342892
-0.72978174421358621
0.2323100226885671
0.64300129017834262
-0.10716653452973988
0.026249186846999895
0.99389451858170408
0.69199259841676408
-0.47914080021992428
-0.53997253383947741
0.89516088077235711
-0.29918843989902261
-0.33041379354628458
-0.67542909924016858
0.51956328652650785
0.52330633781121794
-0.50144567587192301
0.41089412050758645
0.76139231404161645
0.5241844659322582
0.29757227458038199
-0.79792317116146638
0.77738593117409449
-0.62815895707320313
0.032976334867474269
-0.98572874360001217
-0.16695617056875922
-0.02155182474309077
0.93593876793889752
0.25234197165217376
-0.24564639629294835
-0.24204470099313222
-0.91158289419812544
0.33231158530288152
-0.37705811862002531
-0.59928159748725096
-0.70617897313347933
0.23300349734297338
0.94262272735583541
0.23910617745719054
-0.37161360187831516
0.92538771773916895
0.074571460737452175
0.047008868586202998
0.52369997156739045
-0.85060478840326292
-0.44348931275620718
-0.89447420548941348
0.05686057672157166
-0.62197935346737643
0.78290695549244782
0.014084846532740213
-0.90165020868089274
-0.37052031570568544
-0.22302824223640727
0.47097120597414094
0.87966391259860144
0.066162859785406772
-0.58651486954912513
-0.372599823824105
-0.71914510294099809
-0.68759709412489722
-0.72353694233313304
0.060864843959529839
0.32889403535112166
0.77529899728018348
-0.5392032810794064
0.42771748944423121
0.0060169385571955938
-0.90389244142979908
0.88734923866999926
-0.37836988974742491
0.26352904045720305
0.38617565878168975
0.89276889463933717
-0.23201737290337529
-0.34314615364088064
-0.14758169555630582
0.92761541620339349
0.089483576970663267
-0.19307167417758561
0.97709570569253845
-0.51775415332529107
0.087634022868203931
0.85102932661004471
-0.76285963417196501
-0.10530325713171232
-0.63793134629712966
-0.54814082990397373
-0.30808654117286255
0.77757592152813271
0.25546823738249952
-0.77143047429029987
-0.58277869129277715
-0.20196436396460007
0.86642342814905693
-0.45664082038601256
-0.72075528470530004
0.4567587259451874
-0.52142428581943812
0.0128725749161488
0.33220535929570372
0.94311923746164805
0.79187176816160343
0.50481978941384409
-0.34365110650888026
0.13736960165215337
-0.013048100778562116
-0.99043391481107979
-0.11884004399794243
0.75637201106714469
0.6432561113715205
-0.30592836152602398
-0.75460674195572852
0.58049677226403495
0.23584524551205155
-0.70862136456293856
0.66500585099254506
-0.79158860885766402
0.56034204543320931
0.24372990470296316
0.65128829790078691
0.58426813538731803
0.4842048109927477
0.63798586975140625
-0.19713026882344506
0.74438812934593335
0.21529623371974693
0.089464304667929331
0.9724421164965944
-0.88446935000594162
0.379608418454084
-0.27131424131227672
0.71281350762507611
-0.42149417376251808
0.56057074917577332
-0.52845698372686767
-0.77733732668323896
0.34129151307241218
-0.59018848910767219
-0.63967297151054181
-0.49243886609778942
0.54583359490218619
-0.81565605702748001
0.19175735529710547
-0.3443799842830424
-0.52120368074128975
0.78086436056907049
-0.16056817043119331
-0.98557425554376188
0.053490648283028207
-0.77766358804436553
-0.39066692600330039
-0.49256339364298596
0.50676224675922488
-0.68284137909979992
0.52623158043643259
-0.77460446481786449
-0.33001398885667832
0.53951708985270719
0.3091782450217429
-0.86866424679300691
0.38708040398451216
0.31548350686138421
0.3682605167452892
0.87455951695978673
-0.51747774398746726
-0.82277281799779978
-0.23507801777622869
-0.70999952579620385
-0.073802452746043787
0.70032411877489531
0.68318417079466809
0.047905993813530244
-0.72867304364326502
0.17035068303408504
-0.56058160980273808
-0.81038811907677388
0.92924782506602199
0.11105591332881828
0.35237063402725505
-0.2338040114739092
0.67620057159926716
-0.69863328806143532
-0.87737884158178625
-0.47610035659145356
0.059454342129851435
0.24905043396944113
0.28505047745502132
-0.92559176024978596
-0.98159618733377318
0.049348813502785999
0.18448203060912832
-0.23898632682175949
0.43237010918936847
-0.86944903489038206
0.0044457237881520562
-0.8561495930379448
0.51670892181281436
-0.76064654951505917
-0.55971818271021079
0.32883488661395649
0.59056792042774542
0.52641595140930819
-0.61165004493049857
0.58468646814343705
0.35021786650474435
0.73177126204218945
-0.31308228351032413
-0.81175843387281033
-0.49297842629097183
-0.87766745521245637
0.29337547823149068
0.3789863676088297
0.86852999644680517
0.42974700341747712
0.24692743534449851
0.71839490016959473
-0.61424999443100958
0.3265053012614384
0.53286163134929687
-0.7241096760804473
-0.43786260269910654
0.77961236294127922
0.28320291306084061
-0.55857020470391139
0.86847178805016811
0.49386499691848063
-0.043059472589115994
-0.21173655178430945
-0.038968335616923699
-0.97654958986102558
-0.053558873280453022
0.22288609182412009
-0.9733720959449671
0.67712808251155232
0.7283369278485724
-0.10498990144929209
-0.57077049341736719
0.75615754024637227
0.32007314503508583
0.41363868018429306
0.6057116564418985
0.67971790582991676
0.57411926218736442
-0.80831266406596658
-0.13045194477667346
-0.2121001876487642
0.53181080112843548
0.81987241824718704
-0.059740979276092107
-0.65225163373022255
0.75564463982178109
0.17210402559389365
-0.47215839210149618
0.86454997376814835
0.98199807973647069
-0.11148220378198759
0.15248439144317624
0.69990536565923445
0.68686035788966726
0.19584516302704957
-0.0087866837713466654
-0.27620084815798135
-0.96105977216045924
-0.057102569192193392
-0.75123970752508562
-0.65755471135813059
-0.2866209107788682
0.24982013864593108
0.92489910359520822
-0.57659805656353913
-0.57465481890978609
0.58078095722131806
-0.40433260244819907
0.18727690151265408
-0.89523321473082429
0.29140513876432889
-0.29527624612370662
-0.90988734664068971
-0.81928606803093296
0.57085826661676087
-0.053769677009636897
0.4594237887841498
-0.47325549819189605
0.75163755609359828
-0.98104704759598793
0.10966899339909303
-0.15974793360173745
0.3303529896674578
-0.94313326022125177
0.036966953921105446
0.98727041194938092
-0.056122386778954897
-0.14882006380704546
0.75040128946443552
0.065745397932713362
0.65770468100871959
0.01819275744121367
-0.90931439081877208
-0.41571187405049043
