-0.2349131265443592
-0.23229683735056778
0.94385062501122363
0.91252785635932609
-0.13054955337119734
-0.38762059476095173
-0.059401366733929872
-0.77956273866469572
0.62350093353237279
0.7448170697329709
0.64085731025613324
-0.18587479798419512
-0.40364198048810329
0.39258676285873401
-0.82640715462521375
-0.76833185965601014
-0.42240215093986133
-0.48087688270379103
0.7239192454788842
-0.66830773476907235
0.17118906995808525
0.89893041481324476
-0.43528906877672624
0.049472577527132557
-0.053873828854880929
0.82553839416783381
0.56176860923275973
0.27695814456513485
-0.085865456888000721
-0.9570377784980344
0.143616314005832
0.52226199165317333
-0.84060500023842288
0.14970913311140929
-0.61467507283415568
0.77444285153867609
-0.26857653054513858
0.95968817020460795
0.082856883900300271
-0.53411164641280484
0.48841178740027957
0.6900570085831077
-0.32873910558940744
0.13081900320792836
-0.93531651800658389
-0.49843847001417163
-0.159052590976827
-0.85220969538810687
-0.16049060606614898
0.5976137516426836
-0.78555748943796411
0.83964675737505878
-0.40996688632774247
0.35625899980812414
0.014510685199529749
0.9368640012252466
-0.34939273493199752
-0.26422483031949962
0.89114705773397496
0.3688389357629035
-0.29087818518608771
-0.66396334936042201
-0.68887049006975054
-0.82745970764989574
0.12115090858131934
-0.54829999960411246
-0.33363604243287814
0.056174118886637356
0.94102681128490517
-0.089948151358745204
0.22316362670709039
0.97062213336709091
-0.89717442456801688
-0.39814563812789294
-0.19120173310088143
0.41452297918684461
-0.64336737264498045
0.64362187932198034
-0.47506695336118931
0.80574866834102044
-0.35366717870165693
-0.7541483102632055
0.6454747345190468
0.12092432850637584
-0.59126578716918965
-0.75173662370509109
0.2920561889494358
0.53223329921523566
0.77828666072427466
-0.33316300656754089
-0.28190191375144102
-0.4196816705608189
-0.86278537679921041
-0.6603985465027955
0.36952886180850902
-0.6536988450865604
-0.60708805280811562
0.11252750736478896
-0.78662675788706682
0.86271416465919992
0.14637440445822456
-0.4840442167982994
-0.77889784632192482
-0.62461767160435744
0.056310827685430671
-0.73100269187241163
-0.63656681808866822
-0.24580022494651343
-0.321437191562642
-0.6537778628976032
0.68502017332730003
-0.42045649270372798
0.72146248489814646
0.55018925891721249
-0.25812191397386008
-0.85393399315335095
-0.45185153852083337
-0.91109606654067299
0.12343850281411053
0.39327712056147429
-0.7610269314461966
0.31824402782855166
0.56529527537831581
-0.76869269266526596
-0.0015633225394778994
0.63961636960420321
-0.21342429063923468
0.82244801780307963
-0.52728486625061111
0.98763795849517999
0.12333299758434875
0.096748305650963304
0.033819979953789069
-0.28823112636073822
-0.9569634406563009
-0.95757712190509536
0.14078533391656958
-0.25144690365553163
-0.015234524042695555
-0.95798093718197563
-0.28642701212199967
-0.53329405401030283
0.80681220482655713
0.25426662797183169
-0.49993901988444944
-0.8180968773473607
-0.28421554438748314
-0.048743319412505391
-0.9363591373470016
0.34764299895069001
0.46438000391648071
-0.81476800918324999
0.34713729729617476
0.014960867583704801
0.96337597561004307
0.26773662816010152
-0.006128336738310201
-0.7989103686355159
-0.60141887763478619
-0.25229815790366023
0.94345049000684578
-0.2150507205853131
0.89252466782389694
0.38675123422933189
0.23199827617448096
0.91649749211381593
0.075951026418913103
0.3927642913185968
-0.32187838820385239
0.38065466958858551
0.86688887738146403
0.96889232573923867
0.14061472096118127
-0.20365451473664498
-0.97822821724533648
-0.083958471871627235
0.18979075316250768
-0.33556389446560464
-0.82993592374183878
0.44564922889404535
0.2468001695453384
0.85875982930497452
0.44902252937295156
-0.42602195532042952
0.6359311795677538
-0.64350355744045673
0.5042078323209308
0.10751260574084351
-0.85686375896815847
0.75481869455823913
0.64418750900508714
0.12357666279365334
-0.98714317854922995
-0.11965113750243177
-0.10598089609970905
0.55120654724308515
0.83421962853368958
-0.015778264970187091
0.53537505941851227
-0.48175654479668156
-0.6937464791248944
-0.54864875999358265
-0.65126852981706629
-0.52424597301974662
-0.73634738549912415
-0.1602915714644122
-0.65734248302241471
0.20885596607377846
0.2018815743369517
0.9568819234255721
0.73883804200243886
-0.66216442384727925
-0.12512642998584686
0.2090879696733936
-0.83520421627787056
0.50864146316391279
-0.84492018164096805
0.38440554632386237
-0.37194389712864845
0.44080120257084932
0.40981073845014554
-0.79859217280351524
0.91033550094694571
0.40878133390728644
-0.0647077797846069
-0.58063676156026345
-0.59602566472718033
0.55462992897186214
-0.55379273653740224
-0.42583013487662008
-0.71552938527315213
0.020130048555036001
0.9990141420217824
-0.039566718156222487
-0.52821827350713924
0.84782819668396658
-0.046613350456176421
-0.72877368263085163
0.66034022119013647
-0.18121730541873907
0.0048630298390501814
-0.057384881698700048
0.99834028582102752
0.15944743950640253
0.68804667331570724
0.70793240452322892
0.00054262627174957493
0.049937512769163694
-0.998752196681018
0.057827615467404996
0.75915564417980874
-0.6483353104677344
-0.022567272967105464
-0.99902423151196407
0.037964497135584634
0.64270538893195739
-0.39409153229993354
0.65697918323742344
0.53123320311796762
-0.20689580726394802
-0.82157495631355715
0.29300910572830358
0.94550995420470496
0.14197390767361601
0.36966192825043537
0.6577587853744975
-0.65628000050651825
-0.69738776879020403
-0.32462989162175376
0.63895675394150842
-0.57661263657667783
0.19464809251603202
0.79349227306884484
0.24587407162847291
-0.66265771908255466
-0.70741125820921358
0.28933313768604585
-0.40417795376953819
-0.86771338420207433
-0.54868389783959148
-0.11983636229474615
0.82739665609882362
0.79883874963638468
0.32531540513337093
0.50599065135858812
0.50881457082524417
-0.85936554340084093
0.050976419365231514
0.98530381494822383
-0.15035918069173793
-0.081046338783349409
0.81985178071377562
-0.17235377739432933
0.54601944386473755
-0.68624467681746737
0.58916857999791594
0.42655436685483483
0.70430697551719057
-0.57476728549140121
-0.41664643496215542
-0.014960861158918386
-0.56500519978884067
-0.82495169364330401
0.32544597488197691
0.45593271013753017
0.82837810283696323
-0.55810204847189226
-0.82974913956794694
0.0062023284119394947
0.64743431311214894
-0.61047610098049021
0.45623211234705752
0.68943539641133567
0.58988199608533609
0.42037847812361206
0.62810481723820533
0.56967991515702132
-0.53004634969863684
0.44672773953065137
0.66902466011224349
0.59400364552377238
-0.27613614751661197
-0.95220840555572994
-0.13056791498564393
0.27458336890620172
0.8477048660058939
-0.45387270646079864
0.38457702463599747
-0.39382781439523029
0.83486535724678346
-0.87586186143863243
-0.21489023365094059
0.43207428430618039
0.10274508772904987
-0.33563269364303089
0.93637286478489601
-0.87771540477874088
0.40070883326370726
0.26277004996484954
0.58869072980654336
0.41124463563877345
0.69593180290756362
0.50895885028546706
-0.82538019813300045
-0.24435305859764528
0.016122283726978711
0.48210849447821297
0.87596316790112694
0.68244867303282652
0.29969455290948122
-0.66666857105470345
0.25328346421861003
-0.96070675826148533
-0.11353418597113393
-0.92260903541995376
-0.36802493363909417
0.11554313472207144
0.58082756649029088
-0.13994346884118405
0.80190720381703984
0.23311273818233863
-0.87578079365615069
-0.42268954654703172
-0.092079873781719279
0.3373674457010663
-0.93685884925397411
0.88163363186398858
-0.39841793106437273
-0.25295314066581193
-0.31442272692155809
-0.93386107851483913
0.17041665068388415
0.95970709926402042
-0.17048407625114825
0.22337740120037267
-0.44335074732860774
-0.40285456560260813
0.80071737449383407
0.29747954338538107
0.94059858350974157
-0.16364664972645387
0.49036372206177975
0.16341932536134812
0.85605931113688571
-0.78801115510959685
-0.50268111265153514
0.35545761829823469
-0.20563324744353487
0.63689045848198955
0.7430245698766812
-0.98114766776047357
0.18341980786747053
0.060880441276683385
0.31355332526828489
-0.096209236369541012
0.94468412448309458
0.51744638361513595
0.80270416863465399
0.29650507203109772
-0.90429210699020712
-0.14675119185855073
-0.40089883128204123
0.83113957484405065
0.41641287957760065
-0.36852044834709158
0.46627656160062048
-0.71728063154694577
-0.51777858560345802
0.22748153725761608
0.23854590050835398
-0.94411228334217234
0.73037426771081493
0.090953077628585718
0.67696452398613871
0.75811444152363772
-0.31234768453714151
-0.57245210936600555
-0.65758116610020378
0.59504544173613116
-0.46206918557652021
-0.12661437512507165
-0.50778386283008625
0.85212930278276644
0.72989296637783685
-0.02955804083003483
-0.68292208915399122
0.23191928736139886
-0.95150494720640588
0.20211823171479523
-0.22254849988582096
-0.14488578408114364
-0.96409557346238384
-0.89889055660797779
0.43251513941440189
-0.070188470693842972
