0.065447844277927728
0.032269220626811403
-0.99733408498833043
-0.061294129086368367
0.76887785853977497
-0.63645099448962561
-0.77652326071981292
-0.37697155032713658
-0.50488025887830545
0.51891142172219751
-0.22576646639921394
-0.82447585716979033
-0.45595039659561948
-0.26580102885900386
0.84938745511208968
-0.66337242843816002
-0.71126527770559866
0.23246231074829268
0.75781949155683481
-0.62886480557922553
0.17389270979642363
-0.41062001997196679
-0.83551990520552499
0.36509955793395893
-0.57532885518339738
0.70171561685850115
-0.42022839200874396
-0.51940357482294175
0.23652123388896731
0.82114409964438584
0.98570553552953022
0.01581420041584156
-0.16773344416558639
-0.21962229504777536
0.25934575958402178
0.94048169812268789
-0.55452197295471206
0.48921812338671478
-0.67317977484502223
-0.84970462976738348
-0.47424736828888786
-0.23041587580489686
0.49674721519375092
-0.8334282256293466
0.24215614161439777
0.37091547909191308
0.20196725703803098
0.90643859938472982
-0.22224782610951024
0.88209440261930461
0.41534969442301151
0.78916217503351627
-0.46960167934372882
-0.39585012852583429
-0.38335374179662701
-0.74197856049523414
-0.550007022151486
-0.62796098920533516
-0.25359281489451541
-0.73576876820787451
0.95231189927076676
-0.29480824277379974
-0.078677484072187623
-0.49082310217226088
-0.87050724253186396
0.036191477913576214
-0.25083392898333334
0.52164712548894399
-0.81545485254544037
0.13986690493540369
0.98744087743604358
-0.07346946625726368
0.23100857579244738
0.77217646622247504
-0.59192781901386937
-0.74769585098250646
0.63739834924931016
-0.18621025427671783
0.20889581876489563
0.30180944060780412
-0.93020083770256201
-0.70061606430207524
-0.70670339126873638
-0.098526378250383365
-0.88713179747225068
0.17582861232696614
-0.42671005729983341
0.71622969057813901
0.69161006250417345
0.093223128982654266
0.92579377728699164
0.16702298014735134
0.33913007244917376
0.051390572211334404
-0.99280504533362357
0.10815336817636895
-0.15661867094196044
0.97845408266640865
-0.13452955075302522
0.82110073983772625
-0.56070317962098859
-0.10679662635519775
0.86064046080186096
0.45509534491610876
0.22844304381278135
-0.76813924915825937
0.45577351715077313
-0.44970278514436557
-0.83625059180905992
0.53876110593808513
0.10208534874000551
-0.1766960867373091
-0.30823711263014614
0.93475578379015767
-0.073563675328897918
-0.90977325333399695
0.40853520434618562
-0.99327091900871045
-0.025478874661088412
0.11297658340380137
0.36391128219582325
0.78457470129199447
0.50200708837940655
0.38272279253696845
-0.88242419715129561
-0.27358874310650294
-0.14854744830434216
0.72568063789971504
0.67180448597767761
-0.37666592500434204
-0.25509867515300788
-0.89053211445506197
0.33127918987331778
-0.94335040392299074
0.018550303911481589
-0.54948395027225139
0.015565937860954412
-0.83535925802717403
0.15754565709754612
0.69662209946505105
0.69992643646786701
0.57805041587624717
0.51280918875084813
-0.63473179583032913
0.91379798126410694
0.27834838614201068
-0.29579625651752434
0.32411931281317835
0.55131933365407504
-0.76876112245660533
-0.057346627987654823
-0.57232262780031584
0.81802088846568377
-0.48046508724120357
0.85870557052469754
-0.17826397025803081
0.078153997771507666
-0.77198355493274595
0.63081958081985001
-0.64047808941333917
-0.04904850472534205
0.76640854716374796
-0.34837476593051425
0.93311575579902262
0.08905059653072539
-0.44050340798434023
0.68333256369759987
0.58224853365607332
-0.15721088374078948
-0.89833678364005543
-0.41021428691926404
0.35476297805778717
-0.47631806871009907
-0.80452739345522062
0.24567181215012227
-0.058436754727628173
0.96759005080239324
-0.95695885661944924
0.26848797082891207
0.1101996200436722
0.32553646532566333
0.89545409399395992
-0.30362472773594945
0.37477523276519731
0.028420819745026041
-0.92667997815363046
0.91060143122463311
-0.21384155626918308
-0.35366201699365951
-0.52854688677591355
-0.51919559568931239
-0.6716205192638991
0.78331122487186056
0.075961794983453665
0.616971093887418
0.49610164989998523
0.565290479590141
0.6590370449764269
0.068958921800977319
0.88061995830022455
0.4687783656989275
0.96973659008136193
0.24178997766728805
0.033890301813722892
0.44148706789264192
0.89680239708564025
-0.028889954396073898
-0.23610815685769276
-0.95777646507790482
0.16406456414514403
-0.92466379085713923
-0.2655299607934633
0.2729298697444576
0.8695900283279786
0.039224618712811271
-0.49221398996714821
0.078447029655049794
0.23669666614806381
0.96841145789002925
-0.36098006188271214
-0.53338316659187712
0.76498090990532253
0.54212766286130387
-0.49172537349742435
0.68139838143288756
-0.4199426279881282
0.28036728586556159
-0.86315837145613272
-0.85386225273117589
-0.51252362607023982
0.09076775903730655
0.27619803671831988
0.46851354154050961
0.83917203594144807
0.98898751113118077
-0.061021263156434503
0.13483363181842237
-0.26381993319970848
-0.51855155427943556
-0.81332854886625172
0.13972091235366293
-0.87058448897335261
-0.47176340914707066
-0.039783179725841687
0.50652125707637408
0.86130918649499555
-0.76475485423624567
0.17389153330804644
0.62041256238560716
-0.69781399389547949
0.6127369989603868
0.37095687084708207
0.60515249153104644
-0.79485460974027278
-0.044683457435670454
-0.48965902476654682
0.8119077776009922
0.31786758270652898
-0.25823653034670296
0.029644071453961932
-0.965626803388415
-0.82161552309122898
-0.1651377315229256
0.54559826048383653
-0.091686344444443235
-0.23412888375763111
-0.96787255361066027
-0.79731405926864141
-0.05243483896411151
-0.60128269437542359
0.11967627253629476
-0.33008878515164647
0.93633273130278238
0.088543241034132358
-0.97694610856772479
-0.19425857875921657
0.8595996364125611
0.50281641385761622
-0.090907200126058962
0.59724512789823281
0.29949360803162633
0.7440442432745662
0.78478532423599789
-0.41428590360401407
0.46095464520796969
-0.84860306169318211
0.36156896640048986
0.38618742369611014
0.42377533705652065
-0.72290804413372389
-0.54572742594576118
0.23563907833903672
0.94603702997788564
0.22245935060174543
-0.10980583122107959
-0.73346806506248052
-0.670796002495057
-0.34872605668600654
0.49581548962588268
0.79533460734163608
0.4998517874664487
0.28267002250906514
-0.81868543955619533
-0.54521844152879539
-0.64171545034370236
0.5393868109317197
-0.92110803993212542
0.064300558339133687
0.38396017628091816
-0.059924551291285433
0.9827029067435904
0.17522569797331811
-0.056755632150542377
-0.037058992845746597
0.99770006979475101
0.89682716440303112
-0.13103564022877484
0.42252893176521505
-0.10031011462557902
0.29118901802201663
-0.95139205204120603
-0.45741727870535642
-0.84745185501802001
-0.2694341971025635
-0.26934331967835728
0.87913671519560166
-0.39315749025006469
-0.3519380140289054
0.70646979500338736
-0.61403588089725014
0.66072326067067844
0.038034063211888076
-0.74966538058276444
-0.77678592589871687
-0.48372439556258773
0.40325467692673106
0.61904346347021921
-0.65278373969531778
0.43664468338019519
0.74917262772619164
-0.2288664954873558
-0.62157903850529672
-0.35427828238305104
-0.0038757315620166566
0.9351320106469323
0.21999047312833511
-0.23786371878388954
-0.9460576319754892
0.75653459135699042
0.28739501705758908
-0.58741766763588199
-0.90877664710021333
0.37812938306234162
-0.17647429090433367
0.59851411030209423
-0.49524481224911548
-0.62969312820581969
-0.63366910942033494
0.45058111573211185
0.62884029603075253
-0.9835542690214194
0.075034678033441188
-0.1642887609733519
-0.96347477334819998
-0.26097247840519688
-0.060081000629845713
-0.64927186668388859
-0.37993357304044439
0.65886001791696247
0.25791460301508462
-0.55833613079025068
0.7885054360026591
0.63967685950590192
0.74410345032780001
-0.1926747794158071
0.77206608799139531
0.37093976934859807
0.51605972841258607
0.75751054591877787
0.53163234537330883
-0.37887309507895883
-0.21085847670105359
-0.96912956873213219
-0.12777551335206094
0.90924222951816502
-0.3665721100074873
0.19723959091798751
0.042161513610499683
0.55780769023184773
-0.82889865935968465
0.50374813205943092
0.72936666537454753
-0.4628845286753997
-0.69958531249273836
0.22975688660238944
-0.6766034020038727
0.5074037372330118
0.82457678878442597
0.25022902877151776
0.036262715443592899
0.92376944869995337
-0.38122830576603445
-0.92440451559198245
-0.1601344100947458
-0.34616941265334222
0.22461988445690126
-0.91012831040020481
0.34815566362567874
0.030953760339487043
-0.48641537776257204
-0.87317921699782786
0.42400241373403796
-0.28515007381403712
0.85959955127463805
0.66169100502759703
0.62566512659354234
0.41316844413659559
0.62909828437333037
-0.70364602279608468
-0.33032956755607612
0.17701844087249943
-0.68700417489974863
-0.70476218347850139
-0.64870104392882411
-0.64487363224593752
-0.40413482161227493
-0.63890141278370682
0.76657413845223343
0.064568374605527182
0.36577471926524541
-0.7438387737883454
0.55938603249945529
0.70286488588492357
-0.22344786773311012
0.67531622414651038
-0.23809667581532379
-0.75469947075343247
0.61134170625778639
0.56072479205020265
-0.013254681927410011
0.82789614142551726
