-0.83650808018282674
-0.35875551920257853
0.41418439037526505
-0.5475643971185562
0.83408601753212175
-0.066886070041505666
-0.72670461933930341
0.077334992060816038
0.68258310500178043
0.2146409922012516
-0.95523995693736197
-0.20358258554495526
0.85265499497534147
0.2991572071074764
-0.42835081998200342
0.088367876661392966
-0.46494648548608331
-0.88091763747157215
0.26559963131182757
0.65757261445711956
-0.70502134192026411
0.834276882193975
-0.28507023366878448
-0.47192906851848515
0.29271847515153526
-0.16734968583247331
0.94144037355359511
-0.30096389852666433
-0.21342557831029027
0.92944620839860859
0.63128255572902836
-0.3648287658472924
-0.68438461879455459
-0.43618222445229232
0.81552398856131536
-0.38034943295986834
0.37321009066513761
-0.42126131950467038
-0.82659127077105277
0.88141893560248308
0.0070576006297101918
-0.47228259573558018
0.50368228408723037
0.38339301731685826
0.77415369983572768
0.033763605463412297
0.97370768010489184
-0.22528509194099033
-0.70970946820553205
0.55513699371580372
0.43374576533679315
0.22225690412850913
-0.6344858337148408
0.74029021024351926
-0.29470985506722125
-0.95150645497526376
-0.088213193268714671
0.47894647821021125
-0.87095700960345934
-0.10974588116478547
0.67666139841785589
-0.63576439173818644
0.37139330916020236
-0.92590798813604369
0.16003515744202015
-0.34217414555803549
-0.7047116704841877
-0.64950312269055321
0.28552960459224885
-0.62891992246394191
-0.19787003017736618
-0.75186912576960996
-0.55037238915353992
-0.817424822646583
-0.17002027108149964
0.53225095187580451
0.84649413101772086
-0.012514406891797513
0.62056442463357442
0.72627921109541838
0.29566586277387097
0.21692420164689127
0.97617716788865516
0.0046933604957758637
-0.9979184162642073
0.014173412726061558
-0.062912231342030486
0.68281160153209219
0.53526527012737146
-0.49725185510830555
0.10833349224504661
0.096231920659924586
0.98944594188065393
-0.27083182196115635
0.9505702187583841
-0.15187621085225389
-0.82584145042911661
-0.49358572699223729
-0.27268851985860648
-0.34379586821334784
-0.85486061122988566
-0.38861000549020425
-0.45027360318720772
0.2261835812924923
0.86376771751814818
0.16687723430313492
-0.68478536834169446
-0.70938070736133396
0.70574892533978029
-0.073645185314202555
-0.70462390043326084
0.93342195701289044
0.21852792888726238
0.28455051302443485
-0.80173054738900396
-0.31493092970383602
-0.5079829120149667
-0.085580164356648572
0.32759094748812295
0.94093581427880779
-0.060352260666757931
0.73637385179158266
-0.67387770035076822
-0.66111505316478858
0.72588343811008527
0.18978967505215047
0.70736619737246897
0.23255206479072324
-0.66749726589431413
0.51006475721093048
0.46838264870371998
-0.72142334162725985
-0.53066725019761318
-0.063269597937614608
0.84521549177976885
-0.0023181761962825127
0.58971584639010899
0.80760748298633311
-0.35642940036592308
0.68139780632290103
-0.63926138010451306
0.83872834842007593
0.50064715883621613
-0.21421293122908347
-0.61850459791897539
0.5667798356821504
-0.54425424225926
0.94224096671738566
-0.11342267649690865
0.31514640581127384
-0.38950722016246103
-0.10023005129398779
-0.91555341857202233
0.99816720621281507
0.024572720972265066
0.055302891654258356
-0.84367715280134814
0.26707690574121901
0.46570246752696781
0.29504424628715836
0.61170336745584619
0.73400809462567962
0.71121201100321363
-0.682832217660023
-0.1670857203062536
0.20908577275490239
-0.85323868045283224
-0.47777284750244553
-0.17733447063445459
0.90380162424871069
0.38948056373866757
0.16060658452572291
-0.83478004337179723
0.52663820996502175
0.46172237642841885
-0.14109003951132754
-0.87573172139416389
0.22400214161172197
0.086230625267500291
-0.97076635696718405
0.48683830834680081
-0.78362786261786999
-0.38589614464901567
-0.3632351620154784
-0.65080806033400729
0.66671514583056857
-0.87113742464300981
0.44302929401609031
0.21176551189924472
-0.15019555613072072
-0.29906793415635935
-0.94233734176144757
0.5726092195185708
0.59758393271998533
0.56125940978949207
0.16803281509749846
-0.19517363371208502
-0.96626716065176865
-0.9675897905250096
-0.16303990639088975
0.19284186836840664
-0.94772687029485259
0.31306309058419685
-0.061686956765547987
0.46088203257475352
-0.6721750015454101
0.57945536441316314
-0.63817490730379967
0.35900986712797339
0.68106145316890554
0.65319485896086482
-0.44100434344434059
0.61550925686810121
0.96636041628097369
-0.14194957992876217
-0.21447112300566484
-0.46276110725822839
0.78775727474278345
0.40655950818909797
0.78473994282883308
-0.18735088646986237
0.5908323514060112
0.15797056763993636
0.85784699842297085
-0.48902333999126879
-0.83723697640757244
0.43910485708098146
-0.32591589378825453
0.105681479138822
0.94184824553124868
0.31898794233754268
0.76264404099358496
0.64570216614189846
0.037983935770731544
0.96608238394111645
0.17008418643726175
-0.19430953904176737
0.40337559575856691
-0.84673989254814619
0.34687127744161145
0.84893714434194301
-0.39289883025561262
0.35346320054613661
-0.88779795670132799
-0.047738730600856281
0.45775080740241819
-0.088621642567215247
-0.81070347045346725
-0.5787107113777944
-0.15668015761247439
0.88414902027920816
-0.44014979058253162
0.60797670260251324
-0.78313200538573147
0.13064681868724562
0.65479362070480029
0.11609253963894745
0.74683856121954328
0.35024980807737488
0.79101049927708211
0.50162482192888291
-0.80592219403626864
0.59103165379612521
-0.034219897293595515
0.8234755185375402
-0.56000800861514011
0.090989563446774502
-0.18658265290259785
-0.47257880461306578
0.86131073780971423
-0.45855005419399092
-0.78484926025388946
0.41682548683784976
0.95529443185948482
-0.2893792909631841
0.060598468791785466
0.81173616609129584
0.49686759305876743
0.30693157482962102
-0.30399406482136038
0.47956557285240631
0.82316734014909143
0.28672515206766064
0.36770154691875356
-0.88463792568786725
-0.38489540515330617
-0.6825988167681738
-0.62122007568860926
-0.062463375567046245
-0.6956866742393194
0.71562446716039907
-0.013226550907438807
-0.99991250080949867
-0.00022153100753999488
0.40282891576004826
0.11367144326346532
0.90818922456390361
-0.51552703071267847
0.39408407789326461
-0.76087424726795994
0.049294850776130439
-0.95558911214886189
0.2905502821019264
0.38449448537140951
0.89343604743459393
0.23224129663654758
-0.49169880189785869
-0.39194789125324353
0.77756616358631903
0.74468252126753054
0.3616524479927834
0.56094157394461408
-0.32701712870882377
0.19621173134867986
-0.92442455290423253
0.69917326318902451
-0.55831528202660785
-0.44658794643066707
-0.75341090382870146
-0.65650073350654914
-0.037132154494213747
0.87712244741810208
-0.43474982941705864
-0.20408037156257139
-0.75667590825580455
0.29050578223680223
-0.58570296256057741
-0.94951905878651899
-0.30051644193366606
-0.090019026481586453
0.50156835113501597
0.15176068479467969
-0.85170293159666366
-0.48813873142199382
0.60151486156152967
0.63237682611425639
-0.59930525827115044
0.10514434863592627
-0.79358545435162575
-0.0808320934060614
0.99331071246971625
0.082462119597415257
-0.15556679377085689
-0.59784738553789274
-0.78636980885672481
-0.71722703569535973
-0.23448475128957488
0.65620292644906231
-0.96594081595452674
0.14680738030012158
0.21308667992748578
-0.52815321533126514
-0.83987400838699955
0.12516321812417847
-0.62694581280753958
-0.66734868600141917
-0.40197596830566007
-0.37005057234137462
0.91665297875652163
0.15102943569588356
0.92929192447398223
0.36769725531833863
0.034860400726368701
-0.016367690996687348
-0.17132463084492797
0.98507866160895285
-0.39824411259068154
-0.40722757838902157
-0.82192902746300045
-0.60825690825828116
-0.48491046758094108
-0.62839905473075774
-0.02800818153543335
0.26815346611950619
-0.96296898204208703
0.45471070861696117
0.73690628184504725
-0.5002072602895411
-0.24684045068953633
0.48560573694800813
-0.83860411407682034
-0.22404045188410202
0.073028115964981377
0.97183988917834219
-0.63309256595086472
-0.54062939225252138
0.55399789094401741
0.28529718039892432
-0.95259654487831025
0.10566617974701899
-0.87789849095865324
-0.45845544564211316
0.13824920952255249
0.6366971592789733
0.7269925988119269
-0.25709626336990293
0.84661162118950262
0.086805241355158616
0.52508438649435651
0.065499456867711997
0.80290795135596049
0.59249358038666489
-0.1686097014695955
-0.85470564486785061
0.49096744209913284
0.35295658411959879
0.89934569356311611
-0.25806776861146818
0.10684316042726064
-0.42200962008727666
0.90027352489324419
0.043226308849318926
0.52878765432692942
-0.84765270179165186
-0.93493414298049971
-0.13545273234149874
-0.32794924239970547
-0.065631498012330328
-0.94837632157665397
-0.31028190269719613
0.45338264383197485
-0.63025602953872806
-0.63025511937786494
-0.80887798224554086
-0.0069378488923208404
-0.58793560539495271
-0.67583738532388293
0.68171895524131942
-0.28018403713142037
0.41943003555593023
-0.41785476411010386
0.80590063989553984
0.571207737553729
-0.16075251818092332
0.80491014930689131
-0.25474885435960481
-0.94303307487418353
0.21398981493475627
0.21973250384166632
0.37165430172571268
0.90199263121393902
-0.22227692569276697
0.73550979391053795
0.64001430559500017
-0.091678701459497081
-0.015129979986181832
-0.99567369122836535
