0.96852624463323989
0.23946464228735756
-0.067923475697445543
-0.58455161694007318
0.7289039143262368
-0.35636847617688616
-0.91061956585876269
0.3297909616369149
0.24901792686029139
-0.78972042270009912
0.50921954215439347
-0.34210687198366313
0.50362827628545093
0.055357542534903
0.86214505845028311
0.018415379142560029
-0.34106984592869211
-0.939857560489468
0.29503249986311253
-0.41432661610753679
0.86098157890247595
-0.32326856761540096
-0.71584218227172691
-0.61892439220985518
0.87693050693587038
-0.38176909655689728
0.29196787994457213
-0.28371056943872552
-0.94711438919254087
0.14994214408629225
0.79360390091004585
-0.14732592950719006
-0.59032865334083251
0.79463030645516464
-0.60015510543980399
0.091523360283092381
-0.26629405880842388
-0.25284464788366801
-0.93013819310891621
0.54723320240211382
-0.50740009286321375
0.66564327379695587
-0.3061265738252465
0.94636862202008398
0.1033099804173017
-0.53382580411995217
0.50392867249329665
0.67903306539139185
0.64942688290324935
0.75722224984497077
-0.069707876902756455
0.30148699865170669
-0.39896110134258861
-0.86598823852261109
0.54749170067394692
0.32855685093172676
-0.76961239166152751
0.58174242114122987
-0.70449125224858555
-0.40653146366543341
-0.71885885971784991
-0.38972814739928902
0.57563348663005209
-0.87925812312577789
-0.46895982542989989
-0.083557375797066666
-0.046994308567572494
0.47565316597968005
-0.87837668494545251
-0.88629674837972339
-0.0071408138667889897
-0.46306271992987008
-0.47893401563316218
-0.58677871322026498
0.65292645097366353
-0.038954371915613323
0.85903353836913965
0.51043504666671924
-0.26869496231318679
0.26759094816996021
-0.92530973283815454
0.00094343146763957279
-0.035904318318302958
0.99935478678153333
-0.77078032833492971
-0.27538770797697631
-0.57450787265892655
-0.10157693121517122
-0.57200177201596458
-0.81393863396174093
0.76909276824965245
0.57649813442159381
-0.27594603609131324
0.29045464680618094
-0.65611007483127615
0.69653116789817371
-0.57356900660068766
0.68967275693682761
0.4420068811752324
0.12434049859753595
0.95640806758858821
-0.26424051290439698
0.97751000566805202
-0.14465686478583856
0.15345546679469138
0.44540057005383421
0.60646874683282126
-0.65864557336305463
-0.36728285211784995
0.50986225647143024
-0.77790988293377472
0.75818206874194438
-0.30888725757461272
0.57423741844834553
0.41460025281949192
0.33953888566222096
0.84428666665136343
0.47325007567360228
0.57414859347702207
0.66812256247135282
0.73331176899336348
-0.011882790240158583
0.67978867948203736
0.40573747927265691
0.8969417370237186
-0.17570605652152355
0.025879449551471315
-0.98568232418687973
0.1666151550023702
-0.70604210382347199
0.011063951868496777
-0.70808342488549825
0.29718149102520702
-0.79518781543249939
-0.52854469969882767
-0.60697721285565631
0.52668779975695712
-0.59512908235201778
-0.31943112897607995
0.8662118208314854
0.38424059558155699
-0.77767445008951297
0.27608678239940987
-0.56479955582694519
-0.12712357897979859
-0.90486304816839958
0.40627879556624591
0.87228915037509658
0.41597963610358207
0.25704587233609394
0.6909497945856905
0.47464874223564418
-0.54524944094984007
-0.098919368243309228
0.9910210065492755
-0.089957340803324473
0.70109253681131378
-0.58135551830521104
0.41291042147608242
-0.24722536578231463
0.48576164763038487
0.83840040565663765
-0.96852624593333569
-0.23946463868018306
0.067923469876392223
0.15648351059811272
0.68139152360611122
-0.71499545625733352
-0.52460700466964727
-0.75240261105604911
-0.39834382325772327
0.089517136629832586
-0.81688307502929036
0.56981464001926685
0.29022530412578262
0.82645529975632293
-0.48243228576638958
-0.037355600278256434
0.97194035046452709
0.23224236105143087
-0.52025817242469186
-0.31426229467126421
0.7940847839955576
0.3875567886701049
-0.88535436592946681
-0.25680222406620118
-0.24822930040179383
0.90902588062334466
-0.33474492196146693
0.19300749530401556
0.52122308454751898
0.83130896957222844
0.47676855349515751
-0.57737982364949403
-0.66281542350839584
0.92333507010960958
0.027982009993388131
-0.38297435347867931
-0.14018688010208927
-0.98322025039844863
-0.1167286505261424
0.017081661141642702
-0.59644824256099027
0.80246975693701272
-0.65608555034758043
-0.63389769321987333
0.40954299549087125
-0.019247396605845755
0.8628503959667464
-0.50509279533955564
-0.45646338699424166
0.87922199300136827
-0.13641797299640246
-0.25967883181935431
-0.47491882473184172
0.84084422708386464
-0.44624842103543239
0.012118764324750227
-0.89482706836272263
0.18145600269572806
-0.63204987610058738
-0.75338348349756123
-0.92270857644611615
0.24354651523579185
-0.29882097963376658
-0.67756945910252186
-0.722464997939255
-0.13763704023317355
0.96865472148594101
0.14158581710580798
0.20411145714406864
-0.72742135009802478
-0.095037280327352869
0.67957787984126383
-0.59622514593857001
-0.52677042058227752
-0.60582877065232021
0.3534660997556906
0.15655596169121114
-0.92225373253917509
0.79322973972285016
-0.56418512697062617
-0.22908889655406259
-0.56352983763383468
0.80922881662356838
0.1660808370715991
0.72993502541969402
-0.45358293683620532
-0.51132903113024353
0.99154394545749547
-0.053590228041937825
-0.11818921983411365
0.70459778490997937
0.51775091934378936
0.48525863930342483
-0.37546230970639211
0.74618415940975924
-0.54976108832463988
0.58733468876143047
-0.78044892836585633
0.21433019756931165
0.92936723726221615
-0.36687106478023712
-0.041014145494095808
0.2482292962059344
-0.90902587982200178
0.33474492724900551
-0.02879858269249878
-0.79430969741364643
-0.60683008019506157
-0.41064737100740106
-0.80600616703842598
0.42628956752509772
-0.035085091490255349
0.66823955000258539
0.74311838906560668
-0.56300519401243232
-0.24546163891274297
-0.78916014555810754
0.88744516366174875
0.31732821977582193
-0.33428114279342724
0.49636525529631331
0.75678128016161883
0.42532767054538934
-0.14152054805508435
0.69293349307157837
-0.70697603117631191
-0.86480704081915483
-0.41052551662690678
0.28909787676118948
0.6597963232513564
0.293970187861336
0.69155646224495848
0.071392939335066838
-0.92753837718861987
-0.3668454811707525
-0.77366524202782327
0.5956499410992242
0.2159704631344774
0.05976288636614397
0.2208221797472204
-0.97348136209424874
-0.88164666014307858
0.46911659497765212
-0.051271697603342797
-0.98034181161125156
0.19710451526657111
-0.0089298638455145296
-0.20915535074498687
-0.72847364283302785
0.65236507490232787
-0.8858208075364159
-0.16536077290391052
0.4335635036763974
0.70334106674124286
0.67713203315802817
0.21634128941689698
-0.90980340904613932
-0.27860086886019703
-0.30763503174763202
-0.76626097028177964
-0.62894578232603404
0.13142042579872554
-0.4299174009358096
-0.89323143000261951
-0.13156230777876324
-0.68698031020700412
0.20950247562507976
0.69582092961828268
0.21193383300626734
0.1678702962181533
0.96275833627910024
-0.7076072824905788
0.70201461009865207
-0.080420277134162929
-0.26759712542199054
-0.18861451250183267
0.94488959362434688
-0.55842577619085187
0.27264539846259905
-0.78346993508546003
-0.54805022208565413
-0.82260401564731334
0.15153741291436956
-0.31383357653274579
0.70959511926446872
0.63085913875976274
0.2370770000930367
0.75387557148090834
0.61275290187090925
0.13686847134017127
-0.081630181569968485
-0.98722010464225185
0.23636218698886013
0.90676467880950906
0.34915717639099281
-0.50326896668800947
-0.018170823517564001
0.86393875265638875
-0.86758999367731449
0.1340170820221476
0.47888101298471464
0.89723922698295511
-0.081974705769355852
0.43386854826900811
0.54921604899487886
-0.23863341956390316
0.80088440026866126
0.44983132306559248
-0.75639006625531469
0.47489561848825157
0.38486453720432423
-0.92032208853687403
0.069903800709456884
0.59302409560765224
-0.31051613355893071
-0.7429011729889371
-0.44780982854858481
0.27553327619742757
0.85061611268726811
0.4096386273460772
-0.13574878541387742
-0.90209116071751794
0.9018145427849521
-0.28026306599482304
-0.32891206159207553
0.62340913865269676
0.023297754979145911
-0.78154862961765503
0.55276636536326396
0.73525652028468735
-0.39223359711011474
0.15719247094950678
-0.98319204570190422
-0.092865108330811463
0.28286927884680424
-0.13610760915345671
0.94945231044809131
-0.75619646395648188
0.43572854987025084
0.48816753141486346
-0.2407427599558955
-0.89100842042150541
-0.38489858179368786
0.26509571916298857
0.43996907982785499
-0.85799269721652549
-0.76092604196135405
-0.53666182701151199
-0.36467196505036342
-0.018415372880370866
0.34106984320804357
0.93985756159947842
-0.37642904365846647
-0.47932338270338187
-0.79281162320198095
0.85937012825070613
0.51122209764357629
-0.011616778867942363
-0.22820042258835624
0.1305826633178582
0.96481746209908048
-0.14731433525480916
-0.00028535921836244168
-0.98908968511381712
-0.97684176330651284
0.010045788924841025
0.21372704925932978
-0.98610703650598852
-0.047106343374952869
-0.15929188606836869
0.19558241973892787
0.97985680612098613
0.040350422394889084
0.010467846352301668
-0.33143667370814556
0.9434193953454767
0.46337872357356436
0.87487706173845625
0.1409619997844091
0.77977477581872079
0.18756584382553368
-0.59730256422258832
0.62055013985182372
-0.77807095857468289
-0.097586409671408428
0.84874126280753215
0.21507890191912765
0.48309350519039074
