0.67378545295478487
-0.47162934428533881
-0.56883998188901641
-0.029403984147497807
0.26930751147176546
0.96260525137833031
0.83922210193498603
0.54068193291262001
-0.058045766819786231
0.99209778429483653
0.10140844917653484
-0.073880395457023892
-0.21163582139580137
0.21574994934073161
-0.95323776596481746
-0.65114282351513442
-0.41514619683319975
0.63534766753303562
-0.52832347060149543
0.69532193154603661
-0.48723887562742718
0.26810054025074831
-0.64403431345748163
0.71647882272025831
-0.44443898628369982
0.02131940926729509
-0.895555397649755
-0.64740925113182701
-0.15189249900267224
0.74685335260387653
0.69423910775945041
0.30572352939614694
0.65158666716786462
0.89631123312260852
-0.43511764501344902
-0.085433063717621271
-0.54808842859847728
-0.67527538278530164
-0.49356076813358651
0.0018728538385080525
0.96566823430857507
0.25977173376997464
-0.29757058036667433
0.85962648783692841
-0.41532403146144553
-0.24486960613169476
0.48509135641825946
0.83947915514395111
0.0029958256032694515
-0.9959466349829722
0.089896191771671491
0.56544445697857848
0.79259051874601594
0.22819473189826694
-0.57227840848199851
0.8172439896923489
0.06789465735271541
-0.96865783031464314
0.048704001594694998
-0.24357735526684687
0.12812306904618267
-0.21244736704260733
0.96873659754076125
0.50946340610924845
0.79340903846127731
-0.3330902813405317
-0.53075767323451828
-0.77953223530444637
0.33260454961400227
-0.83877527393990992
-0.28058909050530711
0.466610975134998
-0.13103701541205079
-0.41297645784444914
-0.90126563556931083
0.65762617052882288
0.012565821436598993
0.75323961656780847
0.15429803904267203
0.98777710117681128
-0.022102342371827191
0.73757842621763925
-0.67525115887867959
0.0037333110385509324
-0.4637517895726479
-0.84448160796881244
-0.2679273996264202
0.71883265660485218
-0.63175978498368524
-0.29010202666609974
-0.69172803261534221
-0.70102649942913942
-0.17341907620626723
-0.19611625391197579
0.73272205003351598
-0.65165697444761161
0.083103464099653759
-0.22608660676375947
-0.97055585130207056
-0.50809123771867382
0.40311861079173328
0.76114300876172347
0.78519291939584046
-0.18463929020787401
0.59108409878981649
0.75297607302771807
0.10023189852317393
-0.65036958720883975
-0.049143351420924103
-0.67239794723308643
-0.73855665427091721
-0.9827386237614848
-0.18404196821228413
-0.018797640913994929
-0.054904420957732916
0.95930113560790953
-0.2769960934393681
-0.035944954801830742
-0.92531916526480695
0.37748165865103317
-0.64311154855700303
-0.13843647155826996
-0.75315528243192298
-0.95813431437258678
-0.11104822915748178
0.2639070412527118
0.6551666525335097
0.75310463936202776
-0.059917105899947268
-0.8776856129525995
-0.46951032684560196
-0.096062572323229581
-0.85495633550271799
-0.013553370818354917
-0.51852287367407823
0.044789898751297068
0.10162360181015116
-0.99381412171742678
-0.17565453512980653
0.49061979702298747
-0.85348561737000239
0.65503863297049314
0.57634340672589335
0.48862323608250474
0.076750637589697634
0.65062162672727641
-0.75551362559806134
0.91923732457364449
-0.19629915146559307
0.34127611144728043
0.32928521291305851
-0.39681828641058903
0.85680014946717042
0.1617460317423712
-0.49972207805018742
-0.8509500960249069
-0.2009749662378621
0.86864699397900602
0.45283712612475446
0.29410059096290786
-0.95421089212943666
-0.054648108263808642
-0.098012364583484862
-0.017677800805444177
0.99502817635855778
0.038375084806133664
0.84978582729090391
-0.5257293986469046
0.93712985966847739
0.33179228587403764
0.10817349560877076
0.42949121762547582
0.75986853760193906
0.48799292981074671
0.56438106900431673
0.59225550021104867
-0.5750716750278223
-0.24276463564914974
-0.58294519890073204
0.77539681889773138
-0.43172306994099013
-0.37079238745319321
0.82227014799729181
-0.27154568242874377
-0.81104860183939331
0.51813425654811995
0.34213086365510142
0.53217164981008402
-0.77442869734600328
0.50489744576481599
-0.71518883407768741
-0.48330477017174478
-0.72611330860046808
0.64480710288033538
0.23871167367422527
-0.68978319139134314
0.1497930408215398
-0.70835103853626846
0.44306873425043558
-0.52354812755775404
-0.72772759660499797
0.87012379761877479
-0.45027963634096868
0.20033178957451211
0.8499942500565999
-0.38192025401448904
-0.36283149593747543
0.68647311698992775
-0.66215267607810036
0.30051371551518796
-0.38291029933990167
-0.093298369789564933
0.91906208541862744
-0.28201861855059251
-0.77577387644274876
-0.56448241019522138
0.53040282334659372
-0.57276087334813186
0.62499426153161397
-0.16162956083881899
-0.30979256779772568
0.93696555432968942
-0.19743760345189165
-0.9212985415052366
-0.33500356738921055
-0.29132837554953428
-0.92781539156261716
0.23299437070276419
-0.8248117398364575
-0.0079862399247391282
0.5653510535939773
-0.33660523100814027
-0.56593611321188753
-0.75260430122380928
-0.028478060098028422
-0.74211012471229187
0.66967272819830403
0.03381268307618563
0.5349460229406644
0.84420936680609959
-0.31642185404246148
0.20238544207460413
0.92677793625042582
0.29095619588970889
-0.88367320619175893
-0.36669627313645609
-0.92336905087834531
-0.24458303919145513
-0.29592014601898053
0.96034318082719783
-0.14560604183103565
-0.23778110862934115
0.52923437874744061
-0.8281867124915806
-0.18443899155058976
0.96821977076258303
0.076644747565823484
0.23806733958067963
0.30168839215875959
0.92132459874547468
0.24524497504159523
-0.40357192161179112
-0.28521087814058288
-0.86935864812909291
-0.25322804449873593
-0.96589797124498711
-0.054006172093236764
-0.18520645483497875
-0.10257069815724708
-0.97733199117136949
0.85460869130825545
0.089574668226013607
0.51148838066234781
0.25039376756764287
0.6679330741973688
0.70083405279462108
0.2635156279067507
0.37876441407778838
0.88718489193471994
0.050726979259477903
-0.97730102754323811
-0.20569267157130214
0.73188336179067437
0.59617669642648041
-0.33003044006877436
-0.76706434444482041
-0.51675681748565194
-0.38022977666608171
-0.92584089477449594
0.16107249914416191
0.34186881633546917
-0.52036581748615707
-0.85312644182408015
0.037345551978084972
0.77363311094035758
0.59373308478069764
0.22129806527292814
-0.89486071825647617
-0.40352157411729295
0.19077377739984508
-0.72562563483648246
-0.56553698790693641
0.39196345923733922
0.91100898594588919
0.335624346692868
-0.23962246437433263
-0.61979050756666787
0.56518061023140886
0.54445440998186856
-0.36094521769245408
0.67620452527375274
0.64223515150157073
0.34273834871508535
0.26115971713888042
-0.90240014764182996
-0.57824553308717652
0.11503041089559887
0.80771288712878464
0.25625172045796146
-0.93643444411540067
0.23963636543023978
-0.49484842187263789
0.77964573817118177
0.38376758894111002
-0.32762376003823629
0.92520302630096585
0.19147331924302741
0.47758624647751285
0.2041610576676014
0.85453475043883775
0.48443258163083858
0.5009249652976463
0.71721632231568244
-0.74088809854468873
0.26324457529173867
0.61788924494144393
0.31571314460277444
0.7592655708981092
-0.56907029721625413
0.5500727222617442
0.031964825658499903
-0.83450479336201289
-0.60160465754812231
0.76672468323440424
-0.22406493731842295
-0.06997147728344276
0.73659810081904487
0.67270144212462413
0.77753826153393879
0.36572203274660742
-0.51154828375674333
0.51875996376037992
-0.84596395443919492
0.12342239581586935
-0.130334975844141
0.99146904822267012
-0.0013858167770986432
-0.48033727695201806
-0.63823775955989193
0.60160507198850122
0.91302543754473042
0.095775543971721583
-0.39649917474463231
-0.79226298171197462
0.60787734933627857
-0.052957492130496303
0.13638849198171382
0.85766933493168407
0.49578371410605732
0.41670793977042081
-0.10300433959903564
0.90318580533357462
-0.66581883325857616
0.43183284382656317
-0.60844529439453421
-0.36938990049648762
0.91840683765907816
-0.14170385299012381
0.58215852564148707
-0.30969468541168288
0.75178497780328712
0.75062043929503974
-0.4487011162428643
0.48501161263925324
0.98228237879730862
-0.17910156817832937
0.055172063404987128
0.58103273078740469
0.33738275951564611
-0.7406577072678977
0.62922305856878702
-0.23299999996518342
-0.74147780990503376
0.24605638224976628
0.91956127212240102
-0.30637121856791377
0.084905384228071548
0.38846036310950299
-0.91754543321947635
-0.78439568777856494
-0.28837422245846861
-0.54914817018348117
-0.91155450580866959
0.39430944540305607
0.11656948230925006
0.82491712198451761
-0.15973176245066265
-0.54221536857708608
-0.7409951994268088
-0.6614160085029962
0.11599559527149388
0.42279907642434128
0.90516725998689607
-0.043739826503301688
0.29636724230679345
-0.021953963651222371
-0.95482170124451349
-0.99243487037066169
0.11450959877244118
0.044278435624381225
0.20372404319268123
0.085269055987390943
0.97530800382045768
0.027461615438018519
-0.85922831121046372
-0.51085474343686865
-0.76652184421329139
0.54071206362085711
-0.34651800328226645
0.46197630664740802
-0.7770524101854408
0.42751309210527999
-0.92410226890364922
0.34168626405630331
-0.17113004868337348
-0.85330208454361955
0.26524608997790639
-0.44890986207138051
-0.41957179214853019
0.56325795428793424
-0.71182862274893244
0.19929345693687323
-0.83463705121173626
0.51348136360215468
-0.8183218058030256
0.42093102091845619
0.39136491638344584
0.24590794305901795
-0.72378035802910801
-0.64472573771468056
-0.58493248488793126
-0.44755283525638978
-0.67642475396513768
-0.46636751147486227
0.30645467763410467
-0.82981134892029607
0.042218202073036476
-0.50405035533800557
0.86264179280704378
0.84865400516233902
0.35596836314756325
0.39124532452154009
0.37958784057314671
-0.28515903381459212
-0.88011215008255828
