0.15661014648002602
0.22736533567625725
-0.96113384403647317
0.49151639056272817
0.8688802666215949
0.058810884058765583
-0.49080087650626797
-0.50328039860301321
-0.71121258425499689
-0.37517478922160202
-0.92445483224660119
-0.068023089230312292
0.068674873095798283
0.49870292241688347
-0.86404812191112124
-0.66226400415186681
0.22923333570991694
-0.71334316188216218
-0.14205425611249006
0.89197011248209279
-0.42919681587706338
0.30400938237105735
-0.87608720637169146
0.37423188301134014
-0.61493662262572502
0.61761221811406097
0.49031428511710362
-0.7088435926363611
-0.65693242393801154
0.2568667973041775
-0.25982571283216876
-0.024035093754732284
-0.96535636591854335
-0.90767244379578005
0.22623730287156107
0.35347901997600656
0.026222652886234047
-0.042328643359648407
-0.99875955986760889
0.2588179423393292
0.75883962470037492
0.59764177958692755
0.55363771908669113
0.80578784840705076
-0.21021707676595147
-0.65178829724515785
-0.57930103377557973
-0.48947147806670233
0.39896292622295187
-0.91206249960816077
0.094713147493539956
0.90292915873161606
-0.10993219727793375
-0.41549229392837278
-0.019505242740154766
0.7299923255695534
-0.68317695373541609
-0.77299191769561781
-0.030792991937840988
-0.63366812041065101
-0.74564003788593936
0.36977279470465474
0.55433655318566566
-0.41941543243402091
0.83990594997893486
-0.34445419176744846
-0.4837969404055868
0.4931433331269785
0.72301464262254533
0.88224306074298386
-0.028524683366825249
0.46992927575293059
-0.10182929142813629
-0.71727733675355188
0.68930691102510744
0.65350955163263202
-0.75690804744647988
0.0039336542392041001
0.2967547408674201
0.93345882047019102
-0.20147271343561587
-0.81266366428187631
0.50749359567380381
0.28640534056827116
0.42249095229708844
0.78050114215361033
-0.46078125214032872
0.38379301633478596
0.53274358552969903
0.75424610883292398
0.97541356342037366
0.22035372295281105
0.0035520524214017
-0.6230314245993348
-0.094787379808822431
0.77643235158686019
-0.85101720709777728
-0.52319801319813619
0.045094924426387961
0.87964177902549423
0.43688556428022457
-0.18804612284334227
0.23829520854800973
-0.25749082253014455
0.93643679439448035
-0.65057465781912749
-0.27395368373122347
-0.70830925009745427
-0.38340065662044104
-0.6276236062712004
0.67756368361516239
0.40568858570203492
0.015341775806932903
0.91388259713497799
-0.10583921047599565
-0.30866523370064447
-0.94526389703105895
-0.81016387742185525
-0.34223995968062804
-0.47592678188833532
-0.8657330050492742
0.19690695610759806
-0.46014564499166338
-0.98906404820599891
-0.097646914543624105
-0.11053229675742642
0.78218120052458495
0.48496668337938115
0.39115199802368661
-0.25102016132415578
-0.84977414221132985
0.46354372591783988
0.93574970797479773
0.16958874817197617
-0.30921212867308862
0.45271538450898008
-0.70085164134549416
0.55123112888534598
-0.2160489872278861
0.50849335272056762
-0.83352105273760246
0.7926483785613283
-0.43144190543718736
-0.43077422183416036
-0.91789891021322079
-0.086135582328387958
-0.38735287798896134
-0.025946215865117517
0.77639373488444829
0.62971387336984852
0.14129369276360643
0.87763265046784522
-0.45803605012925408
-0.070202823901253944
0.99047663310652545
0.11843818128564393
-0.25830765340886624
0.95628369511964206
-0.13710817130546377
0.020804009328433785
0.98370746505915507
-0.17856880013807996
-0.80298835798476553
0.068460806461467849
0.59204967267922337
-0.12326156294546239
0.24987913698377767
-0.96039939816749387
0.11445721218941479
0.92000774330521906
0.37481368549756239
0.18613338605977151
-0.32182200202405264
-0.92832373750063879
0.05251570493070927
-0.51236727572172835
0.85715918912715683
0.33639577807758198
-0.53975788679804282
-0.77168601395314218
-0.40088786233750595
0.23740474762708597
-0.88483213528588822
-0.31074159431855414
0.32289811655215822
0.89396670401499412
0.53127050546564381
0.68347472175616242
0.5006135782643294
0.26632032135078615
0.30245023668473436
0.91520344228207651
0.79514261189052282
0.37098604224579651
-0.47970572564304209
0.58168069189107829
-0.7604880380361565
0.28862695072538525
-0.86595672776523569
0.4361728011823936
-0.24468803229179353
-0.38602373965636699
-0.27931695209408691
-0.87918582375660659
0.16610915266324261
-0.75568337085333037
-0.63352221146321885
-0.60676225339213219
0.22762497839133933
0.76159466717594893
-0.35936337516911365
0.92391281743518527
0.13131287205008055
0.81056182966364876
-0.5606292160801184
0.16936470225436587
-0.54056472617917584
-0.021463450463230581
-0.84102859470118196
-0.29231652768053928
0.71964206321909074
-0.62981453499467832
0.63034639562747807
0.30301126652831006
-0.71473603090676519
-0.26734505620204457
-0.89957783886011788
-0.345378535459408
0.60679834477525685
-0.015812452986144861
-0.79469851837572314
-0.73332169848339501
0.44299935144613634
-0.51574301851962223
-0.76519651141348421
-0.60150481840758641
-0.22949129036433988
0.65582476067394624
-0.67525811310986461
-0.33752090893197501
0.19606996081228947
-0.97297480132721592
-0.12196969479888026
0.0064427614972543965
-0.92356953835226463
-0.38337683635305131
-0.93369433490515252
0.3528467976111212
0.060942812386705118
-0.17319091580820203
0.5601362203541338
0.81009402005501885
-0.98955957592729515
0.067386328574730522
0.12740066095515498
-0.64232859035454559
-0.76635697174556006
-0.010534413610513053
0.025319592014268342
-0.89557277856352613
0.44419400778965507
0.6774681800952127
-0.0013131009212148808
0.73555090967549708
0.32367145254440327
-0.51293132523881957
0.79507122095856553
0.87337290128751333
0.47232061525689772
0.11888234393709268
0.7521955055060916
-0.25330450984163433
0.60830810186148665
-0.3355741617734862
-0.20749243332214892
0.91887805070317985
-0.23077233953394444
-0.55534842987609012
-0.79895697552508516
0.28157892044800037
-0.8760388487333105
-0.3914961648207485
-0.14756452964074335
0.050094540613417442
0.98778299569927652
-0.3918761894108912
-0.73271120687719404
-0.55638776001037726
0.31423400785032057
-0.065765395811570496
-0.94706488744123118
-0.7944545331643782
0.60728050129398325
-0.0072379197769888923
0.57354320938791747
-0.4695927454198966
0.67121594171623455
-0.91230588896241316
-0.35741379459901729
-0.19988332695558347
-0.31876917335733651
0.71746449662360545
0.61937945574721553
0.94694254581136128
-0.31358885636084538
0.070440358450215859
0.73854400072745807
-0.21829432753558736
-0.63788740821187717
0.74263760950380564
0.66814872278680082
-0.045460589402687338
0.78757383624993538
0.22027360476599095
0.57550585704921897
-0.22694471014968773
-0.4673377528911169
0.85445393278851245
0.55383104823079921
0.56412413778893455
-0.61240111624609672
-0.044033130560326199
-0.23643146574644291
0.97064990878176349
0.98113802330640776
-0.040068901366033735
0.18911018577991526
0.11131987056918001
0.56845335547393316
0.81514947651758163
0.42770486706349559
0.18749719023392958
-0.88425864448394231
-0.84818639001344565
-0.40396536348437107
0.34262491576197346
-0.51066897140160727
-0.73444750681647131
0.44699447578095847
0.35710074010316323
0.45423830442820368
-0.81617805913168462
-0.11765444136318699
-0.77565013373342406
-0.62010023582227247
-0.77541389646529291
-0.240922258476126
0.58368634945428932
0.26004220365278113
0.68553657762105946
-0.68001298006950628
0.8009676949383272
0.092670775355685187
-0.59149207861150499
0.88588803808776428
-0.30477340592615193
0.34973640790341654
0.92458220238714084
0.23034208118969721
0.30346379794325207
0.63019086601590124
0.45195902897581047
0.63134183174994107
-0.017472121804366705
0.31862904748253218
0.94771844714557896
0.21343013128739741
0.97324638761929316
0.085082595427271437
0.71861999071409155
-0.53992211620432973
0.43825725023040651
0.70177556875271707
0.61391704345953935
-0.36140962196889365
0.18125323636338372
-0.73788844512777996
0.65012914628918672
0.51084021726220652
-0.2371777784422951
0.82631045850859186
-0.66188112011005262
-0.51090754414283679
0.54853155258362052
-0.43813131337365496
0.81421541826270749
0.38091233230857763
-0.68884201245910426
0.6709695426724811
-0.2744021768812569
-0.45572876177311539
-0.8670548460199109
0.20131365995910835
0.60074063872776085
-0.48268911362872718
-0.63727694495036902
-0.64159102810821267
0.74213464425996278
0.19389977421385804
-0.53819843043215587
-0.79064886438778703
-0.29191920581329789
0.1332597475864703
0.03197528860798967
0.99056520259477421
0.38883559279575974
0.86152584631438889
0.32646607466541794
-0.1658768516126779
0.9038935176976598
0.39428590992224943
-0.48766652510710851
0.47043214449866083
-0.73544201519382135
0.99305234340246229
-0.044359855393169452
-0.10899195609023248
-0.42191377226539806
0.062617187767846888
0.90447103688776453
-0.52489426837370168
-0.37335522926131431
0.76491298839258048
0.10738554257220057
-0.98094403936036145
0.16191706793865676
-0.9240091829003616
-0.092187993558766293
0.37109082952750877
-0.54543286608118535
0.65491323849870264
-0.52305988054677377
-0.96768341298954075
0.17685232906500489
-0.17975557273474749
-0.95862257289818598
-0.25723293196782887
0.12195893342144527
0.47920910902437375
-0.85579304593851502
-0.19487660801477549
0.92773110273266202
-0.30669748727197232
-0.21272435761684005
-0.17895645632129062
-0.96458630539843859
0.19377266623215031
0.8202449006218242
-0.55765954221164526
-0.12733474774857001
0.53720498688456986
0.24852820736062795
0.80600529291839129
0.48313506943500745
-0.28314434880828204
-0.82849851081336556
-0.55162408416277109
0.83095456077144503
-0.072286843233874715
0.6659088958275764
0.70745044627672315
0.23681049073164651
-0.091355980788363433
-0.99136635249032645
-0.094057641498297095
0.045359056839855902
-0.56388984992952595
-0.82460341565449236
0.45658967646624116
-0.70756783811439572
-0.53932700823394097
