-0.68349554121422684
0.2099862758746133
0.69909914109844384
-0.79097960797845868
-0.49363588105593059
-0.36148980164920136
0.18283924299896348
-0.63062465943310475
0.75424289863043881
0.24433635817813523
-0.92767915526900979
-0.28233159396642554
-0.073223662201380116
-0.98278206968026971
0.16963990924538841
-0.81929776787303921
-0.24366959557142229
-0.51901473558302269
0.23155318980660955
0.40517409283090527
-0.8844303674055054
0.18150977701676757
0.11705903414420275
-0.97639714428737945
-0.68231311629024627
-0.70748610245215238
-0.1841527251369236
0.67356254969944829
-0.66842591986537547
0.31546835228673109
-0.77727758852926554
-0.057561802509742584
0.62651910526492283
0.69911774526814097
0.29401385357844467
-0.65175933607056502
-0.40084588015292955
-0.62624159926463907
-0.66868829787494455
-0.56158993034422877
-0.75794169152293567
0.33187519097895096
0.49718278045022002
0.85505766621185209
0.14726055234219793
-0.92943217449223314
-0.022010863015520764
-0.3683359267407284
0.69962160054114497
0.71450592652902578
0.0033010621237819335
-0.79677801735582687
0.075723062226596083
-0.59950880636196224
0.81598669661187551
0.41299267252184163
-0.40447838433679734
-0.1746567744526471
-0.23442377389324942
-0.9563161116343506
-0.25914898793127039
-0.82675218188072519
-0.49932217235934806
-0.38041218612690364
0.82585281880341277
-0.41623754073918839
0.62652298614531643
-0.53797309373866387
0.56396267451384274
0.19276075204221887
0.93931013591246859
-0.28379528016550615
0.68113791506402166
0.67625404048714044
-0.28059154190220087
-0.30085381365437053
-0.012218599799157475
0.95359199274562356
0.39330812838816709
-0.094054996150883405
-0.91458316945090046
0.47051557351175988
-0.19379166820685695
0.86084835157912865
0.053742961330927555
0.61565171964731913
-0.7861836008227856
0.17862037598149308
0.24175122812980912
0.95375631320686882
-0.5599613806387953
-0.040821250425388388
0.82751246377731491
0.23472882585272539
0.97204686328342882
-0.005222441445142419
0.076022837517853784
-0.8538291286170151
-0.51497218109412768
-0.22020411686519809
-0.49329351984050457
-0.84152935195332557
-0.60583385338308116
0.76238081016107873
-0.2274661346072078
-0.42127582771316419
-0.86707205407854504
-0.26591865301366335
0.96366078806524413
0.024280684331018366
0.26602318303841527
-0.09179484211020518
-0.72359639391750796
0.68409207397216731
-0.73823954249334944
-0.66677689442853061
0.10203406762182067
0.32305352210578731
0.66130165148668685
-0.676990803184228
-0.63899408741775632
-0.44875232842505319
-0.62474627168014529
-0.89910683877092445
0.26578419417304311
-0.34780117107787484
0.13533139684787324
0.82905993795378152
-0.54253574288453599
-0.14677093786166004
0.29046256432076634
0.94556321339581162
-0.52466537353377851
0.46088779709109373
0.71575742001545439
-0.71466755139871418
0.65255401974315352
0.25184031109974891
-0.036451297619128964
0.32794079344849708
-0.94399477694225187
0.10181611178925197
0.85567453861714593
0.50739980621049996
0.48279731926735026
0.44205430027727199
-0.75597271386911302
0.93873822436423715
-0.33469130931646024
-0.082172219061630344
-0.33902673019530444
-0.90701566340375095
0.24976681635744524
-0.45308807128052186
0.82878711022559215
0.32836431838311692
0.32714292345597396
-0.38500448314095487
-0.86298844464688229
-0.87810545880756963
0.16153095011860857
0.45037601553160805
0.90170654763952129
0.29430601783169569
0.31671638702799254
0.47466657211066005
0.86684365062541024
-0.15255730297539696
-0.98677192373310674
-0.15492513424595525
0.047742782815172344
0.11469701044389088
-0.17695109183595739
-0.97751363514443956
-0.65406369784815399
-0.14553116816289574
-0.74230812891301523
-0.93010095609184695
0.36329371655871651
-0.054128430477772486
0.16231381081348206
-0.83458378793166599
0.52642580459247723
0.24395262054029637
0.66948731690466889
0.70162229969928247
-0.075352524967531975
-0.49722984120745456
0.8643404896184298
0.37456688471501576
-0.78109833866019285
-0.499584861877514
-0.34578963929867762
0.92600679497372407
-0.15146267202245547
-0.023311807529546313
0.043109054824074622
0.99879836254465315
0.62823637492949269
-0.77646905484934914
0.049141266536469067
-0.010938710524011623
0.97821305020655958
0.20731515385434524
0.25695174272855392
0.92550938767911273
0.27822324709950641
0.3647694243905813
0.42349596974172737
0.82921313945346864
-0.103846063923223
0.92582425795038903
-0.36340808796484608
-0.34691515753061852
-0.29367008076449602
0.89073439202675919
0.18981910364637544
-0.94714056937671443
0.25863768041729701
-0.57758402264134079
-0.562361665287607
0.59173140376728062
0.51806470211541544
-0.82713323374385816
-0.21785219314593529
0.44245303694599886
0.1218696136331862
0.88847234474133208
-0.56699473428187552
-0.69026850367740389
-0.44949567754048897
-0.99038876774490103
0.082713746020206105
-0.11085361944492966
-0.40358726256924043
-0.050019003282720374
-0.91357288751498666
0.69684180698630827
-0.43008945087209721
-0.57396390155182653
0.94700721681800304
-0.11143355835540594
-0.30126382684761899
-0.59222943918887772
0.14578330648465765
-0.79247177798860957
-0.58414784376409234
0.63842519586839663
0.50118316602431989
0.60714254421957947
0.58430889947659082
-0.53848030696677418
-0.054536639862502553
0.99468933924515546
-0.087286157576925594
0.82334827195864912
-0.40583799128438919
0.39672805281824802
-0.61752228203400028
0.61562070404174296
-0.48956856511286501
-0.5111535521364019
0.41831577623464067
-0.75082218766599373
-0.087708429184136474
-0.70611095424857184
-0.70264824182532659
-0.28431373206991051
0.95017668949664169
0.12778873382924405
0.58128596441806613
-0.26068388841507928
-0.77081160985765718
-0.94026569789798276
-0.2592285492967894
-0.22068297756261424
0.44733621313734151
-0.84232207790908609
0.30063903519480389
-0.78440986041434013
0.61999598545720336
-0.017497111238904788
-0.88268610009177717
0.41066792074978908
0.22851062901277494
-0.33425101919153649
0.71737391758199442
0.61126992281845571
0.82020142232302728
0.15301667518661508
0.55123091707025729
0.85921028526276277
0.11262648370876222
-0.49907209986742584
-0.5599885334614223
0.82690955569589641
0.051316947400842673
0.67044569618069616
-0.0011860122855162725
0.74195765502327715
-0.97528679040495236
0.13488183230517461
0.17499305064946255
-0.058194610561337783
0.7135746438190933
0.69815801578157666
0.52436463653469634
0.57405773465303578
0.62888746627426151
-0.79476205360176733
-0.31598226396114543
0.51817804567222869
0.64934790638018336
0.68414247999927047
0.33210896335407819
0.62024082407921644
0.30066505623439532
0.72450110014071223
0.85078877107817652
-0.40090863517472269
-0.33975098712090174
0.77055234895282332
-0.61796800953970332
-0.15609169327297207
-0.24950220310106236
-0.96666100890003792
-0.057577291704950122
-0.25568858721009463
0.5171011096333481
0.8168413486023256
-0.76216508651527448
0.41724381204567806
0.49498685053923902
-0.73511244450850233
0.36046213411223155
-0.57417483731002161
-0.93065209125381265
-0.11217958121752963
0.34828497900823252
0.36682820206132249
-0.93015371368831845
0.01584736837102935
0.42536843770314126
0.79703841498863115
-0.42870905896470096
-0.51947443164023277
-0.85418737870399564
0.022588424797976021
0.20034887706304899
-0.66044402219893017
-0.72365324638342787
-0.45538246846948138
-0.33351015384597948
-0.82546822149145926
-0.3546948420090017
-0.76187706396490351
0.54197316211822477
0.19838281716799505
-0.36579953067232118
0.90930465808352678
0.95137640866439865
0.19353294928932591
-0.23964124556554625
0.83452923318509731
0.52477767127565922
0.16783728635195916
-0.21769045217063657
0.51530374822897096
-0.82889861508806806
0.43268977348273124
-0.47104716688504533
0.76869638121499895
0.99901907052891314
-0.035504828531215442
-0.026463255100527626
-0.75397305664572711
-0.54644487159641941
0.3645855621911982
0.45912400856026081
0.18132757342644368
-0.86966973954417615
0.23248328730903131
-0.078560427891148046
0.96942239518774598
-0.80006300758462701
0.52535965128744433
-0.28964878852461334
-0.065245519673212848
-0.23541501703229481
0.96970242441599408
-0.42921384866070994
0.23734456770987519
0.87146028497945538
0.66609259949526367
0.017351174711310834
-0.74566720836696287
0.63372449156145649
-0.65469013365879092
-0.41203652469776042
-0.90472185070134348
-0.37449008546460688
0.20306538048679679
0.96582112469998216
0.25638445341146393
0.038164998783786264
0.46886760360505741
-0.56404034967777705
-0.67972174764753679
0.86007744059647673
-0.12944110327394812
0.49346914489179261
0.83763360563344114
-0.53423680700517184
0.11384628564182334
0.94825110415464531
-0.25140640112212803
0.19394500494809261
-0.59537726728595419
-0.31426470708213206
0.73943465125844032
-0.11153809223694998
0.044649232698305688
-0.9927566166989743
0.41201505914034253
-0.71734097779296724
0.56184118095829327
-0.32728798216898147
0.24091274270748847
-0.91369777669036278
0.86600246737581676
0.4831635670429214
-0.12881263129583892
0.68524700355307455
-0.28190887909760115
0.67153847842656544
-0.87405931594984387
-0.48121011808505215
-0.066761773896903159
0.41037752948825867
0.78155420052526792
0.46985456785309948
-0.10432924855024582
-0.89086818043764915
0.44211909366216384
-0.38823763498399749
0.65493674010959213
-0.64832816168716045
0.74316698058061947
0.4561373200611829
0.48953200530924162
-0.088797417895957909
-0.95055941184291426
-0.29757658364169692
0.058580088932855212
0.49728602854580933
0.8656067114999485
0.08590485792107054
-0.99447206501926744
-0.060379361390086685
0.055569777756536438
-0.45906486656269718
-0.88666309728546955
0.81174818541559435
-0.16573720103444659
-0.55999648540661173
-0.34504697094370956
-0.54961812698474877
0.76083014026282336
-0.13282134601097359
0.77245983171884369
-0.62101875851275945
-0.17806506235541741
0.88485847010897578
0.43048614547365432
