-0.95727289597065623
0.19224426525211979
-0.21603412952037437
-0.34979210118500298
-0.4152417422137506
-0.83977364895063822
0.4495919952463352
-0.38558237663655709
-0.80572530594348568
0.67883974939517167
0.14165507167886479
-0.7204931889398789
0.81017911173443546
0.28963708163493701
0.50962747948987019
-0.65191757794135552
0.69944393376044001
-0.29288505441008411
0.27436159127004811
-0.13502632080772764
0.95209957983652937
0.17760757365474686
0.1631711695486785
-0.97047963358773803
0.79021566072089944
0.61277091169089493
0.0084272971314501722
-0.67014975427846624
0.53383912575179648
-0.5156695595602564
-0.51874597390078903
-0.28792041484332542
0.80498723547530204
-0.47008249169953731
-0.69807930064559487
0.54009975097912388
0.60977555284690521
0.75147181576828936
-0.2519203946808618
0.59355335704405066
-0.13009445118485355
-0.79421020272510334
0.89793631718618505
-0.41932016379614739
0.13371974615621601
0.17555067320600634
0.78398673409755137
0.59543829394486658
-0.84082123519728214
-0.52924561324833208
0.11366059694860686
0.64479330384641564
-0.75570999028940689
-0.11464731087822465
-0.93403066229562703
0.35620043540194563
0.026607737804193517
-0.422359490613537
0.2162881606346283
0.88024535912321777
-0.3843249988742829
-0.5358988644169248
0.75173579291991466
-0.81789833404582579
0.28354327210987007
-0.50064511183700877
-0.54877451265732724
-0.1941776708458825
-0.81310612247269498
-0.79243837340204903
0.60955192629167443
-0.022087858973290062
0.44075526978219148
0.58683265593700218
0.67923650232091581
-0.71261039124258796
-0.60273754661634127
0.35901793853789515
-0.22932401068244229
-0.32779413648439576
0.91649413648477229
0.86243727422173244
-0.34632711608253802
-0.36913341314346049
-0.75629835817180213
-0.48554035093057646
-0.43847846132375656
-0.34518673206366141
0.33632174283069527
-0.87620420297241997
-0.1257065184575015
0.9886386479067123
-0.082410527740583106
-0.39013689053240258
-0.9190057521366557
0.056759441377163128
0.17287986437069475
-0.58000549489388142
0.79605664270080301
0.25080289979195725
-0.91431196770208745
-0.31801184124601795
0.65081491211290066
0.70609682118784522
0.2790470019188479
0.58649351929761029
0.8096576987087627
0.021903487017685803
-0.91929086297056617
0.24381673885548036
0.30896230694489296
0.83589155972082541
-0.53316328783921652
-0.13046918750403355
0.73616496457697222
-0.66052128936695931
0.14755599351566445
-0.44289331838341678
0.57440881701005753
-0.68840396532300108
-0.29303892687362432
-0.11501447232116002
-0.94915744663013613
-0.25264476345542097
0.45899193069694738
0.85176113497484907
0.38500622144501467
0.90216212414438957
0.19461169339974219
-0.89659865159348995
-0.25019471238511387
-0.36539494229568364
-0.48367898248305713
0.088450760687667704
-0.87076466673718889
0.8872379699866727
0.018405360733369732
0.46094471177159912
0.11229145827593243
0.83223736148239147
-0.54292872695326377
-0.73577222154563982
-0.64567938559268612
-0.2042972565220724
-0.81078317642666775
0.52733707339388369
0.25405954390232371
-0.1724603795646516
0.76654641352517117
-0.61859842660009534
-0.15314325075476906
0.1711644962064994
0.97326761992097377
-0.34768925118222671
-0.06493545006012158
0.93535852588076196
0.79687883431984841
-0.14774442474599012
-0.58579493713202735
0.36646936266259195
0.9216149594880324
-0.12777352103446951
-0.38007475180481048
0.89832614290442214
-0.22034818813635729
0.93084563958223498
0.36540664445272047
-0.0020927160684175751
-0.041788418464243117
-0.09247183148478591
0.99483802121958853
0.96305815743953338
-0.25275205472352669
-0.092926768060696496
0.67540904642812616
-0.40144819798208142
-0.61859677039246563
0.31496441165520239
-0.85490933771013777
0.41222256571748461
-0.21882944691735692
-0.96048464858166605
-0.17199684008957025
0.35612986126593721
0.65930389252049171
-0.66218569844268926
0.18405292317856842
-0.35035543214056364
-0.91835482937643598
-0.097969137589812905
-0.32174349969196653
-0.94174474699138833
0.28496545641833021
0.42814794129980605
-0.85760365496482749
-0.052199304957217245
-0.77519904196520273
-0.62955673127861578
-0.11323664168588363
0.96707785336200669
0.2278988558910198
0.37916373456464125
-0.39381538366320046
0.83734360090777582
0.94823462029506667
-0.067343760381355491
-0.3103480671948341
-0.65674795188865165
0.24134472043339658
0.71444723640657115
-0.5075907885193508
0.48191228554348431
0.71422135255994612
-0.26728216329554827
-0.89536384307013217
0.35620757109687512
0.3405878314528909
-0.10583518149964544
-0.93423703813494485
-0.76266704012604103
0.40196947371614972
0.50671444434291113
0.019870537775157959
-0.92479579720205507
0.37994459491607646
0.48084576575377302
-0.6223677390649911
-0.61761294264919575
-0.18427026423682408
0.55948423455992213
-0.80809768035614926
-0.50105427917166712
-0.84025048748641074
-0.20718042282660354
0.85575789035792438
0.11752783248339903
-0.50385081292175049
-0.84739741407827618
0.45994549553117398
-0.26526922881109588
0.80236181386238925
0.53225700683435873
-0.2700333281859591
-0.5967288760074998
0.6413219142352744
0.48230783827388629
-0.77284058630590979
-0.19317669219797098
0.60448341064895073
0.89362804387674211
-0.2534175842845735
0.37041658598448129
0.71021104753607733
0.06532828384123765
0.70095112760310641
-0.52559816783140934
-0.80268115877531754
0.2818679182159245
-0.72076721922060905
0.053022368134519431
-0.69114632616718574
0.022552773041708433
0.38873700197502775
0.92107269839225858
0.46248182322712333
0.092826082229719525
0.88175613501829242
0.11948606374516507
0.9565674349181803
-0.26589814407915568
-0.99393356765058116
0.070810887553784577
0.084153914354788695
-0.070651462825116099
-0.57149465949615086
-0.817558698178944
0.59846812538902705
0.33270141192650676
0.72879741588143188
0.76339081002539855
-0.49843924374886078
0.41084399893369478
0.18413043222360082
0.57991535938004701
0.79359571564132136
0.8404752745034052
0.46903800989656275
0.2713017844038213
-0.37441498794546008
0.84822796562551472
0.37459676337710318
-0.10815386106813346
-0.58086221514154679
0.80678487179477432
-0.9005941234157514
-0.4130596391886695
-0.13532168836642661
-0.081237511652781091
0.66564497897785924
0.74183369339901883
-0.33129524679480127
-0.66065051739574221
-0.67363517820546603
0.95211498684298601
0.19347150127086604
0.23674000512160534
-0.75391640293871331
-0.2267265799100307
-0.61660774836378107
-0.89452588141555456
0.018555476326646666
-0.44663087866382079
0.13491880083627716
0.98972717957632372
0.047297221787291822
-0.33973288166248472
0.70047898470873715
0.62762310433788282
-0.61487103555373734
-0.026282704768880085
0.7881895895449943
0.37181742623842612
0.83102004968455478
-0.41371183034536579
0.089845367658988984
0.63839830775673279
-0.76444451110826939
-0.93720685448574648
-0.07061684083750179
0.34155025061484534
0.097215437369412322
-0.78345292978981396
0.61380018372498946
0.50646950408688673
-0.84511574660896938
0.17107897668488459
-0.6529516301417142
-0.45740028608674244
0.6036879549759494
0.16156546484409098
0.1307744776640144
0.97815879925573279
-0.61742842474594151
0.75320693783309034
0.22685116071081615
0.39793497736135691
-0.91401596460904633
-0.078883269659738506
-0.55177638162851816
-0.6947615758922987
-0.461355803410545
-0.58507940617541176
0.80978647648915858
-0.043908438422483938
-0.60925902076501426
0.32423724836378054
-0.72365299169556407
0.99517201951908418
0.077148863868780143
-0.06066880887296363
0.43147962035645798
0.77803391872254424
0.45660547361402531
0.078021341535975258
-0.99205884543549894
-0.098650481286770189
-0.024068508253591078
-0.92162691445047429
-0.38733001106413767
0.55363625257214566
-0.17288375721322255
0.81461531186794589
-0.57529857312912502
-0.47149583903958941
-0.66837356734385178
-0.30192674190668967
-0.84464524558474818
-0.44205729451360909
-0.1425825519866416
0.91408624976012232
-0.37962684819234288
0.23461370286453323
-0.78783957555938955
-0.56944289758552047
0.70455113584777063
-0.59262174526192524
-0.39039360140546114
0.54317878679820641
0.41746305216672941
-0.72847882992443025
0.59453196072250214
0.62475855833925842
-0.50617041741029123
0.57586070622470775
-0.70385844705686373
0.41589389696541712
-0.42991753320893317
0.76846091366585279
-0.47396069331473945
-0.0042291610311247741
0.37823584243757408
-0.92569960661788742
0.75714874076899485
0.3874194625481836
-0.52595812037728051
0.59903812797977452
-0.46350410986077678
0.65292975224648497
0.92357323928751578
0.26819063783673724
-0.27401871003398498
-0.19222395859551486
-0.77235769018588851
0.60540362416538995
0.44945682360666805
0.16300481094248975
-0.87830404492009917
0.39239312240424595
-0.66545965395625539
0.63497329585287865
0.039159395781821059
-0.078950099969208445
-0.99610914233172987
0.071017231139632112
-0.3483179335720491
0.93468238992363462
0.14879430419483952
0.92530421066694524
0.34881567161065874
-0.98479501890708399
-0.093896699859606997
-0.14615806680190754
-0.83018606491464031
0.087701018973451325
0.55054484730361675
-0.66149838922899484
-0.74872556835427206
0.04277738117297003
0.75487961621778554
-0.22248747290744703
0.61697332958414564
0.21719236524904659
-0.59528211818600618
-0.77360627986431618
0.66531283275736108
0.54267748416620432
0.51269872512754944
-0.85855254407360015
-0.35184819531366851
0.37294822230339625
0.98262939649650338
-0.0946808341199354
0.15960892453516129
0.4974827660338399
-0.78482708382120159
-0.36953666394557994
0.33841965686982389
0.34942787148642429
0.87371179371265073
-0.10570630841259115
0.85588274457966762
0.50625181865604951
-0.9630259593357976
-0.24709670649139462
0.10735091656093403
-0.15938009251464888
0.13835790852271077
-0.97747382331152122
0.21567053205490877
-0.96382193555339313
0.15663172778611403
-0.10631083198223018
-0.98708103442746919
0.11987092423454149
-0.36289371042002644
0.92708429799436887
0.093930076918281868
