-0.42129060773151911
-0.88030797086966839
-0.21811029379773536
0.0051961283814426834
0.11736660028741915
-0.9930750633193931
0.49212689011627275
-0.38122729426070973
0.78260901741236288
-0.63097250091796508
0.66975066525571547
0.39154533514633438
-0.3363159854880145
-0.52693059472466186
0.7805355252955114
0.85766729095986372
0.027331862690613253
0.51347812738171228
0.4070321675753647
0.12511765668302613
0.9048040597527448
-0.051353762472964554
-0.80761958896051722
-0.58746352278853486
0.47926095557382453
-0.39601483047430608
-0.7832504008979958
-0.31229041633491844
0.22487547901788371
0.92298738604698216
0.83554700345392918
-0.29208845102087616
-0.46534454095797129
0.57816270528645175
0.03787412966990409
-0.81504198451220822
0.36924935487337801
-0.62818534993887365
-0.68486354848814146
0.21087957994406198
-0.41207584270437431
-0.88641034663529039
0.31589597871597835
0.57912678137884255
-0.75154634036821466
-0.16297553491348046
0.72859289559985219
0.66527540725709045
-0.70606659725610033
-0.58368145764328228
0.40098119188137132
0.53977058787959442
-0.11006834303674447
0.83458532956268938
0.17657754737567644
-0.95325419873367911
0.24520767190159884
-0.34919296369098696
0.93538754544885239
-0.055806934406720889
-0.64463731351542941
0.66259477626271535
-0.38132780713314385
-0.70981441025894676
-0.020640108684582058
-0.70408627944466595
-0.76782894710420135
-0.30966230599675793
0.56084575797060621
-0.091742007204470427
0.89259103403437512
0.44143476310270341
0.37391427278101919
0.90835527495874469
0.18729338233174478
0.78778556534462763
-0.54579606225668964
0.28548303182454993
0.81623908350643537
-0.0077756647347511894
-0.57766192326871191
0.10256431989959865
-0.69791142361196956
0.70880195053022155
0.41921561057121293
-0.90788595522851367
-0.0011679692694301612
-0.26728366918147767
-0.27522112462206599
0.92347862603887676
-0.81044428703942717
0.19883069276655135
0.55104120827677483
0.23044349381600993
0.78960541611618573
-0.56869946632457458
0.017717268234703314
-0.24748919645606809
0.96872864933573088
-0.22124184321192225
-0.62662267754625556
-0.74725903594199028
-0.63312781953232977
0.76919970919514513
-0.086492609559093769
0.13674288784422556
0.055255704297472341
0.98906430011734414
0.96519242955625406
0.20178262322971025
-0.16639515284356202
0.16747360787058632
0.37094559899519131
-0.91342867989400667
0.82294003449973496
-0.56743101229755299
-0.028137979681375058
-0.35221022970444699
0.76214028368261388
-0.54322200073241289
0.99366103079951629
-0.10363477878587617
-0.043561318809756916
0.11304393706075752
0.93252371927424382
-0.34295857079935282
0.35334226802653668
0.59051241900965901
0.72556483143908235
-0.67489894488570978
0.45049368069545348
0.58443721463098042
-0.18119407761269962
-0.73601577546540053
0.65226488829627194
-0.079197523742057185
-0.41419018843667377
-0.9067382422926249
0.73503310532785138
-0.1925976772221851
0.65010189109147709
-0.11796387984681389
0.38718822092681066
-0.91442320870974059
0.52743050341539643
-0.72128554179140525
-0.44895905299889055
-0.89881760268275823
-0.33649933210108718
-0.2808827452926605
-0.9729228277234987
-0.1142907600102647
0.20089498119860358
0.60468460812156399
0.57593543708985595
0.55014079743733513
0.98441920289607665
0.14340025920004426
0.10176049641591392
0.57590789562663103
-0.68868920957253021
0.44049661562067516
0.24347494818168208
0.96710708510755916
-0.073646694037733856
0.067604521240146584
0.55838332168550997
0.82682385958035021
-0.83832082216884307
-0.18444816836935421
-0.51302736018982975
-0.17757019245672345
0.92220717768288041
-0.34351528085524541
-0.26969001290400585
0.12842224170309044
-0.95434533832140145
-0.51367617470162386
-0.56230890846152737
-0.64803200461760579
-0.056048512054039178
0.81006628867410313
-0.58365329798630683
0.75328549738799999
0.33486357308749976
0.56606302373851114
-0.5797486631566211
-0.50220733537691953
0.64162238104801583
-0.029643512350256938
0.28768740922386066
0.95726548916672183
-0.18875855287136939
-0.15127708328740125
-0.97030173285940446
-0.095014600316557826
-0.97810837754456226
0.18513840094326417
-0.36526843756295652
-0.39410837084824557
-0.84336087207532828
0.28504315201815317
0.092628183515863868
-0.95402852216592948
-0.53906703768002173
0.56081758128022163
-0.62840303103493067
-0.060708341760336869
0.9936530478212845
-0.094700146759033141
0.062949404878962709
0.98523022181069353
0.15924441106750392
-0.39976308013973377
0.39369877704866557
-0.82776249776586164
-0.20594715018555565
0.50353588770521951
0.83906935417959627
0.23325701269791957
-0.81387905686466389
-0.53215791530740941
0.94511008954107734
-0.052295273412620899
-0.32254011072478428
0.93204235205764463
-0.34214341054224595
0.11931027027617379
-0.77207224986264233
-0.62258580613225056
0.12763759240401459
-0.8476234165035158
0.14536057411619555
-0.51029878236922865
0.084039963044602387
-0.63631728539466026
-0.76683609521163798
0.53219426564028038
0.84587181877067497
-0.035638880863363497
-0.98513973285200063
-0.15445384309850901
-0.075124677093416262
0.90422249295253121
0.4192316547267439
0.081403334782954431
-0.60117017121731919
-0.70827832587054596
-0.37004896749019006
-0.44591432461171199
-0.72060632142620085
0.5309302634307822
0.088334452647279779
-0.9447249133704162
-0.31574018200534004
0.67344974540194291
-0.46689948295052003
0.57312329671598172
-0.4360338264669083
0.65039125524165431
0.62198530310756661
0.66236900003272581
0.70513022224797239
-0.25309815777316896
-0.88433789025197973
-0.066326186833830181
0.46211181850798999
-0.52411087760057629
0.13897435367240912
-0.84023444168999051
0.65106317962442017
-0.49448853781001489
-0.57584531092286695
0.74999257792625851
0.66068839967147608
0.031653934906562584
-0.5349600503855203
-0.27474665792461789
0.79895683140628726
-0.0090970086727419006
-0.88095456831820584
0.47311340394507101
-0.46572389779034823
0.42101478673167531
0.77836225523868219
-0.23884348128795832
0.61482242765884598
-0.75162967869419028
0.43725239958814394
-0.85698104440107492
0.27275232096474095
-0.78868661362050019
0.42972592036948998
-0.43966926076133933
-0.44279986597651744
-0.025966997665241017
0.89624438281276364
0.09845723904212772
-0.16064738847320506
-0.98208889040500835
-0.67113335359126103
0.31055647150131566
-0.67315280561400015
-0.51985601512405788
0.83734188352604577
0.16913986411366516
-0.78686118627787749
-0.58843474832857778
-0.18599467865735964
-0.1863498246402765
-0.9120570053141982
-0.36527491279012675
0.85743683656311021
0.47715119297638897
-0.19268837626036259
0.25045388772837868
0.35457874364318753
0.9008589038679472
0.96023714189578491
-0.079982647653333155
0.26748347126164107
0.145997866517182
-0.98853324379494534
-0.038557086050095161
0.36716766987703181
-0.88839880887715073
-0.27556389201550119
-0.91744032435951506
0.39297823193413428
0.062220257674085587
-0.91329744175026073
-0.40677499640794057
0.020539843956293935
0.60394194898682396
0.75071613590400921
0.26773009832170458
0.40035297789514429
-0.62407097398675326
0.67100887663108844
0.78319630939267471
0.5322866605008052
0.32136342667857276
0.44504117171847113
0.29964769182817697
-0.84388957586730284
0.12904004121466209
0.76014422665920067
0.63681192077410431
0.92094497399234676
-0.33927869018950052
-0.19170374347292382
-0.14854267298469237
-0.0062245568893126582
0.9888864086405954
-0.6087286831833888
0.18610085928099093
0.77124306184541735
-0.93003286262642559
0.28319653533705785
-0.23417642239982825
0.67413518881632406
-0.21083335094725242
-0.70787784633221273
0.41397203567544272
0.76825341930733537
0.48827639447480736
0.86061596181488043
-0.29694351622426923
0.4137205753184332
-0.63633939979597265
-0.30654821072269439
-0.70788442755157144
-0.94294332340149634
0.17522556894285596
0.28311462138362509
0.2190255340811936
-0.4638402662704425
0.85841716129549328
-0.28495596872836004
-0.8829585929984064
0.37307401267892715
0.50013446565747643
0.70518774723992994
-0.50256915683732839
0.67548414273823365
0.11529417087548124
0.728305174409278
0.28975257165458435
-0.18619017956274347
0.93881662972805724
-0.37510129594184677
-0.9237141107845227
0.077789840726831219
0.90341485602168647
0.25540950120598627
0.3443945188486961
-0.14373254929210064
-0.98509991181510359
-0.094441082246387933
0.65568730939319331
-0.74465180017803512
0.12477118574545353
0.76565907891337281
-0.55813803739374279
-0.31976257769130312
0.70733655761281555
0.24383707056945267
-0.66348962107975729
-0.3710036279936112
0.82971214135283489
0.41705403787431616
-0.55410346485177164
-0.79165479782251791
0.25739469948670224
-0.067177042149290586
-0.50998296101716956
0.85755735929454435
-0.8797860542929874
-0.36608403951446161
0.30324738199092627
0.56492944730983419
0.48608088884100153
-0.66676839237155439
0.74105435375043116
0.49900613310277037
-0.44925641221172491
0.39146194013494118
-0.16105688763271311
-0.90599019220510957
-0.22398127278157756
0.95598581890571122
0.18953496641601839
-0.9524326937821026
-0.0064016017625493889
-0.30468177383926548
-0.737856987554382
-0.47488202247270123
-0.47963958411437368
-0.81860630442852
0.55155163591506084
-0.1602326785312583
0.042931187381616318
0.61960019127168731
-0.78374263385762877
-0.76062782700702769
0.63523564813189515
0.13386926504996613
0.18551338374568185
0.89928192309046406
0.39607676939444947
0.52635748519923897
0.36672794988803575
0.7671104278691897
-0.46278363487084684
-0.1332359580327544
-0.87640144156820099
0.27357601269802545
-0.81773938618129094
0.50641728008046416
-0.6183048973652856
-0.7845168601704634
-0.04724775129443997
-0.99239196360444792
0.12307380006284263
-0.0033211912621238793
0.62492510415360769
-0.76230451259266185
-0.16840559456106849
-0.70802424782712337
-0.062563727348053225
0.70341129114420298
0.8729189294470121
0.24199225611259492
-0.42361809521622029
-0.36469616736930577
-0.76718019455726971
-0.52766585504958441
0.39621582642713832
0.86802387166239248
-0.29924501184295482
-0.83148438316499562
0.43662460325345109
0.3435006206493566
-0.45007406370478692
0.84302903631753723
-0.29450871142596785
