0.3552027694384905
-0.58915244945301304
-0.7257619333409141
0.90632245977379733
-0.36967172472009702
-0.20474963944300906
-0.038933556673874117
-0.21792759242547088
-0.97518805500496153
-0.86795696484011009
0.21154016254019603
0.44933447098793944
-0.90784649927762406
-0.31439330583156966
0.27743752990116555
0.080283737964791338
0.71504957192007512
-0.69444843661377631
-0.40757777993711408
-0.080949628267449114
0.90957545645476567
-0.71122005050378634
0.52285778549383966
-0.46987846929804045
0.49025333672043431
0.35271194966345415
-0.79702317808146939
-0.40898871350639376
0.79871762122869117
0.44133705233434228
0.21833669435084516
0.93065420946439281
-0.29361851151818041
0.82169309104881894
-0.42546672092176036
0.37920777089970392
0.13148958612842543
0.99108362665150684
-0.021534477543511482
0.13788453895238112
-0.43217049415109743
-0.89118826176239851
-0.13721286688718767
-0.48537990154958449
-0.86346915424484871
0.44483513397140934
-0.59753780190251371
0.66713587737592883
0.22573713991816866
-0.94808026424661584
0.22402356172427995
0.036590555276719332
-0.85810008962263185
-0.51217708602999068
0.61217093563585923
-0.78856639916386062
-0.058393318731335429
0.53160971846641258
0.11297885741881993
0.83942056503781193
-0.13443330074731824
-0.2444502087347715
0.96029775752092006
-0.49754757747975098
-0.71330735395599565
0.49359804186840861
-0.28830837760439126
0.67494797308969467
0.67920800424114314
-0.78307247682086589
0.25252150273647844
-0.56835762218988961
0.99054850663029193
0.088651108436052034
0.10466440171117412
-0.071812524680039028
-0.72465556603286119
0.68535922837346563
-0.79457628172659844
-0.26540206778858683
0.54608632553020009
0.70926518069264155
0.60529927537988637
0.36132491013161422
-0.55974234450356264
0.60107883465316669
0.57043206633362242
0.68775415876743196
0.60301314191042021
-0.40418976704194981
0.27538608951605503
0.20449215719265595
0.93933245411182809
0.66318093818010415
0.12993171357958444
-0.73709483313942015
-0.08354384610614711
0.96776858132727928
-0.23758029963272989
-0.018476947413399229
0.51532802687940893
-0.85679380665762161
0.79109984490201535
-0.40017657442092308
-0.4626226806812897
-0.92543059117256299
-0.05527842780282833
0.37486333021735807
0.64318012759929133
0.32140698375135607
0.69499415411729526
-0.76000237271203608
0.50553728087627359
0.4084463870770545
-0.63090748920456519
0.72599749408505254
0.27364827543365916
0.50787620889774177
0.60284021926092468
-0.61534171520960423
-0.53250219571228374
-0.84639437216736413
-0.0076143499400773461
-0.16739582283978402
0.48849510070398178
0.85635925585235462
0.39050110215448758
0.1086953653923762
-0.91416311824441288
-0.56132382237731826
0.43292204098302756
-0.70533259733462383
0.20120347793076951
-0.74421166507220504
0.6369192712102677
-0.088298905064970637
-0.96553121279020171
-0.2448525688903615
0.64686705278349155
0.75449567453764577
-0.1109021781895308
0.86987571698904587
0.33811924631260015
-0.35915402303996613
-0.79289825724208729
0.57404877409019484
-0.20440244281320363
-0.91325237036873519
-0.40517089182390331
-0.042504781313509092
0.47688155073563432
-0.82479653449195656
-0.30380036744223221
0.40676742597835602
0.4214059933030343
0.810528993911523
0.42994823804751808
-0.36437952092247761
0.82605815614406974
-0.10323952808617669
-0.5018433295574295
0.85877521646776511
0.8506610860399435
0.10860467333672441
-0.51437412612491262
0.40835450933936701
0.9103297012017878
-0.067427218629191599
-0.10845344879047057
0.27516000133611168
-0.95526165164847043
0.48922157558177726
0.80254871952351459
-0.3414349173363066
-0.094727967695097948
-0.96876194169464203
0.22918750502674312
0.56163687763376069
-0.63206758343077052
-0.53390503617945584
-0.69241800540492138
0.32833768140168912
0.64245752603797324
0.20224928881342569
-0.93856289984410735
-0.27963352483327819
-0.49463109404262623
-0.063749786682475149
-0.86676181590107759
-0.66511217253312493
-0.50662206697530532
-0.54859810353476057
0.58592389014231316
0.79333340379941153
0.16527342610516044
0.2868515489555109
0.55049489610895808
-0.78400992227127553
-0.37900410776811772
0.23461305307522731
-0.89516065687764301
0.32786853087744472
0.92081203528262068
0.21120469251165799
0.81077751788549735
-0.5828482981412032
-0.054108020157231575
-0.0016430046257617037
0.87588389219330676
-0.48251912701166921
-0.90529942637615213
0.023650196298182064
-0.42411509854998986
0.30677562584807899
-0.7917010513049868
-0.52829741694248167
0.55336623192730794
-0.11022667117190216
-0.82561243590738997
-0.82138627053517999
-0.48456299241819401
-0.30087090413503503
0.80189636022732103
0.35970551353877422
0.47704734669001286
0.30065805248305177
0.67009435872854217
0.67865918241580048
0.98813167494452692
-0.14405617753589792
-0.053325516266320705
-0.29737461505903318
0.85568607002233532
-0.42352058732512987
-0.20021694834486542
0.71955047990816867
-0.66495133691074992
0.95183300721047093
-0.15520275350276735
0.26443530719219566
0.76586304598843225
-0.14381082122098673
-0.62671543980427524
-0.38173324559113969
0.9103908532100573
-0.1595876674493325
0.7080328715567612
0.37889480211872117
-0.59592632239438958
-0.61045061790333444
-0.29316046845889221
-0.73580363062056164
-0.58060896111297466
-0.46273013385641415
0.66990600646399445
-0.46661168631728828
0.66671150600924123
-0.58117923392618387
-0.57247140603553481
0.75071333480512881
-0.32970589654639265
-0.16395175913859042
0.029712071060618728
0.98602079770593609
0.29927729687767285
0.78616312222337892
-0.54072233616670751
0.97086497111001935
0.09263018165093384
-0.22099967719174701
0.055659320320781448
0.96434750714150619
0.25871978187102601
-0.22440747535062819
-0.0026008265542847245
-0.97449192952429931
-0.81433397790308804
-0.55320651294743306
0.17556402383482375
-0.63167374839632184
0.77353109007508614
-0.051360765903450394
0.83122542040335301
-0.17825267369115527
0.52658359715929592
-0.61842280000527183
-0.18862124103837172
0.7628730352180394
-0.98598901266534411
0.076009756502004783
-0.14848630852615985
0.403165067975573
-0.34340148259821396
-0.84825311653633195
0.63147831839707036
-0.1547519284313672
0.75979403395998135
-0.3278893289861316
-0.28082333833224343
-0.90201266098927835
-0.22049282561318723
0.93169702459927928
0.28865822040254241
0.66496911709612649
-0.4066317675724786
0.62647161061717693
0.37585073047105105
-0.81645278142545319
0.43833900591553421
0.18454682277952805
0.8516636441480977
0.49052166867363151
0.94534098535265698
0.32131447509163436
-0.055564642616101487
-0.75039965562001187
-0.053305264147114194
-0.65883146984610097
-0.44496327843566075
0.8866715066898585
0.12578282898760487
0.11004190188527081
-0.02095106650313263
0.99370610979396412
-0.82470692445621518
-0.26928750172365146
-0.49733563130888275
0.14822690243451825
-0.29881835638878923
0.94272815555692946
-0.40539517047733781
-0.87966526755821961
-0.24868408233213538
-0.7729508911259263
0.018005438018561491
0.63421031536028827
-0.98726167613553917
-0.14943957543836575
0.054609487516792114
-0.37684287037464026
-0.36632473485009026
0.85076179961538778
0.8223437306264505
0.54270473648560313
-0.17094548164682208
-0.23676355392790197
-0.84124493051579186
0.48605553840369947
-0.012458424993189063
0.26769336508844122
0.96342360876943212
0.91764611652834116
-0.13953832043294817
-0.37209496361978089
-0.98296064707910857
0.11039359145252207
0.14697490010213865
0.56144897462476862
0.57301101216690919
0.59702045930457881
-0.90441146904305125
0.36568272026534493
0.21980910527711811
-0.89272229718427554
0.31246091579686075
-0.32467687969644049
-0.57306132014235434
0.13070564269446816
0.809022100022322
-0.37797675266847897
-0.8919438645488591
0.24813245844878457
-0.94860701744382891
-0.20187072742074577
-0.24370665946367179
0.61893448015099228
-0.39089729436063647
-0.68126310228997056
-0.80049893599981936
0.5927481241192053
0.088606516782459913
0.37536299742648344
-0.10283147220097517
0.92115596317235338
-0.74317916151989094
-0.6655687953577939
-0.068577784511945905
0.91740779990635646
-0.38229773850974808
0.11050505780873099
-0.4571580975980406
0.43700819916578243
0.77461623250640721
0.90809527566373938
0.3538583165122175
0.22393584383107709
-0.16179408595757955
0.98652811643249638
0.024185723832505324
-0.30333411605736033
0.49912308707436309
-0.81170472339703525
0.71264631727942263
-0.63070880451822398
-0.30715082674684335
0.76789357412981429
0.074338067445873707
0.63624940906734995
-0.10198007429822328
0.84611011931529234
0.5231612853015698
0.7377369214706222
-0.64384762777724458
0.20298883443348278
0.25086402156340332
-0.14133789259972782
-0.95764860089727277
0.9146163651821636
0.099736533221086207
0.3918284426659282
-0.62825596724305011
-0.71153493625853081
-0.31466247648403856
-0.42337293122484232
-0.50917716315006145
-0.74932901827737886
0.013845242562628712
0.69264168205838872
0.72114895100367993
-0.25294682986263073
-0.9674203954352687
-0.010755452492285749
0.51300437680487521
-0.83450125363665573
0.20108248819300903
-0.93442502831152108
0.35163568431895159
-0.056588090430369081
0.80224636355494039
0.58811005867384814
0.10260278285464484
0.054221579753707935
-0.89184868365023273
0.44907231684925714
-0.72591022767646995
-0.52690292951066175
0.44207198987017765
-0.32645328083699615
0.24046225664414017
0.9141149591601534
0.18062978615877034
-0.54069014305843055
0.82160029792575595
0.074300687529139001
0.065049079315244979
-0.99511206661005591
0.61643385965891573
-0.64658508549907556
0.44937403560526867
-0.46060262002160596
-0.70526263585340188
-0.53893398565904516
0.35688426697494474
-0.93337658574294546
-0.037970635662292612
-0.19640095647750846
-0.69727940666618216
-0.6893678940406035
0.13852027602023717
0.48366142682203395
0.86422436747395148
-0.33669168453313375
-0.62228717190482774
0.70668053974121303
0.065595640710567532
-0.99779529791482968
-0.01008738711592796
-0.62286569312199758
-0.74418825092027929
0.24129271751105336
-0.61588443514209057
0.16508028493179641
-0.77034723474323252
0.19887828934797128
0.3188645906042748
-0.92669995083888546
-0.2355204332952095
-0.85600341981150629
-0.46020459664310492
0.45752628895833897
0.77883435065467388
0.42905331737713331
0.083932609065983654
-0.67569185222493378
-0.73239049555016422
