0.3991405964706255
-0.17889801841543057
0.89926763716710367
-0.53338171794053146
0.84317191686148429
-0.06756523945741269
-0.89130996759367342
-0.028139734979036057
-0.45252038294807695
-0.750367116832237
0.65476012390769422
-0.090765467647430348
-0.11151390230687129
0.41838501496507025
-0.9013981522307285
-0.80617156582180327
0.26785628571565057
-0.52757977279558155
-0.89516646169811398
-0.18625960430204402
0.40494983103604942
0.65823747347143435
-0.49818579238193889
0.56438846974997858
-0.59735300634914779
-0.79525473866809127
-0.10363052847294126
-0.47676526133005886
0.282212661243878
0.83249678643375491
0.95295213447921379
-0.011587469259565253
-0.30289925709329346
0.45075062043496927
-0.10604195113723396
-0.88632893599188034
0.53602486938920935
0.05359015319984009
0.84249951624692265
0.74995858285746464
-0.46223739008849746
-0.47317937317955622
0.22438680251160426
0.55323517455606286
0.80223525507954396
0.13419699327133189
-0.97346945501106807
-0.1853331787818577
0.9063841078544097
-0.31690032445990179
-0.27936004257261776
-0.60061573586143679
0.30991372182499566
-0.7370306797279228
0.91162157797149845
0.28741057670253994
-0.29383883163439872
-0.13880376987462681
0.94948078954160808
-0.28146002160171235
0.090926096581533097
-0.1740076935156602
0.98053748911390726
0.82555455470387462
0.50759797353317193
0.24658461929468434
-0.69265519611922532
-0.49202537056688062
-0.52738962258235722
0.63759099442581035
0.24497841620257857
-0.73038571961805376
-0.30249375496077108
-0.061215130163788552
-0.95118359744518477
-0.19971807879350217
-0.19364189568353235
0.96052876335855786
-0.2718364946282123
0.96152711975548777
-0.039629763599621087
-0.38069518981229739
0.90136588655128835
0.20642362029426076
-0.33953578253754674
-0.93960811097712482
-0.043035452392356781
0.98674498047773274
0.14857805343912261
-0.065260290669289997
0.65144601877222919
0.2794721405192796
0.70534630310180568
-0.15583933040880199
0.65354254122263788
-0.74067283594714928
-0.18623859763853848
-0.82638005994587416
-0.53142373043879398
0.84054094855523975
-0.16531794428532995
-0.51590783198080092
-0.31308037685067996
-0.4383157074937038
0.84253190930393251
-0.54091446795709774
0.54536666179915838
0.64030207133253325
0.61580766090287786
-0.77595196824139845
-0.13667284937260163
0.4642373342071367
-0.46154043416646334
0.75595246223402435
0.60450492787532195
0.66331050093104815
-0.4411269335792749
-0.31671470624172499
0.5057628184522156
0.80243115986450142
0.71000255528082434
0.49424544007489168
0.50161520756440048
0.60558797100360784
-0.70558972079260118
0.36797602542496222
-0.53913506377181741
-0.20824381695280153
-0.81606856066919176
-0.62847205628801617
0.75578237930405212
0.1838909176621254
0.43577630199029388
-0.37338909068820286
-0.8189503047063974
-0.1832843849992063
0.29971498470231905
0.93625731621192232
0.33148596956854648
-0.86894602024424561
0.36749131402100915
0.36542279444502723
-0.85967631698742564
-0.35696331927933805
0.20105596156237132
-0.27995642719348052
-0.93872301516117718
0.42027665802990372
-0.69689762649196907
0.58112066638958493
-0.13210325187268995
-0.9558679886375504
-0.26242164381518596
0.4950653975925694
0.86581349830493293
0.072644602411226319
-0.34557341623317328
0.053254187499606379
0.93687939752493798
-0.02363611187616765
-0.46374471608967699
-0.88565352848294021
0.025602179897498818
-0.94670394727198071
0.32108591467728198
-0.52591081012700491
0.065858151397444969
-0.84798615772079
0.59005125743286702
-0.69851259768731566
-0.40486993525576909
-0.80949931379758722
0.47887930537725365
-0.33968437091310871
0.76685656897747956
0.40352456593644065
-0.49909811390336373
-0.97577983109488486
-0.1097119683895218
-0.18925381164070265
0.83466940277199908
0.12431246049023238
-0.5365383492753325
-0.28648088532581034
-0.34691851782120853
-0.89307124258688098
-0.57944912916278746
-0.62019689970240943
0.52876697354506419
0.1435287438110093
0.29094929790771551
-0.94591120394413397
0.90000785938767947
-0.43555370917753283
0.016697887953277157
0.51128700921168924
0.69054253008042676
0.51160200191309724
-0.74262348102036024
-0.23948282209968055
-0.62542652914341224
0.94033785679841109
0.25947590941686188
0.22008400101793749
0.12227304764707565
0.921944448663512
-0.36751562605912241
-0.059052627599704831
-0.99787434330334912
0.027560517964661843
-0.39949883325606389
0.85950224878854609
-0.3188362691954536
0.83934120416729974
0.25183852476836599
0.48175066209552891
0.74167161146576277
-0.66442785592403675
0.09197197952619067
-0.56412964391921927
-0.41513829503768479
0.71373520359078468
0.21629650970957523
0.96661877191009193
0.13734616732359553
0.35864028153674077
0.4286945722219575
-0.82921535936491209
0.90446345027893493
0.42582136779844509
-0.024940525972523341
-0.42035688596834009
-0.80827669658850765
0.41229706544064726
-0.046536869643653375
0.55545042810556622
0.83024643430797862
-0.70567551332674017
0.56996049964358242
0.42091222212841434
0.662256164760743
-0.29836721321898468
-0.68730908499184595
0.042789266246292687
0.99606731621738753
-0.077582087221180582
0.25199806347147746
0.064942002036748422
0.96554622487899777
-0.76976107053412712
-0.42140630830042186
0.47946284278843149
-0.84503049597025715
0.32644418523761642
0.42350638106740479
0.10571324402989343
0.3200298622244564
0.94149115626291024
-0.043862345573738075
-0.43993794342381681
0.89695635377469318
-0.72827520347565333
-0.19038456768035616
0.65830763658920111
0.63980003079017778
0.72011884113603175
0.26848608016391889
-0.010108855806623216
0.76422233457888833
0.64487365767650517
-0.50035671811914362
-0.46607096604841991
-0.72967185038189086
0.57813935361625346
0.79317003120832841
-0.19140582382247395
0.52015561195406035
-0.56844657085462991
-0.63742186614228213
-0.95215712777347172
0.064054111923420948
0.29882080713342984
0.63277496323063576
-0.23213640585391687
0.7387208775888856
0.51359661004852419
-0.84493424438664666
0.14934739639320985
0.2158705166568258
-0.9686721872584827
0.12277668211098597
-0.34178385789307081
-0.6580731255603991
0.67091248005898385
0.48407404719029923
0.50824280783313747
0.71229317357580524
-0.80002884316144995
-0.54855897209261839
-0.2429751103435128
-0.92727205364370091
-0.36783725994186589
-0.069730113508109065
-0.82498219984576282
0.062797214045480637
0.56165904234310338
0.01988892044570402
-0.71681615831051748
-0.69697849753665686
-0.43323349552498147
-0.69373896717669248
-0.57535639717988873
-0.48242797056171682
0.75968021026318922
0.43606104085802005
0.8057279713676424
-0.50207711457963256
0.31419899295060455
0.98645968995554689
-0.0070493077367707012
0.16385233398776647
-0.70367230930206248
-0.65123674220993222
0.28414078678939553
0.6752661312370295
-0.024694724977633226
-0.73716064908705881
-0.62489662229564213
0.70312703594429538
-0.33928834752712489
0.18771843854429843
0.0062101221381844554
-0.98220324893248001
0.22979628058008189
-0.55679505529511686
-0.79823112932938667
0.25920010614191863
0.75208174806804495
0.60596068288209259
-0.81793863455065863
0.55122095290577211
0.16471748901393823
0.09398469012013233
0.7858414750251359
-0.61124467617586775
0.93186424193426864
-0.26761361336866274
0.24497344456907766
-0.16915211235137775
0.83298014194950643
-0.52681272384486577
-0.083301338080171067
0.12261656618966005
-0.98895200326907162
0.12885274198045668
-0.81956692676229592
0.55830728406633157
-0.7808323900057289
-0.6242669482144102
0.024321926013542893
-0.38730654088413119
-0.86503173644978115
-0.31892591353329219
-0.28458899200024768
0.71826078345571098
0.63490987752741024
-0.048372147950064975
0.065788995261051586
0.99666039522258465
-0.4795128040781742
-0.18684571133930325
0.8574124741798409
0.98364578483065013
-0.17013120049576175
-0.059129896015174876
-0.19468787437604279
0.88338303027893827
0.42629925332580476
0.094068177297514557
0.90826615525388732
0.40768096502074391
0.81345529295745078
-0.26691592752866411
0.51676529874888177
-0.8826406784202262
-0.41921852303715845
0.21260588594962787
-0.63514220095907636
0.52386333886419756
-0.56759280012603675
0.74009221077607323
0.67245158398193949
0.008508040242315492
0.22881042445963387
-0.39617701877664285
0.88920726461936528
-0.052284250056895021
-0.17769970622054526
-0.98269485172413507
-0.99458336047834017
0.10289235601394096
-0.014734386092144685
0.37242129017515951
0.86313463587557471
0.34102929929290332
-0.39140425617952207
0.50049455279725019
-0.77220975833308114
-0.24908718531922616
-0.94004937459149118
0.23294365722185209
-0.41884373909015554
0.70564859503881938
-0.5715155138268061
-0.53005947630511985
-0.8331942508580239
0.15755726551409366
-0.075076886464893855
-0.66964366120182417
0.73887808746162853
-0.61091315925247514
-0.70325843917063491
-0.36361061533932487
-0.23541307397127606
-0.60801532563292005
-0.75822031653002342
0.11499393429260132
0.57266270428061428
-0.81168579031662413
0.78863175875455616
0.56141244712073934
-0.2507508989048659
-0.93788690986337664
0.30565581700060829
0.16414221224480077
-0.90956722200124374
0.4046906195155871
-0.094408533179106816
-0.33221449920625917
0.25330709067082952
-0.90855326994789609
-0.69258100142531154
0.30989980442152198
0.65137828309225598
0.086219863574391722
-0.88415977948718827
-0.45915968841175508
-0.87525461764433043
-0.3080225300142172
-0.37289606500460376
0.75311581126624683
0.010514839620972152
0.65780393201054088
0.30381370932447083
-0.74213478868595428
-0.59743885498732008
-0.082057195423797219
0.97985617381873658
0.18206728236695002
0.38698211764218665
0.29887749238358124
0.87230561454783229
0.38735179772770312
-0.91774563878356752
-0.087758345989757458
-0.98053071665867908
-0.15794364362142024
0.11667612921419401
0.9052223681340299
-0.014610671084912255
0.4246869347181137
-0.93946043374614996
0.19299464823743037
-0.28313805674477299
0.34517959309145663
0.67891537402625635
-0.64801617527960276
-0.73612545175567867
0.036207904117835976
-0.67587595530310995
0.79367750142283999
-0.57210553098889461
-0.20681219777158411
-0.15870431901980248
-0.84154215655454301
0.51635233887917065
-0.62322396260790558
0.046022816925968733
0.78068802524023551
0.42133691579153593
0.1646862802738156
-0.89182601020650343
0.32048526819773565
0.93608756880672506
-0.1450146764770385
0.2022039428615475
-0.62982652339151413
0.74995474258371253
0.55998445587000278
0.50050646101210161
-0.66023533052171524
0.37663811953501752
0.82901061187503444
-0.41338254959747245
