-0.2778175921265848
-0.93378297256596954
-0.22553657275672262
-0.20443380164940086
0.54008373182425584
-0.8164045463873647
-0.14597264399810572
-0.023046978565860091
-0.98902013325472149
0.15648092209777037
0.98599853176794927
0.057624789551718882
0.57256070363821876
-0.64236149106307872
0.50945652949837261
-0.20984955522256385
0.76587260061141438
-0.60778476766500256
-0.11884023728917582
-0.95846196816444862
0.25928296045707244
0.58139407744566507
0.74947950330668889
-0.31664080727894622
0.90357784711071931
0.07534424744501754
-0.42174674697939479
-0.99529390911755344
0.084025040050109079
-0.048268282733871355
-0.66588315585317304
-0.64718853615862171
-0.3711423196239943
0.61216853166837593
-0.74824923397422249
0.25568099790945364
0.910549197580237
-0.40768020217709688
-0.068534746945092748
0.37504300591202078
-0.60384135580090215
0.70336218318943222
-0.11341996307752637
-0.84198421692600767
0.52744524874435095
-0.61410316472186599
0.10866849380958349
-0.78170868073198807
0.093490975821566499
-0.15511732239254652
-0.98346227875485792
-0.52263494268773369
-0.37757308933338096
-0.76438948115017635
-0.5847923328040292
0.81017039930472101
0.040519767818316781
-0.70041065480502684
-0.16029571453806329
-0.69550715203822688
-0.14873962986586037
0.28359044270890915
-0.94733995129073489
0.76098121502817495
0.2430746560891433
-0.6015166680495122
0.8317765747698278
-0.43442523503103497
-0.34557552695815014
0.52298942504583767
-0.79443872523918213
-0.3087866142347615
0.10714668230101106
0.96537923045253216
-0.23782878270462382
-0.062209993714754358
0.966756127421733
0.24801715016212975
0.92824555233234785
0.36896954802078008
-0.047134564902581735
0.037330161206960477
0.86518784647775093
-0.500056446185282
-0.37668693169460371
-0.92410188329655862
0.064363536091939358
-0.23344675269839299
-0.75722878184560749
-0.61000588980696946
-0.79213565703202216
-0.58502684058795373
0.17396751607735092
0.79869727545813374
0.59751787506404119
0.071098882935717311
-0.56611361852418329
-0.51547006190628386
0.64327753435028912
0.36455897047514702
-0.8089567465399663
0.4611786413891838
0.072868782426584428
-0.97519199631845244
-0.20902323044125667
0.018752721307407984
-0.4111080815347195
-0.91139370238136341
0.98340110794834101
0.10465619736498583
-0.14822058304795735
0.74033498553458599
0.30207419868623014
0.60054582479738905
-0.30023365514400541
0.020069430059097802
0.95365453404048439
0.58814055611064897
-0.80850374153670201
-0.020307293739205843
0.31922366509393096
0.52610957373318445
-0.78822900737684398
0.19122396924539309
0.91742131885346201
0.34895775861730216
-0.77941048833940374
-0.2650094092164092
0.56770529651686519
-0.48824545013999476
0.68724734501877138
0.53787309579699538
0.10170495361986495
0.13904898653687511
-0.98504897429125271
-0.93029596177252916
0.29511601679301086
-0.21784388938400914
0.25000726487952651
0.74778365280425663
0.61507395986676361
-0.06718573826910311
-0.11953931191416331
0.99055359747987592
0.30686139430899623
-0.32539868455589682
-0.894400235225836
-0.34168846445449425
-0.24717842925566272
0.90672587774334157
-0.91693926464201414
-0.3990083376395468
-0.0038381573557687188
0.082115737377872935
0.42703224724666017
-0.90050011964816279
0.56657843352635895
0.12058733759634262
-0.81513653621601512
0.50733090691774141
0.64501977387080467
-0.57145852185585455
-0.043075811044273472
-0.63898632897219187
-0.76801103240091528
0.99035100140475529
-0.12792967626648633
0.053281253241177433
0.7921907337246864
-0.60303004104330693
0.09374759196934436
0.74205066189708624
-0.64292244952863664
-0.18976706529372769
-0.85361460127563416
0.42119251857593554
0.30649465702471901
0.37768159702508453
0.91726571609789997
-0.12641288439074677
-0.81878866345955326
0.34247045329139231
-0.46075927903028374
0.14530040300488506
0.064363812443194904
0.98729179705616676
-0.22761045137187011
-0.28201797123988154
-0.93201896242728621
0.38770876083930605
-0.90230986942511471
0.18846436349209961
-0.085258699722041975
-0.90130538737035637
-0.42471114044592556
0.15018272557412138
-0.52031031256605553
0.84066778668897613
-0.48483594353296022
0.82304957006537216
0.29584373083388171
-0.33721044614753309
-0.50054276149688115
0.79733685411001665
-0.80642542066977363
0.087398070639287492
-0.58484153250783133
0.59778113938861921
0.11256719869964936
0.79371678523775591
-0.43127710315524881
0.79299242395217995
-0.43030579341726638
0.33190638359671482
0.85870850897157869
-0.39045851142926663
-0.11710648672838697
-0.99300917483597417
-0.014793561359991821
-0.9263466478899206
0.3740775578748966
0.044134664805126893
0.39728034340957835
-0.061362883844928377
0.91564344874334214
0.81480088437192399
-0.26596817652566174
0.51513148603278458
0.39662143949344425
-0.71607797258942718
-0.57438991191207711
0.91363887951619482
-0.3450173261248618
0.21500474997088545
0.028464068511719749
0.6373449799588532
0.77005270814731197
-0.90130843009165307
-0.32477555157805299
0.2866425560570014
0.62586698921897854
-0.42009074552941139
0.65712576979335857
0.13051761616746121
-0.91690258986749351
0.37716679674150294
-0.85337967588675823
-0.43344628882843472
-0.28959876291909215
-0.10089610818858
0.20845633947047307
0.97281340959454765
-0.23479297087353726
0.69651273611812614
0.67804297006430203
-0.0035829884564123351
0.83859202821542078
0.5447481733858941
-0.80943868322652957
0.54289933169427862
-0.22376177900259842
-0.28784505260075771
-0.52069630414394574
-0.80375405724892135
0.53260441220603039
0.38521355390471673
0.75361996920647389
-0.4238206022230992
0.36817302451761069
-0.82754137126116201
0.54698172627447661
-0.19108441805616652
-0.81504462227409968
0.34801525428714181
0.23577608014282664
0.90735606176183081
-0.31140752572343394
0.94262056824860696
0.12038196392102067
-0.37151300232340162
0.11368296562776548
-0.92144141019965475
-0.10790559502964533
0.99223575633849037
-0.061843240573906319
0.43791161153213654
0.79665345772784335
0.41662535781634635
0.96040865612063764
-0.17189977106418031
-0.21923886962998448
-0.93760399420758733
0.047731470916978574
-0.34441320638163675
-0.099310972078240078
-0.6509428065751377
0.75260267963445215
0.88387973004038223
0.33528694177161178
-0.32609705533963512
0.41769973343285038
0.89575682191995398
0.15214022700781571
0.56233211866482535
0.39701184984558796
-0.72537175255182995
0.6992946350026733
-0.34987580804538887
-0.62335698632570424
-0.98451170114864284
-0.12975558383446667
0.11789910417463724
-0.78590333344235463
0.61671063386661329
0.044988271360824832
-0.39253964611865938
0.27092088695835148
0.87892803985009937
-0.18277621919577164
0.47023650799211342
0.8634063239563875
-0.38827174851722274
0.90845864194237602
-0.15475123645254826
-0.60589652423973683
-0.78489164192330163
0.12974787995628193
0.34656617621749453
-0.026708269171856192
-0.93764521747824658
-0.36243178203293319
-0.86596175838977552
0.34460620478877113
-0.49557338456052441
-0.61575960899187243
-0.61257417873217868
-0.44626792445926461
0.60583203679906017
-0.65864442819075164
-0.57658064183246038
-0.71110523313917495
0.40234824575999822
0.14007679037403037
-0.75623312434410117
0.63913218855200005
0.86013833276320961
-0.19000769340939946
-0.47334884066253485
0.61590770624632374
0.78696631676122319
-0.036629409900599645
0.34772857556685255
-0.93132574786710109
-0.10824596571712274
-0.62425584560066438
0.74797369156010896
-0.22547726263936754
-0.54824317370145537
-0.82214225595072588
-0.15333471058441689
0.62676027155074299
-0.16631268646288949
0.76125662711541331
0.73083342339033519
0.52515887090049662
0.43599388478518641
-0.83768786293625785
0.21773980478172367
0.50086766885366274
-0.08834449888251214
-0.39606560821730424
0.91396240814633867
-0.64645113010550181
0.36949704141214207
-0.66751245139921811
0.34091529883972493
0.26707748860613556
-0.9013580720761647
0.5246217533118912
0.60844913490011476
0.5954508092120282
0.64423426638586079
0.71984969016888012
0.25841562177631411
-0.65559759712951649
0.59110444284454811
-0.46988012118777772
0.1013029942978835
0.38246936240567914
0.91839800204882638
0.26117810799823116
-0.88489625612609535
-0.38567423014311475
0.10703165645518255
-0.79529983754907774
-0.59669287988953768
-0.74694573478922577
-0.50239656192898385
0.4355109227586838
-0.6395902527803522
0.26082962241057212
0.72311286575577083
0.89359405837834327
0.18473644445512435
0.40909913825502092
-0.96629541123568885
-0.18432311570535451
-0.17971690861330089
-0.91140689089956528
-0.059054474074963573
0.40724691320195078
-0.46055708801956891
-0.13893504120562514
-0.87668935376228119
0.17686545766928979
-0.24640668800642623
0.95289157514857714
0.64051333356277951
-0.59813658562652583
-0.48163813642955772
0.74043253614667082
-0.036959546813099826
-0.67111373947698283
-0.42424240490923038
-0.80540538541825224
-0.41393302237935703
0.88162418634624795
0.40334201363729971
0.2450592052633902
0.40999310065401551
-0.35204109760228042
0.84141114980435572
-0.35508362065904442
-0.71605977050902447
0.60097755981253342
-0.58304668782174829
-0.26559848803429664
0.767798152494511
-0.76266356327942264
-0.6387415554109892
-0.10175222177959782
0.7730991746422301
-0.51113405543236534
0.37557907761850373
0.79603301838759555
0.0033382931958567809
0.60524399165565657
-0.25166781290903312
0.86425482946216958
0.43557651646628076
0.14298666230950563
-0.98541755624037719
0.092233693706966741
-0.71658329533540233
-0.42670814818573788
-0.55175043010237301
0.25482620309116255
0.73975687417194391
-0.62275466544498581
0.29978286377750812
0.531463376250075
0.79226063532793745
-0.96025480667798024
0.15341012813158922
0.23318670382010251
-0.68880137490265581
0.4748916616197113
0.5477504684217811
0.98004880548455531
0.14361679765499535
0.13739925145218443
-0.86402808286618438
-0.19784631843954714
-0.46293877165182806
-0.18147432952844378
0.92232201000246872
-0.34115858128912391
0.488091919112767
-0.48320242872954544
-0.72682989162986744
0.23200646731634655
-0.58392597648633793
-0.77794823292290194
0.78312419134775857
0.58532759764194386
-0.21001929521982013
0.93710499642166456
-0.084605015098433101
0.33863877081891541
-0.45354914437683497
0.50007297066597067
0.7377128151552963
0.025689029040562059
0.66507828438851224
-0.74633166181114574
-0.54835400617785102
0.005730184900415148
0.83622667315131038
0.71864983799792881
0.50332218771684933
-0.47980119393085652
-0.69590954314463804
0.64756884984740959
0.31042630762795276
-0.75590465806490181
-0.0038113097500875187
0.6546706208726436
