0.85031097880322282
-0.099103659804963162
0.51686526671848154
-0.27049201535779427
0.75430235386354805
-0.59821570405965574
0.65776656011669488
0.47656532369486965
0.58329121769820491
0.62630137043001188
0.66922456605952196
0.39985631616861284
-0.37795283264610346
-0.91742492516000962
-0.12443135854734196
-0.13921406267067923
-0.77690220035949753
-0.61403779674487091
-0.94638585288453958
0.28925410863170492
0.14382586033005509
0.88686101463913625
-0.42097187746022396
0.19042116242911569
-0.62957668086579777
0.70980825925372704
0.31591998671372346
-0.96817362369877336
0.022348829898763124
0.2492796906611974
-0.015665486517789005
0.37903642953992434
-0.92524914353582999
0.59550741222669568
-0.78333814305024485
-0.17819168225722107
-0.72736453806306989
0.47218907637457613
0.49797420105947415
0.57234451800327957
-0.026849352342284475
-0.81957358729426699
0.28146162580216111
-0.48343894027927126
-0.82889453142270131
-0.56507454401943835
-0.55025188850237416
0.6147467925095621
-0.61170313951959776
-0.78576512504046436
-0.091610247090656752
0.94212602759643627
0.12199058127501382
0.3122768742727251
0.7202663121660241
-0.62313937408598485
0.30481758483145738
-0.19909328926834713
-0.97320858665346055
0.11500829984085573
0.52609656997993082
0.24304121842131968
-0.81495605108719338
-0.26319651969602087
-0.33644535855780927
-0.90417482420426254
-0.10121774045952951
-0.6376323874117038
0.7636621684618915
0.6783098248598175
0.67575764793393223
-0.28852622542403933
0.082116102208888681
0.098934752908262202
-0.99169998508873658
0.45661227394431297
-0.42197743401084714
0.78322428235405517
-0.46982524443796247
-0.87054962896703592
0.14631330491163461
0.85724570708947134
0.50504102637555481
-0.1003162965534438
0.034070048100688886
0.99793502609842766
0.054451037715981948
0.39629999871362687
-0.83897755350108427
-0.37291148512872951
0.4297501461199395
0.6619416514060662
0.61412381654166504
-0.83820307235150615
0.42411078295307042
-0.34284931571089544
0.83310184033669821
0.39601088716703142
0.3861563166294027
0.17490741724886691
-0.95327077471586485
-0.24633762494581665
0.7659507257055157
-0.5829954181977719
-0.27099045767627872
0.17413759890221039
0.79354145805895693
0.58306779279105914
0.81692959699694612
0.17537047955469387
0.54942809215689359
-0.010105620350496862
0.17255313235304617
0.98494837070400998
0.81720546439452202
-0.36641874007916198
0.44487361787650809
0.37564192375457156
0.83877453914232769
0.39414517326048831
-0.95962985102806964
-0.12851806260386678
-0.25018724308084389
-0.53726600740650976
0.42247679701843738
0.72997163867270243
0.44010509413492155
0.49249062159613549
-0.75083985892888228
-0.41115669112233666
-0.6832387705860069
-0.60343595991078736
0.58749385631800299
-0.66180975525559826
-0.46568102456201377
-0.053249405733032301
-0.9166399275193301
-0.39615116315168919
0.042112788151842655
0.74669898669582924
-0.66382764053743648
0.015160364983874037
-0.95540268120618066
0.29491673414304082
0.49756604881997357
-0.77201158632906575
0.39550744321107162
0.4478617769097587
0.81129456218985418
-0.37579377608524384
-0.53011398417821998
-0.74151782672823785
0.41125475854137539
-0.076757479880441778
-0.84255030968461009
0.53312030999838234
-0.69331529925740376
-0.051495499941126462
0.71879211827998646
0.33809055177323072
0.028762388394979202
-0.94067396254785784
-0.66845069308240557
0.52133944934808596
-0.53045155242593645
-0.32465992095342755
0.38338208469159407
-0.86464681394430731
-0.30360183090172815
-0.070658792169714671
-0.95017538558007053
0.12023432116014007
0.93977516334862965
0.3199474181302559
-0.32765727700252006
-0.72311178387829878
0.60807076631230872
0.36151779481433227
-0.67926308896734822
-0.63867561406328854
-0.27796898995340519
0.29450508753825239
0.91433035279288954
0.9528451897924195
-0.15354494564462687
0.26174413834207744
-0.82041760932884489
0.51993174205248827
0.23787797272847175
-0.26052555881875172
0.96448967225624993
-0.043429313985011875
-0.87694301042993272
0.25682941493585493
0.40621374679076677
-0.018005562416349763
-0.1343208359293753
0.99077429960476093
-0.029716318565945608
0.4448301671459528
0.89512181450783046
-0.14758336048548845
0.58902856214532595
-0.79452155709258154
-0.87638390811724043
-0.44884917775085559
0.17460143534786129
-0.74980618356609663
-0.51771604784594505
0.41202036465303504
0.13310140633434092
-0.73245816720408818
0.66767435844717637
-0.51652207029428221
0.17562458295032732
0.83806978036583091
0.8930864127158451
-0.44315077319457791
-0.077550316823278204
0.74885506271591895
0.096015684962729053
-0.65574162845275807
-0.20902128714714668
-0.57829826049326671
-0.78859446068927708
-0.52465554900236244
-0.17470686454381515
-0.83319509503014888
-0.038639790116838525
-0.4113270840380977
0.910668433929958
0.16189915048022771
-0.82892964012138659
-0.53541041902638475
0.63517374317822084
0.24996639694890321
0.73080169428741126
-0.86072919394837166
-0.010633301833240277
0.50895204840643837
-0.5200997299482808
0.84028589309655977
-0.15302251066637937
-0.97577746968984902
-0.20650691888331058
0.072202646066453172
0.67660711892490299
-0.02223506376094939
0.73600842967977531
0.95073243234819738
0.2596448577900447
-0.1693882814850774
0.93263204822341217
0.3403555222256241
0.11981477837531361
0.98103348712400751
-0.19339465395115954
-0.01310743927779672
-0.47128954495746189
0.1332716646445852
-0.87185137966091986
-0.03773970935295843
0.97679981398037541
-0.21080284093403071
0.58533439309709612
0.60630471622650794
-0.53831054173139503
0.23604024918419489
0.95747405039847455
-0.16591697796971347
-0.037738612841994042
0.6812096652490085
0.73111503135422939
-0.38022373165952639
0.84223766550433343
0.38218533290632017
0.20902128457986582
0.57829826178575849
0.78859446042192893
0.75446545432191381
-0.65578727659692182
0.026924451497114515
-0.92929952586916076
0.13105902384986545
-0.34529107067353076
-0.9984234208338808
0.042971926493288848
-0.036112134578651436
-0.44186049457373638
0.56941097908093574
-0.69320302959316571
-0.18319478526450234
0.16735964518260046
-0.96872618412854261
0.90966504492649713
-0.28853932859345477
-0.29875501986362007
-0.2868692218663203
-0.88620288768576827
0.36380007064762576
0.48698608027984891
0.86654354682109858
-0.10930159686106655
-0.79900968071597145
-0.60026415191933868
-0.035587610803741142
0.38109241959709339
-0.92174625061375259
-0.071780339962431175
-0.55078991715870684
-0.32294889101065088
0.76963269223136266
0.18997712283991799
0.88320257061646101
-0.42879122198797637
-0.29278850337506407
0.53321784858307664
0.79369617502154133
-0.52202227386694156
0.64054830139855912
0.56319678546863905
-0.55853106581490264
-0.7468599880917709
-0.36089223697279577
0.70121430665822782
-0.22398687289010072
-0.67685181311032505
0.21019695171219266
-0.21687444831601435
-0.95330095728396624
-0.70469220492677198
-0.27019601541014515
-0.65605107238074467
0.2281117232411998
-0.27255788518046326
0.93470703482207929
-0.083432480284404836
0.87135794019488677
0.48350218333831391
0.22513742643414339
0.31113098554635077
0.92331503239770074
0.22294127128940858
0.0096872267838410426
0.97478374380839006
-0.24566915043861043
0.027692656195540434
0.96895809265189947
-0.47261917946566806
-0.087427740468667817
0.87691932433818676
-0.84967267862696405
-0.063559218963404926
-0.52346591568089884
0.69927640427347626
0.71451927189790576
-0.021788081899154745
-0.11170913166982775
-0.98326900394741001
-0.14388584286802239
0.62734907725534372
-0.5435596053712779
0.55765230267209454
0.81051540385341592
0.4481525029199096
-0.37712612511327598
0.10393038058395006
-0.9940735250340782
0.03187950466988413
-0.76205735131777674
-0.5726456420124717
-0.30223428327484403
-0.70748757184589495
0.65849425610515655
-0.25660602167547847
-0.69003368971736501
-0.69660532584178136
0.19645489829450644
0.44619007466810096
0.13228188727441428
0.88510785758956734
0.56120526453017983
-0.81805489850899782
0.1258365371783732
-0.17744563644544806
0.95732606262640629
0.2281224581725616
-0.31287870361301162
0.89459230227085007
-0.31907919008168101
-0.94774756943663452
0.29191999547198727
-0.12867502038308154
0.97115676592129785
-0.01409538495827525
-0.2380249065290512
0.88198065224081756
0.1871815031222665
-0.43251961107185738
0.32467229043454432
0.71485322708032761
-0.61933251776152398
0.5519380513580957
-0.47737125112620726
-0.68372587786424144
-0.078435631927953567
0.88370171626738181
-0.46143160740259942
-0.04561579051435076
-0.14553268369010999
-0.98830128889610647
-0.27832168114939526
0.73733462054394183
0.61552798405068143
0.9963201497960682
0.073450783358873326
0.0441717277713728
0.46858143157227633
-0.15184195200426165
0.87027321204160468
-0.8483632226888117
0.52748354579446455
-0.045176889060141605
0.55033001276132654
0.81521120016594562
0.18046488904525632
-0.91722697543390042
-0.37365441761830737
-0.13811970073346719
-0.68743323144120483
0.033500540309667912
-0.72547451099901727
-0.75567607223598132
-0.29642877278700402
0.5840236780422442
-0.27097660576691779
-0.26891109984099054
0.92426105593027619
-0.84451710394549673
-0.33210590523612937
-0.4201148995820097
0.45739358065062558
-0.27026625189661813
-0.84719966092141075
-0.59429137505700835
0.33188965279407334
-0.73257560695199209
0.39662048517863813
-0.66290429337088175
0.63501975446997994
0.011122325523230565
-0.42353451994691327
-0.90581168257441513
0.077274690384970604
-0.65759053039393134
-0.74940197261692287
0.312382285556915
-0.92763776564359934
0.20470828860109397
-0.7293579172379353
0.22204210983135103
0.64709684748419505
0.76222968246916001
-0.41762810285350543
-0.49456311919708029
0.20109205400166047
-0.52485361495454574
0.82709773829127275
-0.90224865231530194
-0.24325689219307672
0.35605259975990505
-0.33648102576062794
-0.503137938122586
0.79601051156679348
0.44014950682471621
0.43213877148858121
0.78709878275747502
0.16749271983872863
0.55592444014988085
-0.81418315239574113
-0.79159042156346948
0.24083615880350909
-0.56158930643463967
0.31058439078762884
0.94379738126412094
0.11306564163381017
-0.46186573246436502
0.87806437647779967
0.12523176887598661
-0.31936250417981371
-0.86425113178567503
-0.3886869847720375
0.86439326746707523
-0.10165925771996349
-0.49243240599844718
0.26654830483798808
0.30814421521012203
-0.91323553578500927
0.79012945758619479
0.58136375724860345
0.1941948042876856
0.69495784419479412
0.36596738541495244
-0.61895191057518195
-0.51033979139886831
0.73667052598573435
-0.44370016166197312
-0.476549514653758
-0.4470813401851772
-0.75698007592108618
-0.68772142164898187
0.72466166171903856
0.043643123624521246
0.23200014610836789
-0.86079764219089949
0.45299376530398744
0.6750676178252778
-0.28819967187521184
0.67913522990250252
-0.64699891501409479
-0.52789144327043602
-0.55020271545353205
