0.27128190829298637
0.70380769016761258
0.65655225343748969
-0.14514824828570605
0.8146277030133916
-0.56152799707825474
-0.24776868241334743
0.83579350082352455
0.48995908400223687
0.32020418538836726
0.46771542585321496
0.82383952325602716
-0.44907884834151562
0.66044275610411318
0.60178364374736948
-0.40719856883529931
-0.86943552889503617
-0.2797698815696445
0.83903519312191532
-0.48677013950420928
0.24305303122965352
0.94244443594605409
-0.24031526012001647
0.23248023767144768
0.90889781686437277
0.37491057688284912
-0.18261111094494389
-0.42289372157919974
0.45112026780760034
0.78590801257023268
0.049528686279111001
-0.56873629099974754
0.82102736893194728
0.35361646617426334
-0.5313262571072469
0.76983621852886974
-0.24737915620854412
-0.409980418803368
-0.87790637842048036
0.75412113074238174
0.19350583964950002
-0.62758012252570072
0.76076865631698265
0.34842789321140849
0.54756648436323407
-0.73136453617556074
0.002089391962584914
0.68198354061218613
0.21985181282245819
0.88043932071951703
0.42010925118311132
-0.34820692947587312
-0.11763581830047108
-0.93000739164684221
0.73419580028496201
-0.67427350666119801
0.079446617667057406
0.32496403289300135
-0.87028461982690375
0.37013924112238911
0.13032724750027772
0.98354618151618312
-0.12510682389037225
-0.83700391134275887
0.42433820608957756
0.34548739376365428
-0.42446894475400171
-0.90543043616807839
0.0046733499663077112
-0.36554550063469343
0.67231987297876095
-0.64370993107420227
0.6739175387389772
0.70848322521800178
0.20949145702079944
-0.33542976710329775
0.8665400803354053
-0.36958782516925087
-0.53810509165987519
-0.70636839146891195
-0.45987672898651788
0.021696822962202215
-0.14271944273551385
0.98952534507136869
0.35964782235247
0.32856925144307864
-0.87332450491398739
0.9078041367078602
0.19030421578500339
0.37373246424488143
-0.50967387731951563
-0.053614536849593282
0.85869553406110988
-0.56847977807100458
0.79987494423027206
-0.19243392506769896
-0.6094879135974246
0.49599600995815496
-0.61847590194303292
0.34663540024594386
-0.45681330333038539
-0.81924691344961165
-0.16606503580001403
0.091067390474993321
-0.98190077618709271
-0.1781631324391692
-0.97275098312195463
0.14836921201763409
0.093307992995897204
0.35572514158811269
0.92992109454791627
-0.61896681342586501
-0.28267450527060956
0.73278592231800299
-0.18624353000008279
-0.89281592270985743
0.41011349122999374
0.10607027060564224
0.72697636986231362
-0.67842055935493151
-0.72312388332772426
-0.19743901667806499
-0.66189854513681368
-0.11169551634610893
-0.36810796289252184
0.92304964074706941
0.67100616426517534
-0.62227895908651198
0.40313722799605534
0.76745856907906773
0.085947359043690164
0.63531125932138566
-0.337278160464417
0.93758169127475566
-0.084758566883280734
-0.13627571523986423
0.60907217099199673
-0.7813194096904027
-0.80799512428001474
-0.36345997682765335
-0.46372483692828576
0.63696649648666948
0.7693348835024898
-0.048964470585395714
-0.62460093455376087
-0.48716719081167614
-0.61036202433574482
-0.20493356730943832
0.65687728993816008
0.72561316068090054
0.79183312670636152
-0.30503458213533291
-0.52910698648945276
-0.42625687580511357
-0.86023187521696853
0.27983244395452406
-0.36938022017074224
-0.74201917275450946
0.55943346361415258
-0.80570949066891628
0.3216489414337339
-0.49736724371493735
0.3494242062904786
0.76459809220012165
-0.54156484511294067
0.56405077654209979
0.12487815763045609
-0.81624271343092369
-0.93479036547974015
0.13753900616864834
-0.3274904493086695
0.78333765925726273
0.4146823653299288
-0.46305577145061882
0.20453658978628528
-0.72992298152498258
0.65220949431933051
-0.15783440074332958
-0.91131848393026316
-0.38024587149506389
0.53430775472660008
-0.76639631726905078
-0.35658366215441784
-0.54333351204939451
0.710714446086259
-0.44684859942532257
-0.39531615014164784
-0.5743411827211079
-0.716838438748722
0.19030677641329291
-0.66211163627701763
-0.72483895587761527
-0.8996269443728816
0.43175465374058491
0.065263159068955273
0.053957135658709889
0.60011723948547113
0.79809017434362972
-0.085116668168883136
0.99542122589933757
0.043494089585692751
0.46122920645487431
-0.63663500674558349
-0.61803194682723162
-0.6461015428265543
-0.7521115990976508
0.12992666723933582
0.34188719135482765
-0.93593292912380488
0.084514499165778856
-0.51452186254463972
-0.53454955721029418
0.67046552771180812
0.68684209114226225
-0.55608118895232606
-0.46799749265214208
-0.79638236511008131
0.065593190753668706
-0.60122596573037834
-0.25521911783635731
-0.098236359730075842
0.961879836319389
0.58498606568868317
0.39787348343087942
-0.7067446456342299
-0.096910071815838994
-0.7487013879811717
0.65578553629652114
-0.98506374031781418
-0.096472594748725771
-0.14262701698320077
0.59252698378904878
-0.39479180276215847
-0.70217605054121379
-0.66242865390959216
0.61787821280895472
0.42357383372387164
-0.60031952008145484
0.2181639128582972
0.76942899668229892
0.75671198329935996
0.59946966313737937
-0.26081237951659064
0.10051920813822608
-0.94109414216705323
-0.3228586445708434
0.54775400945643216
-0.80301867843772456
0.23479043252341655
-0.9404029168633562
-0.33641520168156691
0.049670575116886419
-0.98847576945056537
-0.06613851721161243
0.13616662494958856
0.71086637515327555
-0.18931563504344745
0.67736887070822704
0.19825312104481593
-0.35067551676129094
0.91527175305490061
0.7425812043553407
-0.63838097603529598
-0.20259043505159541
-0.65711281989603354
0.43365920797131802
0.61655691811054392
-0.58441956902224323
-0.016985831775908893
-0.81127384332464214
-0.48803221692709758
0.80246615482777195
0.34332583007567685
-0.98469059815067417
0.16872069978364826
-0.043792138314810505
0.84769161813408123
0.453610007755816
0.27505796009021777
-0.28833985175587057
-0.77188441675143149
-0.56661678148966332
-0.90556862151067619
-0.28984782887024979
0.30973167069974605
0.58886117810498029
0.28756121521620615
0.75534830404535447
0.89299025079203675
-0.44944526226603382
-0.023819492374763957
-0.089093634680792316
-0.21829599054657628
-0.97180717468572675
0.049767742854846544
-0.46415981168422982
-0.8843522154596517
0.67934416557763067
-0.11053451841168548
-0.72544718962521959
0.11554033512573406
0.50684834516586408
-0.85425709593872157
0.082995697506830154
-0.010458048039183087
-0.99649502930349076
-0.74321185781370569
-0.58739571843791016
-0.32031610069728206
0.073765811800410488
-0.87869674279503951
0.4716467313687383
0.084409802624499181
0.89251939454919826
-0.44303963205838098
-0.5059378985089712
-0.30970895419808098
-0.80505105834465984
-0.36755458316894074
0.1899931203119275
0.91038796269812561
-0.55172171843345585
0.83055718654337884
0.076012533768987242
0.34261539374582861
-0.91662015051599965
-0.20596648182754657
-0.9509518591615036
0.20257524019413667
0.23378159383828243
0.94676038619834713
-0.1287047474904443
-0.29509296687480968
0.2099337309198766
-0.24724899162647665
-0.94593644858507875
0.44658070993323828
0.86826520844278776
0.21605831926432981
0.33727193815359696
0.050723626388001382
-0.94003976163786118
0.15027745406482895
0.093902757469975576
0.98417425232492661
-0.60096914027276804
-0.68693304890437412
0.40860626373411213
-0.73953356762638989
0.65182525732747176
0.16797004573363333
0.6778370167046357
0.58475401003934169
0.44564529227612082
-0.91305815786527778
-0.0051100849287151334
0.40779736069239941
0.40429761230063255
0.91353446675210592
-0.044701440065760593
0.37917928772426196
0.20557484896976472
0.90219845335268667
0.91294984043777561
0.17623880036141346
-0.36805227086897585
0.31427052225033575
0.89935336944491762
-0.3039696624871876
0.46511477900214054
0.75469254385012552
0.46271741550412426
-0.2569166047919676
-0.56854038011863317
0.78150860158844559
-0.11306627922736114
-0.64285450028518942
-0.75759758973003599
0.80298877520111023
-0.35233578955315353
0.4806958688203769
0.29260162524265654
-0.81975542158034009
-0.49232645439280909
0.48932392289774601
-0.29047008651006284
0.82230725846413244
-0.81442511445856614
-0.57882255847672071
-0.040941161898688544
0.094304399684896387
-0.99419201685505787
-0.051854737698148669
-0.72848270795962611
-0.46797742258288422
0.50030998006884775
0.009467820854591396
0.80501986452435403
0.59317230050758096
-0.6246746825452506
-0.76623301062797933
-0.15056066687874875
0.087084984695683196
-0.97208770777310971
0.21785704908718001
-0.38420847398226432
-0.32952974194300966
0.86243492374508646
-0.8176288712000257
0.22137277908442099
0.5314857680696744
-0.1089642855792676
0.95998977649335004
-0.25796591537729846
0.98953306592053147
0.090908359134328764
-0.11207132411735504
0.52005311843908619
0.53960382433590848
0.66209702216808375
-0.90845596850334842
-0.35909188283480187
-0.21391767802778733
0.32991696068488119
-0.10351207229557956
0.93831767005717492
0.46512170063535108
-0.18677712635837229
-0.86531850128573329
-0.90283931068043177
-0.11560277937898779
-0.41414632255995704
0.36338543656437483
0.5736153379525154
-0.73410930286881693
-0.11582151108758623
0.14498549104923852
0.98263145937558871
-0.17281340356091296
0.42013838251119895
0.89085311196098238
0.87249015890774906
-0.39638330698505753
-0.28572923643323656
-0.89810735722549351
0.38646158623501109
-0.20988238911866552
0.59094004740661399
0.60855213462150204
-0.5295792290287471
0.95295931465199923
0.2911479264073244
0.08426998022254073
0.18583125812121962
0.97050887351207338
0.15355542953412885
0.45632572364550344
-0.70331042680014455
0.54508832081930192
0.98100376969723246
-0.19052502323567264
-0.036494100356983541
0.82865634550657008
0.55952790057254886
0.016037129810909018
0.55069184938942883
0.77446930425661087
-0.31134512005222087
0.88878876920655403
-0.079195712263109355
0.45142282052576571
-0.6302377541804739
0.25117128970705704
-0.73465186070168365
0.84942372789589626
-0.038394715159269288
-0.52631281224693471
-0.76630766976470377
0.63488090600508307
-0.098482437266523379
0.60490037655996443
-0.47263778992742339
0.640865862696816
-0.74639277099472434
0.55918051864062646
-0.36085312660363222
-0.80776935844726871
-0.21455489580542639
0.5490672638571803
-0.80495100350914894
-0.54387794304778481
0.23717222648473085
-0.17175035298612729
-0.97782481745031036
-0.11983506426504677
-0.39848555709487998
0.44389698782506865
-0.80259873223586276
-0.29736409593915697
0.93280813087827208
0.2035769766296579
0.10045925427278972
0.25746856319499739
-0.96105040304723788
0.9853647109281809
0.023739328813561073
0.16879819526554238
0.016452582759849701
-0.8152098949330131
-0.57893189558344083
-0.040885266774308045
0.94291170693304949
0.33052368733480619
-0.40500642390536878
0.18325960274899319
-0.89575985319485374
0.5659495414825646
0.0025496578727526704
0.82443593792386727
0.56034475597229771
-0.82541429859588422
-0.068592930596458698
-0.15498841014759421
0.36614733619442846
-0.9175591103125974
