0.97175151913307267
-0.22865321622092286
0.058452474493328771
-0.040842136856701003
-0.98472755944883328
0.16924406494445593
0.76962506083813254
-0.62206784977288243
-0.14390571916655479
0.63279636127477701
0.57168754426353763
0.52224717987876945
-0.67768185514152512
0.72528600812160149
0.12127452178826738
-0.22361138865100752
0.14243398546655237
0.96421496910682847
-0.034365298414825524
0.90918303669597411
0.41497618250828178
-0.29899362723489264
-0.11679770443562862
0.94708030657990638
-0.8370943219956084
0.36645304315560662
-0.40618378013493833
0.17177914847186401
-0.40891758358500868
-0.89625796174163985
0.24498474570183751
0.37788670248635314
0.89285167550797395
0.89399659153997113
-0.32238868390331193
0.31118423932777245
-0.71094521596565374
-0.65150907472505015
0.26475049659341299
0.95470330427411565
-0.049386428978732383
0.29343241375283313
-0.51246665054272333
0.77886330571430684
0.36159353298047858
0.67286891305684837
0.53417997763162106
-0.51176085952246897
0.21260427473630755
-0.94042583406255942
0.26532748254108174
-0.69700560607673079
0.59609340495937724
-0.39856723104332731
0.90751465297484446
-0.38622985329050813
-0.16505652081375169
0.83060799255161422
-0.1330512097537159
0.54072889537405955
-0.47562535759117075
-0.58121039009767383
-0.66028403104935118
0.43479987561678934
-0.41386951348491036
-0.79978815568335859
0.011014250360288252
-0.88995891492873413
0.45590768366838386
-0.85835373725583652
-0.42426566728621617
0.28849177683448812
0.14827697715973878
-0.98817478731354658
-0.039045201525886447
-0.26145643609151237
-0.13030357907678111
-0.95637937519903993
0.86759641070985283
-0.27649602022504782
-0.41331152769199431
0.99859799942921623
0.047733982314982451
0.022880176317496864
-0.53102060890940328
0.40110301953646704
0.74641374627763601
0.56383714664504259
-0.16008037031961275
-0.81022339333143933
0.68093583705068494
0.31258340539053958
0.66228241747349481
0.76640511788515664
-0.14072339679905199
-0.62675363650542604
0.94275431966522627
0.2263392509024808
0.24491801945438912
-0.020408424527961367
0.73492685278535952
-0.67783922670740504
0.74897984913897786
-0.52608654432723079
-0.40281774223783468
0.23531375535258231
0.094602893558158416
0.96730436216957527
-0.94772492480381432
-0.2631444799451455
-0.18047839089487486
-0.28668503516106664
0.38858933105223187
0.87567689384103131
0.09003437990551047
0.31337122920703619
-0.94535299393417127
0.3216259586189732
-0.80754728656645958
-0.49439268067152353
-0.97347234500702862
0.073742503810085125
0.21659556006145703
-0.47457606410998759
0.14489192584963589
0.8682072846949952
0.27943881232572909
-0.81316103096078707
0.51057133477387451
0.47083839656482768
0.1002257419773685
-0.87650784649388502
0.44692898065037062
-0.077614220367203821
0.89119611705371105
0.94669122450272747
0.32164391346233123
-0.017914194990643929
-0.39256088062085687
0.10683769608612431
-0.91349967799730858
-0.8306680351812229
0.13195957295530095
-0.54090413793353553
-0.54952484979525096
-0.11236122202042394
-0.82788730829961632
0.80205000085740807
0.27566660897558692
-0.52983366901371287
-0.41106214807983282
-0.34037871595827679
-0.84567738537730119
0.51794580726195327
-0.61245448085003007
-0.59718644461046133
0.48392333137003957
-0.82323949246966233
0.29680793014004098
0.45301793580015881
0.88356678007460332
0.11867811505058763
-0.68949726904382769
0.15780673984528679
0.7068879323064623
0.88955812262840694
0.024438305418913914
-0.45616785911994706
0.9522596852165065
0.17863021815271091
-0.24757370028756123
-0.48979291091521021
0.77477978617498167
-0.39977392029977982
-0.24705432994281365
-0.54833744747665125
-0.79893066141643232
-0.5496290186984385
-0.11554444157246341
0.82737985461715169
-0.29021288087581626
0.80337901626207076
0.51996022925176377
0.35438015994692651
0.35151503257782885
-0.86651709972036828
-0.77859378815622771
-0.33964773864169712
0.5276657338506231
-0.89424077500637089
-0.44697642230296569
0.023356245872274157
-0.5429441282929075
-0.83939120463692996
-0.025180927910190977
-0.48731173086648538
0.86005654120452646
-0.15109607172662293
-0.64409025287122401
-0.35365255141553043
-0.67829021740960438
0.66757441690957509
-0.38998163759097432
-0.6342386934188915
-0.7573074251210572
-0.097566699987002931
0.64572920246041243
0.013747246888475747
-0.61629507609542977
-0.78739532154027669
-0.64066962329995647
-0.57032831208066004
0.51407008298472046
-0.82212985402053174
-0.51498373640787609
-0.24268138446028797
-0.36938456065983505
-0.90230548687521228
-0.22226078084319445
-0.40673932204041124
-0.58618230082418843
0.70068069340218553
0.061380466090250503
-0.8095410053336608
-0.58384569799383601
-0.64049513514014911
0.13459738871031607
-0.75607507882099001
-0.8491497899015078
0.5175934832018273
0.10507911522859754
-0.67673355790531231
-0.55922191817994449
-0.47885544565344651
-0.92586213632031078
-0.067043246322278885
-0.37186624967985543
-0.2998592229743306
-0.95145594084234886
0.069397687519336101
0.47313797978963051
0.86419724954155663
-0.17118284366546738
0.40475065356445211
0.67778883006543822
0.61382343575141651
-0.048475954126304802
0.52289184522055487
0.85101950628254563
0.2477253203304286
0.91334410936259924
-0.32316358637666309
-0.24792962632858642
0.91765339754310937
-0.31055296225628803
-0.44663475843861072
-0.75370908143075976
0.48212033054340736
-0.46697849935641123
0.3644063147126112
-0.80569170216430031
-0.96328704514120389
0.26744706213033126
0.023455012704810818
-0.16339360261880528
-0.90016582882383289
-0.40373755242874027
0.73489007136765438
-0.58447574550128989
0.34398355473184367
0.37883274328043476
-0.35558194838607698
0.85442801370307475
-0.040382046351945131
0.52427304591015234
-0.85059218410735504
0.6330355460708752
-0.2192310680104296
0.74243096394867258
0.27284028507068342
-0.63698005658840917
-0.72098168239642202
-0.86890907008007534
0.46868479251818829
-0.1591590185781557
-0.8652715180927818
0.1235959992295536
0.48582839455085464
-0.30408018577085089
0.61732249886977275
0.72556748342986277
-0.89044059256429076
0.33518321630114406
0.30784373085020794
0.18898009728804105
-0.20122038786738289
0.96114352639733391
-0.74046941281470524
0.38480570674817216
0.55102596739163312
-0.016499877932822822
-0.031305904420614129
0.99937365103178966
0.0091351446750990058
0.2741760213122717
0.96163613621220456
0.8606417438803371
-0.49986565035547914
0.097108806425093147
0.67513101595580871
0.68365094067246968
-0.27716331397233068
-0.0046109094520912861
0.89339995571354702
-0.44923853201284591
-0.43935126935358415
-0.77116387285454124
-0.46073500336026041
-0.23464515089547719
0.97146058389447565
-0.034727324985423594
-0.62908208848101721
-0.73058571604710953
-0.26551880811026163
-0.34772011309797601
-0.36713983633863412
0.86272768792961063
0.47851814975698875
0.19700063182433836
0.85569336296009657
0.21500869346666965
0.082201332865729615
-0.97314654734467054
0.53388981041382688
-0.67517386819734648
0.50902054775786831
0.18807103750859072
0.82278298143670292
0.53633706781143908
-0.25114166085120188
0.9309873626169729
0.26493470295979132
-0.21210888925777413
-0.75151771263719069
-0.62468467780985171
-0.14250758931223129
-0.56405231054048444
0.81334898903383246
0.8527404480462164
0.13389265359537389
0.50488264535347971
0.47293348109218847
0.7615349845206496
-0.44316857945161076
0.062247137740908558
-0.72136269483822291
0.68975441741158938
0.0062926456828054445
0.98378233048292407
-0.17925604268726172
-0.21677898423847863
0.32474802175607614
-0.92062239509912447
0.046685543417404898
-0.14661672680346297
-0.98809108661968026
-0.53992509284749546
0.61354095225534133
0.57623640462854486
0.68298173723072486
0.045728913491909697
0.72900261527661925
0.67675890199612465
-0.7251629822298189
0.12702770474410369
0.56935081577025748
-0.73754791447218027
-0.36312907132241534
0.32238703596006957
-0.17189469005891511
-0.93086992355238884
-0.10465715925126785
-0.36064262734455743
-0.926813775447619
0.45231145519240434
0.59019067555755078
-0.6686473764149915
0.69318300477553318
0.10192214228615568
-0.71351888468502611
0.21586153795607674
0.93873842248332007
0.26865213675823441
-0.99766515794614152
-0.012275191085223187
-0.067182976296988758
-0.080277155899033212
-0.30944586142946823
0.94752247312923221
0.66200450945754474
0.74939733853796642
0.012395904569171104
-0.5098715157665118
0.59983724171001329
-0.61662494343618857
0.12289988964498953
-0.48301339706496843
0.86694502442831323
0.5901215247214493
0.3545034463944714
-0.72531640857964452
0.23813586350843741
0.97070812627801584
-0.0318911286867452
-0.091359088937815885
0.091675334624821789
-0.9915892042019615
0.21516651186484137
0.57674847115981243
-0.78807650211558511
0.44510732318513752
0.81009092488804413
0.38161782487325574
-0.50760220204147877
-0.82851376430811063
0.23644226955992126
0.84197351749063332
0.50705409902021747
0.18432779636084612
-0.91014127914197585
-0.1382483233189471
0.39055121700144263
-0.053900248890137767
0.74542387976231772
0.66440800917032516
0.23572381784142546
0.77992972591676335
-0.57977918584032051
-0.95147910161467619
0.18189353879739026
-0.24819802524252874
-0.10968762870858728
-0.98539222836808404
-0.13027194778642368
-0.72920831146941079
0.58108818806489226
0.36137481397489662
-0.83311386763453987
-0.32001591869173668
-0.45112204040470277
0.82514526059732884
0.55921733471696211
-0.080070415671604264
-0.0064600483475877341
0.99262858408537624
0.12102380688115953
-0.2647003954348352
0.78379529671824044
-0.56178165998811969
0.84856424929080188
0.42751003211038963
-0.31172726423993075
0.098585634885686974
-0.93874938804204366
-0.33019760605563803
-0.28527172282110513
0.58237741894991102
-0.76122045824840934
0.34985396553947501
-0.90693846169440595
-0.23465896423467067
-0.24524246588347343
-0.90454360965090697
0.34879362260095992
-0.97104255176728627
-0.20298598744711774
0.12598829928765579
0.18678721329808065
0.61823772098489249
0.76347407113781129
-0.46080656830562378
0.88071267256576136
0.10955589892136577
0.74856608315607642
-0.39461967726822794
0.53284531475944275
0.46769531483001386
0.45800601624022774
0.75597062216319644
0.3152614762488718
-0.62231146023717132
0.71647655094277951
0.57647549834621359
-0.81038636484879312
-0.10464195847576382
-0.58794537119915125
-0.36427834787599522
0.72223370577274204
-0.1977818845228321
-0.76747411077645966
0.60980801523305628
-0.70561453816951536
0.69367796675302873
-0.14463402768783556
-0.76576191262173532
-0.11247518477034341
-0.63321246512428897
-0.74563016211334021
-0.6663575056912312
-0.0018264599077768195
-0.6790714991452016
0.38114724184377824
-0.62736646314858813
0.9719164967638414
-0.10723846490100632
-0.20947132253360437
0.6674942180145228
0.69053937066086157
0.27858005399612135
0.3943232072057179
-0.91705315348822547
0.059352522577373334
0.81176614442659589
0.3995887535745366
0.42586917566258226
0.54787675990324514
-0.47853901738579868
0.68617160010988232
