0.1823735412427909
-0.97048574066124149
-0.15778884189880368
0.2335940527724881
-0.88550033679695994
-0.401650310645709
-0.44037998898641662
-0.88626774857907675
0.14350938341759364
0.4405225526979103
-0.31990968750923005
-0.83880729157671452
0.75174910995568944
0.23178597991707606
0.61737228249631482
0.0073847616792074742
0.98688473632603291
0.16125750370645608
0.89608711215262171
0.24462748563639627
0.37038531383572654
-0.12192500882395731
-0.28971467646167409
-0.94931538408791494
-0.76377821260798984
0.23168607764846347
-0.60246527150468543
-0.83951045902931176
0.067238119990281522
0.53916715812497973
0.76171806729286062
0.46440341446269645
0.451790941249399
-0.49360534639282233
-0.20706445719065122
0.84467631231185991
0.47780763314511271
0.83631985078841775
0.26882889146351813
-0.95390847230458531
-0.050438165210075603
0.29582869697812153
-0.29228443170679042
-0.8863195491127267
-0.35917609586726601
-0.66593676602614627
0.19378391982923832
0.72039990010427746
0.10688562380747711
0.56111463510219517
0.82080803462040786
-0.19342592733587086
0.98023438751661418
-0.041556662091493633
-0.066614035671655414
-0.96803199505205717
-0.24181940949202044
-0.057512625898766705
0.89222346900044591
0.44791693340064598
0.11226436692585824
-0.46035579889512029
0.88060731903747647
0.15398743559012845
0.92340243001139843
-0.3515904178577971
-0.13920609184585128
-0.54310685858079821
0.82804384192837355
0.19359270193614256
0.9192003129565236
0.34291784791359692
-0.25505595796627234
-0.75264910825868048
-0.60701382038905838
0.66259315270434815
0.15604182037001271
-0.73254437700723973
-0.023067928343479628
-0.24434208089765905
0.9694146781354932
-0.24616879281207762
0.93804751316366919
0.24386018226209102
-0.3877887026451296
0.88883824696911373
-0.24410344697623612
0.38721833487192037
0.61941017165969525
-0.68292971848025774
-0.59791610058014533
0.45006416306144426
0.66327866375667133
-0.67632213365704763
-0.68192790247588719
-0.27850082109468788
0.6939734445601986
-0.56392674442453083
-0.44764660745726964
-0.85125363203777749
-0.43253008687695454
-0.2971278813721569
-0.95172774501461677
-0.17462814264987814
-0.25242684319233238
-0.0017640938539121515
-0.9988985225884337
0.046889546207221543
-0.80455080865169659
0.5931221785324261
-0.030067883710863753
0.96598744450618723
0.0061382433396288023
0.25851610979803447
0.45751329094541082
-0.71729840183503324
0.5255136452397855
0.42110320415003977
0.80253952179242694
-0.42261378043759118
-0.69278979441878541
-0.084588304176056506
0.71616137814447667
0.74531612893277166
0.38823231879093972
-0.54201433062132065
-0.55007306103769071
0.66158151852053027
0.50963665671995595
0.55516951055738539
-0.82948174507056538
0.061211511516729544
0.08782539010765307
0.99103360481819835
-0.10069307311570969
-0.60080740705844038
0.13397059681114443
-0.78808777354669024
0.068889876209772563
0.31388897555503176
0.94695717747996144
0.097844422249150798
0.63101809496870898
-0.76957301983423976
0.56383897257880533
0.82573672685692268
0.015635565896152444
-0.28152699146499005
-0.71167977706749352
0.64362601562540511
0.54459042974095728
0.40764451558883458
-0.73297149517897608
-0.30085261324765156
0.8012729750568045
0.51715502950824765
0.83239583848855836
-0.32763673436930829
-0.44695787089919897
0.83467441851232971
-0.50944102396436475
-0.20925691908093275
0.49039369449528958
-0.5140270594452695
0.70376857457356667
0.76425926879263273
-0.64341791877751042
0.043830946380010866
0.60227008641274238
0.61556891159901239
-0.50827714692399395
-0.37088995737796077
0.18502799104672391
-0.91005784543917201
-0.021806866111810701
-0.87067214123452474
-0.49138018180271498
-0.66393951482739988
0.73512177879940555
0.13704120178090451
-0.92398862823582328
0.36502903873752413
-0.11401234919621951
-0.65018464223842554
-0.36524230669927737
0.66622667943747305
0.56820234505514033
-0.085548058540541164
-0.81842997547364027
0.50107864783090883
-0.57280514661051896
-0.64870212941260641
0.63303550523972041
-0.71383334868736048
0.2995129369621306
-0.91928203201669967
0.2194841582367735
0.32672197644839007
-0.43299035480710685
0.61912732749832877
-0.65513411221580642
0.18083526297667901
-0.2829190416035603
-0.94194236743140403
-0.81237811026505591
-0.57848034990352337
-0.073500277126509986
0.12237618911837733
0.77251685688058669
0.62309050239287245
0.92209765580283809
-0.25592607655283722
0.29023741403062092
0.25367518403556139
-0.63486652717899228
0.72978996545047814
0.98536724141763277
0.076747204710336484
-0.15218825877890205
0.92394279443079586
-0.061989664322605192
-0.37747449468352501
-0.48821822168357565
-0.8555120804427323
-0.17245883054420563
0.81579079450631409
-0.50318708305615889
0.28511074873492781
0.9744706291742592
0.20808325198982663
0.084311049798124746
-0.56163452710885697
0.71451806352661473
-0.41716974345389335
-0.11106352048632107
0.18855046245142268
-0.97576309498081515
-0.8741336881037135
0.30900386178972844
-0.37470909879696546
-0.62764045527360779
-0.32260181087851364
-0.70851642925329672
0.57937780846186049
0.64634999432000528
0.49654107574747608
-0.12155598321920201
0.94360783886126121
-0.30794218513089971
0.27793697380550747
-0.53352097553035183
-0.79881562782720916
-0.99514779909270568
-0.095134600199232588
0.025105095217426834
0.67993719305568578
-0.52226463228145226
0.51470872089704722
0.33602970412667904
0.38204130700602013
0.86088819116402593
-0.42019039487237125
0.33792665179772841
0.84216721027464458
-0.11735391837672367
0.70328488074650797
0.70115507154623036
0.16802624957192747
0.19348794150333629
-0.96660726044634793
-0.89123518370384835
0.023844216500432301
-0.45291423102818057
0.83644549330271956
0.13251559984629208
-0.5317880710686802
0.2886213108597328
0.12732629355716746
0.94893927829266467
0.22079705506457722
-0.14431628765441906
0.96458357315084775
-0.48187435285357066
0.82112560107649113
0.30585920832749758
-0.05330614786216472
0.82883318252051597
-0.55695063529276112
0.69812548713787126
-0.023626797181206471
0.71558547963431185
-0.82594033284447343
-0.25691868373544913
-0.50181207292013696
-0.93711264183673859
-0.34838331915019832
-0.021188663187176136
0.57827048343767229
0.43623930418522966
0.68941897092315907
0.61849520937082247
0.74748037541330037
-0.24235668828677751
0.94612639717998737
-0.25588210354056085
-0.19841670707597811
0.65443769621308001
-0.35390720727220676
-0.66817736448947729
0.91465248330493998
-0.40202183306110234
0.042299888017554542
0.86830202176206939
0.4596944095139176
0.18636697364488561
-0.42443130730507533
-0.49448281097924529
0.75851487462367451
0.20599317961949748
0.78720023434334918
-0.5812766991717675
0.025965600576405401
-0.49618131411206445
-0.86783056590139263
0.10446635834670012
-0.94938630913515065
0.29623034280862437
0.43480396425772577
0.18737213738119596
-0.88081620943246086
0.013012230186157417
-0.71024676485946014
-0.70383251904998911
-0.73919402710767912
-0.06577098281581939
-0.67027335327295601
-0.27359513714195366
0.43785841821790566
-0.85640277120522523
0.26662193584951333
-0.73937603242842642
-0.61825223492863857
0.43899236999692826
-0.87973562185828125
-0.18262238285079749
0.69941282329606225
0.67286659549755512
0.24098184013024912
-0.31167814558280726
0.80912984786175679
-0.49816224552375787
0.86277758264722848
-0.015392579314030274
0.50534929641136939
-0.1572831449760323
0.47132015258292526
0.86782447884100178
0.76949206989181562
-0.11470416122584309
-0.62827136634664871
-0.17135697234768091
0.65595076350308335
-0.73509549303988919
-0.83616997051050002
-0.21554519595199956
0.50434120287607265
-0.52984446648272165
0.39039019964828375
-0.752901277297504
0.66098308112601156
-0.72234667563439159
-0.20326496664478982
0.36002940873506128
0.60584591466890181
0.70945722388660193
0.9075015117632026
0.2739798052368384
-0.31839609367874788
-0.47321283080454729
-0.55728113371351429
-0.68228099399655495
0.29676861478967409
-0.95152296771259104
0.080823456936966215
0.29657251274712898
0.95116552100532969
0.085608973440368705
-0.50693563311314216
-0.10707134261459701
-0.85530812662506916
-0.18888945788276612
-0.95254485818428247
0.23870288194204956
-0.64703765007134872
-0.76191313729412546
0.02882100984993223
0.0020648720042186499
-0.72112562491550369
0.69280124811797961
0.91087995360250362
0.40367432562205835
-0.085701510830774832
-0.0967558484159763
-0.87001708485603657
0.48343415048578109
0.014792689686078374
0.044382568391542428
0.9989050825553053
0.032091559022753145
-0.053009966706392533
-0.99807819095964445
-0.36431551550855534
0.59273149335195541
0.71829212855807933
0.19683294697325512
-0.82932979064474477
0.52294252966742671
-0.25902507083298487
-0.061999483313514951
-0.96387866287662194
-0.80764757599354164
-0.55785015807869587
0.19107222227035017
-0.88318073503849204
0.43602073277978032
0.17285169898804081
-0.0048236636312154572
0.42684211369576969
-0.90431329872168786
0.54097662224696152
0.1914978381723618
0.8189461961310891
0.99186138672681978
-0.12394524816887699
0.029130138631758992
0.61951061524787654
-0.28175542616853572
0.73268033781437347
-0.25094251098615489
-0.056859073284702903
0.96633063801432295
-0.98271992182432644
0.1706490344888994
0.071697017215475722
-0.62162685458626799
0.76835452156975725
-0.15235282353961294
-0.49505618580080152
-0.73336851340803522
-0.46592917534969902
-0.37976684992001764
-0.34088775322391962
-0.85998411578573641
0.80010826470493923
-0.27908892010153374
0.5309765902819169
0.35707203890627315
0.78601901121473516
0.50465203164192951
0.47600670451618043
-0.079485444880096984
0.87584226965125334
-0.37782721093496202
-0.82778592016513941
0.41474940512731445
-0.75600589672212049
-0.48163557290810471
0.44326319385988305
-0.47642066259335064
0.070171646559660197
0.8764127408209097
0.39088318443020825
-0.86645406353632259
0.31059248527788624
-0.77303948727508054
0.55939186714380706
-0.29914994582457499
-0.22548553456824269
-0.55647356015388716
-0.79968334392441354
-0.78564194689390943
0.3626613572515105
0.50124192884997132
0.37282794839577416
0.91168291170958116
-0.17272402667764045
-0.97497661625031329
0.096887494527832796
-0.20008351048801754
-0.2655851256897343
-0.32598010652732412
0.90730453055234017
-0.7389880946098959
0.5792264044837202
0.34408337416053281
-0.54481090308732405
-0.62926745110773941
0.55425946528096681
0.77030570575680024
0.63709551125063257
-0.027174054221133927
-0.44534697130550444
0.89476344602947233
0.03262592218585765
-0.61840128674363926
-0.72265521346944039
0.30878680509252493
-0.20641794715347916
0.21260214089659096
0.95508741002021869
0.78758008980442695
0.53670058810641963
-0.30277067372827599
-0.68929181276370721
-0.51468983489833353
-0.50987368113018783
-0.68042865017937326
0.49012012105985281
-0.54479273026294239
0.35917620729400596
-0.34895795449533501
0.8655754144546417
-0.91592184444317748
-0.31318984066563277
0.25099661068556961
0.28059765934075409
0.42724406043437452
-0.85949256331630852
-0.26621116014200519
-0.9624682823483518
-0.052786586262618757
0.32146234955319347
-0.053291843781279095
-0.945421565866853
0.48929435772784807
-0.75743736579674614
-0.43229581121100247
