-0.85105427042772097
0.23415314178477692
-0.4699775898689828
0.35855263116839697
0.92757785066154974
0.10506827134924751
-0.36731724343337557
-0.058410932746901789
0.92825977269950843
0.71512674524890218
-0.28048558653447986
-0.64025118037854511
0.63782571850111069
0.15951404995604551
0.75348100220586978
-0.26342213667518333
0.85176838320192128
-0.45287901175376416
0.48302746250682421
0.52339719746099844
-0.70195430346582477
-0.94465841214520152
-0.073594157790353235
0.31969420436166085
0.0064920061532423544
-0.64368563162390624
-0.76526247882477516
-0.48038697594175711
-0.78526219818319642
0.39062979078665805
-0.1930941154426431
0.10852019414608158
-0.97516051501479484
-0.70636055576768997
-0.58868064372484197
-0.39307742870745699
0.85369434898343788
-0.4960190662828905
0.15865385087540035
-0.006490424049320623
0.64368706907106354
0.76526128316174735
0.94201777390309571
0.33545859626173541
-0.0083692200808699203
0.20185818887247683
-0.97768588490126995
-0.058168565823339499
-0.64659104728855632
0.70965124557388704
0.27984840042730069
0.26078029349198512
-0.58990363754372976
0.76420372737831499
