0.51517650526776937
-0.45146464392804075
0.72854158680408598
0.82850551179239595
0.48812179293193397
-0.27443711883514282
-0.91827129111916406
0.39394483525304125
0.039815859701851593
0.5235546307716441
0.11193318469458824
-0.84460731157248137
-0.15822469911638518
-0.23361323260868916
-0.95936948155528057
-0.69781887996312386
0.54607861933943547
0.46351585977973508
0.27080118068719278
-0.46529561319615581
0.84271389740459113
0.5671756223878518
0.047548651127609351
0.82222316869867995
0.68905032291840163
-0.18315994985192535
0.70118619870636811
-0.33928029049526659
-0.89937198122957052
0.27571529493418501
-0.19015776026613077
-0.69304190729508186
0.69536532912086135
-0.14033490254275999
0.97215192661719696
0.18768789705994893
0.55062704362103843
0.83194532186160886
0.068387427687689087
-0.62178573713057206
-0.13284829152412497
0.77183795484551831
0.13772728728377098
0.96238519398398847
0.23419208513067746
-0.36343558371827006
0.27349266116006238
0.89057079492814484
0.63366607360312555
0.29795540126105691
0.71392568662554845
-0.43782704606042783
-0.31336886760635563
0.84267872321134973
0.36091397349835247
0.51414670582847655
-0.7780708634946798
0.65595930080484899
0.51866910811954492
0.54836096867856066
0.022196207961158381
-0.98882397694075186
-0.14742615432554856
0.54938911250238087
-0.29476950727035722
-0.78184559898194539
0.12756956701135569
-0.19052742547882981
-0.97335774806231656
0.93269621816607051
0.093577646972640843
0.34831162571147939
0.81364456172671995
0.48712578676504392
0.31731844421821864
0.32919203360271126
0.2893366788629031
-0.8988419723606017
-0.55239599393742222
0.43209414607913965
0.71284873206454291
-0.31906585743341659
-0.021698795869762852
-0.94748411114808739
0.45126603769197016
0.49608845162032056
0.74179189224117459
-0.050181678564238261
0.02541095137604809
-0.99841678806330147
-0.48152672438177024
0.65725799974238142
0.57977921270153043
0.4761673722168776
-0.21575359058784782
0.85247581888551238
-0.9163916893048899
0.12225717923331518
-0.38115541961100768
-0.74275232949853942
-0.42960142990166417
-0.51357724681973482
-0.57150769204021779
-0.77612465208321268
0.26647604464111924
-0.080399309303625321
-0.92275224303809478
-0.37691411360104971
0.82199444987998072
0.29314440965952093
0.48825349917013267
0.42631222881704722
-0.5643637066218663
-0.70693103638832377
-0.97121721596627808
0.1620416297452279
0.17458416205435801
-0.787312888566427
0.584363602333836
0.19661534976855521
0.11168611124136682
0.18909777292408259
0.97558610323791162
-0.39950899926832795
-0.76317147208493208
0.50789946219634574
0.95458864314840419
0.26710852656487499
-0.13196043880053618
0.60812331491940164
0.71034695911222145
0.35439135363529733
0.098842217475588995
-0.78551719218496607
0.61089520936602171
-0.86714275588498346
-0.16167745468253461
-0.47108793400338012
-0.87787187960933255
-0.3763444679567361
-0.29615165782000724
0.51566156904476357
0.61617702777711669
-0.5953310143525623
0.68019596258221138
-0.065294317446610281
-0.73011650070111433
-0.095078084787737174
-0.62834705027702953
-0.77210112174588375
-0.18647752294210782
-0.98211990657299586
0.025819034653245202
-0.48651085658275672
0.73080785422312255
-0.47877663542920251
0.74040262467399454
0.65824217425297027
0.13609259131408463
-0.33979780095153511
0.88577794222607142
-0.31612480373144936
0.34883139082651765
-0.76582602029576208
-0.54021029924649944
-0.20295658736979688
0.25430959030045108
-0.94558725452727144
0.77015243981864701
0.078575151684573699
0.63300171009179085
0.23222856888684715
-0.22781828278585148
0.94560495018864665
0.86150415798620095
-0.12130208240640801
0.49304806112219501
0.057801079089161801
0.28855784370881221
-0.95571617444210344
-0.28177691598989996
-0.44573746640836676
-0.84965868479941475
0.97193877227407144
0.015965450080091752
-0.23469155790976115
-0.18359564856577315
0.83606445572879828
-0.51699986817659971
0.57582788487962289
0.357782059675192
-0.73512872666604256
-0.31046416758402245
0.51984732985540461
0.79584593627696953
-0.058910841546332034
0.95552754354866098
-0.28895782783680529
-0.8129233903887324
-0.18349610550524817
0.5527067401645247
-0.89416075076342838
0.37568511962965295
-0.2435923699195762
0.70963859070039348
0.69294010851032484
-0.12746402083120872
0.55319918325455486
-0.83293629709412376
-0.01370359914851511
-0.6159746922367888
0.7497686111258669
-0.24170686439193631
-0.64360831107495864
-0.38677121262565439
0.66043650035360724
-0.44999411782379806
-0.89273246994141409
0.023109111542507599
-0.17212846020158945
-0.79260890384324822
-0.58492984086729094
0.78828675338770848
-0.48154784730249284
-0.38303480937351014
0.40498895591630835
-0.11998820259138508
-0.90641424129627801
0.71913170684182548
-0.40687831640281252
0.56329355034118345
0.87146613715007182
-0.0094095291179369604
-0.49036540718377647
0.29869221278899954
-0.38394536432975679
-0.87370985986705063
-0.69939089616746586
-0.21640559123874958
-0.68119086491135239
0.97725771171411513
-0.20387758499273745
-0.058320624420698602
0.99687605893518394
0.065318737248371742
0.04440254143777881
0.028204918015228442
-0.070740976198861966
0.99709588149093575
0.31482861899922349
0.94902429487832018
0.015356705042066867
0.053978671731905431
0.99808912345602352
-0.030073321014574519
0.58439300757008095
-0.67176729920506062
-0.45520710497743105
-0.5943576268918116
-0.0091566839915661561
-0.80414872162667306
0.69821131485136245
-0.68610656662271918
-0.20434955113901254
0.75181693867458343
-0.57664865771182661
0.31976181179297558
0.32761163185843017
-0.66291912849600565
0.67320787855249653
-0.5507460049852958
-0.80293555854241327
-0.22797659270398637
-0.13713554311070431
-0.8560500824706615
0.49836944039307396
-0.38243098165316924
-0.8160639579949206
-0.43334300586655122
-0.75310876387156056
0.31282019655717197
0.57876654568641273
0.78679681745272634
-0.24698260094231925
-0.56564154981580705
0.39723255824555592
0.26734246097098047
0.87791474713190165
-0.29179582338484938
-0.93325188188047681
-0.20951401485749518
0.091893238345427036
-0.80594067126565627
-0.58482071367749444
0.90241033120079694
-0.4160542786870734
0.11204655875236444
0.021366487224931452
-0.42938910316494822
-0.90286680706894318
0.9159754306940413
-0.24193484706802779
-0.32008833177583274
-0.5475732300064049
-0.4432276110091895
-0.70972730158803898
0.87382881413244107
-0.46606479782540128
-0.13858862803224337
0.22052853235946851
0.85003083391047785
0.47834584540564007
0.15132688821053966
-0.91237574008588618
0.38035599352086746
-0.78716398010654676
0.056021816624021843
-0.61419412605866275
-0.98177690541808671
0.15739179998667432
-0.10649849428343923
0.12017979595670333
-0.98769407676146137
0.10008609980476522
-0.89884266148243186
0.10589512326322005
0.42528589533188843
0.37828205869527454
-0.80858996122823557
0.45064948537658983
0.63187592402905379
0.67855474511601155
-0.37456144290753401
0.88390150930138756
0.24593693225037458
-0.3977853029084959
0.023126898980337453
0.77158149043505175
0.63570995757623416
-0.036971904480557115
0.71073847869481976
-0.70248408749355595
-0.40130098937876302
0.89917073137834935
0.17449788467528771
-0.17693005136754369
0.09273624033132577
0.9798447564039362
-0.91239038600468525
-0.36150193156135835
0.19198993985005697
0.10782804461388885
0.5235812276367271
-0.84512473094872975
-0.37497770236656575
-0.63786179216186978
-0.67269908341541462
0.87634074302000464
0.48169030755977693
-0.0011617771359765342
-0.95293962150012024
-0.29732446615003683
-0.059196618178769284
-0.80306507611752431
-0.41243379914648348
0.43009864547793336
-0.31946694036560785
0.66406811386371178
-0.67598403395563222
-0.64721506800357109
0.27182038102963285
-0.71219824220931494
-0.59445386880148376
0.52455428270311943
-0.60948125677888099
-0.10070913778037709
0.35173987692187442
0.93066467030317512
-0.064253443623807471
0.90233850993113562
0.42621204637802057
0.72751006134995622
0.4444599802227972
-0.52267048569336061
-0.73399038594679755
0.56262297463206912
-0.38041227865808069
-0.44049333820568176
-0.56403578644542274
0.69844774364680173
0.56993363591167978
-0.63552551605350227
0.52084831678850851
0.0026471824479918048
-0.36278420371822556
0.9318694189410982
0.20332519895384707
-0.91425461355163495
-0.35042454975347981
0.43782515989457099
0.7086106908757267
0.55333535775325138
0.17701377451001443
-0.6218424817003767
-0.76287485971582147
0.96784333789564658
-0.13993433807705588
0.20903983906889489
0.36596104831565851
-0.91219575850618628
0.18431334536334557
-0.21404186007435821
0.97444791802045605
-0.068097997044753236
-0.57786265191990549
0.74767808055584462
0.32718839125559213
0.096662081111731635
0.86676899065712798
-0.48925244905914622
-0.58340773046024186
0.17012412578181937
0.79416194939458118
0.18475110079200349
0.43204472876739786
0.88272554234056733
0.043932434176191269
-0.60224599885495034
0.79710080798513661
-0.45341272500248692
-0.23732364794033195
-0.85912419761878001
-0.41527027874548239
0.44490717587774609
-0.79347854441259968
-0.84224024787954788
-0.53796079117507001
-0.035064968417072635
0.64493448924077834
-0.46273837593927758
-0.6082209302719005
0.32043619372573895
0.021891688593900685
0.94701710635081371
-0.4169590420751898
-0.019539078993980906
0.90871523681723687
-0.58443188527262568
-0.64613786720394517
-0.49086171987823751
0.23661826854515175
0.71613953561580201
-0.65662467248701351
0.46598076268758665
-0.83883378450368495
-0.28146014065995317
0.75654728662317927
-0.65146342399410473
0.056847254119986285
-0.96893437655889547
-0.091639083692662368
-0.22971384865173802
-0.79814338967145038
0.59415491339688109
-0.09973499090144898
-0.768007423784836
-0.59779836096582195
0.22978624118505497
0.3991221314835815
0.87137988118050203
0.2853044458711726
-0.62432957648584408
-0.6116414877651386
0.4859087057971429
0.23482835619028303
0.64806909541240143
0.72447366460094409
-0.79800357163614188
0.33115543448802581
-0.50351402946194845
-0.23357622133832245
0.7291311632256352
0.64328057303057351
-0.99539797896529347
-0.071699752740455841
0.063576795521374033
0.58238897869095652
-0.77093932756146633
0.2578286848245922
-0.040027874268141146
0.57929496658779922
0.81413457792162014
0.86902039421054555
-0.34057475753720828
0.35890442874757028
0.48311171506731981
0.85281877598109823
-0.19825036216565767
-0.32805736291093918
0.8457762910923956
0.42076220370407763
-0.87042731150457275
0.36657736191785617
0.32859904612805352
-0.64687522673267372
0.76020252881199712
0.060370160074299205
-0.9382071713321396
-0.13240268763800911
0.31974494830595401
-0.46128233703051252
0.88359809147763013
-0.080455069950614688
0.22197365331250615
0.94233116230531089
-0.25047889688239428
-0.44733606742338328
0.19746108753825098
-0.87229557014259407
-0.15749458023546167
0.50194148429048335
-0.85044118170789584
-0.67309549433697791
-0.73954633778030787
0.003697266421834483
-0.082995125404090694
-0.9604083536205491
0.26594661767923544
0.37936998188041898
0.81176763531208129
-0.44397266031579286
0.22541139928237983
0.061922026543081009
-0.97229386694679776
-0.76302911369338899
0.055161677082883873
0.64400602562218701
-0.22248598666360606
-0.47517038956313878
0.85130082028665799
0.93909418244931486
0.29381406888321049
0.17825658309343012
-0.7404181908100792
-0.61454014456350037
-0.2722522973960021
0.74767799311814953
0.18087850293272592
-0.63895272578151852
-0.21619237610397096
-0.19761882833305572
0.95614206852475092
0.30705990658640109
-0.94713815404654589
-0.092970591675281447
