0.33847625495867567
-0.68574974581086356
0.64434549036172006
-0.099892869899235029
-0.8042922949033201
-0.58577753362726814
0.0045696110711662607
0.20786213648975144
-0.97814745865261754
-0.90508213203228816
-0.37408008449894264
0.2022138092642331
-0.53867735970240371
-0.18413124661556141
0.82214499096196314
0.86442447061555694
-0.25677833674821965
-0.43224439889700378
0.48289788707931131
-0.8659014885843116
-0.13047698157839924
0.066820181561808453
0.66191381193264431
0.74659571985703388
-0.67867269576237244
-0.72979609916058208
0.08246833135593408
0.57932119936354476
0.21175353545265146
0.78711332614261242
0.4752870191279614
0.059068042515658968
-0.87784578133167857
-0.57911357752754034
0.53434162283102915
0.61571624506224931
0.89827804140420375
0.43353535397065107
-0.071719294395371794
0.78892516519314226
-0.49688498088021682
-0.36152786822130328
-0.58947926130681161
-0.64080171315653744
0.49182046003071334
-0.29596715583173949
-0.14794068691813841
0.94367208066311892
0.47773906497974433
0.73205939692093391
-0.48564845842650239
-0.84198709511502856
-0.53948240274823911
-0.0040581750507378963
0.27867867467949103
-0.22140842671497188
0.93451404743774902
0.33390734274537592
0.24511576130748686
0.91017808698043978
0.68009548287690991
-0.73311976966357806
0.0023531890797617466
0.70807598243362901
0.37629924476921417
-0.59751759931132575
0.9961474843407655
-0.061276351149594746
-0.062732752461180416
0.093176783075547609
0.96801375356710395
-0.2329537722395123
-0.60005890483690105
-0.4368878469106719
0.67011813879919435
-0.50553826763403498
0.31649185954056991
0.80266055266353475
0.26971959050864797
0.71727597794349829
-0.64246907626830219
-0.012134379190000284
-0.053819558626110535
-0.99847694612893478
0.74844601110213727
-0.50068224803501982
0.43490901918435587
-0.36763284604944091
-0.7677556492841997
-0.5247831490223227
0.17815865072141662
-0.94732008987855598
0.26616562979770481
0.73023154227512166
0.58099588975875793
0.35945190324983173
-0.95757900939442431
0.065170340673015331
0.28070494734463824
-0.39105183365376822
0.86486816208386352
0.31477218048885075
0.98156863218479629
0.17914990899065167
0.066545701735795992
0.61375331090578256
-0.14910979031776533
-0.77528907111062895
-0.4149519494062307
-0.14795021094116625
-0.89773359899606819
-0.24793884043725081
0.053066323176607866
-0.96732119626685908
0.17741331461263515
0.041131904889908685
0.98327650343038575
0.10000636023553877
-0.43173968980426769
0.89643715237609067
0.86886385099270991
-0.07122011619945566
0.48990132015198146
0.34761565145574247
0.93184684004879625
-0.10404242189641978
-0.90222023867065149
-0.17810571030088537
0.39278110556808821
0.012890668638433503
-0.16315762366441558
0.98651579840478743
-0.32890228361399299
0.92296784222098982
-0.19988409156166106
-0.34943380028348281
-0.41782348953802911
-0.83864149122834797
-0.25800863018856995
0.29275738502523468
0.92071964259561889
-0.19420019183904225
0.77407587725615012
-0.60257183948455539
0.31372129265767779
0.67841042825489895
0.66433292961300683
-0.63208934768668101
0.67731007817244682
-0.37644935190150097
0.74592375484733697
-0.2789936445450788
0.6047811986643632
0.49616245664852748
-0.42067047215195086
-0.759512455771433
-0.90325705292330216
0.42525003784463006
-0.057350690121842421
0.27020121524241569
-0.92419161404181571
-0.26992807156037962
-0.78463859208424636
-0.19908712909266255
-0.58711719004104546
-0.23080570416159515
-0.63486997344422624
-0.73733902903982906
0.84851699915929368
0.40703259226024335
-0.3381469665332128
0.4512915559128754
-0.78754032637678084
-0.41966196622053986
0.070404618219252091
0.85096171481855987
-0.52048760758202228
0.65744007388273096
0.42321693104832508
0.62342600084300848
0.076993014831071308
-0.6710662404190666
-0.73738875543165283
-0.9190883121022323
0.0060709147997345912
-0.39400484584655038
-0.39035802350778293
-0.41191914025576687
0.82337308395043307
0.034988263894134737
0.27020555408303659
0.96216671109135421
-0.78817979939748217
0.59363772269106663
0.16237874867084354
-0.75346865234136351
0.64988823356290493
-0.099650759231311448
0.20975283969666705
-0.81071264721919489
-0.54657913414072934
0.10043231001722598
-0.65716919315583666
0.7470220898149601
-0.44688418311765687
0.64249309426941192
-0.62249269127868578
-0.082800024456399265
-0.92070434964341707
0.38137600409269584
0.85762587189678674
0.17860993970230077
-0.48226170622683356
0.38034719009720652
-0.22114960496176395
-0.89801384577879162
-0.60709650338112942
0.70338294737646889
0.3697110559915649
0.52454907892382796
-0.2547761583131164
0.81236529526769774
-0.83191809971470587
0.28700206589685417
-0.47491271781034722
0.57183467099056462
-0.47412012036605955
0.66948877549753283
-0.054076205214616292
-0.4824596493547284
-0.8742473624633359
-0.89874493692171509
-0.26109555491558545
-0.35225934985590496
-0.38487097094687084
-0.64116241186172562
0.66391648370715095
0.97509570768507436
-0.082567919660065603
0.20584192842361587
-0.72279654102906343
-0.44686062217810918
-0.52714395057044394
-0.60750437816427005
-0.6676906969166343
-0.43026452765969764
-0.58879615042652245
-0.31718163521812071
-0.74344798306489956
0.93665492348695678
-0.29781238657346526
-0.18435112343313789
-0.49720650205155664
-0.56401262193977864
-0.65929921629732879
-0.52702365226723569
-0.80050303177510873
0.28537863632332972
0.75046608441740648
0.63899338111568393
-0.16878422624627173
-0.75649023223589218
-0.58883518059575668
0.28459736229355431
-0.33696247003627955
-0.81851651312139284
0.46528164753689377
0.08895927381310624
0.83215782197572197
0.54735692827191595
0.016325286772967823
0.4548079635995585
-0.89043989199619922
0.67805014403451336
-0.050758198821364092
0.73326094088474836
-0.78269673676877805
-0.40777007245484681
0.47022269858193283
0.12044598231345709
-0.27899871854811059
-0.95270797225228376
-0.6495956511774168
0.057379128887211951
0.75811155217390835
-0.46176133777089495
-0.84655851976075935
-0.26479263501937783
0.68266427601458612
0.1369371739433406
-0.71778666513518641
0.9593301190376704
0.19827289924639013
-0.20093177979503363
-0.76143515620861446
0.49657720171783704
0.4166864356127345
0.70470613585999586
-0.35201099153108611
-0.61601747046863431
-0.29654383783245797
-0.93242001370605176
0.20653007113736074
0.34193101457753955
0.83326016168825057
0.43446597589827984
0.29501314812914403
0.8798360736536821
-0.37263350081360702
-0.40394251911824569
0.80995962965399548
-0.42520094023786908
0.53889763784706879
0.64997560879284888
0.5358367698256763
-0.70981636394833181
0.29526201131987601
0.63951628137406369
-0.73892914997543568
-0.20074987050276366
0.64318208993231762
-0.60326006104973195
0.78924947854028826
0.11472819778135038
-0.13328721478139016
0.91850735204965173
-0.37226168565480483
-0.22449265755098433
0.5721309853892883
-0.78884040354382112
-0.37406572657990028
0.92535944901087708
0.061520096915864193
-0.10116584213270868
0.49339743820952897
0.86390071209245678
0.12451599427427811
0.99104137003112114
0.048298758335245065
0.10947717104485995
0.94408334530150773
0.31100062081019803
0.56539785793542963
0.77500437788643584
0.28230033032018625
0.240954161318987
-0.48234242231791297
-0.84219171200834764
-0.17328475232491031
-0.25362369649081667
-0.95165509255718717
0.45263375378393106
-0.88087645240514778
0.13848956832046588
0.89426502852279166
0.4062512901594536
0.18774969508606454
-0.9445027881289052
-0.31572922644008583
-0.090716805434657724
-0.94499698168047375
0.22750217703981745
-0.23499673201331489
0.94381827153703668
-0.32142266703260297
0.076775903970508597
0.34308115894079422
-0.47314172529710108
0.81143836867794472
-0.040849572386266193
-0.99198242954737692
0.11959168827783401
-0.55905691811227787
0.81464129623377923
-0.15432083715866071
0.54875132097861701
0.80026110155682306
-0.24177294525914797
0.82286644177489454
-0.54013923327810842
0.17646650581473319
-0.23763490037427773
0.32647785422496389
-0.91484526824199641
0.025243820950833096
0.67424107310325765
-0.73807975507012102
0.55288889731038948
-0.66888849109416426
0.4968923965132428
0.8003868820460579
-0.063399749641861403
-0.59612189256387738
0.27024619273049755
0.51114643471254839
-0.81590214952242968
0.44340614668967887
0.46429147561266809
0.76669708148082993
0.35846598066306112
0.91760346654358327
0.17177316115874802
0.68534363940937648
0.58963874882048006
-0.42735259658802732
-0.45730869545634711
0.42689829975132537
-0.78014524207319336
-0.1493507985953306
-0.35954361505610799
0.92109865260531243
0.9437386345768507
-0.029904694703740402
-0.32933736326402091
0.13726970545623962
-0.83865211798807071
0.52708600148180773
0.23990734500236469
-0.97078839922272087
0.0037881061895997407
0.23878627064265995
0.0015825997840521505
-0.97107085855281128
0.83788591002645463
-0.53725213375175873
-0.09647459022106554
0.49767381412869255
0.32075830753313644
-0.8058752278604161
0.50613779012271798
0.54326334606658278
-0.66984287279199428
-0.17394460619904084
0.71945121454043182
0.67240852453739619
0.93229851732502622
0.14078142294910373
0.33316672334731029
-0.15801844448966212
0.877561064926768
0.45267731169748787
0.44603751962660265
-0.0050193352285339814
0.89500018846881335
-0.9873130154471994
-0.053306214335647105
-0.14957090974437626
0.034312583653962003
-0.91965441551978766
-0.39122679179466668
-0.24643006082765909
-0.96628893319438047
-0.074551476890416912
-0.42239300439035821
0.076349310098692655
0.90319152602841701
-0.11850946642292112
-0.78003162399448389
0.61441530900253671
-0.91456180280550026
0.35437282898386058
0.19492718365361208
0.78061011463090346
0.15422930671083546
0.60569065527497035
-0.15528809828338963
-0.58746393692885157
0.79421138832151139
-0.40432617755852146
0.73001730253166486
0.55099462805485377
-0.65433406280861839
0.26293341670546005
-0.70902253323005182
-0.35213979599841194
0.53484249020262087
0.76807621675720195
-0.81642527268947873
-0.50500101427831234
-0.2800424069525651
0.57803126064705401
0.81580611203321884
0.01844584733810703
0.37119561288627528
-0.64558859820664305
-0.66740480882262465
0.7646752720668667
0.63689123744350384
0.098190019641232779
-0.81533054254577741
0.48880332337287391
-0.31033436395546316
-0.6232649167734291
-0.043266601083161792
-0.78081293838545041
-0.47908288493100348
-0.87776349054732483
0.0032930272339277747
0.88914487995651992
-0.2998598656322532
0.34569559359371738
-0.46624673649292325
0.15786234739566105
-0.87045589203843643
0.26106223637415615
0.26826999473939689
-0.9272959175267883
0.60155281670669514
-0.59153798984926542
-0.53685846857186814
0.013431525898808713
-0.98994494350699191
-0.1408140722263522
-0.22107547456020099
-0.91452093112783872
-0.33878769321959246
-0.66328386805949879
0.49052905160973898
-0.56518648240990288
-0.13168542695747595
0.06292490301503835
0.98929237584627883
0.65756606754037805
-0.7039500144758406
-0.26844225438433961
-0.1370804309678969
0.96963108644278206
0.20254508547344641
-0.98473283999468686
-0.13353646884290526
0.11166577508335326
-0.78964052223966064
0.062838597540322755
-0.61034347403428624
-0.11608517187658325
0.99109953718378407
-0.065160879862637855
0.63836577190087529
-0.72467760353788224
0.25948316360795254
-0.8644293964849411
0.25678045422043533
0.43223328981353037
0.82694504879153741
0.35192034095795532
0.43853615574909927
-0.67856197198352741
-0.71267534624806317
-0.17789744525436565
-0.9878704720193261
0.15331972619733666
0.024596586573903206
-0.83103943103262878
0.028639026767427397
0.55547571523404993
0.19234406171883078
0.4655200691610214
0.8638835726704267
0.37972254746308121
-0.83743245278253708
0.39308736175915371
