0.91740932303694178
-0.29020852997559071
-0.27228504023230315
-0.4756073201183898
0.71932374363999618
-0.5063309479831789
-0.8876458758600656
-0.4520275045566815
-0.08806778180967241
-0.46299324745804943
0.77847438171103089
0.4238099690048332
0.34810806250590887
-0.29219603704521824
-0.8907537553967716
-0.94967186703224538
0.31146771365090709
-0.033334791443264379
0.80793525199687144
0.023512923518921525
0.58880197945348756
0.855677825611597
0.46927760462403945
-0.21816046515107382
-0.35960043683370946
-0.70742757238897602
-0.60846836865431653
0.57894703915120982
-0.70412207063475429
0.41113554395487811
0.28623444724988295
0.46726919147095802
-0.83649826294477825
-0.52027390493763503
0.018803175026431161
-0.85379242468522176
0.015939881972878527
-0.44882330590774
0.89347834905874357
0.31947064996436031
-0.90175578515761079
-0.29116148053293384
-0.045944617379910652
0.31469272629461681
0.94808099872905105
-0.32716225291126355
-0.89470931685820887
0.30407252193702716
-0.73122773583276046
-0.10756643269914963
0.67359888725062045
0.46316910926953081
0.72266292532675935
0.51306205528828586
0.1671368336577557
0.97333763110377181
-0.1570959411065653
