0.37828825238907499
0.19309523967787109
-0.90532437640779617
0.76868309929473055
-0.092570781544310005
0.6328956811852352
-0.57909606479434661
0.11392299665710325
0.80726036603587048
-0.63576263989431314
0.55788335143339052
-0.53345293317036135
0.16442351913683539
0.36276919719676115
0.91725864177988337
0.40170682395488605
0.61647099235655589
-0.67719653216108644
0.52471739901490133
0.5828747374987947
0.62042621765746497
0.60696877709251607
0.093896775706785479
0.7891592356088124
-0.97601758929044047
-0.046135439567102469
0.21274676639523193
0.14184003171424253
0.9735778813257443
0.17896232675224569
0.2976512960971362
0.72589475551293514
0.62006492389951462
0.88130672823698319
0.44577293688652464
-0.15679585295468346
-0.12331540219934684
-0.0017490075402324036
0.9923659872008096
0.45582923782291829
0.78594896490818211
0.41773667603591441
0.86653698220890907
-0.47028894698809054
-0.16715850204255128
-0.42503968386947338
0.613565323702707
0.66549144298460405
0.49831549939851738
-0.39753696047807441
0.77048428154833903
-0.073244965167172729
0.94238080539475488
-0.32642547802093014
-0.44761401102332393
-0.37043766257740829
-0.81389043198688471
-0.76296632608437454
-0.023219741634831603
0.64602107462506486
-0.76827279205291177
-0.39419489891093668
-0.50434839016677713
-0.25782541269545634
0.80620181647441636
0.53250792264694913
0.28719181259721061
-0.5461352143284619
0.78692896150004155
0.20845664620956914
0.88590423390303596
0.41439053440412155
-0.92647005683271455
-0.31747973499179
0.20213819941299871
-0.44514768002535293
-0.85447405921403186
0.2678014658256021
0.56675269581368526
0.82301463189950996
-0.037924892448557956
-0.18916690981713022
-0.80889632461861627
-0.55668897622346702
-0.9606324833997768
-0.0146122264988624
-0.27743776720901492
-0.94799769853081983
0.21897261463650716
0.2309791281036464
-0.84973413954244226
0.50564469290773728
-0.14924924331568695
0.86004733137485467
-0.26799248975538498
0.43416426986764001
0.52148348402614808
-0.59441782059688841
0.61214575914956348
0.11176801980540431
-0.14305854122278142
0.98338301974967446
0.63590039382725927
0.74788346379322557
0.1905282491259071
-0.25009881416086993
0.51676911648890489
-0.81877974046663082
-0.55703351946055168
-0.39076853822407726
0.73281212307903942
-0.059794369608127181
0.91948362345651702
0.38855437143138782
-0.51999721410742128
0.4409828625804087
-0.73153059555353461
-0.0993913043532451
0.24574449874968701
0.96422560117081813
0.51798930574706503
0.36475213398440975
-0.77372020775309513
-0.26833796831808976
-0.20044409706994901
-0.94224036143052836
-0.6674521081325987
-0.25889768002549307
-0.69819744673463768
0.8239969279798719
0.50566303452389594
0.2556050824921503
-0.98244720643034367
-0.18376550536404831
-0.032058159889639497
-0.32036377358150259
-0.88985024391183709
-0.32485934800566157
-0.18318282655376253
-0.73564238027768736
0.65213061605414013
-0.33625956626999987
0.89343232615196166
0.29783918929282344
0.66253062945240515
0.62639782693964485
0.41070540225652097
-0.35335707424735791
0.19002255530966258
0.91598592049929117
0.6085418071348857
-0.79296629855876488
-0.029687005895163408
-0.74750752304770862
-0.28892013845928427
0.59812846160314692
-0.045290060447887477
-0.93238701371539756
-0.35861297673049952
-0.12661031178480814
-0.26150020200398927
0.956863351425702
-0.73826555527603199
0.67417227701705962
0.021347383788304964
-0.5004651807785081
0.75792940276042597
-0.41842278052175802
-0.39486011643767738
0.9179166274936591
0.038917263746196432
0.99629977508255196
-0.069180080063745833
-0.05099877148353886
0.94629857641137449
0.0094630591872079395
-0.32315546536090861
0.44629103303896717
0.85356812638155199
-0.26878572777306881
0.570913701613735
-0.15616624029186729
0.80602087485548779
0.70136909527126956
-0.35024647388899893
0.62081301510735387
0.0530738982507339
-0.46538312452442238
-0.88351667145128443
-0.85710833197788716
0.48843505292385736
0.16369638459462907
0.49613714442062268
-0.81396875963661741
-0.30216351907829103
-0.51612493566327144
-0.10737045493349336
-0.84975681003093972
0.45895514040505297
-0.052127493145953351
-0.88692891685528918
-0.82892789495153019
0.37915272166809033
0.41124415937846992
0.12276416221373392
-0.98067657614241455
-0.1523233845525733
0.32152441840838636
0.94553918220772004
-0.050771087019135408
0.28914271210391851
-0.7402124527220173
0.60702719615553136
-0.069535690869032774
0.025955260361112471
-0.99724175211177013
-0.80026323800613519
-0.57998326179958193
0.15230944136281652
-0.21280206530696219
-0.87826936794714461
0.42820345436114182
-0.57041483547313454
-0.52201975157896197
-0.63413113346814609
0.74856644259979233
0.29088086723656353
-0.59584947938988442
0.30993044707293543
0.80137687481644015
-0.51160357943099422
0.86102412755614266
-0.44681949646252811
0.24287813682412088
0.6108787105485658
-0.63313793777530403
-0.47535623772930213
-0.20015238526168252
-0.44508662030618684
-0.87283270052082451
0.6752979645401066
-0.38507951457465189
-0.62903610909306273
-0.43060297882258858
-0.74401363681456145
0.51090584539921158
-0.80390776578887868
-0.44944622165487652
0.38952586299819564
0.026645730669099425
0.79771853545388793
0.60244098734267237
0.37238353597280055
-0.021217063271452109
0.92783637477872649
-0.71714650212822606
0.29415231369579725
-0.6318032216067434
0.40103157435697101
0.89603925723377198
0.19049232494964088
0.79416850046191578
-0.4482230911961248
-0.41035649549222736
0.045512817168344738
-0.83385016562837799
0.55011133850787652
0.069980843755103703
0.99468528169264758
-0.075523982226454803
0.68826635893226773
-0.12367789357153253
-0.71483788218296573
0.77478486840049021
0.50095524210462583
-0.38568413644526606
0.89812038009302786
0.26258580800325826
0.35274420802733408
-0.32439996743960403
0.051813307942887923
-0.94449989001862744
0.82623787549061156
0.052427459370417484
-0.56087639869112316
-0.15700972988541642
-0.51815821201807855
0.84074967263718658
0.5066777674975278
-0.29425047303992846
-0.81036676822257425
0.30297313882331089
-0.45556801996193425
-0.83705737935909352
-0.7119090178827866
0.62380416960179952
0.32257388028880374
-0.16847136892659198
0.66489527440392227
0.7276892688004496
0.25247262794174846
-0.23011146204253324
-0.93984375678983756
0.74869706887551557
0.40969327268832773
0.52115652290951808
-0.4405249602164279
-0.74146360699923997
-0.5061318789821394
-0.62211074441469694
-0.55758946516529395
0.54961096242749097
0.26926979516340727
-0.88449629283027786
0.38099879971221939
-0.009760545471935592
-0.22709410531309238
-0.97382390558259357
0.12401580018135511
0.61858824852054339
0.77586639320031436
-0.11497661802910067
0.70520123314733951
-0.69962246824559737
-0.61094100012532315
-0.78803281798039215
0.075864169090235981
-0.81990897916560812
-0.50180567968050316
-0.27557272311315328
-0.23953720868359377
0.83208669330713581
-0.50025359616625331
0.9082708367355411
0.0057503789638551307
0.41834318481061927
0.79798167170588097
-0.60149143232508462
0.037859060487624496
-0.57355599649613886
0.79858362523021487
0.18247660780902533
0.15184782285661749
0.67760926674897481
-0.71957481911863908
-0.070036023082765214
-0.66411029459431536
-0.74434701052976771
-0.17464331505221178
-0.97606166142207429
-0.1296277192947326
0.084078043890192869
-0.41770641269411862
0.90468350008707987
-0.35858629686655946
0.89611510355205415
-0.26152167957058309
-0.81244467599147907
0.41533272267849164
-0.40918501674129248
0.39646636799293328
0.234425405929794
0.88761430143116971
0.27416512967232931
0.45428467859948524
-0.84761955644116493
0.55653007196439408
0.70448031646901965
-0.44043360760393419
-0.65038925683009485
0.51488783498610657
0.55846605266866189
-0.33217979321956442
-0.61520485196212371
-0.71496823362920736
-0.58225152055869023
-0.14438078346025693
0.80008584300342145
-0.37018616612125976
0.29610089522901828
-0.88050352768005269
-0.88888490708488022
-0.16845081731490588
0.42603749142844699
0.37900470567324818
-0.92040165787409889
-0.096001152389668887
0.19346849430641194
0.93174133291136418
-0.30729144188435231
-0.74001748049573646
0.24918512556705993
0.62472466075613708
-0.90004752938935517
-0.43427684848435327
-0.036305147164224824
0.50104965933838252
-0.75684655438922865
0.41968146490647296
0.47600716713271751
-0.55732700819439585
-0.68029683431232357
-0.38276043662012282
-0.58138284680564356
0.71797523188375967
0.62247525273940452
0.51196715532682424
-0.59195793059437429
0.62782520073445613
0.12333632379939016
-0.76852044120790419
-0.54250182167675376
0.36926378324075043
0.754543591758708
-0.85222494379951264
-0.14051842531487543
-0.5039516021533671
-0.94691770101936368
0.32142286046595309
-0.0058491252412111207
-0.18485438288027695
0.97808666935633426
-0.095787913420142826
0.12488023944535172
0.26132710369787476
-0.95713795801282064
0.23800751782244181
-0.96324021051788611
0.12458217489455897
0.71775842081132446
-0.53912718685787242
0.44064126650275348
0.9321103723188412
0.3522915198756123
0.084029392710899264
0.010273378032663538
0.50317843512538996
-0.86412147301670594
-0.93461805447155077
0.24696737478669165
-0.25592226954054476
0.78813168238813136
0.61518804261251336
0.019802107025211194
-0.008718707433097465
-0.99785001797348449
0.064956337419934812
0.93799871554097924
-0.23749142104763543
-0.25249996944999425
0.70773669588966892
-0.66715545845038715
-0.2324056013761891
0.94534140441135028
-0.32502675232810546
0.026215250840307239
-0.65123843970587192
-0.64242997466278196
-0.40394581604992347
-0.7296278314698238
0.0032085639179768493
-0.68383691963963655
-0.12589615273807891
0.98035677517415387
0.15182474138256877
-0.57041025968207271
0.81202411517662998
-0.12348672811699836
-0.88709250316285682
0.10018637964082509
0.45058803819755527
0.59143476638101122
0.34697769740448853
0.7278814426949749
0.24510096279705501
-0.90056435729511553
-0.35903949142899594
0.96297941386993646
-0.15881903936335379
0.21782369292254455
-0.70073248527045018
0.65411580811171011
-0.28479201826080491
0.35925401070660529
0.49070345531694792
0.79381778433795891
-0.56884150453319959
0.15452553364405813
-0.80780022417205655
0.97529437081636694
0.18654715601354857
-0.11832602772494223
-0.3549861095499845
-0.33121243852534754
0.87423291095260158
-0.31406346080665648
0.43873864748956937
0.84194568814453175
0.67816454099632151
-0.69591271229362894
0.23621674835492379
-0.36632123105229192
-0.070453934463375389
0.92781733051229642
-0.40888458637926711
-0.91200730946565067
-0.032497115297834826
0.47008926385445804
-0.86471728907223089
0.17686179346694941
-0.12686762564418796
0.28201691022424974
-0.95098426270415937
0.14417925119930525
0.11370808793210771
0.98299685363811395
-0.065211669590321403
0.47984573373652634
0.8749260025648441
0.017203219366037002
-0.94810215732514302
0.31750015514776331
0.78337473943519131
0.16712645279257618
0.59865914040613855
-0.50676537081862816
0.73784431081498891
0.44584148745603802
-0.92188628433879705
-0.26844883704665518
-0.27939380923045715
-0.23757577640021185
-0.95698186082748793
0.16656370707628634
0.69739224270157862
0.68360795491137061
-0.21523062932946144
-0.39038102694547633
0.66019292683372188
-0.64167589417066251
-0.54777220745788746
-0.80547157311990125
-0.22618831453561988
0.84282082504326217
-0.20054708457094692
-0.49943360293785644
-0.997020003854304
0.072539357792895678
-0.026251732997230715
-0.64590919900541455
-0.68873848297999007
0.32930321696364545
0.31612814061621414
-0.27958895569445585
0.90658315369535669
0.98256990537653821
0.10031185054623504
0.15650531520792085
0.19007085044490896
0.008568973190854411
-0.98173298024951949
0.89195811507177181
0.26211339021751834
-0.3683847060157231
0.053622319460318896
-0.65663017451279848
0.75230410126157599
0.36734293899319143
-0.75749328031896768
-0.53968796118076801
-0.73722825083884092
-0.66766542004498663
-0.10352484262849479
0.082698115502325767
-0.82408059508230891
-0.56040359965042286
0.1980480010515541
-0.66187362793424231
-0.72298014490347362
-0.86285557306151506
0.13479857341029941
-0.48714433656076983
0.047174098087254368
0.84331387222010601
-0.53534691312342975
