0.82609333259510154
0.21456908413462839
0.52108532312429001
-0.086958563628425856
0.82186161144874681
0.5630112786068765
-0.78691087697071882
0.22342084999513417
-0.57519943975340071
0.94029963664744343
0.29684098628392452
-0.16649931586247671
-0.20026015893065843
0.59188022052422262
-0.78075199218270652
0.7527434212747377
0.47041575402209646
0.46052834885099658
-0.062610528338965757
-0.068283368943467593
-0.99569940407074953
-0.76478524149720173
-0.42000062687354711
-0.48857241818781999
-0.67881547216277061
-0.51159455837054368
0.526764238154113
-0.68857876838850207
0.5718721216192163
0.44589410877394425
0.17291657992561621
0.85034741498512967
-0.49700013100092394
-0.76780897120242042
0.63768135003521542
-0.061902177331219076
-0.57000003997982307
0.7924242523640217
-0.21717218672823038
-0.96188435096027736
-0.26099191578717407
-0.081619331481376442
0.94117904804324404
0.093657044253235761
0.32466961297010899
0.96415541379910996
-0.20911473654405405
-0.1633259471179575
0.20298072545749229
-0.96537993429986613
0.16383042313299456
0.52694207937013571
-0.10620659326803485
0.84323911468543478
0.21542391735174043
0.065356236522190553
-0.97433110295242342
0.16894258126622466
-0.98197694766158061
-0.084732983520884556
-0.52768520289828569
-0.84932744158524986
-0.013828362609115357
0.9714080940477734
0.22405511307983489
0.078521469174071976
-0.53668943315133011
-0.38842211132103266
0.749061222985555
0.95916632746069219
-0.26989998094497769
0.084581064970054493
0.69127371732719622
-0.22938318379623429
0.68521821540597017
-0.087354459162948969
0.94484381333569145
0.3156570399430651
-0.0654323180361117
-0.82942780857517395
0.55476853021652706
-0.19290991652139847
-0.9281473166137586
0.31832110010237558
-0.51053572984693296
0.29271430264964093
0.808499601468049
0.54333197003340317
0.82616761541962436
-0.14912223701203245
0.61488484653301179
0.094481994312438727
-0.78293663744572495
-0.30484738253646693
0.85365014034328024
0.42231446962253499
0.085664915988993881
-0.33234899139590157
0.93925804233273702
-0.1668091796044848
-0.53012926275157424
-0.83134689653245919
-0.8636902875327207
0.176008225064747
0.47229248557562686
0.75226685238369617
-0.62256074995872401
-0.21566802130950552
-0.045966615114477589
-0.9925819088681066
0.11255320734063134
-0.89986909582076069
0.42584949982711934
0.094275202909986131
-0.45698348150830881
-0.61708115749638115
0.64060669891242294
-0.4477379818437085
0.55087009824695343
-0.70432438156854615
0.34933516922526681
0.6096057282617301
0.71157978864835669
0.88428188509346162
-0.46244249091096212
-0.06474944243480972
0.17641149582826982
0.34396692111229721
-0.92226121100269576
-0.65721997830391288
0.48921391996542096
-0.5733512367042306
-0.37542042835294381
-0.36366321551217801
-0.85253068429155998
0.56394998745680858
-0.4329613548657002
-0.70321040723265937
-0.33521275315753951
-0.8027914502929907
0.49311083688864427
0.9301002121336378
-0.17242283507594827
0.32432076919823383
0.31652468588142091
-0.23081469095982057
0.92007429138346775
-0.16307432120169432
-0.27710523160344963
0.9468999188840419
0.25357103453929236
-0.7236898835463732
-0.64185253983707957
0.42770833566434363
-0.90175908336995125
0.062419028853567482
0.054152315511393607
-0.088928370684910454
0.99456486546231937
-0.21011109114962798
-0.020119938029888977
0.97747046884782463
0.041304580839940749
-0.83262345688250294
-0.55229712171137335
-0.62251238317778124
-0.10932041387698949
0.77493701673109083
-0.28522639191474924
0.68499281839994142
0.67039596067980523
-0.29270698232631409
-0.95486276568932438
0.050593687329125198
0.32447137105061424
-0.52806568446911817
-0.78477064308923805
-0.97783347945396548
-0.035642914833185213
-0.20632806178788615
0.071974775181327888
0.95317979365463101
-0.29371399814464449
0.13493437655016263
0.73650835351993871
0.66283343248539295
-0.11310377916171409
0.39513946256345478
-0.91163169112553477
0.36629251230351162
0.93012131337222348
0.026535595736891432
0.59693574799364801
0.70525008288851299
0.38247880118120225
-0.1830611500647111
-0.74196459754138033
-0.64496290694290526
-0.0098545558602902341
0.17753142680173628
-0.98406579059864496
0.16683476819501011
-0.18965918568484622
-0.9675719887464076
0.38843054107150282
-0.62425107540441527
0.67781436221087166
-0.3678518736981225
0.35686584398676391
-0.85868024806233623
0.65453382718860087
0.31757454463802209
0.68609902905032294
0.56964515459076259
0.55726851069794237
0.60411605245661504
-0.32406817270456373
-0.119453493992398
-0.93846187040973239
0.43431125339298637
0.39182493706459653
0.81107764971705276
-0.55512083003268153
0.78062789863751392
0.28716014335663992
0.48631267681693963
-0.38002355487397499
0.7868176905154648
-0.79727245500174559
-0.52549275979136179
0.29700840375711179
-0.1177333488300663
-0.30641338847760946
-0.94458969607704679
0.41256195217170188
0.22880016105448109
-0.88172735123830537
-0.2056828541604471
-0.68152049517406965
0.70229935081993589
-0.019494633862188689
0.74921994034577122
-0.66203431953249825
0.49269097491359315
0.15162627018240532
0.85689268723059209
-0.71721810381281081
-0.61533283380754777
-0.32705304646422267
-0.69950533137637383
0.032869591688262097
-0.71387105370527271
-0.54552968955285397
-0.79102550635218238
-0.27690432664846565
0.72905643193478842
0.683139121941719
-0.04239881044571972
0.61465687100600719
-0.18194265756223668
-0.7675244623360844
0.81045869595408959
0.53763235858103431
-0.23261158431813042
-0.4449998756408356
-0.86179146812866381
0.24349656289213356
0.49001217873690628
-0.65264889964150385
-0.57787323738536689
-0.49330837373030001
0.089614197410873078
-0.86522606527425627
0.58353571122051784
0.80127684434138791
0.13206624266886546
-0.59559375518792257
0.30027739612105026
-0.74505138357022804
0.90730064943031219
0.099312416396473632
-0.4085860686475094
0.10792199062875522
-0.93906612518871146
-0.32635510791434885
-0.26600829962045142
0.23248463014094398
0.93551615768048846
0.62508792612084718
-0.49334777729311768
0.6048744127981267
0.046048587078073168
-0.64331860900250537
-0.76421246714457269
0.38480797902626662
-0.3008191432761334
-0.87259994402723484
0.38995991446566047
-0.90026266541063338
-0.19354172257597838
-0.4578183884543412
0.055467028691012103
0.8873137730934082
-0.8485144088562937
0.40023230324565828
0.34617539109811069
-0.72122059450244369
0.61516142132858165
-0.31846079786143394
-0.86625053666328133
-0.45274253375390316
-0.21126809001993851
0.38089119829980839
0.76843632330138645
0.51422515699718863
0.073100016730355086
-0.92463563345157562
0.37377176579515081
-0.7297265797015855
-0.28295499668537127
0.622443241370494
0.23705791629131281
-0.80353447449191462
0.54601821638716752
0.57794972195897065
0.37339597145363196
-0.72563735253206696
-0.5908904830746502
0.80568888367601899
0.041398789024523333
0.8062868459876722
-0.34302718636026114
0.4819064965374657
-0.69210775609571951
0.13011149081820955
0.70997031903397978
-0.12483620955209875
0.99001259224292304
0.065505633231898938
0.094801946521047384
-0.69029691027834228
0.71728848212974572
-0.33842522888584375
-0.91713600542837492
-0.21054669790915273
0.35393260100758445
0.48692377541495885
-0.79852172849563008
-0.94314511429473857
-0.053260437371700289
0.32808629839257192
0.99595548106079712
-0.024215310237765138
0.08652339854077111
-0.71608148676862249
0.35846056989936625
0.59894350663035045
0.75899354066399938
0.22750253975623619
-0.61005852148362627
0.63689571669888601
0.68946191585319483
-0.34497262592654271
-0.89098100802981606
0.42561271034756215
-0.15813495540447439
-0.82378097634064351
0.40042052195158084
-0.40130824638833379
-0.5717711005694962
-0.62317734847607908
-0.53359891388557967
0.69536870360531911
0.49964765638717634
-0.51654098144586758
-0.3554320958619972
0.86715062785482744
-0.34888080176777631
0.24361903266427784
-0.49812194623914663
0.8321804453354128
-0.67666891927507966
-0.71621752474154665
0.17073848699162039
-0.52646230215744927
0.70232996530527869
-0.4791347036495735
0.31917870875873255
0.91797066392422311
-0.23548845417478353
0.25527873914288646
0.69407179647267547
-0.67312488193708242
-0.75484780583608746
0.62582810553742896
0.1963261886348254
0.9848865569694738
0.044066221945082272
-0.16750115815809244
0.90123251790932712
-0.15136568671196968
-0.40603987187101248
-0.38880362755117509
-0.59273415771166804
-0.70533535108123324
0.56268832558245663
-0.75299265135615856
-0.34115086876165779
0.76662401783975609
0.60292023988666299
0.22085017456691802
-0.30745758884410024
-0.46771701654180714
0.82868004893288161
0.28641757150788671
0.023391727261681913
0.95781929497543505
-0.051255599513331279
-0.52762910638479965
0.84792711338540583
-0.15845648470701851
-0.9021808104478376
-0.40119986006226038
-0.3521640298394787
0.91883735697864721
0.17809662407724883
0.59523429512732173
-0.77304259435903155
0.21932004288468074
0.85695664382870673
-0.39856513894948242
-0.32675853563758489
0.86455053333850185
-0.44228620140680308
0.23861117188692738
0.42754453045944202
-0.050124230368576494
-0.90260358740931956
-0.05477312101064679
0.39162275949494563
0.91849415864245798
0.76709984904449802
-0.63587383919181417
0.08498401159848297
-0.57507571249542633
-0.70888600039718652
0.4083730688215837
-0.86192974425301305
-0.50456904550664572
0.049871778476890193
-0.75842969409553307
-0.20112742504035286
-0.61994528630419754
0.61473941479505334
-0.78553909252621301
-0.070878671055041947
-0.86227245487640458
-0.29754398318109959
0.4098216583273076
-0.15924541002341061
0.96860112969782464
-0.19092603524552057
0.84104925356867444
-0.061170508279506777
0.53748890406072802
-0.82255162461943909
-0.053350093962708636
0.5661824726270599
0.49651782268227751
0.61963649625658057
-0.60788211378993462
0.077245920905777199
0.56374572047180593
-0.82232829840225175
0.14992704491655559
0.88428198357268195
0.44222986639456185
0.42158203118184873
0.79538398578315173
-0.43546860523382608
0.32442369851065178
-0.84192236937300102
-0.43117976273709979
-0.99689134544574354
-0.03912755591421941
0.068386254054121631
-0.52063880049040501
0.51226513887103142
0.68302244979309068
-0.72644587094445645
-0.68266289937550428
-0.079042788437531181
-0.5579888452134486
-0.17021167008090407
-0.81220467616582437
0.14656520492377151
0.96939860582550386
0.19693903556487322
-0.48566272253193782
0.70362300658188515
0.51869681370867748
0.8501953832745438
0.34513801945347106
-0.39755195608421656
-0.11473724249897078
0.88129386755211958
-0.45842827595902014
0.38471849688026816
0.87824299691983532
0.28404386372434348
0.69475628416678459
-0.54242841574810929
-0.47231887470199468
-0.29900192986900248
0.47176991257266893
0.82947633813496346
-0.59189754764310454
-0.40667218938056354
-0.69589871639377077
-0.8755201821578551
-0.0081684331717794632
-0.48311249966627284
0.11187209257388114
0.99249479157167908
-0.049383434532547774
0.16475594764437876
0.50343302781724442
0.84818079689330639
-0.9581924318113717
0.18789094112655644
0.21578752944038881
-0.40367818364384123
-0.20613895482002745
0.89137570942656719
0.36758333688145212
-0.86766496070266375
0.33472377629314265
0.7598939725107734
-0.30564676034337113
-0.57370829559402237
0.78441781252010323
-0.038257858216781258
-0.61905171971802231
0.23095046554835444
0.27021302410863235
0.93469075317190653
0.51228073242374472
-0.71308817643200584
0.47861644750287058
-0.38038604903993772
0.92175121886981526
-0.075373365373956308
-0.29552149579984016
0.74887625297117322
-0.59317063586802787
0.71553531107999979
-0.59074615012887666
0.37286486118372492
0.0035982289175847866
0.15527737376991685
0.98786435806935258
0.69813177907403434
0.056033282440631528
0.71377327654224498
0.88976561317309277
0.35816169515203511
0.28290873747647122
-0.97906794304349043
0.19732096660489432
-0.049903898071179571
0.88086725557646894
0.4725350294026901
0.027991499434272153
-0.90139059602681293
-0.2356340361465209
-0.36327894847310799
-0.94197841053911602
-0.28740295078555139
0.17342496347976705
-0.93055406172790733
0.18659266123300336
-0.31504335729495936
0.1096460094288533
-0.42771020261219905
-0.89724118006128062
-0.065778181893520749
0.62121516270109922
0.7808744792967881
-0.379979092982002
-0.79079593773898504
-0.47985172058886505
-0.09302606531035261
-0.98455402417916993
-0.14832236731348583
-0.2601889076225461
0.13850195246161268
-0.95557257260477457
