0.94715472262400846
-0.18977129937950721
0.25862092982365298
0.064491936101773326
0.98004525157592803
0.18802152813260745
0.61497308411936547
0.55964829040133268
0.55551948378034544
-0.31143375125735712
0.64009186319875799
0.70234708317505901
0.1849587840935821
-0.22418281051939079
-0.95683452887855713
-0.64260538528790323
0.2156587407594279
0.73522080107478138
-0.50636524804999383
-0.18226399891747636
-0.84283691795381077
0.68260982318221408
0.32857427592218758
0.652750162387844
-0.10785157097634498
-0.73273763825499039
-0.67191040483269293
-0.47002039519487959
-0.43200647814867332
-0.76970853635543712
0.9846627318200446
0.060471887455878129
-0.16365346129003971
0.50732814423359951
0.75492687153892335
0.41557619361188869
-0.67560870705977549
0.62749089792354851
-0.38705044628331969
-0.97973251205093304
0.17898606688174026
0.089934379925441926
-0.79440012803667737
-0.51241515659475889
0.32612749633736682
-0.93555649326866042
-0.24391717399288776
-0.25541820634827572
0.73912923282248566
-0.57692579450808179
0.34762710598925151
0.15002790492635934
-0.085063785043796317
0.9850156243519339
-0.71278034478360863
0.43787574171085786
-0.54791332791904801
-0.57388281984249623
-0.44344834187980448
0.68848535000657562
-0.17601557653568975
0.98089764461183981
0.082815020447703433
-0.011371835142873639
-0.39239453800872059
-0.9197267028342746
0.17331004560975782
-0.92552503794334684
-0.33670021121274957
-0.69678429093256911
-0.19436806612197752
0.69044384766728095
0.77007652820998085
-0.61600370587663766
-0.16589627797606307
-0.94772289680270705
0.010443984023489129
-0.3189235552191193
-0.17375608799070594
-0.68271114460207238
0.70972833881865971
0.17261493033284189
-0.96982398152358762
0.17217877537003221
-0.52809745141833486
-0.83250317987172662
-0.16748593167464196
-0.17323681217963122
0.92559977579079655
0.33653240848671051
0.95058033348416315
-0.16951322492809151
-0.26011977273482162
0.71082146873382257
0.7022350762661328
0.039984212491808273
0.85050518327922686
0.51103307062636016
-0.12444329608846916
0.23655386467363354
-0.46432285126139372
0.85349080774455777
0.45638582418762347
0.81884906983044148
-0.34813529025136847
0.92680877196878375
0.28592759034297482
0.24345618349587023
0.61581261806965304
0.25650140907905944
-0.7449710374012245
0.7786207221146233
-0.62163630485598742
0.08554575137723909
-0.34722307128358587
-0.043605825768631694
0.93676820544221595
0.94184489059928544
0.049349055622114946
0.33240468221916686
-0.78799812979330675
0.039744796033400309
0.61439343960569315
0.82663697560046112
-0.35034769004904942
0.44037235000328734
-0.073499061948013311
-0.94070256110229089
0.33117454526027956
-0.40837723006966492
0.8841793279741349
0.22683684432612639
0.30442984773645637
0.95205756735160352
0.030147242920456507
0.83874319123613639
0.1937723557645647
0.50888322166924771
0.070855146201970434
-0.60408027165479194
-0.79376732967171815
0.63205118101379609
0.46769060490386644
-0.61788089682698644
-0.75075774090190373
0.53009445842053904
0.39416072816518083
-0.66461986144082474
0.43138254106278756
0.61007339152317663
0.85135028959336978
-0.099799362047214166
0.51501725383161134
0.39167148579495703
-0.89966595285129924
-0.19285906899944971
-0.3042433359225325
-0.95211689706884339
-0.030156373500911413
-0.48369373035543067
-0.79250064270779175
0.3714607738679615
0.79873848601461794
0.43612507171349729
0.41450181276077985
0.29099913564634067
0.30340518832080859
0.90733940438685745
-0.85435788064130502
-0.51346929600593239
0.080136719706198331
0.12090390735153991
-0.65829816609203751
0.74298436706769977
0.26630538010717386
0.93620675815675092
-0.22934330273108142
0.055424993053334884
0.89736467778957962
0.43779527772766341
-0.77200711052409554
-0.36029581297856855
0.52363341036487454
-0.83809527082114543
0.04685420671346556
-0.54350804993162971
-0.16092165353271087
0.97047280476023001
-0.17968515977985061
-0.52674403987252849
0.36411658119957713
-0.76808842704098867
-0.063843992451391135
-0.51091329017917908
0.8572581609679506
0.091925327160907774
0.0080648008859585379
-0.99573324400314656
0.33610507904846448
0.019528597435522901
-0.94162201000190449
-0.92973263899833525
0.1040317829790139
0.35323449450952299
-0.90684604433897265
0.42141397804162278
-0.0063648234769473483
0.46984972172101958
0.43200263477350231
0.76981488849426172
-0.33230217824121772
0.25986537073657406
-0.90666711169430014
-0.13186743770616013
0.79585264570930114
0.59095646640875132
0.52910039115182994
-0.62908771300263899
-0.56947469252995753
0.39162522404258038
0.26440648955295859
-0.88131656751469267
0.99465955614863388
0.054376871688467401
0.08772413115887033
0.60726117892762321
-0.79298416758505519
-0.049091450649477987
0.33754600560251374
-0.23391604327586776
0.91178176051067739
-0.19853909293936456
0.86912862919199552
-0.45298747719297611
-0.066934777626871209
-0.98017979777443554
-0.18645991413413276
0.56046347728832535
0.025335938588329322
-0.82779150807538926
-0.38675992778012236
-0.64312195986110532
-0.66091671412359165
-0.054897845626349806
0.61492645666385271
-0.78667126516762031
0.29354408021788303
-0.76226071739194645
0.57687994564740419
-0.67627036530724705
-0.70403754618316039
0.21677067737956779
0.13238166801470094
-0.79749276508271394
-0.58862584348155544
0.90572199388182717
0.053452485066619849
-0.42048840844775981
0.43648520146261766
-0.21850172503368459
-0.87277583895376154
-0.7156334229070378
-0.69713154276413369
-0.043317618836399528
-0.30524949978095556
-0.92381289780708231
0.23106811274764366
-0.071000085458990628
0.60418708688566702
0.79367307621301331
-0.69462091496201162
-0.070633821610144434
-0.71589988667556315
0.034226724127758131
0.93554311146572067
-0.35155030642074592
0.79161882413630835
0.47982860631545809
-0.37829108611545903
-0.62643096537576171
-0.60658277292293816
0.48953200631982202
-0.070914266542242907
-0.99461137493045237
0.075626580378401892
0.85859698459013944
-0.38490881020161477
-0.33860954783038433
0.14227625086458887
0.25027578171045634
-0.9576635638516986
-0.70579295392668395
0.21346742834899868
-0.67549090535810385
0.68600482353352121
0.69656860435667523
-0.21021313354149879
-0.25530514646118296
-0.83271613642725761
0.49132791323523911
0.26737630875171409
-0.44136521756091057
-0.85656678329580238
-0.23875480300349136
0.41939904506054271
0.87584278557573847
0.39700337879574693
-0.85810703319313975
0.32563881342559353
-0.82256509248882181
0.27173378489625333
0.49954721374942379
-0.30373608787020978
-0.91115253371707761
-0.2784698353973904
0.70187667714173763
0.64699759274982716
0.29793161138154156
0.98214733186894487
-0.18811322973523714
-0.00017692170739115989
-0.86549690596364093
0.26548900340313164
-0.42477134418340484
-0.37627678557011041
0.88498145532724448
-0.27426921877581839
-0.95805792655036492
0.2284924253413764
-0.17296306234462597
-0.28143428573755125
-0.81345741758844192
-0.50900075892059093
-0.4204147212927597
0.20616816281889377
0.88359841034273789
0.60515830599187181
-0.76646075127317659
0.21522393325744654
-0.33622101868879833
-0.4904522424307749
0.803997527661927
-0.41735977175396832
-0.665340501699072
0.61897725137544635
-0.59125658483342736
0.781809723223859
-0.19796264183866888
-0.57654637667246578
-0.01299520262508937
0.81696107633998327
0.51010992716399384
0.85483757578934616
-0.095081971095150153
-0.53161165119582543
0.63695351994028304
0.55828242471757206
0.50742028014224538
-0.36518889320784537
0.78048813673110629
0.28142533260381519
0.81346105955371684
0.50899988876086832
0.23344523719489807
0.83967333269576538
-0.49035906802118384
-0.50967840738870696
0.57832348489347907
-0.63700068121028974
-0.88009649658130951
-0.13239023422410709
0.45596379525943831
-0.61663878646546322
0.78428948189993164
0.068166088398394345
-0.085038598622454026
0.39153483972794362
-0.91622535766237256
0.19564994692387247
0.67574444303155445
-0.71069722525183687
0.35651641628474157
0.051860654452492216
0.93284860370761347
0.65772513023654766
-0.19465499963863991
-0.72767237419802977
-0.22143534258321945
-0.29399820000757743
0.92980183235319369
-0.46169787798507483
0.75292081242246767
-0.46898328294851854
0.8913499524250631
-0.41668067133641268
0.17852865441288135
0.5688299177425391
-0.76191415614792946
-0.30970848122452982
-0.0036063438795426242
-0.81484780885111785
0.57966373242972047
0.20834984165485995
0.53603326643093419
0.81808231906194995
-0.47275067325854803
-0.25965530537734094
0.84207239791064836
-0.46637241735432777
0.44011898442542674
0.76732786205077397
0.85289862144455264
0.50358203023390768
0.13772828454416042
0.42063251155374448
0.68212989914710598
-0.59813634809594041
0.41840508514057767
0.48666424293056065
-0.76687358761488866
0.31286541428848291
-0.64538285820876717
-0.69684732823795648
-0.005094090095686875
0.79978653727226712
-0.60026289660792254
-0.99674602015918778
-0.031034806101621674
-0.074392285265710748
0.64747490690408449
-0.48706454716900965
0.58612658344473234
0.01894180785103872
0.39077104754122405
0.92029299482222993
0.71039919693231601
-0.57517530779622861
-0.40559381935556449
0.9068656358890711
-0.413064752893187
-0.0834998704238573
-0.30208561409597473
0.5062469167883562
-0.80774893438403306
-0.70184585090531737
-0.64710578642553696
-0.29776921053322225
-0.099459251334479901
-0.15271176769456041
-0.98325326001574342
0.95504398098028687
0.29578104885382422
-0.02011381446312795
-0.61379508092066803
-0.55854575658476946
-0.55792673034972784
-0.79625142994247389
-0.43393712363345471
-0.42152370401590639
0.3643408726438353
-0.8062742195267103
-0.46602318767173229
-0.40465046653267234
0.91414676415191165
-0.024365827001761233
0.7991467729199474
0.27059529700216095
-0.53678917702571671
0.17402787968509792
0.47584897084786071
-0.86213807132926268
-0.98052063385003485
-0.073482520278449939
0.18215269915061211
-0.76923489219311103
0.63033906163808173
-0.10464391050546366
-0.51604471697786825
-0.85169436427015588
0.091184208883374057
0.70822689615715184
-0.39653540907476864
-0.58410130363620394
0.10974022038520841
0.73128431762979673
0.67318669833748834
0.086219003347412393
0.15692776438838171
0.9838393975775942
0.38903178916956649
0.64325333230829773
0.65945387821271972
0.61657552955605643
0.6488678574244624
-0.44587567768836189
0.50477718969055885
-0.43576703554514179
-0.74518929105315301
-0.84410466084628266
0.46048866056423282
-0.27465890669945658
-0.26592012769565776
0.71071504812989783
-0.65128381374638966
-0.28395349317540458
-0.30642938673342768
-0.90855459090781165
-0.84442305687989105
-0.19903256070766986
-0.49732860443349536
0.76022635800589378
0.039064345343557981
-0.64848273802467082
0.52606470858491527
0.83406216214998163
0.16612113667792597
-0.86027036451495964
-0.48043429743839794
-0.17063934417997342
0.54075613029655656
0.18417895325988318
0.8207684939876696
-0.36301921711023388
0.80287334646555875
0.47287571046086457
-0.17442598498676265
0.1822736193137908
0.96765278042469816
0.7053581772981532
-0.23914540461331835
0.66729252743527667
-0.67883417718020678
-0.32493972607422922
-0.65848184053235403
-0.95918118248990947
-0.28278751018694986
0.0016380596828942358
-0.91574795779936069
-0.30220795545915125
0.26471877425581319
0.53656376500935921
-0.69568447578351622
0.47762164548185565
0.55093745432863062
-0.095743992920631127
0.8290361929599348
0.83868313979888776
-0.17963988535806474
-0.51414015852257711
-0.78631161846074482
0.59848961584648719
0.15337606852950783
0.16262516248917114
-0.89684809442923374
0.41135939523003845
-0.10188558806559637
-0.068734384391912276
0.99241871775314283
0.30114872201350357
0.9119763275159618
0.27858324658911693
0.048158351346354086
-0.31087927973490043
0.94922855341962331
0.72154959362267579
0.045489742307704341
0.6908667507470091
0.40648042970526921
-0.91106824894910465
0.068762679001270838
-0.056540488389669491
-0.89838920349191487
-0.43554564883812186
0.41239231601327397
-0.58372682891776972
0.69942516890287321
-0.59921899251070077
0.73235680283429139
0.32340394610578815
-0.32464370187138775
-0.023443333860173058
-0.94554580900808916
-0.50782382156218941
-0.75338872250022493
-0.41775638722041403
0.16942602279696908
-0.98237340025556696
-0.078976738787547435
-0.12285432908701668
0.14025971390748532
-0.98246324434004617
0.91680713697859761
0.28209588362835436
-0.28264215189006203
-0.20559536252768254
-0.53690837248069068
-0.81820532048334105
0.06458888916768081
0.99536966400897642
-0.071186426843480061
-0.89667850844249952
0.36177393359235693
0.25512207562350864
-0.53162799036675767
0.096819380079127132
-0.84142598456411843
