0.7737032874566786
-0.22206631431979984
-0.59335467894266081
0.75194423208141625
0.64522975086072754
0.13512379673356073
-0.63406730393455069
-0.56150064424515123
-0.53167253135125414
0.7254411359805697
-0.61241318495009944
-0.31414208429705154
0.95383162746823724
-0.022469822749885595
0.29950013941045578
0.47377799317016367
-0.51668448938024414
0.71314202766456614
0.51134238714129854
-0.0051524044466376819
0.85936163274901711
-0.57702182374775912
0.79255307280740905
0.19724462401379581
0.279050525785278
0.12776035944557132
0.95173950985198574
-0.78979871207000973
0.46455897309086147
-0.40050337693122923
-0.42292302590631997
-0.72180741180568653
-0.54784137706147951
0.41378173689802183
-0.1949174059725674
-0.88926479692979044
-0.99515631522760251
0.084326893240425221
-0.050526065936689818
-0.46575606029459521
-0.25520936560687801
-0.84731308971677777
-0.5113433251011974
0.00515151378596741
-0.85936107997754008
-0.85001358683689454
-0.050708219744640709
-0.52431438912450834
-0.17187441401322254
0.98507307418749379
-0.0094986482412886854
0.066365689092489077
0.63693268079211274
-0.76805752092551749
-0.79517745049382926
-0.30954386829201141
-0.52141673911464681
-0.79706275048970987
-0.49762761367155578
-0.34213700456590662
0.94442570213614085
0.29633725931907984
-0.14228254244254276
0.90212985955981961
0.16362940178655677
-0.39923318419384113
-0.21959900531314977
0.88132431789646826
-0.4183822696408156
0.31261587659193718
-0.37732535233501124
0.87172065031632384
-0.72543887337793012
0.61241460839644823
0.3141445342748852
0.073181568346631962
-0.88186139020521181
-0.46579496188737224
0.46575527365193181
0.25520930949241499
0.84731353902426154
-0.47377959573392142
0.51668230687461603
-0.71314254425670542
0.63406587258055236
0.56150186737547936
0.53167294661522146
-0.31420738697244377
-0.94575836817659542
-0.082551965427191829
0.98366525090172496
0.16309586290902364
0.076173575932913892
-0.95383245991587085
0.022471522517780698
-0.29949736073389921
-0.31764361400715069
-0.86309371854391004
0.39264712846335958
0.16715729945166768
-0.3620981990071987
-0.91702962412114508
0.68684765297275896
-0.6792528314594154
0.25856506446188665
-0.37836765221990026
-0.86405932843983058
-0.33202318697601463
-0.60348819647220708
0.61503950961277321
-0.50747255919310752
-0.31261765296525174
0.37732213011025284
-0.87172140801035669
-0.051214992589626342
-0.0092965783211564883
-0.99864438023030155
0.20655370202866574
-0.60592074090704418
-0.76824190455670394
-0.1862920292568902
0.10983332572798028
0.97633596696776537
0.54060708383334788
0.83263650612062434
0.12025152632895358
-0.20701062445183882
-0.76621474096129627
0.60832686287691873
-0.12626382697580318
0.96354335444869921
0.23588482379155545
-0.95510065653373155
0.21591068933708904
0.20289236091784738
0.25799173267840841
0.40871320176185566
0.87543919524725711
-0.016721636140226665
0.74071012712905637
0.67161662758842633
-0.18246273168286303
-0.14831879807619203
0.97196136018056878
0.62435697881185026
-0.078098201214509458
-0.77722521444945214
0.48309076859832389
-0.80043465292273674
0.35486289703988316
0.84202719355216693
-0.51932434856018983
0.14591924585604196
-0.4137793067574056
0.19491698522866108
0.88926601991121346
-0.44101556810639142
-0.88668428685451595
0.1389109215760056
-0.7361719048916745
0.67615131317289012
0.029501324423479719
-0.86214575403005611
0.48378478682613191
0.15052235330189392
-0.94442595813099639
-0.29633573866097696
0.14228401034762353
0.016721845244601321
-0.74070881933011956
-0.67161806471996843
-0.91858976585892882
-0.23324695958908703
-0.31904341068526232
0.13278804063802124
0.94711497370701159
0.29213107134209793
0.70812185769448532
-0.12461339079358952
0.69500714923677953
0.23181952096301056
-0.6199750517486744
0.74959365319465499
0.18246337177701666
0.14831676346449288
-0.97196155049218891
0.94491366153361878
-0.32647296065048265
0.023528242842130707
0.066643081031334192
-0.23747789177507192
0.96910420010890386
-0.36877647123208129
0.73171522674154621
-0.57323358347202702
0.12626434606898482
-0.96354247249365033
-0.23588814852085083
-0.084270393721620304
0.78367520169520244
-0.61542804533916629
-0.062516638603934305
-0.89803992040499026
0.43544916035820252
0.062515697017901301
0.89803809677967372
-0.43545305643514243
-0.84326357930317242
0.20950367516092361
-0.4949896422298839
-0.46959306363794961
0.59695901821584074
0.65047850475930735
-0.52519208361884773
0.26196555348350908
-0.80965877015701604
0.73617321352110043
-0.67614997695517787
-0.029499294186961136
0.73268057271679377
0.61662954156943761
-0.28800553263306666
-0.34051307617424831
0.87348856082566206
0.34794910412453145
0.46959554712909429
-0.59695879003993169
-0.65047692127437318
-0.073841829253906033
-0.99654863218715328
-0.037923712085589478
-0.70812375859745191
0.12461357254808073
-0.69500517987035315
0.058851334043690383
0.26760052456150668
0.96173098095864862
-0.54647179919830746
-0.43981852279129308
0.71269084439934383
-0.5406078330703038
-0.83263583834272981
-0.12025278179871787
0.84583350178574801
-0.36682710676721408
-0.38730293182166092
0.30192888180990168
-0.12999786521359291
0.94442548958026917
-0.68095130261540404
0.38240171642873899
-0.62455924517914141
0.65752223420817624
0.7484431401906203
-0.086587397602027591
-0.18651795554533462
-0.83241516916220915
-0.52181992910183017
0.75195492219668536
0.3051089818454441
-0.58435631611321981
-0.66016265339385527
-0.54502313632780797
0.51685109260925843
-0.16715479117556778
0.3620973595399215
0.91703041280061648
-0.48309122068376087
0.80043375544167938
-0.35486430596469337
-0.066643518978065211
0.23747442111559275
-0.96910502046684011
0.073842058140744612
0.99654876071925147
0.037919888692650151
-0.066367273398920928
-0.6369356863268153
0.76805489159628537
-0.21883747088896163
-0.65509192483641143
-0.72316300468777328
0.92282314307460123
-0.27667453120735963
0.26804598558288795
-0.92282366894895573
0.27667617217139445
-0.268042481297598
-0.84449876266226187
-0.52896087271875802
0.083798776808008429
0.55826889961253745
-0.825464197419428
0.083334833677797024
-0.75195436960779927
-0.30510890394983148
0.58435706786028496
0.31420718613130871
0.9457586913842756
0.082549026975171816
0.78979794313699325
-0.46455836136279127
0.40050560283782943
0.31764268611386393
0.86309243378169487
-0.39265070317925044
0.68715133891121016
0.12574332805126354
0.71554989545322667
0.62248305504596324
0.36820754790782029
0.69060701404225167
-0.23182110057033975
0.61997196660267417
-0.74959571634126154
-0.16180254887142223
-0.40013482025043229
0.90205989867739123
0.21959813075144496
-0.88132590788360854
0.41837937934798403
-0.38670236740368497
0.9171939427075918
0.096002867170143669
0.3687753695867339
-0.73171729213633407
0.57323165576827539
-0.65752327776985564
-0.74844234271459009
0.086586366263294454
0.57702371608714353
-0.79255195653036759
-0.19724357346405424
-0.33826594163809215
0.92203990485056442
-0.18819821091300795
0.68094967383218918
-0.38240221582978506
0.62456071525217283
-0.62435502213294003
0.078098269142449467
0.77722677945007124
-0.057281951777868781
0.97152837076834708
-0.22989432962280579
-0.73268119283931199
-0.61662899034484409
0.28800513524217047
-0.43396127296744558
-0.52849488343939555
-0.72963742485076377
-0.98366574806371876
-0.16309383896361238
-0.076171489274897433
0.90479699932622171
0.40713406099482335
0.12483687911882729
0.66016249255551307
0.54502292511863681
-0.51685152076589347
0.34051452122538667
-0.87348763472340729
-0.34795001482964921
-0.25799176314897737
-0.40871336024496896
-0.87543911227711801
0.19855633438776815
0.96240283160827589
-0.18535417930779305
0.2188366629794207
0.65509316306560628
0.72316212749336539
0.6062251896554699
0.71898952694033502
0.33991922507752192
-0.058849739440638434
-0.26760228706950673
-0.9617305881185948
-0.3192076495015766
-0.55899213370890766
0.76526745060223322
-0.54206049873923057
-0.76382285226208035
0.35034991946452165
0.68120933406704709
-0.4941644650753842
-0.54014379996135264
-0.52830261619953689
0.72356174972756515
0.44424626058967459
0.1865174447519187
0.83241655566008421
0.52181789990974536
-0.68684755609315018
0.67925325858297181
-0.25856419975178585
0.79517613294881917
0.30954522823896036
0.52141794106364603
0.38670343777025229
-0.91719333635181022
-0.096004348695793343
-0.38332738632908536
0.4325528856269904
0.81606256869548677
-0.44951102177671565
-0.68066791978223817
0.57847301084888436
-0.7519453150865989
-0.6452284746811997
-0.13512386384309749
-0.079684876357266426
0.46918439864524464
-0.87949776608461461
-0.90458414890100081
0.091669637734203085
0.4163222250549829
0.54205969591984937
0.7638224933312856
-0.3503519441082904
0.31920687274994974
0.55899012064438736
-0.76526924504462535
0.33826563859221886
-0.92204050055608011
0.18819583704771953
-0.07318119515577351
0.88186275523481072
0.46579243618294291
0.85001225314839268
0.050709351152259823
0.52431644185864468
0.91858875086341085
0.23324868825873404
0.31904506925006432
-0.20655172260549803
0.60592097710217674
0.76824225046286332
0.084268969655851109
-0.78367773387262085
0.6154250158917941
-0.98257658519012514
-0.043844835534658684
0.18061252623517435
-0.68120700165502046
0.49416520505449785
0.54014606451368596
-0.90479796557715386
-0.4071322353465896
-0.12483582990925675
0.86214733495006823
-0.48378295908620267
-0.15051917265349346
0.42292185025479723
0.72180867904862966
0.54784061498498926
0.1618016305813984
0.4001323363047512
-0.90206116521248292
-0.27905012044732763
-0.12776228309300092
-0.95173937046714419
-0.94491303131575555
0.32647504883203182
-0.023524577356299307
0.43395984487007849
0.5284960602113431
0.72963742186199965
0.051215955187610497
0.0092937444546083957
0.99864435724047096
0.99515633336927434
-0.08432478956902871
0.050529219459248112
0.84449794477461115
0.52896222729553155
-0.083798468756943037
0.60348723019565143
-0.61504040023698137
0.50747262888466671
0.079683178583855305
-0.46918802427839018
0.87949598573530408
-0.78758337941009493
-0.046989382579772247
0.61441388200605163
0.41804533323488491
0.054122134235839461
-0.90681249106212247
-0.59749462946475962
0.33758311260408591
0.72734985381541584
-0.90212920149996356
-0.16362855583326363
0.39923501789918014
-0.68715265548960724
-0.12574244302227802
-0.71554878665005794
-0.28153792720009696
0.76750554417850569
0.57590939843271249
0.52830498519257663
-0.72356092903805291
-0.44424478003715612
0.95510171231613683
-0.2159091101799559
-0.2028890713470862
0.54647190122433686
0.43981771837787315
-0.71269126259071014
-0.8420267107564714
0.51932589442495547
-0.1459165300860655
0.057281602387993631
-0.97152931837902301
0.22989041206160532
-0.13278805860276552
-0.9471140076751039
-0.29213419511948929
-0.41804388945435617
-0.054122850745171265
0.90681311388680852
0.52519021615326333
-0.26196733483403589
0.80965940514320023
-0.62248459795133293
-0.36820633666395064
-0.69060626912436907
-0.029390361201201382
-0.52604999050774193
-0.84994565364808328
0.17187478862321129
-0.98507304391307293
0.0094950087709084995
0.59749712358227403
-0.33758287216501737
-0.72734791656519249
0.90458547838213699
-0.091668657950848983
-0.41631955208667626
0.18629399947486591
-0.10983479780811306
-0.97633542543027163
0.78758474448847082
0.046989792894089513
-0.61441210080271103
0.61144931487984844
0.18376883184627721
-0.76964845986646324
-0.84387794508279057
-0.40235688415111243
0.35493513714347169
0.02939143762148539
0.52605002746534268
0.84994559355187815
0.20700942351214421
0.76621241616313074
-0.60833019972267277
-0.60622627843454246
-0.71898847683353573
-0.33991950446539115
-0.84583165485421674
0.36682836739820862
0.38730577134680316
-0.55826836588728046
0.82546454911084544
-0.083334925516100458
-0.6114483677106165
-0.18376909532876981
0.76964914943503204
0.28153951149886669
-0.76750480437184621
-0.57590960986175055
0.38333017283333032
-0.43255308773550322
-0.81606115266323698
0.84326208851164985
-0.20950277996744754
0.49499256081771764
-0.39290636668819506
-0.30567983098738805
0.86728566686150377
0.39290647519664446
0.30567870535385799
-0.86728601443914544
-0.30192945280843791
0.12999513870921958
-0.94442568232697266
0.98257698773442725
0.043846391295962572
-0.18060995859880122
0.84387790863551926
0.40235758568383223
-0.3549344285352154
0.44951033771849153
0.68066661662209871
-0.57847507578151791
-0.1985568291001753
-0.96240348938622311
0.18535023397585901
0.79706150008201049
0.49762908270847361
0.34213778091543529
0.37836697463928293
0.86406031142752004
0.33202140099411259
0.44101474799041296
0.88668426527933009
-0.13891366297454991
-0.77370129741449256
0.22206698670954553
0.59335702219900743
