0.7035916311392888
0.0041955884163876285
-0.71059215702721845
-0.50680717699580646
0.52450341226979247
0.68413643073796726
-0.4974600926545456
0.10043772960790658
0.86165289919278987
0.85006098329389368
-0.34290144757008872
-0.39976858547884497
-0.70743567497914872
-0.023729694910471579
-0.70637926593739431
0.89810576255408381
-0.07616500623695234
0.43313384893364387
0.32244065317902593
0.30329085218918478
-0.89668650271755568
0.9602053734642888
0.12340501712380823
-0.25055307325789905
-0.26407551300176368
0.18023822648215515
0.94751163852874254
-0.98843070658187038
-0.15160280136299253
0.0046183227428834529
0.45239541680839856
-0.86730625445588172
0.20764933862756324
0.0058044248674705206
-0.97468412941115334
0.22351097629865987
-0.72122206778800879
0.43978786289753607
0.53518722386059159
-0.34978177913381742
0.90407194510186373
-0.24557407246229024
-0.96517686582355822
-0.096036158545616132
-0.24333243501599669
0.16977668284218217
-0.56541585009113693
0.80714360211106306
0.51188263900046949
0.85869280216896815
-0.024956670313174792
0.21440464357060407
-0.88002596172189484
-0.42377465180307367
-0.9215222622656809
0.17926029199628996
-0.34447419041511107
-0.34618216099571553
-0.10018379686410019
0.93280282924861957
-0.34305160211678665
0.71108729153711825
0.61373484673718126
0.75830758434677226
-0.47411077484813874
0.44742438544972069
0.63844084667831003
-0.74635324145129278
-0.18801628724084207
-0.26499521202954995
-0.11026647420261682
-0.95792423618381084
0.77050470268285254
-0.56323204944192962
-0.29848310107115417
0.66705176816110512
0.57965168291463831
0.46802335955310087
0.028248551712858051
0.18464986160564939
0.98239831429779068
-0.073513476348289489
0.96585056612065723
-0.24845211353416863
-0.59789764736407014
0.64732863877095626
0.47274098267809478
-0.45845181771959037
0.77110166732923147
-0.44184176972269473
-0.503519401485508
-0.066713924871312502
-0.8614043560117054
-0.61000329188236635
-0.66819670476297566
-0.42592152755710455
-0.011745206286494421
-0.96057038469222156
-0.27778874379917806
-0.22686680621008692
-0.77413575825351133
0.59096977928934402
0.89496469419439495
-0.3038046260403281
0.32671232811455037
0.55545353606967862
0.18192365827339657
-0.81140319929620364
-0.92102649205640741
-0.36088853115300124
0.1465253186739327
-0.5868669891469882
0.7821281710789606
0.20943414491010956
-0.61775822711939443
0.28575539092466806
0.73261083078520817
-0.18211727330499092
0.3442444836039949
-0.92104779152450833
0.12073983785224005
-0.73355058885231839
-0.6688239119154098
-0.85092816400492322
-0.069779085771544389
0.52062667900530979
-0.94739248609786564
-0.13999780158746253
0.2878334463469856
-0.7789170675105167
-0.2333030464173125
-0.58211501481512973
-0.2355707011628359
0.56936639892271135
0.78760926132914022
0.67948766444485253
0.49909244698734795
-0.53777620180467334
0.43447255438920485
-0.84473321446763394
-0.31250503333178098
-0.34097217020468029
0.9203919471589399
0.19135475627975856
0.7904614100777253
0.56296341313624643
0.24133577158788991
0.99018599506965388
-0.11190773505561272
-0.083715912481689608
0.63736104580632891
0.21583900616868409
0.73971914988377674
0.79970699986990068
-0.17625741290868674
-0.57393557021134289
-0.49080658900687485
0.57725220426742097
-0.65260155137406806
0.93575129748759966
-0.11367587994972939
-0.33383724113395197
-0.29043717064810859
-0.54448433017836517
-0.78688186158796303
0.67072246973942995
0.73297296186269834
0.11349892406918563
0.12144022735915336
-0.087242476650792392
0.98875731170332859
0.73112199248369336
-0.019149963227386577
0.6819779402701116
-0.48320114018704496
0.87523399103774646
-0.021957209615015284
0.30975546596151371
0.84621650425738193
0.43355412491335099
0.50753716295165652
0.044593064952783076
0.86047515175111267
0.67091358334885076
0.72182546371602041
-0.16983216305858198
0.19756390878549929
0.71590471526905886
-0.66966330390795847
0.43468174406183074
0.86257419932386026
-0.25887744598586898
0.58079129837422794
0.70280933919594524
-0.41078035550855807
0.16893332049132398
0.38100866615223922
0.90900711193294148
-0.55203117016611714
-0.17507571562243054
0.81523621175970906
-0.36834644918907311
0.14681621995286545
-0.91802281612634951
-0.0046619337918796617
-0.87318861655364299
0.48736014023969515
-0.79432669886723661
-0.54168202202559024
-0.27500124087164857
-0.11042535265333125
0.38995859956319695
0.91418736160488323
-0.10457647330558067
-0.2637997281273628
0.95889178986520496
-0.87968368202832992
-0.30725289819678803
-0.36297696362545423
-0.92188104171458318
0.1326486413888576
0.36405999899044855
-0.091340059663527789
0.97129340857228819
0.21964996691256128
0.62766708102505731
-0.29824957572678601
-0.71908360152090556
-0.65865274419714126
0.60412104637259345
-0.44856919632455594
-0.29306106471420046
0.72428739560463051
-0.62411776205844416
0.77423589869387732
-0.24960711583609352
0.58159699182309332
0.81987228492233455
-0.5705412579660134
-0.047875979100060286
-0.59310428449734298
0.18846497122060085
-0.78275683474097679
0.23875996301681734
-0.96681465163424807
0.090901647100344041
-0.019391386009100606
-0.86038576831689939
-0.509274291346407
0.58115531068168247
-0.19542582067137007
0.78997927408343993
-0.87909488909867628
-0.032767624256844527
-0.47551914657682093
-0.050231488929449702
0.73938079122433442
-0.67141108353110146
-0.69156554711912843
-0.4993854213594347
0.52187287242342884
-0.75356446884475592
0.59672634302220795
0.27578662556052841
-0.60203867229508701
-0.28611096546561088
-0.74544614326019865
0.78654398062883046
0.53886319464454946
-0.3016206624122828
-0.41358248313316676
-0.80177555640573295
0.4313994515477288
0.44033708489709406
0.68468028831742556
0.58078925132434778
-0.42694982200398141
0.8108389448638913
0.40031744276608777
-0.79842761543131424
0.19880347058260839
0.56832255190250491
0.69330305232224332
-0.47005790171548584
-0.54623845221248901
-0.11957253126087067
-0.016803326371360186
0.99268326166543452
-0.16681205710324618
-0.72773873015389356
-0.66525940672716666
0.72744717504757539
0.26486752022467663
-0.63298167765373192
0.8616619070914685
0.074765656612063663
-0.50194507115705433
0.82490164256346321
0.56453281195906146
-0.028982482945651467
0.41543683599640924
0.31184351296218471
0.85449743049391103
-0.84718744784089728
-0.33208143161531756
0.41472322215804175
0.83972368584684665
0.14456659744125022
0.5234163069030674
-0.79107843995732952
0.19007423903008361
-0.5814350225879179
-0.47167803106191786
-0.88015027972701554
-0.05343519542407113
-0.79631515578080037
-0.54613958740307922
0.26002639047795556
0.57908175822513674
-0.67994178506129344
-0.44982606218242416
-0.98683858871119956
0.1215595550815638
-0.10664367960109089
-0.48528485258865267
-0.63338009401607476
0.60276717590807649
0.39671797584353113
-0.35138218687220862
-0.8480244137945061
-0.39053567910174797
0.3663196103929019
0.84456605803816731
0.058701718640572942
0.88918766910469593
0.45376138811141781
-0.81604907059978959
0.40374241468539418
-0.41358914027961008
0.16213373607414996
0.961395636316692
0.22233101919853748
0.19884377285774418
-0.77147260794261396
0.6043932239775025
-0.24756240978169933
-0.95332129055472692
-0.17289120925642185
0.031426194757042836
0.99939775121886554
-0.014714929213797264
0.60069017062092167
-0.41905233418369964
0.68085715104902955
0.068485564852802411
0.87458987609017391
-0.48000237087681824
-0.5193261471294176
-0.51955809043068657
-0.67849815296412797
0.21725145432550663
-0.91056792704888478
0.35166440795643372
0.99135656152924012
0.13100900856140393
0.0069862428157005489
0.12251334771423679
-0.37894183510751273
-0.91727507610160264
-0.82129908701698817
-0.57047435050829509
-0.0051792931178348102
-0.45443442599462208
-0.86929037480041771
0.19448289577823458
0.36661692523680206
0.060171738267986073
-0.92842414447477728
0.034617452539937525
0.58633801598623825
0.80932648726516243
0.45251688740204216
0.63677251618000263
-0.62429899027129288
-0.23432139888230968
0.55467754714172068
-0.79838981752191829
-0.70094873599917162
0.71321165732539649
-3.6828316524580533e-05
-0.6608634140181634
0.39805916140287045
-0.63624559097529398
0.81346232616281922
-0.54498113001947401
0.2031615412337491
0.385254497399516
-0.61342470065169963
0.68941214731379585
-0.078800164133347742
-0.49416934628221759
0.86578703578164251
0.32730250328742694
0.81671080421257014
-0.47524365711100358
-0.66239698124615787
-0.74217184804649605
0.10203522530590126
-0.25043191187547048
-0.87063662857918434
-0.42340963438574214
0.25534907435516507
-0.56124101114933733
-0.78727719237256555
-0.46385196202733747
-0.8319769120851136
-0.30439411144223644
0.35465635265230788
-0.15476187259804189
0.92209957939113552
-0.3887942908076843
-0.32042724759054958
-0.86380864688708381
-0.0069686573942990826
-0.14553808609637267
-0.98932810700471141
0.85476009618192106
0.31791442671064474
-0.41026283680625431
-0.40340709212999654
-0.71643843292435128
-0.56919125946216031
0.55780261389813757
0.75585209086698868
0.34284670139933826
0.30055401333255699
0.55635990354079401
0.77468118784553663
0.53552468231191408
0.47635439994856887
0.69735199166874262
-0.9155625201451203
0.37003613268962082
-0.15753898631648452
0.49130647703270242
-0.53897783290899437
-0.68419357002126147
-0.0018629302654807136
-0.99954728227563749
-0.030029318777039186
0.92654394522486427
0.36104105177824086
0.10566776470620294
0.92156421863837246
0.35620782880286339
-0.15438709021481056
0.40673002016067961
0.89160145905052335
0.19904152561480989
0.51987237278270182
-0.11510455711355064
-0.84645357636965357
-0.18934687085710467
0.87253835876249208
-0.45036049447601356
-0.21140397671137687
-0.91733648429835135
0.33734571763364063
-0.22525258394168723
0.97384278370842303
-0.029858098509831139
0.38774529712332939
-0.3945307904567697
0.83306604776590054
-0.5971112613880547
0.7677494230091142
-0.23241980335749882
-0.94734861311481278
0.30243962352154913
0.10517071528512389
-0.43255256031006489
0.38436209592446352
-0.81557590804643154
-0.696966801228039
0.013349466093294474
0.71697912782798578
0.36160309612638541
-0.73351491951778947
-0.5754989693445357
0.40991326150703628
-0.7905678391006048
0.45494352377021957
-0.1897009534898722
0.87694265006650218
0.44157121366702967
0.2769675259399102
0.9604279624295603
-0.029446876882414756
-0.98868023543060679
0.059841563234644943
0.13758771521656132
0.86374837752095646
0.3560757572441563
0.35657929753831169
-0.66420163861284642
-0.73022725612016159
-0.16001355468593773
-0.86354575610659567
0.37862057354644674
0.33306934472816269
-0.026690750692335827
-0.70075790819595574
0.71289968293463846
0.17946803263997282
0.74402519313711002
0.64359749629533491
0.57648018319196437
-0.62031870521978805
0.53186022820042211
0.021703107615537686
0.54976530291185377
-0.83503717691733115
-0.71375799751428881
-0.46621736525628354
-0.52267665847814715
-0.72435234952022431
-0.25812351427806912
0.63928548014269049
0.93572003819851646
-0.34353374836641598
0.080078547983133019
0.27759022235830949
0.52338777387704827
-0.80561089032304678
-0.14148180712323272
-0.35828217283578578
-0.92283085280088706
0.18418784515107872
0.94657998383061648
-0.26469070990465893
-0.12131975141070808
0.10527247894030123
-0.9870153104665641
-0.62476562066441788
-0.69455019772389071
0.3567463273497139
-0.85109599888940213
0.52232850605110537
0.05299558888125766
0.4563266171951646
-0.88838787597542046
-0.050328920702700765
-0.23778776787709319
-0.96785504520299959
0.081936493231828361
-0.33246878259510571
-0.35398216680211869
0.87416310502434569
0.7330941383826215
0.36867331147015525
0.57153562765471733
-0.083608968251798754
0.75499606006106701
0.65037719034429198
0.23059128995719999
-0.95816732130720972
-0.16953772847021689
0.95389450803350506
0.1340367807530333
0.26855057056145032
0.65977485391797042
-0.74882140561470489
0.062957482722374794
0.25313922887679641
-0.16478570436338363
-0.95329229643437496
0.63841005234043346
-0.70621528966466685
0.30609242021738409
-0.53460838412130984
-0.42127786019975261
0.73261097461935409
0.52271375617535809
0.42287034408415336
-0.74023712498036609
-0.022848981320288175
-0.57188067915432406
-0.82001854421873543
0.27715247450864128
0.11920512071795648
0.95340266680367236
0.07252556103656746
0.32921029860949585
-0.94146727095835769
-0.78445234107598028
0.58174946162969243
-0.21494671077729227
-0.92372730861288732
-0.36347522999086213
-0.12088679210683624
-0.29109277652538285
-0.58248341220801103
0.75893219061867168
0.1268087149740853
0.084613429073523691
-0.98831175113272884
0.14652741303452185
-0.33962220483088051
0.92907829337210435
0.92105554300399406
-0.35314766151042476
-0.16414449692675101
0.98022805824964032
-0.098630028956642621
0.1715373755429162
