-0.93795175081492743
-0.28090963002524333
-0.20331328756943873
-0.70249424282379591
0.18715389070989377
0.68664056098629267
0.82408874737975057
-0.46658953338494868
-0.32120389751322975
0.0098264408932255184
-0.77630169267684912
-0.6302849538156774
-0.6950957920789913
-0.37219611281631282
0.61507064101492137
0.1051626404771934
-0.014889725545785337
0.99434355990323364
-0.82226966045237326
-0.42160961648924988
-0.38225375967193126
-0.76648772065402504
0.24991472745133389
-0.59164111004013453
-0.57178614731774602
0.009251127360926913
0.82035054603387736
0.50999902107531958
0.50080150418806935
-0.69935602657386375
0.68261377291605996
-0.51396408675597371
-0.51949913816136351
-0.1159535456220824
0.51684949830196392
-0.84818710869870917
-0.79012346866928795
0.34624417028342852
0.5057863964192324
-0.30145590980360992
-0.44638235871869192
-0.84253612638818931
0.91389858873376351
-0.3927123695539852
-0.10279282226755736
0.18297935858318179
0.82359965263972013
-0.53684463907560787
-0.54899608526716348
-0.25718871815019734
0.79527181618462239
-0.13622179253882505
0.06572774332832082
0.98849556751382328
-0.50263730436097553
0.77528467397000345
0.38247799227139517
-0.28282358917655925
-0.93983439045702655
0.19163020617730925
-0.10608833481416489
-0.77777073472817815
0.61953042654638635
-0.82448742652980855
0.48824265644299175
0.28607619950590824
-0.20621286740508132
-0.20882026682483837
-0.95596566333722333
-0.69432920096517214
-0.65295847052937794
-0.30257593501632118
0.025680736225536287
0.2597906595962331
0.96532342402609739
-0.21282030939240187
0.9316771975184629
-0.29442336105388356
0.69279129905030401
-0.65241722372916933
0.30723278168469459
-0.39875070003885255
0.24904074671686074
-0.88259650219861696
-0.89538832308406657
-0.15221957691675447
-0.41846021470145456
-0.35304861553114386
0.50494540387653952
0.78764637634886692
-0.18760466456749886
0.68540797162474387
0.70357686308303991
-0.92845491539012703
-0.37044042939952521
0.027301251879855052
-0.79413164618297161
-0.0045815050026940234
-0.60772850710052573
-0.19740747849725634
-0.88556418732279918
0.4204834807274424
0.25878357152343495
0.77834153071270462
0.57202755587242393
-0.75517844370259612
-0.28059338908679632
-0.59242963140588334
-0.99016490009893987
0.11409087447401899
0.080973717796641365
0.35990003654524061
-0.51371128417448819
-0.77882776029526113
-0.85092862731288954
-0.20575512478048422
0.48330663128698004
-0.44461713216442517
0.65878372260935081
0.60689341124356277
-0.35907698842338287
-0.93174358140652003
-0.054014950639109056
-0.66142018597397534
-0.69702227143037565
0.27691747997587901
-0.78253907461524508
-0.47527106529914614
0.40218156495509683
-0.36754893864578547
-0.72645437271645608
0.58066498263757627
0.27933443976212619
-0.09288623877377522
-0.95569054479430759
-0.96491087560316791
0.20971630468688118
-0.15800656217767348
0.54235710507931134
0.48050584065309226
0.68917552747341071
0.82483036471787585
-0.56052209578564327
0.073958431402010472
0.3234912871692604
0.5910811512334283
0.73890219906435528
-0.8346986773017544
-0.53303401472365852
-0.13839384833972979
0.11352824971617105
-0.59053215480107446
-0.7989888050920253
0.34140074594914482
0.39451442177384433
-0.85311423717918156
0.85584958007554091
-0.05560749398412327
-0.5142268982631365
0.92333805020820092
-0.22220864735728618
-0.31316155906714144
0.9476999080873092
-0.29310533255902482
0.12630973136211385
0.51928082860507307
0.00061881514645972943
-0.8546034390938545
0.54710763184552558
0.78142281465297192
-0.30008602752578795
-0.16336421174781277
-0.96585692816705626
-0.20107841413665864
-0.26600816366894092
0.82369492247207476
0.50076574518950556
0.82778627889390255
0.4128035474989401
-0.37995145432972949
0.7335619370507942
0.62001890728676978
-0.27832254511125493
0.76056130800750132
-0.21578442333264053
0.61235902819254517
0.85003213656207599
0.42849502562267394
0.30632887527677871
0.42827517817750838
0.82831015470918345
0.36122383554061371
0.10109068418879985
0.985921070798635
0.13319277655155781
0.54844865447871072
-0.82215080332416623
-0.15255205666892876
-0.95285396226168495
-0.036225111735331848
0.30125913742485905
-0.56166206868284063
-0.39604619700407173
-0.72641801357174784
0.17218684089627315
-0.88718272997195946
-0.4280870185624211
-0.49160532490339148
-0.5028829172153908
0.71093809582801892
-0.0012639210753903215
0.82342785506371308
0.567419571400818
0.86721285836269402
0.1848881657078591
-0.46233994470691087
0.27094003832648067
0.1678881123390715
0.94784232727119144
0.50324052147717557
0.67558033082523261
0.53883225046896532
-0.61773797193363356
0.13197611896295186
-0.77523035418822317
0.62598901065724211
-0.69294741758825129
-0.35771725565611306
-0.98261844396336651
-0.034342356901855602
-0.18243244257926766
0.86014039245045026
0.4992784631561033
-0.10430494477092236
-0.6744318938433389
0.70708724741098328
0.21253057454316143
-0.44933464801026046
-0.81680230050551594
0.36184579033946479
-0.15773632653310812
0.28675483447667799
-0.94492905352523371
-0.85307330466039166
0.070653573238859194
0.51698550218007056
0.82604250322656969
0.2441723078541651
0.50797014374897409
-0.35513941895865109
-0.13396381081020362
0.92516468290511378
-0.92881731754433472
0.35771817793247707
0.096623474406663357
0.58176646813977984
-0.39524447118583061
-0.71086537723059728
0.64571335667650909
-0.75982517521669724
0.075630444375733144
0.71480773776327611
0.47618320943374282
0.51215178325094968
0.88515995038403039
0.0048091260757559531
0.46526200633893205
0.063235741347096627
0.9405931547941403
-0.333595201060641
0.18001897649891921
0.43613304421436189
0.88169220017225691
0.79180108186346931
-0.29101635367694589
-0.53699211228137633
0.72384517049827668
0.094836114116448544
-0.68341369653059536
-0.41853791615887054
-0.60615921047249088
-0.67631133680928124
0.55802322900744639
-0.64306123822257266
0.52448290704631606
-0.093566560710776389
0.85147765059665481
-0.51597588049361132
0.036050201920957488
-0.17773537288293742
-0.98341777499068095
0.89137044954125255
-0.22788311237011086
0.39182650341846054
0.68102371969158548
0.72983547659665027
-0.059555606943236326
-0.34876036182103259
-0.87340771525827743
-0.33988994240750692
0.58329774337090812
-0.40516835984495841
0.70399030018811504
-0.25644779630028047
-0.59213064139761085
0.76394753176562047
0.67558018349209026
-0.15268233824605398
-0.7213040407903667
0.96200934122079218
0.030371229064482867
-0.27132197819021253
0.15274866940059392
-0.26270862744406243
0.95270773118664509
0.64071264677494044
0.57822957898390537
-0.5051117284826655
0.35510359270855513
-0.085545753072321304
0.93090459370268774
-0.18301469915122787
0.04194345395783336
-0.98221503071612215
-0.80102984239532271
0.59751613293999506
0.036409648014758413
-0.88633733552613547
0.4424014669200646
-0.13670065734811199
0.41777176774529351
0.33476220521263583
0.84463069801904878
-0.37008383358463465
0.11372125288326874
0.92201162289960314
-0.43567244702111985
-0.23528342488061094
-0.86881023755655606
0.79302078263466591
0.59605331764032088
0.12585102637431625
-0.31630492270576333
-0.37258241755893684
0.87242967510168923
0.44657535436701612
-0.25286933473605716
-0.85827009293235768
-0.062781876409101309
-0.41537778834651562
0.90747987798237684
0.43657174625546941
0.73358822404433688
-0.5208199572932336
-0.63464614570536737
-0.12441356689784529
-0.76272244893740804
0.4990099328196283
-0.81465396784363064
0.29551311244000478
-0.65271943425407997
0.75112883026873722
-0.09880698601896773
-0.57850924180792163
0.38261811362483328
-0.72036826434053691
-0.048462153416965068
-0.42095344681621694
-0.90578673831081058
0.29630140120963311
0.64646326791010622
-0.70305812198152862
-0.0074859858198973979
-0.62060048699867576
0.78409119084026879
0.066697508690863536
0.071190774991764211
-0.99523028284437987
-0.60240983784186597
0.45245451991080637
0.65756162804988727
0.58253191014186956
-0.1540639498789555
0.79807322534599523
0.41888151200833612
-0.90564558676349738
0.065911683891479972
0.73513550281935658
0.027259583126142364
0.67737191233643623
-0.48233738687105421
0.61768344280418574
-0.62114234255279288
0.97732064541749786
-0.05443519375266586
0.20464888399850936
-0.076699977750697951
0.5032879762883461
0.86070803780179916
0.12839706337411674
0.52815718109603327
-0.83938321771023938
0.98850787063500223
-0.1334660281497202
-0.070985977647644055
-0.57788652523294948
0.71242704763394438
-0.39811413659121581
-0.35029639094665427
0.80681773327732886
-0.47574949685625689
-0.32140381189495665
0.94557329397101719
-0.050899267462227955
0.93492349414577303
0.3467646540313572
0.075314904293717663
-0.73265081297418944
-0.10217522467762062
0.6728915289334062
-0.082413542577819854
-0.89981057390184838
-0.42842611859479351
-0.50608652537476095
-0.72864202438229708
-0.46147289101112893
-0.33809323126108914
0.90592942566858869
0.25492124800262694
0.52197836863884273
0.093446355495134942
0.84782448733084459
0.65915244319856259
0.26162003897784414
0.70503405012140852
-0.077650204191818228
0.93191832970731325
0.3542579181112262
0.7535613701309174
-0.64092934279821223
-0.14613294969535939
-0.66667149851127694
0.5889475359735401
0.45682591098078518
-0.50155361398405462
0.29252588348890368
0.81416987157998555
-0.043498142726344481
0.9929032472893613
-0.11068447543174205
0.99402790190207768
0.10910450408782588
0.0021765633239467885
-0.10864631919786581
-0.18497082438822274
0.97671990429697753
-0.52629808754285934
-0.84307699165481875
0.11059615359943378
-0.0034661839821590458
-0.96425999131242068
0.2649351896648916
0.46187762430952928
0.88315032048136799
-0.081942489563366944
0.48241398890567722
-0.64391647746791247
-0.59384199359209067
0.25688147923770543
-0.73403618998599851
-0.62865155485013113
-0.14738482708472508
0.98203335523921242
0.11784821569637964
-0.65318328101031486
-0.53303517329899686
-0.53779652791247035
-0.4640072380541817
0.85585441574446197
-0.22849617520657872
-0.25937206120840867
-0.77757424269523656
-0.57280400745929749
0.079624352250816738
0.66175263072498158
0.74548200397944153
-0.5466545502429192
-0.81733171866618548
-0.18203753558233887
0.25849848378398727
-0.92298692790525871
0.28508536405328222
-0.92005769553294747
0.22642979556891007
0.31972391929479382
0.94262177685082926
0.27025727973858477
-0.19602343878956335
0.54863940594911609
0.24921146841486366
-0.79805290943038887
0.39902237872809598
-0.58256405773363529
0.70809622221213253
-0.5952459308414122
-0.61979798627736327
0.51140271608905841
-0.14994110983172068
-0.62977261324055456
-0.76217066277481094
-0.75421480452779766
0.59745732491124004
-0.27240553140676321
-0.91025255137764483
0.10773852191326186
-0.39979082481521955
-0.085898955948229341
-0.99574886209531699
0.033250157937758783
0.35132698837648274
-0.79174386584024059
0.49971091457227712
-0.98980113960301641
-0.13119093037831023
0.055521561821001146
0.17321614370484578
-0.98373710943101755
0.047512809728835453
-0.23731835223736081
0.69187930446343315
-0.68189664007570816
-0.35406342446735345
0.48103103598953889
-0.80202757675112502
0.32303251430737101
-0.92855339249788849
-0.18286222130588017
0.7308163980314264
-0.4522552703535484
0.51124608830367668
-0.70378616894341184
-0.71032751728912702
-0.010947446543392124
-0.6939584727141308
0.50071644549925642
-0.5174018548042334
0.84360280275906641
-0.45015366553839048
0.29273877191004016
-0.81992987137709461
-0.55077746761305868
0.15607430023321253
0.20235607824000768
-0.49393413858439211
0.84562467108062689
0.3213896695327047
0.15604061965261493
-0.93400214418173955
0.21604862785353091
0.97104476277396168
-0.10195616259877055
0.67023807281619563
0.65907148973846807
0.3411827914205936
-0.85554148234562755
0.35681056690432433
-0.37514662644259633
0.39562056075240304
-0.33103647746556197
0.85667918294840495
0.020071174512070581
0.7130737888577261
-0.70080162642347876
0.71161604807382162
0.34514977398585966
-0.61194299868640256
0.57905293254356571
0.80059999379313251
0.15406930664844593
0.40989935860088189
-0.81761675645936971
-0.40433322319028586
0.20890549754223273
-0.35690269383612649
-0.91048281709714241
0.34466686800312984
0.92816637902613852
0.1403991557895547
-0.42202042280137936
0.0065342259172192609
-0.9065627758904552
0.94376976934018364
0.18361528437396152
0.27492553505239514
0.17975670276160394
0.91198350150767216
0.36874601121921585
-0.51565412875348227
0.85282541097835329
0.082399259032408537
0.185005503064815
-0.7205771309725072
0.6682376539489262
0.31875672570873331
0.89066577988164164
-0.3242045933716462
0.08324338691683511
-0.9763806620933132
-0.1993773839351832
0.088792701065962612
-0.87192721995937428
0.48151716410874462
-0.91627526739319565
-0.29949398788468173
0.26597553568788551
0.094116642757393149
0.30773275578324527
-0.94680653175510288
-0.23014534585158555
0.32084777114606855
0.91874361360145207
