0.15196434769371339
-0.96820489240242658
-0.19871115559532548
0.81298269048498284
0.57728209626206928
0.076187441924963517
0.49090988171030148
0.40273032754743765
-0.77253852416090651
-0.30400983815439919
-0.79816659385524957
0.52010393841889435
-0.063549128653844877
-0.77003692931843948
0.63482646111607988
-0.8836318622169328
0.24788826846336331
0.39717268087479451
0.5123765135063213
0.62036527410689213
-0.59381582590007409
-0.082888658618667926
-0.99513585360736456
-0.053236295302544569
0.69228857515369613
0.64929600999178028
0.31488286730214343
-0.4360907481962033
0.29898801274438647
-0.84878208485620055
0.76359902793676204
0.024949089195475633
0.64520854572947839
-0.40599853380050832
-0.42077596410597456
0.81124150447479282
0.5593174434166841
-0.82834396439564328
0.031784809880403442
-0.28436816609764104
-0.6278046587560584
0.72456611606840526
0.034924626374584072
0.99453945785086628
0.098343974143313917
-0.48600012462484965
0.043368879210558077
-0.87288201904991169
-0.36309140864640127
0.83461929678851388
-0.41421643906950228
-0.14222344403556811
-0.56687659382198197
-0.81143294198809135
0.086593292381392406
0.62524628118474423
0.77560859302820928
0.61600483230657221
-0.49985439989491476
-0.60883793038923462
-0.37740216968178691
0.52484566326767701
-0.76295781801393969
0.70281485662291843
0.48867920790357333
0.51695638991392978
0.68345853596657569
-0.2199593787376716
0.69606199531346524
0.90057104759699003
-0.3312030477680159
0.28156052525032244
0.58357985066920981
0.009439179272714069
0.81200089888346827
0.50574318691333109
-0.81786268555430341
-0.27445301322567089
-0.30078407393610795
0.26853940508174046
0.91510410816734
0.6391053135636654
0.18798396664042824
-0.74579248216968463
0.069817568987368683
-0.87314212371884914
-0.48243998471149951
0.33978560792110973
-0.45274288333192503
0.82436012897396771
-0.57409847176896878
0.79594597497454589
0.19204413460023759
0.9785581289435491
-0.20403494435808972
0.028173209957183691
-0.17152235709503583
0.98412361072716914
-0.045615784832468594
0.24166566771548803
-0.74520734591068793
-0.62150117992516785
0.9814482414136172
-0.047884656165798789
-0.18565131060674375
-0.6077073968969392
-0.41121078224742491
0.6794096057020439
-0.89160541990570685
-0.31856305418446101
-0.32180328727879143
0.82526198274209639
0.27313644533877512
0.49430672873053438
-0.15372613516972328
0.68330646853248089
0.71376504917756334
-0.5667043422037279
0.68472850859943146
0.45824999513217501
0.74518627083745881
-0.41750498998551161
0.51998750474656519
-0.11064583963130915
0.63786467600070662
-0.76215887666732329
0.39603385926383378
-0.81222202544779187
0.42831362772398512
-0.54600551226627414
-0.18552225134115813
0.81698193054201129
0.028483085484117807
0.29209009699113742
-0.95596657320275191
-0.51491767028108482
-0.77578148638046607
0.36472301575526433
0.39862115544097959
-0.65750486992571022
0.63936571730025793
0.40352474341460781
-0.11661403571478909
-0.90750699618597142
-0.52831672618062597
0.64810182357452528
-0.54849381319861812
0.93175213892314446
-0.29986804070888828
-0.20473668399570619
-0.49499683237323111
-0.62844676506913111
0.60002733222296767
-0.37532022500838147
0.70148616555325116
0.60584807356057058
0.84898875407729268
-0.19513705535204551
0.4910596960439933
-0.65264055385025643
-0.68638794268164227
-0.32083001669309763
0.75723136755254805
-0.64797116511424813
0.082061106347536911
0.39701562916629962
-0.55569037284507106
-0.73047025930217935
-0.5478778932660775
-0.61548013317194339
-0.56658099133395901
0.17167376733841916
-0.15896816500214422
-0.97224340580108093
-0.31907169772714883
-0.18785293279843068
0.92892654572282696
-0.3204208356792782
-0.94683299676570454
0.028944158275349699
0.47733362906422211
-0.23486399195344759
0.84675351304146973
-0.38467218114359614
0.91897915333067814
0.08662926063321888
-0.89150731050801368
-0.18129177176060646
0.41514817692321399
-0.76821374987201296
0.63881540932595027
0.041982226183216322
-0.38837266539025517
0.9053021507599418
-0.17203106872624033
-0.57866632841116894
0.50007591416709773
0.64425876822366868
0.70197443740956411
0.69362973671890926
-0.16158489274304919
0.67419281697033373
-0.62666352514830426
-0.39084123604643717
-0.30809910990215694
-0.92354818997445054
-0.22832800807700956
0.52923266447256412
0.47777006629628571
0.7011765473876842
-0.90171138596783218
-0.091540722568090149
-0.4225362381236471
0.85169923858530816
0.36751698004169309
-0.37355009888131513
-0.86385119558257195
-0.50214668813692576
0.040122505949631022
0.67599814295654015
0.4323459505806071
-0.59674407390091477
-0.24125512189741458
0.18143385358201333
-0.95335078692611575
0.37529250064791309
-0.90726395143926652
0.18980953973982576
0.51678049479771371
0.67366630468384647
0.52831016470463732
0.47111750685061876
0.24406591303340691
0.84763206925766243
-0.073717485751807421
-0.95177535958054038
-0.29780765132844578
0.61433689488910048
-0.070114347296399676
-0.78592248846894464
-0.17792053547982006
0.422493458656721
-0.88873143325014425
-0.65747459167980948
-0.10458336715056692
-0.74618327548325369
-0.18928939357586677
0.02027223807222208
0.98171205648256332
-0.37141387020021027
0.5036700685151495
0.77997961454440978
-0.97919736443944783
-0.066784678541390641
-0.19160461421104227
0.68562372916674563
-0.71248297903833679
-0.1492920178179056
-0.64678946678071547
0.18667015747112467
-0.73947118806024037
-0.71471841994504748
-0.67096594240099017
0.19743931809344822
-0.051160695470561117
0.22346019545114473
0.97336946956841874
-0.30322830709429799
0.71756654528262143
-0.62701742150269613
0.93594362127098285
0.34907807884482384
0.046411557527906135
-0.84829319969364259
-0.44969236735126239
0.27959868043239966
-0.76456766995379455
0.61205769682999767
-0.20204369283049628
-0.53295415782761535
-0.83822702624598078
0.11547864791846532
-0.91694404100378757
0.15298672728501808
-0.36852230182482021
0.79096153047845796
-0.025716901774316125
-0.61132519845521305
-0.030532927184068571
0.050507987039147564
-0.99825682246745784
-0.15560052347249342
0.93738359645294334
-0.31160948348218059
-0.03757391735109139
-0.74170986457272603
-0.66966758733748022
-0.95482437690242639
0.021749634629055808
0.29637368754057064
-0.78208755999635704
-0.24779863375485278
-0.57178220119917433
0.94644590922818705
0.20263899501801297
0.25135150408008322
-0.96736068069872916
0.21769263807109537
0.1297043899324089
0.83319289588003609
-0.52163235067221114
-0.18354642188618819
0.43695173926279346
0.89435622244101065
0.095917281739345855
-0.079112837663763411
-0.97825108406602002
0.19174455778572577
-0.52283870565713242
-0.83983175402613486
-0.14602161756452375
0.27830853598656263
0.34934978070024725
-0.89470614702353835
0.10862187771898907
0.7357794694382751
-0.66845333422306408
0.77653210905226866
-0.55040756517804235
0.30667473943188511
0.036064442590392036
-0.40543435998918431
-0.91341246746516713
0.95724746062777488
0.22956748609154184
-0.17600019446377427
0.44534155420983046
0.14254609221638934
-0.88394089830022538
-0.72816729500667166
0.26678063083554415
0.63134814919634941
0.36600144813666746
-0.92647171697730379
-0.087710304998838598
-0.73993287948230768
-0.16577228698004515
0.65193472275253617
0.32115147878287115
0.46132601700658987
0.827067127691828
-0.83610033702919051
0.045225103745820429
0.54670916986168583
0.09591443307096531
0.0086680449402108187
0.99535184056975035
-0.9982130791940691
-0.032887232702739327
0.04989066496902108
-0.52871596815178301
0.28738874977091272
0.79866584472258151
0.31070633018911575
0.58973964004777324
-0.74543191059729608
-0.65291596921188133
0.054918499979427729
0.75543675811289412
-0.10199202732898699
0.83144243858573474
-0.54616947706726515
-0.70997022954126332
-0.70219871739646
-0.053471809880463711
0.23673626338953824
0.21687512157498703
0.94705919732516919
0.29216876963280775
-0.37239605831806372
-0.880885114984026
-0.076773953861107386
-0.90081103918973759
0.42737013428928056
-0.74185699897155621
-0.48397743382066299
-0.46412717721469654
-0.247970345752172
-0.35228921976327343
-0.90244280332114812
0.85607702884520365
0.49100296414614447
-0.16139457823380673
0.67037393949748258
0.26008655855717555
0.6949487486861966
-0.90266140474624212
0.42841385090186057
-0.040791674848910657
-0.7871532764720971
0.30312226331433978
-0.53712811583684028
0.48820583673600493
0.81080200764972599
0.32288568467504264
0.21848849405888635
0.09733812219143495
-0.9709727431458236
0.10225616501643776
0.89608541503076788
-0.43194282687095026
0.79797620837890071
0.21832673656880619
-0.56175386688517648
-0.95252289152976211
-0.29502705937870105
-0.075227490627677127
0.17811254573978877
-0.64332834044244114
0.74458348587224654
-0.3870840129654794
0.84878182192538332
0.36018798657863016
0.91823218874828216
0.087306021936741113
-0.38629950308034328
-0.072677055267227897
-0.19272283473298643
-0.97855809976217878
-0.7208157514706206
0.53371214237287046
-0.44223975569322721
-0.4705424165981586
-0.23712588496764495
-0.84991831893439984
-0.75506424101107039
0.45841112422547886
0.46876138187003941
-0.59568641709111925
0.80067399828669172
-0.0638658043145751
0.71056445506828647
0.58406748959115795
-0.39238160353945206
-0.58221736459461204
0.74993319066576047
-0.31404322935286583
0.52667307257066076
0.76177685852184818
-0.37724195478441108
-0.87474456158588143
0.38862436597934125
-0.28947029924169965
0.25117545674101754
0.96683212930659357
-0.046330591097236876
0.99648823425215716
0.07597902911728327
0.035190710868256272
0.030754028602240732
0.92753720633015879
0.37246331443241065
-0.97461466420606824
0.1876884185933223
-0.12206274550587011
-0.054170308627254353
-0.5898035576503573
0.80572783310880458
0.31802788346446936
0.78185722100591615
-0.53624392891669748
0.89595110419172619
-0.44101122385470132
0.052732526317303761
0.053465448343098965
0.98099476140369157
-0.18652271693277941
-0.31185641416421744
-0.90770917176956156
0.28073054060798697
0.24151382541592079
0.93963436441803927
0.24240118262433341
0.59938024012848234
-0.63086973479198227
0.49269331786316789
-0.87498131798575285
0.43403346184566299
0.21452889589559773
-0.20476100281377407
-0.84905074975956163
-0.48701720304258639
0.64508156849176779
0.75939955055786568
0.084747227711070794
0.50305856623666945
0.852560264411934
-0.14167947798379191
-0.44333827636134282
-0.79549188373468793
-0.41309059009518906
-0.728121018652642
0.62369921522447769
0.28432212563325016
0.23570339304622989
-0.21602322610961827
0.94751141222028945
0.15604254729691919
-0.98543715539101795
0.067559871284271197
-0.60259792057385742
0.43185378214681441
-0.67110212111537448
0.30838561309663926
0.90430038300234972
-0.29519337888376407
0.28212557702116464
0.83360979153415804
0.47486827041702051
-0.43897353318354221
0.049920471581666633
0.89711213551117541
0.84885214231771167
0.44061096448878484
0.29208221180841215
0.36437798001546423
-0.0012345679037926865
0.93125032269628827
-0.82357745322996223
-0.5274338798450392
-0.2086472643550788
-0.040397549838699823
-0.19816105805777534
0.97933662906911267
0.2986398716545649
-0.87332524686612301
-0.38486002682062243
-0.95307873479062621
-0.24760924847238325
0.17415678384961281
0.099808465492863416
-0.41605543357547531
0.90384520046758188
-0.79867694631293529
0.047336413138090276
-0.59989532371861742
0.091072079050158072
0.41445431747777139
0.90550179190408919
-0.61477102368716185
-0.385410003859747
-0.68812478327660065
0.14185601169823409
-0.59204004851988934
-0.79332556551118238
-0.31136496062167662
-0.69600463621208497
-0.64701577080342099
0.5257986048393728
-0.32256573950967399
-0.78707507319413084
0.15922936395536091
-0.9320599430865385
0.325438584294932
-0.17905965152465861
0.84699808117040642
0.50053160908130201
0.72792345477545528
-0.26973173222766722
-0.6303746795495736
0.089340122490987994
0.52008596063311829
-0.84942859385920244
0.17420923277417644
-0.81561332801852771
0.55174816934428916
-0.40570578372690352
-0.49692774052409749
-0.7671151398246252
-0.17518995450247093
-0.39702195524107992
0.90093398587131346
0.31198866545912773
0.6711999288906294
0.67242377120551478
0.89013612368601114
-0.16949602479291637
-0.42299973863897516
-0.67718770298358599
-0.59246776409095603
0.43634706764326697
0.06216756615028058
0.80061958634454211
0.59593915098812289
-0.18261579166499758
0.95426390723246335
0.23671051516144936
0.96657014321840484
-0.085419499759048195
0.24175538732294341
0.47163192252740055
-0.71098289964212702
-0.52160008250534373
-0.14555170934538622
0.47383865950344034
0.86849963999222179
0.59641789451028582
-0.7550379392086296
0.27240302029071467
0.89767534258220105
0.042901424245130736
0.43856407413018617
0.55821267599960678
-0.45185841676745303
0.69586103465402382
-0.77582731249123904
-0.37482647777474537
0.50754023756900257
-0.2891017438651074
-0.074993476249664126
-0.9543564115225216
0.80571655222141614
-0.41148110617849248
-0.42603302305638002
