-0.21282269489848976
-0.19076518570378767
-0.95828761051134526
0.61073182150088356
-0.063074884118718741
-0.78932135483567334
0.67755443287723038
0.61678085327822418
0.40062622170522039
0.16665386327348605
-0.75778359880693757
-0.63086488825677123
0.27017269129253929
-0.89950328071142638
0.34336651681421587
-0.56347333777231845
0.19225189432912521
0.80345317644937198
0.75566341051216601
-0.26399393063999366
0.59939971187711438
-0.75746875465975594
-0.43247902637721874
-0.48908381434884091
-0.65569426874554215
-0.57896689232867271
0.48462600376117659
-0.025659857640048082
-0.46110670460207637
0.88697360652778501
0.61571058074061702
0.69587094694399876
-0.36968108683473977
-0.34177346091635058
-0.93420864332391029
-0.1022013314598136
0.99364360315810285
0.08040502124521505
-0.078787197319990801
-0.9945560021441392
-0.020780029900218083
0.10211047427376409
0.75607342872583905
-0.63109185586541527
-0.17342444993454489
-0.053329040880939454
0.84135125751283635
0.53785135017055419
0.24343806135229831
0.24353457543790649
0.93884440715771078
-0.71566977860788428
0.67941283486022541
0.1619103696942662
-0.097416840684375242
0.96897600931729366
-0.22714632402618135
0.034535774049036197
0.51628327830799725
-0.85572124950265249
-0.70583304378625
0.40020100365614547
-0.5844988203341831
