-0.70173832563250638
0.36547112528391462
0.61155063479829352
-0.74292405391739369
0.41097829848590856
-0.52835659197607532
0.58642703812275443
-0.18057732156152656
0.78961709701363403
-0.23339251559055674
0.46818359837282869
0.85225116713383364
-0.16020090343789786
-0.97030961881825228
0.18120406774258563
-0.89335625670188301
-0.42064389188812806
0.15802947455714769
0.0058872078888394736
-0.67202996375904378
-0.74050055272990312
0.76118307055124279
-0.052893042661663829
0.64637656141306143
-0.87581548011629395
0.38331448414803976
-0.2932869772611591
0.59188465176312355
-0.54069046789486963
0.59776782862150835
-0.00453290093191531
-0.46030793038961437
-0.88774774684567426
-0.026876720740528656
-0.80551529688786994
0.5919651580641232
-0.50928801500409882
0.85930016983057877
-0.047211607707464277
0.74956251350569048
0.23475017606378304
0.6189090346610352
0.66961864309449559
0.48139110900947163
0.56557357875604253
0.54827210938344095
0.77968647310968842
-0.30246768045860267
0.68840111317995467
0.5745885197854862
-0.44266459120119739
-0.099999777027231521
0.98563983294435731
-0.13606676415614333
-0.346488777493834
0.65931092637350885
0.66727402874331476
-0.26590511830961872
-0.74970697815246168
0.60599827967268338
-0.64042202012345484
-0.70913223371739453
0.29494255583752577
-0.8045629587497577
-0.040041410971191869
-0.59251593296321736
-0.6815850141935389
0.7163382061460154
-0.14933667614588939
0.18979609855306662
-0.97465214026904357
-0.11845102972539993
0.84769269321850171
0.41734900356294119
-0.32747046750658776
-0.23583200121472878
-0.5597943447875684
-0.79436361872061667
-0.81081828433002756
-0.28147090921198553
-0.51317427552780648
-0.40457866707706952
-0.81102661931403675
-0.42255404969090782
-0.94487704736176448
0.32703309105682166
-0.016022569167712466
0.18258053920829431
0.96294858828216023
0.19848013257704958
0.22337001934642536
-0.45806716837864769
0.86039543450133749
0.1901973740521247
-0.042374936622755426
-0.98083093530429266
0.96675577016853809
-0.05354163954759552
0.25003314516358022
0.39133088774648522
0.34795936374638314
-0.8519298195724575
0.056498180464364008
0.85267125363332952
-0.51938395126494075
0.56341440667096143
0.68283141446980189
0.46508651428393177
-0.14436730299550382
0.75579932950019468
-0.63869042215525706
-0.52247835640312079
0.013166806257089525
0.85255087959797538
-0.026871965945285046
-0.43686369316125268
0.89912624866797564
-0.12856641734952864
0.55472816966673633
-0.82203852349394146
0.21698343747676621
-0.80268975777419393
0.55552438346590349
0.92924041757716191
-0.29744837566797799
0.21917278606958274
-0.29408898207955403
-0.42341961562554581
0.85687076022170738
-0.62343790991697945
-0.5595561328133164
0.54609715867174635
-0.23284513185421252
-0.33939966333355726
-0.91136766077190956
-0.75370454697027545
-0.33646836831884652
0.5645515857715615
-0.14378922989452322
0.91006830282567364
-0.38871627385322832
-0.72873506927458831
0.58625959531511385
-0.35389954183400668
-0.57383377062858199
0.24258624644318683
0.78221909764642628
-0.17050518753842847
-0.21968461373072373
0.96055538700923859
-0.85333409972466201
0.20039855790428945
0.48131209442209305
-0.50783462080510311
0.83668996490435921
0.20507047700748943
-0.16938143798094565
-0.88407892403980748
-0.43556214773109408
0.087382162341860775
-0.22463890606602865
0.97051621294335866
0.44957886588066293
0.56784538858925526
0.68951465394970002
-0.33160335812468411
0.41226215777611852
-0.84857476167171686
-0.70260949285039354
0.70502675345528776
0.096318105612650251
0.34906670861555017
-0.93451094573582016
0.069582506682712444
-0.84149289615924772
-0.085414111952978655
0.53347364995171542
-0.34516060023071882
0.7973557691490325
-0.49506356910312516
-0.47084291065307698
-0.74665947923382114
0.46990060178511961
-0.42980937845606426
0.019649139045335891
-0.90270582668219701
0.49415367517423664
-0.83110015321286601
0.25511699402694804
0.024556093064880387
-0.92665642361878642
0.37510647936209968
0.82249726490716268
-0.34025235595547804
-0.455770318786758
0.41031977908043671
0.84716623937630142
0.33756042682221604
-0.26081829921059135
-0.94149543533397384
-0.21344826080852827
-0.95444577075249648
-0.29500948468066684
-0.044751252955869285
-0.060957454063260585
0.33897816485781052
-0.93881733715550675
0.025772734329178003
0.46892777083464582
0.88286041473454191
-0.041106889819870221
0.013131334701260978
0.9990684619475787
-0.35675494215160092
0.62138688379956286
-0.69757024871497808
-0.3570159765382761
0.24584657151868497
0.90116538757817899
0.75555764121865032
0.57291253780330309
0.31765370267618204
0.68409099292273234
-0.71413520955999277
0.14842646620025507
0.34385676349682892
0.56774486062446683
-0.74794939630431601
0.26212402232336574
0.75191832318871965
-0.60490481249043127
-0.55776404453314754
0.44594017590761331
-0.70002616389497319
0.88051484529901747
0.079303329074613182
0.46733776779298586
0.26368806183337945
-0.74093994826494258
-0.61763791910123211
0.66379523597212575
-0.64194014028433732
0.38378215304054364
0.13311331348417971
0.24804091543388182
0.95956060259057341
0.71118995798109474
-0.31822999226713289
0.62684808023037719
0.42395370064438526
-0.41814466609089856
-0.8033792989178038
0.98793476543601322
-0.15477893860586417
0.0053272325772022342
0.61505033924351027
0.10320468043507745
0.78170446725903808
-0.3331231551442515
0.91537195362141388
-0.22610429016286968
0.31801919986018706
0.86353096516514549
-0.39137968869275602
-0.28481690399168186
0.91316523961425111
0.29156230270876954
-0.21958263708204281
-0.089823882065186461
-0.97145001708931766
-0.2078038361464058
0.81949628214157932
0.53408183758574568
0.37024958045389189
0.91577653760536826
-0.15578376470364483
0.90090337945767729
0.40841180353498896
0.14687715824808817
-0.65247792286067074
-0.48731859392076776
-0.58033882189502917
0.87092125842075274
-0.18669405325696339
0.45457836740137381
0.4048044717616312
0.90993610969708594
0.090275223129712506
0.97976929841227256
0.0014518944441773984
-0.20012499566832281
0.1721427127431544
0.63961762443630976
0.74917032840328079
-0.14377251256728746
-0.61629444055097704
0.77428071600424564
-0.28719908025999458
0.010773314255069975
0.95781032777777808
-0.76909525872903339
-0.63201848675278716
0.095105811616526661
-0.86822782202569482
0.18485035563234453
-0.46044629989078423
-0.4251509140824406
-0.2116326863010719
0.88003312798090572
-0.99015377956435946
-0.065077605259918694
-0.12393707317848023
-0.29813296492307539
0.9536527401888375
0.040782181850632183
-0.73361017601579515
0.088070060133924516
0.67383957597790367
-0.71523532655491862
0.20432332163756639
-0.66834901651971534
0.48961092161361686
0.68939821500969423
-0.53386444588313986
-0.85349932199313716
-0.50839219701341531
-0.11435156917650063
0.65420541032953938
-0.42170998583901359
-0.62783434832702334
0.93702584850715553
-0.25608562817262509
-0.23749254782598378
-0.52536535135735729
0.78566607880557204
-0.32668036397591654
-0.25848292856952371
0.19135075133642079
-0.94687457754504623
0.35653045503422981
-0.62254201279706922
0.69665448892234871
0.83678773689882724
0.35856046739684005
0.41378820016513124
0.58737157781161697
-0.23611945049582006
-0.77410737929349549
-0.49986786507132408
-0.84502555252477884
-0.18990506325327022
-0.78618996007560071
-0.50305049750145725
-0.3589506144859792
0.036556269803855929
0.79668917247989079
0.60328268795924744
-0.61375015620770379
-0.68064678853085969
-0.40003836693203104
0.9930758676445558
0.11021008715477072
0.04067010931077767
-0.062610575848811301
0.99088077960960508
0.11931134226108374
-0.41756124734080374
-0.57988682520136003
0.69955262466599299
-0.66820613593196743
0.66309545981558482
0.33734992378067508
0.10326027743509184
-0.98544007757588625
0.13507467790544314
-0.55797592900179815
0.63468287672000312
-0.53464054153515295
0.4358027301115639
-0.019382170977402122
0.89983349119462663
0.73730483948061742
0.64508629225227831
-0.20061218613700671
0.95656659538202615
0.25495872051695995
-0.14133789099740365
0.61462147773112907
0.0090378841157809607
-0.78877040750925298
0.45166483439055899
-0.74572597295644782
0.48978735246340144
-0.5868019970522006
0.58454847814967514
0.56032713029840697
0.900470562911036
-0.079314598213064982
-0.42762361936752541
0.33263453918548541
-0.24239567094520967
0.91137182425609442
0.78689792103414857
0.097887602795283565
-0.60926979171064088
0.79801596701849642
-0.43126737291762146
0.42092632305460193
0.46565362716534642
-0.76690194940115763
-0.44161985860291758
0.38098292133556233
0.22042334967157431
0.89792291460357754
0.016363784180616875
-0.95623588300450735
-0.29213894403499208
0.7672872975752757
0.63754326824593921
0.069345397063661066
-0.44912895822121202
0.77263733512735766
0.4486810975006903
0.94538927175162868
0.20170962484529398
0.25603193570665345
0.1847776409946672
0.88310387313742356
0.43125951889567266
-0.46787284993939898
0.46246937664571974
0.75313814931558465
-0.21768505052172046
-0.74399997509088334
-0.63172561753036482
-0.42639266676616239
-0.87015848168182319
0.24700913036813937
-0.66696509962631934
-0.15509707106339649
0.72876776439961277
0.10546014106802755
-0.65101387738111594
0.75170412404290887
0.07510275847456041
0.66732866877211483
-0.74096695169511373
-0.46264229136247847
-0.44741770902677591
-0.76536233503622764
0.14527255109114967
0.46343115931421136
-0.87414383626274883
0.83346281666935074
-0.52146831873270749
0.18278546383034844
0.75783765955880289
0.34202791737703953
-0.55560686234887424
0.23935270888108548
-0.88786547390367965
-0.39294424668275846
-0.83905925748724808
0.53588737733265135
-0.093831131510179258
0.20418760691549387
0.0061651347666390952
0.97891236190755748
0.90372130409938156
0.17575908493472056
-0.39038000535353101
0.60712485299016206
0.25022715296472975
-0.75417888116867859
-0.35112424169008255
-0.9361750019252385
0.016974471062281792
0.87796985856122001
0.47172235279018138
-0.081528825185249856
-0.63557482635318108
-0.019200602149421715
-0.77180047744428326
0.76636521233483657
-0.15585287520403376
-0.62321283893515589
-0.89500227083569117
-0.26085729194400764
0.36183478058168317
-0.4523879634145696
-0.22184665188395966
-0.86378770169845265
-0.2285381848948653
-0.88591061384080183
0.40364920702160956
-0.0027167106159993819
-0.20957990955413788
-0.97778774843761895
-0.55628583871897963
-0.37947542768758169
0.73928645694483563
0.043261227038495297
-0.83354935387658124
-0.55074852781197503
0.22502184513563503
-0.56373259077187865
-0.79471424758423692
-0.79611459218847747
0.45306147708002781
0.40116935836456602
0.4107329913415968
-0.88682124290868602
-0.2117699056747136
0.55954312493651293
-0.82840266095756909
-0.025700635297614991
-0.99270988203890842
0.097426903711647347
0.070958357756208235
-0.65482855593949152
-0.26304138460925092
-0.70852578803389243
0.47769436650379521
-0.40872236738357171
0.77765938469930818
0.91454853784404022
-0.40318841802782085
-0.032250139465610846
0.26968086866450991
-0.90530727604634598
0.32816301591419528
-0.073655038535053272
-0.99587816164175713
-0.052930354839487506
-0.92853557154992516
0.27775227266024294
0.2463237044998389
0.4729342912310317
-0.60470861068174842
-0.64082809890418468
-0.97749637735603456
-0.14694571352159019
0.1513531946589155
-0.78239317087305404
-0.50806452148382319
0.36018240959355846
-0.84597473391257116
0.50789119307544117
0.16239853933443843
0.56830906953844229
0.48179991028580915
-0.66700348419549982
-0.6996469634496908
-0.69625653450031988
-0.16037756919604398
0.59388134156529326
0.80312089134759401
-0.047976932182595598
-0.96357297586631208
0.16391877008692174
-0.21132382022226101
-0.45089482753032578
-0.64665564097946215
-0.61524819097323535
0.21376330984460243
-0.32430600977486312
-0.92148296749760206
0.66912156311683169
-0.591094017503214
-0.45042668242900274
0.15340688864308002
0.98714127883326419
-0.044926853220291101
0.60745950725636022
0.76547423180633556
0.21223135367885806
0.54911984911625755
0.35086549330250194
0.75852540953888326
-0.048632962595456818
0.93007738128653972
0.36413033349112989
0.32925680916398536
0.74610901872422775
0.57871520266666654
-0.5166775371810266
0.23553704480633217
-0.82314435131175434
0.63561514369163474
-0.73097272979505723
-0.24833899694938133
-0.91294951327159535
-0.28905385599714883
-0.2880469658759427
0.1066666659925222
0.95188961575655806
-0.28727753441728093
-0.030395026355845418
0.077341181049940241
-0.99654126060421
0.39875441011440199
-0.15081829819026524
-0.90457103720233456
0.18163261744767245
0.22178812103551168
-0.95802902964714209
-0.92609433551704501
-0.051643234243551786
-0.37374089698627916
0.82315349538864369
-0.50073718275532653
-0.26773232310596518
0.40890194628315862
0.10437715741771443
-0.90658954733398645
-0.94444261173432298
0.02363268502057515
0.32782563862390202
0.28958062316507871
0.44396015739922995
0.84796370283720024
0.7757590038445259
-0.62765454084235894
-0.06517472910658284
-0.58493317269327605
-0.8093824662029242
0.052471009960266803
-0.10344645897525497
0.65541397912771615
0.74815195387665367
-0.11658233882525204
0.25222285412330309
0.96062073167922468
