0.43439051280887742
-0.03532013170974712
-0.90003187203434454
0.58151091786557563
-0.74093998705235087
-0.33593598793519885
0.79857457198045778
-0.58252694228104251
0.15146291461254713
-0.55127474723559466
0.26848262282482505
0.78994508309213118
-0.74814960493617944
-0.13612245975670356
0.64941731158294769
-0.88867201039617638
0.17465431063827183
-0.4239786901648343
-0.26038333786320977
-0.89464686991927667
0.3630530202420223
0.49870108915236255
0.75517040815304948
-0.42545843313795534
0.86588532627753645
-0.49545115547665686
-0.069070646978943148
-0.53305988075635224
0.83231913948616409
-0.15196056584862719
0.51017807801876425
-0.85369881055794228
-0.10448286730863668
0.39706180254903628
-0.90979352358462806
0.12090355412466952
0.22808762019887086
-0.8210014242338699
-0.52338580312994043
0.95736747422390478
0.11106668203585662
0.26666779228037091
0.21986057103182921
0.90625978077679481
0.36104644999217744
0.0049465032504212711
-0.73282809901290735
-0.68039584757898242
-0.20906373959241834
-0.024835504250159662
0.97758659489391198
-0.98093861075450195
-0.19297684199707466
-0.022789918469878566
-0.99784332479696503
0.060057179499592106
0.026492156361690295
-0.2359917544069336
-0.42450872340052453
-0.87412827182787911
-0.72866246100119691
-0.67533889588495555
-0.11387885507225784
0.93885953948576839
0.25230675237325312
-0.23427348937392162
0.71290783937871882
-0.69357320615932561
-0.10353076958199685
-0.92662750560452989
-0.26763242393459574
-0.26407262545750521
0.24056041689952712
-0.91666379499889961
0.3191522720573064
0.37346398635995781
-0.27567201170040517
0.88573675144321573
0.50223296362824865
-0.79980925493849631
0.32873576921277303
-0.23476665446919059
-0.62215896292702189
0.74686199715805346
-0.040881301573153908
0.96542835376848402
0.25744283427891262
-0.40916207026457341
0.012256764078621077
-0.91237940134087281
-0.96602164735946205
-0.11396377602053037
0.23197938397205339
-0.61477504339394529
-0.78351904601842226
0.09027486109850287
-0.39444135308360689
-0.16815170348781469
0.90340523774866355
-0.81147642306786139
-0.57526426137273068
0.10284475870104325
-0.13110315040168655
0.20810196547412152
0.96928093756173717
0.60152959431134201
-0.28357925029162578
0.74682324279020107
0.448085389210226
-0.28225103974856014
-0.8482651911620428
-0.2298117535762898
-0.64059947186591759
-0.73267924398286199
-0.070268695176304741
0.99741785220663504
0.014830326285103966
-0.34475444908970732
0.71208503941589041
0.61162019789483901
-0.79589662685576268
-0.52488988108454226
-0.30172698270899473
-0.12719891873803799
0.37386119538788559
-0.91872098139479486
-0.82995878662506883
0.26284779643378064
0.49201569935699141
0.68040592592349636
-0.45377552978975594
0.57544378051397516
-0.4428534931505011
-0.27098478275181215
-0.8546625246969427
-0.56582824687612521
0.63936545254879051
0.52062482953098865
0.63611136485453601
-0.54610379326489256
-0.54509905382837964
-0.97690576048098865
-0.0060155742679562718
-0.2135859265150398
-0.23490493653139047
0.86509422657075508
0.44320610323768156
0.99360136702637925
-0.064577668307563965
0.092660931353341275
-0.80941143254616799
-0.34810861494144202
-0.47294135478631089
-0.95395352837216507
0.12914318433229111
0.27072994597349687
-0.51018156122642921
0.85369747228667903
0.10447679357588555
-0.58968171093516375
0.17258499455306042
-0.78898029090953725
-0.89486917754580608
-0.43829051020561227
-0.084324277300175096
0.36949043816527782
-0.87226484102912127
-0.32036052067767762
0.11626595798789685
-0.98618472878655805
0.11799113407938572
-0.5438476994200151
0.74388964124304169
-0.38840427583492909
-0.16057065166840384
-0.94036495705981837
-0.29988466675818909
-0.864095820721411
0.49042598001548182
-0.11322884233995049
0.45031151459369684
-0.48246200645929843
0.7512988434355522
0.55324312674614229
0.17644634394959879
-0.81411837616833815
0.035767124677215392
-0.023169700378848777
0.99909152622604036
-0.76402666080556925
-0.16037065335427947
-0.62493560877982723
0.98599737184722058
0.01661790890773782
-0.16593079224154894
0.12342422058642691
0.91168974216057852
-0.39190340112304567
-0.022933380936047902
-0.99573974907596008
-0.089310761663900159
-0.83386630150721286
0.41876658815957063
-0.35958522752175787
0.80472640629908943
-0.23942144314366778
0.54322443204255488
0.83603527238248776
0.4714440421872671
-0.28068761714487844
0.92914903829197282
-0.3457908656463361
0.1308080344499512
0.12562903333389069
-0.26090518775044724
0.95715507050242188
0.36844528845685803
0.19512665472241669
0.90894095409480891
-0.68597039749210176
-0.66565207148858829
0.29385699496094914
-0.2379509717131254
-0.17028662199395139
-0.95623313131823062
-0.45720782767293794
0.51075552919577061
0.72807265551628941
0.98093992021494569
0.1929702385187754
0.022789470698173313
-0.60607807822454884
-0.60371052776289635
0.51788315454731926
-0.92014221998116519
-0.35203555057211089
0.17149130048350461
-0.62734250048443185
-0.35245440981208037
-0.69441866052832901
-0.95043967349036329
0.30745680536568781
0.046203245447231013
-0.31209289544807428
0.35972983263358932
0.87931363694886888
-0.73789007977891785
0.32595900706305803
-0.59098981029991338
-0.20557075482520326
0.56973772689861435
0.79570068952401696
-0.89687004650478919
-0.077622823077908312
-0.4354294627375519
0.41382514785524699
0.43158289941806427
-0.80155158781732816
0.018548762455483994
-0.67240193607038956
0.73995376867758555
-0.29060782809625413
-0.95251843942394754
-0.090860953145703416
-0.08858030700783863
0.96850666089293658
-0.23269803827366339
-0.76885294120589986
0.085203153043152305
-0.63372358131171203
0.93334644124271893
-0.17517657869041742
0.31333302873759095
-0.6653514992044689
0.5492975217186169
-0.50554882567379311
0.81141491011905609
0.32547948799940873
-0.48545746109018317
-0.014359599310133421
-0.93650914043218114
0.35034901426239146
0.76402790986226132
0.1603662132964121
0.62493522111053534
-0.6608613397923786
0.70628242058553714
0.25382559354733497
0.40516887207568592
0.77588015271922106
0.48357850832860066
-0.39847667670704551
-0.90790690539240992
0.1300822403761808
0.76397248217552383
0.6422681228540289
-0.061949211812022481
-0.39698633433409558
0.11849601451044967
0.91014314527832207
-0.51816290527210085
-0.84568219067343486
-0.12778433385104765
-0.029318366048980544
0.4233229155757039
0.90550435811248509
0.20906225554779781
0.02484329578779176
-0.97758671429171318
0.04878516116714228
0.21116590298294316
-0.97623202645031792
0.23598824217531114
0.42451085346087192
0.87412818559346828
0.38157875476367226
0.92424361881831063
-0.013091485272442645
-0.58398274862184918
-0.019882476647457747
0.81152254216037245
0.70966009878682224
-0.06680897356571118
0.70136944989140626
0.34357362835262967
0.6096343109917165
0.71435507190910608
0.47573661858375421
0.40776879862720466
0.77935824663926023
-0.7285654986810105
0.12930068819107687
0.67266161341718045
0.74814907573456813
0.13612409530209563
-0.64941757841599679
-0.86991062305407318
-0.23547212264592532
0.4333686506362644
-0.052944165066900861
-0.47647665071219564
0.87759154320871691
0.26588059212807336
-0.96018716091041545
-0.085721215299486758
0.62852319449119276
-0.76857224001988789
0.11939558558589163
0.89707380801180137
0.097122137136272185
-0.43107525266163083
0.55548729741702818
0.81762151919259496
-0.15142296312488115
-0.56587546111622389
-0.28762269901126936
0.77269537692416268
0.0076261202181838834
0.87648498638647765
0.4813687889025568
-0.95004131280988491
0.24575651343356739
-0.19241943784204116
-0.70270634645366037
0.71134175258642485
-0.014025037647782247
-0.18995990330728627
0.70275636711470602
-0.68560099446779332
-0.31187811883255134
0.94895401002857904
-0.047099106617307353
-0.70829860307719184
-0.3847891072785275
0.5918195939631371
0.2854166909835244
0.78884180593880515
-0.54430314872432961
-0.33535555698851455
0.7927246226651492
-0.50904255521254804
-0.31345540332657751
-0.40345467929795553
0.8596336614383806
0.053832302955951102
0.7696554607920667
-0.63618594359778979
-0.12698517210786583
-0.25570608260313699
0.95837840406829555
0.55621076378077006
0.59938193922815686
0.57564822346768885
-0.020060627028874192
0.57946072270468685
-0.81475323999709903
0.67561385425718445
0.38968942358498204
0.62584988062774016
0.45720025720069229
-0.5107531195752415
-0.72807909986469177
-0.80610165679783918
-0.46413709635743355
0.3671197007689308
0.15846305187955884
0.42274644561982916
-0.89228633515526667
-0.094077226703310438
0.74391727083947123
0.66161663337809662
-0.39332407911229922
-0.85256324440743136
-0.3441396272967357
-0.4547749750155175
-0.69541980188368713
-0.55639106862681464
0.082132630905978041
0.61249394912948685
0.78619679039043899
0.46851738209797528
0.61180683835388561
-0.63732554884884574
-0.3858904583282059
-0.72833644522199403
0.56622837860057551
0.44564241777661417
-0.70782687675373834
-0.54807294042240562
0.17792880048331386
0.97645478784130746
0.12197290379570525
0.78543114538862491
0.59264564732378666
0.17851905377769273
-0.74981095120766827
0.52379583960663145
0.40425419708376015
-0.48783067948641018
-0.80110050718157932
0.34678409067493798
-0.47777691438953801
-0.5175139333934472
0.70986516242174802
0.24163354108372212
-0.65277358254061768
-0.71798320437209995
0.095899165851584409
-0.82914659676550162
0.55074428826920852
0.96934673654476922
-0.22881022175108806
-0.089514170790014461
-0.37346109573095476
0.27567571957547637
-0.88573681622250411
-0.87726901980813754
0.0099315102564829973
0.47989627211397995
0.83386706130984189
-0.4187707684906285
0.35957859713872964
-0.14844446222971414
-0.80587918768770883
0.57316923895576377
-0.6690035639681563
0.40932004892417101
0.6203961064889264
-0.65109679899036443
-0.54305233483151127
-0.53025194009880339
0.18698328620544694
0.76935943249463135
0.61083820632909891
0.33536014845237372
-0.7927224273255794
0.50904294911632286
-0.01168445239081882
-0.31944352292594702
-0.94753327605577364
0.75661551693140305
-0.56789122359708222
-0.32408720693670495
-0.44501287689772279
-0.51359977562166825
-0.73360671335299565
0.00025409045093122904
-0.54419170107355541
-0.8389608619719473
0.22022405055755051
-0.21918358564740273
-0.95050508853912663
0.6138751247922114
0.78401211132863968
0.092099622427867289
-0.60227602251813173
-0.084650994088285261
-0.79378700033422311
-0.72439335402035532
0.63975235871171554
-0.25684857051176424
0.1502744047168004
0.97940201180012876
-0.1348677224871524
-0.0076311740233288242
-0.87648515830790308
-0.48136839577292123
-0.88852360689225862
0.36597649039035191
0.27674357892592871
0.12647109759563094
0.21077081555695515
0.96931972268308486
0.23462321425012544
-0.44886162239582794
-0.8622500746738877
0.58460152947753063
0.17467404870950273
0.7922941552478866
0.6842460238494491
-0.62917675667947792
0.36870582813472341
0.32843579919487698
0.23064925331243855
-0.91593168290742999
-0.23525831960569321
-0.80659838435058162
-0.54226614260834782
-0.82427183397373482
0.55136695137883773
0.12872617699901687
-0.19068139414074611
0.11627074784335568
-0.9747418730743479
0.20021187485968073
-0.47683281654752735
0.85588881884770751
0.23477239207354389
0.62216474734201432
-0.7468553749454534
0.50706327426627695
-0.056050804671814114
0.860084381433592
0.80489088984640966
-0.10718124664612531
-0.58366328975672011
0.26816612533889167
-0.65820457381683317
0.70345836282421637
0.92402083988078842
-0.13645653382116341
-0.35716257060828227
0.12579256637451572
-0.94926694287573166
-0.28821606722782783
-0.46009644232507757
0.62167647088184641
-0.63390033073954077
0.67208924828375327
0.54122146891818512
-0.50534677591078148
0.68597582671323365
0.66565071411403731
-0.29384739570833029
0.42719528897181236
0.87395358434975423
0.231752707605557
0.27866720247051058
-0.037090515919479095
0.95967123740168769
-0.30263303876087172
0.51057227190919963
-0.80481625170459814
0.90533926431263079
0.37052269401492649
0.20754216370122386
0.79254586492734458
-0.34601883802909295
-0.50213744703573282
-0.28554832212292763
0.93702636028136976
0.20110632976271386
0.88851887500037874
-0.36598050791386805
-0.27675345814491376
-0.32547203779443201
0.90050322714566977
-0.28837803403548989
0.34643022950516833
0.89519553554458853
-0.28037662032707705
0.87796192550957641
-0.0010352137316750835
0.47872934492053704
-0.46133969786591411
0.80939996540972992
0.36336948023701077
0.62983393648654906
0.37356352496406253
-0.68099890254410955
0.51929492269922495
-0.6400723106548174
0.56625102242010017
0.9012517784088967
0.43190817944418092
-0.034649046798062723
-0.15027107242250554
-0.97940156713353377
0.13487466437166032
0.61143268373322801
0.71414553735567476
0.34080232501812108
0.85692094505064065
0.28109517093921638
0.43205555060451362
-0.1067576257970341
0.87508033431929255
-0.47205637144499535
0.64238747567472609
-0.32089083024750487
-0.69596508975617477
-0.54404013698514719
0.41139459182770943
-0.73128299526523555
-0.018093064386846939
-0.066848193014409071
-0.997599097890431
0.75404212066532195
0.51105144741192954
0.41260986217093271
0.6374423887014723
-0.076886967305206902
-0.76665219972629639
-0.61143161841083404
-0.71414952745787086
-0.34079587503255981
