-0.13393105275829262
0.86168326020783037
-0.48945319713396518
-0.81427646882294646
-0.133578006231025
-0.56489888349383155
-0.87496949958873904
0.413250568088943
-0.2522941591943767
-0.78750772829664639
-0.59692800458821338
-0.15332493343024578
-0.96369984751376658
0.18610692712231269
0.19143358007160957
0.37948647605405356
-0.035060544004418687
0.92453273211184395
-0.44017510501956281
-0.85983505025066298
-0.25870748594011883
0.8975851977357836
0.38673620455556929
0.2116032156928789
0.14100168610824179
0.63609982495221651
-0.75861422159777103
0.5575690912156972
-0.79811275858352759
0.22832593612442145
-0.65276764469961512
-0.12476783475174638
-0.74721308168733103
-0.026296943417387499
0.9863695331795731
0.16243033824385614
-0.7571412326565492
0.27838395462687149
0.59096491234050885
-0.77970215210582972
-0.49671383303409561
-0.38123473356203297
-0.12384830054171908
0.91601205034262945
0.38155408801377022
0.42635817303629764
0.6064689432173852
0.67112899594484721
0.97102409630326225
-0.07590890465491025
0.22660547785198079
0.62605540718451091
-0.6799939328069422
-0.38165806487061676
0.029195970442170715
-0.68407102019535615
-0.72883086833559974
0.75902149347548087
-0.26959850223318788
-0.5926238436275344
-0.72346504058784644
-0.35790567348891733
-0.59034046442004162
0.98550083541954614
0.1504845976180785
0.078374034393423109
-0.9617188297726631
0.16636865178165822
-0.2177575811884685
0.05537040926563061
0.83818341379236183
0.5425704402389967
-0.91554431918842183
0.015829361697347496
-0.40190549997488673
-0.79977690690023828
-0.51329820228573442
0.31125850144103862
0.88851556084454497
0.16008014203272403
-0.4300167976531693
-0.25515137143794209
0.58357903481766815
0.77093014454917774
-0.050433111219134096
-0.32472282606843211
-0.94446365071552074
-0.25148872728176713
-0.87573097799265054
-0.41212701225985288
0.15173305807947862
0.92980798922268015
0.33531206698167881
0.6713126066590982
-0.64039615053649412
0.37313825121341687
-0.43759767735595889
0.42233620837352459
0.79381383199673761
0.05278989280370143
-0.09049078502188608
-0.99449718201908277
0.024418497223626764
-0.82675263592279435
0.56203542236059367
0.65614860311052636
0.75418014499619923
-0.026102098184184054
0.0913274334303497
-0.65727594102200682
0.74809600804753706
0.75722712849287366
0.33406932761635932
-0.56125284874144798
0.27849491369885787
-0.65828058189567629
-0.69936203681852471
0.30447737210515413
0.85648564501188906
-0.41680435430128077
-0.13697280153650759
0.14390612053184448
0.98006605905556932
0.10888680609740779
0.81163114154783822
-0.57393253395121158
-0.3847170275189799
0.18829971891385699
0.90362382914237216
-0.16615050749420562
-0.70242597302746246
0.69209230690410106
0.5788530798201198
-0.37773221410523539
-0.72266692632907914
-0.18839852641048679
-0.96511718076061459
-0.18180985299768537
0.064238225210899669
-0.99257053247551963
-0.10333048186772897
0.41079426086177734
-0.77475772353365313
-0.48062308004087528
0.57018102929250747
-0.15454813691067154
0.80685095724822509
0.53143386688003147
0.71525581900188329
0.45385808191204691
0.82738019464959967
0.15790639568877435
0.53898755431101608
-0.43915454851511521
-0.74123023004780697
-0.50766231747270807
-0.011745801159883549
-0.32015805551704613
0.94729132564520846
-0.48306773471317827
0.33970351963836565
-0.80699881191014455
0.57720058311900835
-0.40057437397399581
0.71160358189262796
0.0044674489576134397
0.50862176585399688
0.86097847894089274
0.38984547115284279
-0.3148913493482271
0.86536925455395663
0.21496885757716552
-0.27144698532208389
-0.93813907520767992
-0.20133412386693406
0.37175726194059588
0.90623457711630329
0.75044827042636109
-0.22864039083967733
0.62012173408997928
-0.25402013509540505
-0.2952394181494114
0.92103607797789844
-0.68261855331371946
0.3264771090253894
-0.65379248080282226
0.11567018197321134
-0.49529380156822955
-0.86099039433107238
0.36316519533535402
-0.55497173128491228
0.7484099266923584
-0.074176986984215224
0.53007271843438397
-0.84470153768862399
-0.5562477336026751
-0.010304620600231216
0.83095263021195898
0.39178970270406721
0.87509525822498269
0.28409350201511019
0.47886343811432652
0.38696047515548881
0.78800469434183262
-0.59700094341815235
0.23066715985451011
0.76836354346265678
0.71384688190605061
-0.48938311105464655
-0.50092594243808575
0.54047042452877969
0.1290122959225021
0.83141298264489805
0.52774646475648601
0.069964213783506632
-0.84651560985411656
0.11391808467129043
-0.98278518539554438
0.14545084857734719
-0.74659316191267755
0.51523747092156424
0.42086696133526647
-0.87183440362794251
0.31022966342826347
0.37902813692375958
0.67461996116132772
0.28668066432145894
0.68022209954315338
0.80969707822155434
0.38150653636451942
0.44591860718142901
-0.85399841684593825
-0.15731174297373812
0.49592309842070831
0.57808370874522896
0.53037356659065538
-0.62009927071822046
-0.909875017026607
-0.29607476487476081
0.29063239151062775
0.60720671364411438
0.76529342333276618
0.21360239490494889
0.86365875424902083
-0.50366769210724316
-0.020307932843910387
0.31874492511639274
0.22251128365605255
0.92135248486031718
0.17634118496507162
-0.45676862902333426
0.87193245496727445
0.8809918485116276
0.36648668961465575
-0.2992338035572788
0.070010936261199058
0.93549974257111801
-0.34632167193694657
-0.85364156404569114
0.2620363615934152
-0.45014778166343478
0.57863330997358353
0.31020123861867271
-0.75429350000411377
0.25284295734105761
-0.91934661629036973
-0.30145022481079009
-0.13078542958711747
-0.98883070220415814
0.071477365551233588
-0.32629650014980216
-0.051248126855881183
0.94387722903127269
-0.74363859434574431
-0.66382465513887745
0.079614497607132934
-0.42471110070340456
0.90325861126199603
-0.061191193160067492
0.45036339665561015
0.89230026697070663
0.031193661484780848
-0.68750037951388021
-0.20638059608162923
0.69624010063286523
-0.74902230867928077
0.032679213416729948
0.66173835472278908
-0.73372624585743096
0.62752503370139245
-0.26049592744998307
0.73083470256254202
-0.67484365560807935
0.10230678382123454
0.30678298124344328
-0.95014112875775381
-0.055821482086439583
-0.54238993254504775
-0.3515489690230732
-0.76303766843622656
0.73164873180029255
0.11678113177411166
-0.6716042737480018
0.26536290503173554
0.94951916170888806
-0.1673197244223415
-0.52806649425893748
0.83044933809580879
0.17748147649067086
-0.61631171547918762
-0.59474421460123839
0.51617747777431844
-0.9664549724742767
-0.05952738276364257
0.24984250415222764
-0.24053086336627891
-0.71137032610871498
-0.66037653115495643
0.81797772572706118
0.55689000149927925
-0.14417339020955808
-0.94764105259632025
0.31851817990218612
-0.022860544742785916
-0.38476956312275346
0.83092363974274086
0.4018933791579567
-0.075780270196875762
-0.090075251580645846
0.99304773284146408
-0.61277079101410636
0.48155862431564345
0.62658858035170995
-0.91281452501122551
-0.37689038229538668
-0.15723639102245998
0.39024981689350247
0.49445446533905452
-0.77667230034349599
0.95477248039698648
-0.06730254527374771
-0.28962023077861981
0.99663710166579345
-0.075009337479221658
-0.03298616185819659
0.81702694404795007
-0.51089010614713548
-0.26731680108185563
0.83477238160302114
-0.49285941959496971
0.24544788332623643
-0.60839611725575016
-0.78816521301265929
-0.093004094021914591
0.34282683632588756
0.69669126332182363
-0.63015160390641256
-0.20262511448226248
0.97903618413966109
-0.020765671823988269
0.22301916596016935
0.97045799753392203
0.092052846978681185
-0.9749073832208065
-0.21795320019465581
0.045298969816851421
-0.024898399120176062
0.31339205887274585
-0.94929736497935879
-0.56619332158443725
-0.438754809272691
0.69779605898375963
-0.7612506675566163
-0.38413471441148389
0.52243462971802856
0.36834348056804228
0.25208596338076944
-0.89486074189753662
0.73531863979078149
0.53094381770766597
-0.42119491973935741
0.66289116779425017
0.69988224396220788
-0.26597019428274271
-0.58478661492904671
0.11028281590173745
-0.80365559508822593
-0.34559301039275658
0.73095978127112704
-0.58844138988665473
0.4829276217228689
-0.84086875647769155
-0.24437808117086524
0.45606440998347214
-0.20688140736901997
-0.8655664834265715
0.19241781496598323
-0.89907129373548178
0.39325080198840534
0.42686448343467759
-0.7947752400019964
0.43141514885526999
-0.4465271158893096
-0.79600080096366777
0.40865175839677287
-0.87268750409972073
0.45392822819344586
0.17990465207258782
0.63428027690754174
0.51210004498772344
0.57917361321944216
-0.22259064120788638
0.78510464693075543
0.57798278505020872
0.36063249748001786
-0.45160234358264767
-0.81608793952121672
0.19805508544105938
0.67028303723877725
0.71518866959767657
0.7350282880165222
-0.44821454379917552
0.50876039403868467
-0.059964099354758958
-0.83092554002562702
-0.55314288725580907
0.73200620462607002
0.58894376559041872
0.34250862377626928
0.13334269230179818
0.054368693693336953
0.98957757227808485
-0.40505395297601077
-0.55112791179906795
-0.72951307048914915
-0.1513060095197564
-0.5358865774111381
-0.83062149480601788
0.93459543229363151
0.15946141232088959
0.31796766489142775
-0.73309247147397427
0.49052927712315053
-0.47112254940006792
0.25231126166552781
0.46250382223756398
0.84995837642345373
0.71687410491267678
0.0089929137316132005
0.69714463722262432
0.0087510675052862585
-0.94003988237270542
-0.34095225232608195
-0.62946473356311861
-0.69957249287716439
-0.33819000045823655
-0.21288628109577568
-0.13296244435670262
-0.96798782002249439
0.31425581150908061
-0.025199094722318408
-0.94900384117133307
-0.53470090482495858
0.53894717488274568
-0.65086933025399007
-0.31277861582365551
-0.35310286596652579
-0.88175274512170587
-0.9741548089730423
-0.11695360477870177
-0.1932466364104759
0.87988039977732435
-0.068657898180865845
0.47020907594928618
0.18343229139412395
0.4233172872107055
-0.88721759947741696
-0.99925231450312335
0.03864751635072837
-0.0010869406936249771
-0.58597138384352598
0.69712099392830729
0.41310998189454617
0.84834002399792197
-0.055373659064173929
-0.52654815692873702
-0.30014895000570924
0.9340125328315696
0.19372969912748636
0.47733460748513007
0.85017136920323855
-0.2221718152334074
0.51031359500568341
-0.59420103467854102
-0.62169539578424304
-0.40314513795227735
-0.66898604057539224
0.62444509387191027
-0.043567464332966099
0.69632874795655431
0.71639943524604577
-0.34517365945515843
-0.49753933724346411
0.79580761036425673
-0.65944366125626797
0.75148179947096949
-0.020227770336897336
-0.55327666449415247
0.79955009230389462
-0.23367623418537589
0.94775982042879414
-0.29736975613603289
0.11542335515993353
0.53107250295574682
-0.61783889042035245
0.57985955376148279
0.34650367013570943
-0.91819085941420764
0.19199154218528067
0.037102763079999684
0.99483972310816748
-0.094431511149055625
-0.72557570320447373
0.6579982133999861
0.20144043804996026
0.30582592088017785
0.7991027542704161
0.51759568606705586
0.70083036641335261
-0.69872856613202372
-0.14357990243767457
-0.10781137172658992
0.7168881745929846
-0.6888018969596188
0.15103877503178323
0.1491625418567864
-0.97720920203594119
0.27198740070040633
-0.74592130851920635
0.60796731438230434
-0.82818770912026896
0.55910688397292818
-0.038789312396634433
-0.36644992368403256
0.10531773830777587
-0.9244580182083455
-0.43985048947413707
0.65444070299966672
0.61501131141359044
-0.2994132201448787
-0.92267171440575035
0.24295808494064972
-0.3640856890385582
0.8575482741591588
-0.36339038034043575
-0.5986642503411238
-0.56524997713245517
-0.56753288778295408
0.51827786756565242
0.71884080622207414
-0.46330977466658163
0.65747421112021731
-0.11074027229541883
-0.74529474290631104
-0.37092596667533922
-0.9284138083850062
-0.021487848799123833
0.80127358630447199
0.58925772903391982
0.10361451956438023
0.87815588443587866
-0.29227802182116253
-0.37870278661629592
0.94463707693850529
-0.29608626623110296
-0.14139913656879499
0.068560162213143719
0.2913916007128054
0.95414382521260199
-0.52368061253300646
-0.83995032186761276
0.14227463882065897
-0.1016613516919368
-0.52277743828251588
0.84638568016888061
-0.26296788117618936
0.33596686493393396
-0.90441923859246232
-0.8863047634702359
-0.45677327700714648
0.076302291329433211
-0.6456436337176743
-0.70222303322118684
0.30004517968711575
-0.17620958687640681
0.95107581150114251
-0.25378136706679122
-0.31471677129902331
0.55446708653233101
-0.77040223507948546
-0.88662172105622872
-0.26929143530042821
-0.3760107001471184
-0.22088677727252384
-0.84301048167204218
0.4904511794432041
-0.7714634252870789
0.099867471640901886
-0.62838735788714073
0.88187189238083785
-0.2887171404466507
0.3727524355935839
0.97183217610515371
0.15407131222068765
-0.17833746728412705
-0.12407514587846187
0.094319293156012243
-0.98777994974274952
0.53496120215782872
-0.84483370133308966
-0.0085164122541517527
-0.56144306546656542
0.68885832902489508
-0.45853667985509666
0.18115445740535793
-0.8264892432300166
-0.53300899934920865
0.92922315231233832
0.36787410335111148
-0.034827823508464029
-0.48017981772031787
-0.25048955223333447
0.84064399532502809
-0.89013976081723822
0.077239876751998962
0.44909376265048034
-0.44886683912003666
-0.12860272828755129
-0.88429627332437921
0.19344415006125312
-0.18998737158222923
0.9625404715887822
-0.054915048834798537
-0.94285694147736832
0.32864133233574588
