-0.61105073363886531
0.16253392118466112
-0.77472558069534725
0.098768630206730712
-0.57866670601971448
0.80956136335140128
-0.36397211658836282
-0.46871368753094128
-0.80487997705703573
-0.11675833695157124
-0.99008234312574384
0.078130945104614255
-0.7054382810710863
-0.095479835914342254
-0.7023107805902179
-0.54803724077409077
-0.83603314024705599
-0.02652868510438593
0.22747534797624525
-0.12801514822558077
0.96533263069672959
0.63666112563134036
0.35199577004832311
-0.68612068105976998
0.86920400404561615
0.401737994162989
-0.28825506655905753
0.55811587410201957
-0.28704328267483936
-0.7785324816259056
0.54213129841781349
-0.82096340149980518
0.17920030321873157
0.2980307157406189
0.50835499417021435
0.80793124235750136
0.87434871210523113
-0.0076988044213157879
-0.48523711528530644
0.69395932649843928
-0.48983634455557762
0.52771280893897399
-0.55968059477580367
-0.293194388355905
-0.77510946482932941
-0.57486950123055347
-0.46465330743432864
0.67351492963799553
0.12138749160981532
0.37980024416946467
0.9170697091331127
-0.24065844781251677
0.4491256607805883
-0.86044735592880406
0.89605722589045711
0.15210158603359311
0.41706900562804239
-0.87897510639697973
0.40697488811980193
0.24854416664708326
0.21346584111500849
0.72206403723318746
0.65806979934621834
-0.62922003095105516
0.56608876261547625
0.5325651748757444
-0.25562522439789753
0.96226678279255251
-0.093265124165440208
0.28483149534313806
0.33989798491692863
-0.89629257450343924
-0.5294136422877449
-0.25733118941164934
0.80839461546673452
0.73857156244671562
-0.12748169013135163
-0.662012436307862
-0.59263117175840963
0.39618751139374042
0.70130146875355182
-0.3759608323251919
0.43082785792661255
0.8203906443833423
-0.82899999361290666
0.31055086449942693
-0.46509909820215667
-0.1697709066473031
0.78158190435577723
-0.60025625031293894
-0.29415788748978905
-0.003283464838791782
-0.95575119988739587
0.82133066461400317
-0.50294757139476309
0.26918335719882397
-0.14218459481815826
-0.81357199078788289
-0.56381216446777482
-0.22067018418843201
-0.016882278633005555
0.97520236796185078
0.16599070905237093
-0.36670015227503028
0.91541142817301602
0.74401497318878229
0.45067891260499721
-0.49328514816896007
0.73933598565435177
-0.23337279226083196
0.631600696760929
-0.99938769643007785
-0.031710264956866407
0.014788215597149322
-0.075061394621198901
0.62072239017631381
-0.78042904954347059
-0.068011829417439024
0.96696436413238207
-0.24567114107552632
-0.10131403657999126
-0.21733306808603087
-0.97082532080090533
-0.61078651296523723
0.71984027382768823
-0.32980269215918295
-0.36203718623851294
0.88427450821931286
0.29493672184723402
0.41039050746329325
-0.26324000659960778
0.87308895898955174
0.9647914271380067
-0.084952886383850013
-0.2489186799259171
0.34134875244505081
0.69606967140771192
-0.63163917053216978
-0.056863815191699293
0.020583698630411363
-0.99816973399945197
-0.34047264493569268
-0.24809373022462206
-0.90693322746149618
0.26441658402722318
0.85224134722873879
-0.45140730628238501
-0.95270048850446742
-0.28772708161000793
-0.097851447161178037
-0.3979529978103864
0.21462385402332448
-0.8919473150460745
0.64837021535603723
-0.70349663615283564
-0.29104732735555311
0.94271204513463891
-0.25301344000119658
0.21743550569497008
-0.66211048583769105
-0.02818115310640679
0.74887617611549773
0.071031991688446344
-0.96697984948489502
0.24475380864644822
0.0076500709893004473
0.99988750570406881
-0.012901641397689701
0.12852045954683047
0.88129825255918581
0.4547481517433547
0.86913709793306282
-0.24538814709107484
-0.42940116704976772
-0.1843342321668644
0.97127936031573048
0.15045695422983174
0.43214821237123552
0.48231183458281479
-0.76198636258512198
-0.53851444905695589
0.1899574519668637
0.82092530390964302
-0.63268233768162052
0.77131687285292838
-0.069161703551166423
0.18989501126742045
0.56781275786782315
-0.80095477818556216
0.014900045136196404
0.88675557142357364
-0.46199842554297826
0.21792263516645205
-0.94849636300581819
-0.22992254010175756
0.9004997542844636
-0.43271844202516607
0.04306904299997432
0.071158567678862208
0.97161398811208055
0.22561630337994318
0.54272141398202856
0.80152932823568257
0.25100637996553588
0.3193745693724992
-0.92124032717751303
0.22207238464068241
-0.78599915685241217
0.59396018576206011
-0.17151274925438095
-0.37726023574003409
-0.91461199648867353
0.14546343323453018
0.097411312686801144
-0.57123888634519127
-0.81498292674616202
-0.041958777083552265
-0.2315648061146014
0.97191419456388228
-0.035321559158763297
0.78448553487861727
0.61914039847582536
-0.15429267100611699
0.24229714275027361
-0.95785482526782295
-0.14010824996780738
-0.64681646691072614
-0.74966534962213904
0.21022894678121989
0.15185483919492829
0.96578667300203591
0.31446231436587402
0.91618002244103625
0.24845043635220376
-0.58203586955315456
-0.78275198949792457
0.22030335787396466
-0.1718707550427202
-0.63878403097875192
0.74994360143118921
0.84695509959441895
0.38644237239429591
0.36514292008647248
0.36442523151335304
-0.20255734785418519
-0.90893606566508178
-0.3576941849158331
-0.46693819957293919
0.80871724839833836
-0.3638623327506682
-0.80553652209741489
-0.46766987755514389
-0.58171723100292805
-0.50068238514010488
-0.64103214612428105
0.30349749463189962
-0.66276247600304117
-0.68456933261319719
0.99582570482743715
0.082993945319112306
-0.037989085870892093
0.8427512405464096
-0.32337782326763176
0.43034536128111794
0.1559738435217124
-0.98764441840078077
0.015187591607890426
-0.86797372776207371
-0.10172008541279998
-0.48608089052998393
-0.91313065204470534
0.40765880256096682
0.0025909440306006591
0.64930922541490166
-0.57360363926524016
-0.4993760054435662
0.11864797186128172
0.18545973557098319
-0.9754626313986331
0.74015723429041302
0.60507707151785806
0.29334110869589991
0.17328592668401116
0.95604744756795212
-0.2365275155496023
-0.97756039298689634
0.17551171537221169
-0.11649599061945726
-0.74361293840793685
-0.44867522670259252
0.49571195141502417
0.40358837369546152
0.89002929915781093
-0.21204780418223662
-0.92623771260837806
0.11641694398474868
-0.35851191736851878
0.49752947962794958
0.7660527374207774
-0.40697373427688815
0.60447671212483589
0.14928362244712662
0.78251025844254074
-0.33501882502182567
0.62762506646194371
-0.70274402368831002
0.81322884896890579
0.57138501801986852
-0.11035397766797039
0.56644701406092268
-0.38901086804999513
0.72650418085545398
-0.016643389641084933
-0.88795352925733184
0.45963194782423883
-0.25271390055961007
0.88988134422890808
-0.37979846979325649
0.11832521564220046
-0.3443885094341903
-0.93134080653266937
-0.67355776199959783
0.36500790350268159
-0.64272013476370093
-0.87722969913987736
-0.47712153602409402
0.053132803511289003
0.55402255617626017
-0.036850540376683109
-0.83168566473269756
0.77252369388295827
0.015890274121868504
0.63478708365700165
-0.83884116428486943
-0.51010566159093595
-0.19009922439104829
0.92447561400798095
-0.33422386647304642
-0.18341004930039689
-0.95796137317593011
-0.021516846004510249
0.28608920434176588
-0.51065764517811463
0.74740292452931645
0.42499133853076076
0.71114234507625873
0.11377791155598355
-0.69378033402612271
0.50801681961909539
-0.51649868615177219
-0.68930981291984561
-0.10594227619638061
-0.4474424015394019
0.8880155017897956
0.023716086693180628
0.41730184302971357
-0.90845842999884474
0.42210348990480279
0.019497310581919291
0.90633796052590554
0.7200297288591917
-0.36021125703945833
-0.59313155358740799
0.029794579002020972
-0.91351796262055884
-0.40570582326567062
-0.44996867097986376
-0.033942543759625375
0.89239906928444346
-0.51287777994102335
-0.049978112912334866
-0.85700558403810256
-0.75024211494295789
-0.31222780220661378
-0.58279547741480031
0.32583356613131259
-0.44177317807325084
-0.83586419131172929
0.86736897012956726
0.48348070308315305
0.1179723671144815
0.049892835527093525
0.59966337602920861
0.79869552422203949
-0.89412531982360566
0.37787152759954068
-0.24031858246903087
-0.41158429622887427
-0.65384701057081074
0.63488774902765011
0.36161192546729554
0.80525794657385485
0.46988983266239526
-0.9614904003510123
-0.23057194985385615
0.14957535215884024
-0.42104425112712046
0.76214292469790768
-0.49179253850147203
-0.89744898470297385
0.18686750362112356
0.39958210163370783
-0.67794503429458219
-0.69766489125204012
-0.23163382738623695
0.25251041080319014
0.96755097098802645
0.0091439037686946341
-0.4395186481059784
0.89673954575621972
0.051783636836572305
-0.56218649550607458
0.58549815609969202
-0.58407041824976813
-0.57315592016109285
-0.67808405797905669
-0.46010249021163319
0.25582587919118538
-0.84457888187867358
-0.47036117167622021
-0.31447219017120426
0.21366397505722773
0.92490807509269268
-0.29524884468924073
-0.25406603561141816
0.92102039567990357
0.33870454097683078
0.06329086294215229
-0.93876168466214693
0.55582125132991045
0.39690115524593994
0.73043289187610572
0.60746909704921226
-0.7915323129971813
-0.066767459226384898
0.89508904823012503
-0.087331992095487795
0.43725132234805481
-0.72768886690611356
-0.24205620627130894
0.64177699085152495
0.44367617585309177
-0.85359410182743756
-0.27299919469805511
-0.8855090474379852
-0.30779216891167599
-0.34804842717949269
0.79895881169608429
-0.58894413424677372
-0.1216947983666478
0.50141737811932108
0.21785157938500624
-0.83732986467664228
-0.74608464744747183
-0.61169768652393408
0.26302782960068816
-0.11830061074811526
0.91125312744072218
0.39449043489814306
-0.59743252859529683
-0.65204239972664046
0.46681375594015428
0.9782954279308691
-0.0012518436598071446
0.20721121730497388
0.65119843670840416
-0.66859169319698841
0.35906231188543686
-0.97074710112570661
0.19261914582416909
0.14334549284161219
0.50207319121146099
-0.61835687549831597
0.60461333527362759
0.68928082087464404
0.48467355766963138
0.53850115363872653
0.62051939944316081
0.76837167263506911
-0.15671837035486688
-0.28245768500892232
0.79332579066758169
0.53930681994673213
-0.20796917957422967
-0.92501270997764173
-0.31796274424378884
0.80858738764013427
-0.47690967544402363
-0.34459192970407665
-0.47047919681418177
-0.84495925186846077
-0.25434855621169511
-0.73423336465167444
0.60105122821769608
0.31565612189577502
-0.78585404176805707
0.61372248242201144
0.07601407505569345
0.1535493214992249
-0.10104728355902558
-0.98296086003078975
-0.73592031886350617
-0.67693905922066222
0.013220982765293406
0.70317837897649893
0.62774282024187389
-0.33388488880864586
-0.30114804622731489
-0.94937163016758608
-0.089461511760150381
-0.87685959948159042
-0.21081487927124135
0.43205824778013052
0.095685899208792974
0.75272334466031765
-0.65134612541719261
0.27868933906325344
-0.70883556839478046
0.64798486808793276
0.083171167737064497
-0.76354413600399595
-0.64037716170329217
-0.8351934412576324
-0.0069297643936775339
0.54991262401010743
0.75555112610435615
0.2593288175629031
0.6015738194302227
-0.47456743969429238
0.41907664378360143
-0.77405459227180917
-0.19742113790297167
0.63825226338387686
0.74408261812412613
-0.20265208542475818
-0.92864465846669908
0.31072693892590708
-0.37431082939309274
-0.6555082855647425
-0.65589655476685271
0.59835333170296034
-0.11382139443632555
0.79310653799381681
0.39341336537949267
0.28362915159248892
0.87451725443681583
0.57220023610564819
0.68028975549288773
0.45803137269412841
-0.069549615923408525
0.22193243840275709
0.97257845118505104
0.70263786335302147
0.7080078812455286
0.070886339141742652
-0.86771936978783359
-0.40443009374112976
0.28896261794831862
-0.029469817569839466
-0.98720041732083252
-0.15673820814968623
-0.13716608890935056
0.44076471927975802
0.88708056358571419
-0.78468798983125787
0.38437565477132785
0.4863333369549046
0.44783156732693341
-0.78715637579071307
0.42406571113157931
-0.12581188419652736
-0.44450472410502301
-0.88689735597939234
0.73866872238281045
-0.66560790170014028
0.10646426521459287
-0.74797754463573707
-0.50889891568656909
-0.42608858977180802
-0.96873146204985683
-0.0842550014832293
-0.23336762663190405
0.98602874062440848
-0.16642996745970887
-0.0069561910556722676
0.95368088577175369
0.24416396445137875
0.17571774690391798
0.22284628223026726
-0.86201208468226453
0.45527431330779505
-0.73905028981233434
0.19676707642355401
0.64427275804897399
0.46513087417436627
-0.73039098380765999
-0.500182247448136
0.94632874108426279
0.16033761867657975
-0.28063100654595902
0.34752970214370599
-0.50513664200296393
0.78997473316168565
-0.73819889207677591
0.53114003453267666
-0.41587577406389947
-0.42573681073055419
0.62027280317593791
0.65879421493303991
0.83322150751924651
0.22713542343412824
-0.50413432617582543
0.033349868039146233
-0.75478717168728493
0.65512144809804584
-0.41564007018262278
-0.81528260313039491
0.40318433636676837
0.56124624171389526
0.59524046266128827
-0.57505777776915901
0.39421219529377821
-0.91864243058774464
-0.026321660386469509
0.44780551474613584
0.61132502761243024
0.65249669085567774
-0.22387490074574526
-0.79805876995538094
0.55944814640267337
-0.44758150504640859
0.86648875666366876
-0.22106114745888991
0.48318974037886775
0.87501755985721719
0.029528710336279705
-0.6031445627206462
0.77476295493062053
0.18962858467987814
0.94265186046792904
0.32718389855639551
-0.066016410700599132
-0.79036599727874768
0.11081255170864263
-0.60252980733685713
0.023042996412044495
-0.00025351850955816248
0.99973444276203671
