0.033332164607963344
0.94914259520557309
-0.31307714827016248
-0.28593927054205859
0.31911057029271944
-0.90355253167114247
-0.82689499705171199
0.06890452945744964
-0.55811901031150746
-0.47157267474648501
0.78153445850313419
0.40843983963940006
0.095889915058470207
0.09461892502491584
-0.99088464677640908
-0.53298716081651965
0.070966615495721058
0.84314199627929098
-0.57934374123967958
0.7030900186150798
-0.41234118786541102
0.72901659883767789
-0.65196196604676371
-0.20851952773681093
0.93707176403244252
0.21789360247280617
-0.27279825339350905
-0.4305191895410691
0.88197268208961277
0.19177438693567983
-0.15077676806063436
-0.70299293308088773
-0.69503043260818442
0.7525759140750693
0.63578692706213524
-0.17147733649366309
0.57153979720273806
0.0017210327819076772
-0.82057254295986315
0.83195871192001103
-0.22994891506784729
-0.50494375738245945
-0.27279464377546775
0.74302023456004307
0.61114974708475023
0.42563997662820807
0.90116077772926206
-0.08209666849714331
0.73683450717774623
-0.6160659237120234
0.2784558971775945
0.42132363491417735
0.7773566774104278
-0.46712202982531781
-0.75022249671889163
0.51787591072861705
-0.41106051440618552
0.87739473867281359
-0.46706125379656294
-0.1096916485027349
-0.65835114354632362
0.09063298708316829
-0.74723452372306132
0.64034673385261032
-0.56194299010352233
0.52361831167159045
0.37205056028359018
-0.90354324125477248
0.21257467341027855
-0.30360638963895858
-0.87931734699466391
-0.36691165618533156
-0.69373497029068265
-0.63937020462513272
0.33156829226179302
0.27289802138036184
-0.41168434528529829
-0.86950714187618894
0.0029412234998897344
0.92034645146977645
0.3910930304560718
0.93596315419576281
-0.23648821213751739
0.26085685635597006
0.45529448599456823
0.22473716199118085
-0.86151038243487899
0.23702609427226831
-0.60482881990692061
0.76026359194955251
-0.9915993460471787
-0.10162635259657991
0.080017631661548835
-0.74140906142358998
-0.2818301267945123
0.60900277771942923
-0.88302736404997539
-0.16567675045110367
-0.43910578303970826
0.65599029641746098
0.19795502277338498
0.72834781524002679
-0.13317540590851074
0.52994157295750077
-0.83751193454925354
-0.088606804713425955
0.85671788207656829
-0.5081174123061678
-0.60894722950259572
-0.35548539641849192
-0.70909336805127476
0.4499432107090976
0.27992936922693945
0.84805109243547139
-0.027919418790296746
0.32260041908895221
-0.94612339346305385
0.11231849345109697
0.52333517639918425
-0.84469216237165978
-0.18589056606737761
-0.51068331745652296
-0.83943269338211401
0.44867221462401957
0.77928567782092539
0.43750094419047669
-0.68777638313993616
0.20519072481553585
0.69631918919747049
0.81569885156879562
0.095757505055918762
0.57049617332179692
0.045081102153066745
0.98679553745576787
0.15557076038268564
0.22523740325429506
0.29539805772556016
-0.92844391304333984
-0.36004476261161789
-0.73947366507931034
-0.56881145168686242
-0.19360687014847783
-0.53560144356104045
0.82197778162590274
-0.35420492178088742
0.52709178607728702
0.7724720852147674
-0.60105540639354516
0.43142805785140631
0.67275718453514388
0.048118224639076404
-0.47597994993442516
0.87813878385936539
0.1315021011115915
0.65364737983047938
0.74528672351249203
0.03145876906069027
0.458304614311488
0.88823827115813048
-0.47003313971107097
0.85099018680297878
-0.23427451747551248
0.1682904574343087
0.8432554783671018
-0.51048851127172445
0.96335810378140874
0.17168906963932265
0.2060680160652601
0.33823000418721016
-0.83096452020851475
0.44169947976214857
-0.85020681387877339
-0.49785686801686907
0.17113419472022123
-0.57133679654563541
-0.16594126988397817
0.80376474161427591
0.69173036803169052
-0.34424623726086745
0.63482566589141354
-0.092216198217548478
-0.96089344038025848
0.26111294303517824
0.83443021585203292
0.44061883462248808
-0.33103059896186388
0.84199322253361808
-0.1836433803623353
0.50726967389796485
-0.10543632859728573
-0.85691848767571588
-0.50455315487219887
-0.84385471746081386
0.50447765572305636
-0.18278815797337467
-0.36540192388883952
-0.35169604836519269
0.86185342349070182
0.55669555701627738
0.79063665641214242
-0.25491907409168962
-0.48901253933015093
0.63334162519557546
0.59978756420294754
-0.67215185315690851
0.59093790568803106
0.44609895529890842
-0.018403023239192993
-0.68319916939589553
0.7300001532002689
-0.45760718511216802
0.30467423495338419
0.83532584940805477
0.54137382237634946
0.0085001019529367047
0.8407390396029023
0.13075164511626178
-0.92527926576528197
0.35603691893433193
-0.88117525651166162
-0.38335921222885205
-0.27670540600226989
0.33678999503216178
-0.90067758091485406
-0.27450390613541886
-0.74150557365727354
-0.14799788227960939
-0.65442043907258018
0.71142679368390005
-0.089049919675402975
0.69709542319143769
-0.35574530859635684
-0.11099905766168057
0.92796793296422797
0.4818927288220986
0.85436662203842795
0.19451753919643625
-0.96548150627099683
-0.17120665170479149
-0.19630013617091838
0.87987351056414953
-0.45180044806793729
0.14730567040386006
-0.14140459491550503
-0.30229674118528704
0.94266718453839138
-0.087434206825485819
-0.96225403820005373
-0.25772548466243633
0.24931582575866912
0.90681328138746731
0.33989894340166305
0.33135329584294515
-0.15615850157941438
0.93049423196411574
0.51375290511581762
0.60346511593428109
-0.60982604596350454
0.83007875441875267
-0.43210770672411997
-0.35249424286395653
0.094954406790530563
-0.23952181713743206
0.96623649265914235
-0.40820134762279309
-0.58239086613362145
0.70298829210952429
0.33445143946488526
0.029613004646555183
-0.94194761244756564
0.036814859492004005
0.71444566100302087
-0.69872173545306338
-0.56195424303116881
-0.39588630944256431
0.72627918787144963
-0.12151487357020301
0.61792256301831738
0.77679201953553245
-0.57776551369133
0.81619997968802604
-0.0021457740467093391
0.52092885554831747
-0.77167822443075174
-0.36489155292569109
0.68770735262772731
-0.41412209697606078
-0.5962897667559901
-0.67876953386722982
-0.71737149401494871
-0.15700337406700521
0.90181125345598534
0.40227153334042665
0.15784193550538705
0.60949998331415567
0.60394060144915362
0.51358107467203118
0.31842020383965225
-0.7925380762452825
-0.52008842660468912
0.56483637484975346
-0.81631426048132116
-0.12079278861514185
0.33368539888802884
0.087171465835317083
0.93864540168961541
-0.64695803509331584
0.72697049696861993
0.23012865394251528
0.78563122570142307
0.50917712860076458
0.35145729315630947
0.91746874582928117
-0.013084181468440533
-0.39759263652857912
0.18679957719242177
0.28049781302563048
0.94150246672463411
0.56196461941178122
0.39589889974878745
-0.72626429604316323
-0.19577316864889621
0.96418633265395037
0.17893457564287743
0.98850456823187693
-0.015911261952882078
-0.1503514227660562
0.16051785511088806
-0.78417303669439153
0.59942194380260738
-0.81445705214379049
0.5160739683365636
0.26519307950736321
0.84078829741335415
0.20781538567296604
-0.49988779181967402
0.6287269527278786
0.77761677894286874
0.0038162835368115364
-0.93134501093241129
-0.26135775631151165
0.2535519548871969
-0.77092075198647547
-0.3759019499915589
-0.51417790515457829
0.72790436218454735
0.37630560199620738
0.57319223077339343
0.87177248569346999
0.27353093657500349
0.40644010619552545
-0.8137889515241753
-0.41285563771429518
0.40902049433335985
0.19673976557590148
-0.17252480333635198
-0.96515732234433804
0.28045933519512511
0.68300018730836565
-0.67442813215245256
0.28946838388454826
-0.62084877567696506
-0.72852923927024449
-0.83537044133185467
-0.54290846411349147
-0.086061753078543801
0.99392073274866177
-0.044851689288223875
0.10054801330884645
0.78073710945331976
-0.02150755176593111
-0.62448938432891776
-0.036161576187767074
0.79768262493921138
0.6019923340688863
-0.9070257165608463
0.2851274778110533
0.30984943261911951
-0.99290528309136916
0.052744117875747107
-0.10656996217864288
-0.93728402292797186
0.065067018268902488
-0.34243969322721846
-0.34118267399888302
0.93917563692117856
-0.039287478624499307
-0.050893415632063357
0.20304516862186461
0.97784585684279546
-0.9549565617596214
0.021201664566251815
0.29598725406993881
-0.24009183431898956
0.88112998162297673
0.40738908500159338
-0.86803130824166763
0.30175200142948916
-0.39429351699661103
-0.55052465404052342
-0.12044628696802329
-0.82608431606536314
0.92932669713170257
-0.0046610450025435964
0.36922914925255418
-0.48163938193248884
-0.8522299015004301
-0.20427359290974761
0.039444874289251683
-0.36764873027514233
-0.92912782383231907
0.65227666022181441
-0.21226293885996261
-0.72765349124181866
0.7557070922836473
-0.65407582006094966
0.033039556349791041
-0.85249894908132295
0.1233429723198104
0.50796855512379369
-0.28782895921358775
-0.95266130868528109
-0.097933248552626237
-0.70978218219181155
-0.69818003081786584
0.093562270227874403
-0.37747251311092855
0.50655925108713595
-0.77518528558258881
-0.29730495624008146
0.13686719653772098
0.94492176052146681
0.13399961612735714
-0.98052633559931135
-0.14356952348568841
0.29454926059187903
0.4820686472815795
0.82513668709668053
-0.77247411571374025
0.63407245574868387
0.03515482062404035
0.5311435859004725
-0.24637873637433941
0.81066886545578587
-0.9074332226119024
0.41608127918727683
0.05866272760498864
0.65376575721595354
0.70461801805413726
0.27586914166921694
-0.51765116599041039
-0.81040855774981402
0.27436333551448672
-0.87434248804119541
-0.13735793196082524
0.46546537157277063
0.43509947629375939
-0.20663978451237844
-0.87634949944960561
-0.090668730320956126
0.99392690668050954
-0.062357722204225786
0.29543160870803098
-0.39118344726047388
0.87160522896870973
0.096296755122309854
-0.76902606441602694
-0.63192234269861869
0.11947704690101135
-0.90766711282396828
-0.40232530067299405
-0.73882059428997071
0.29713398993878548
-0.60485991888706958
-0.43329944182543267
0.66961898341077342
-0.60320975685883171
0.67236997808630572
-0.59673758304619373
-0.43797587781567127
-0.97849067063326745
0.18023073867653872
0.10036377991968774
0.81534676304158493
-0.41299067302643255
0.4057688504441706
-0.77980591523126552
0.37009913874634037
0.50490530010046986
-0.20544288622427007
0.70792886262910781
-0.67574399439173649
0.38443134425095299
0.65243635520624255
0.65309979632717619
-0.595441365386709
-0.56343951658113867
-0.57270017595703993
-0.94529069545800193
0.28491489361572714
-0.15889935329152818
-0.54674868955368949
-0.73270406480774319
-0.40522910049197319
-0.44050673903500881
0.11956624079069127
-0.88975149728894809
-0.17215840113215591
0.11208031473380954
-0.97867230877796374
-0.41147136495443953
-0.33426432711268328
-0.84791430902092668
-0.043471921613337038
-0.10495703291478532
-0.99352615127784571
0.057816251613712559
-0.58565020814369761
-0.80849929792831821
0.53592907333461048
0.45864212042394886
0.70882115778786514
-0.54047708590840748
0.31727898261521675
-0.77924230300889652
-0.5209227899194927
-0.85289861593289962
0.03469002568803016
0.89464084959819157
0.43702901405705169
-0.092862215688336733
0.48753400700277283
-0.47683934617452445
0.73139239123446742
-0.20815288844173174
0.37890705454902629
0.90172158621513843
0.14858770149317435
-0.98236727377667776
0.11347349636612529
0.97763944105798972
0.20768469150315416
-0.032987758381879402
-0.076505099111845665
-0.99700384240239781
0.0114152549135595
-0.3243103203003968
-0.086220484037031461
-0.94201318689234603
-0.21536449948183253
0.93875034620327724
-0.26900914457721892
-0.47669399736576501
-0.72215894806421466
0.50124772977663934
0.49353014395832367
-0.42722633939014937
-0.75756560899751058
-0.74049399785552994
-0.5729468694608828
-0.35128410711973351
-0.19080448889358184
-0.28899694923653518
-0.93812281197614766
-0.40294764877874117
-0.55542623983760331
-0.72741658246395891
0.72283089266881906
0.42304211031093358
-0.5463980906877971
-0.68825854939729569
0.69850698837221137
-0.1959289574736553
0.96576847140199251
-0.2592780981785785
-0.0081318786733674282
-0.6085856373676658
0.50211187988876194
-0.61441613102551718
-0.64058705907859337
-0.53920922550637396
0.54671896882205862
-0.94237400786028747
-0.33452444639503237
-0.004962264950194634
0.55374080783181556
-0.74654086369594463
0.36884665726271837
0.42431532021375484
-0.67350577188268901
0.6052656311675082
0.68670100339616713
0.18897799248234767
-0.70194661498723621
0.29815126982576934
0.90667654684410959
-0.29840150754331357
0.28000950246319739
0.95435380587802743
0.10393984672125046
0.34840513355586861
0.48090367990105892
-0.80457784804799171
-0.060903759734833009
-0.85932330931531453
0.50779344434281359
0.58184491842586905
-0.8036347245149128
0.12501088134972091
0.11099933761174319
0.0095888368826869807
0.99377422046307451
-0.73903925682952964
-0.035138480738649683
0.6727453188512249
-0.12354383098484811
-0.055521544069023376
0.99078467891352595
-0.24075460125425768
-0.74131288910451709
0.62649215671260994
0.36576522556003854
-0.93025800679944259
-0.028910907224474525
0.20847883633919964
0.80472724636911075
0.55583327873548705
-0.3139407811037157
-0.93705818185166312
0.15285008925363502
0.66089169977386308
0.62887004691087012
-0.40956638688780816
-0.33281991489358004
0.82878735575250695
-0.44982488058687664
0.49565350639671962
-0.62615676018063249
-0.60187649337445526
-0.29359673645778689
-0.86826072899604334
0.39990531732473411
0.78949681817269857
0.6077128738467511
0.085905977999832003
0.15549578707792977
0.98240992716716258
-0.10340113734589806
0.93754967100949271
-0.23332630136213289
-0.25799118489331963
