0.66503784143713185
0.59577562014735752
-0.4503066509554039
-0.3016837706808988
0.93675312483504358
0.17742740943703206
-0.56715970006939276
0.32521233236786296
0.75668144783194669
0.97455110519868959
-0.11514075371157576
-0.19233499471168164
-0.12798485378174135
-0.84830257276658183
0.51381185490417036
0.54526672974113077
-0.83326586291564775
0.091390344877637378
-0.17192385853478048
0.81107321955709899
-0.55910859355208853
0.34510391655851813
-0.90426894133460267
0.25139802806221107
-0.48326069138694283
0.4871347037416302
-0.72743307910127919
0.47200108033273513
-0.51039780303286419
0.71882477894404595
-0.05592857378587919
0.97756544228008246
-0.203070925279874
-0.01866138753353673
0.96957849946280961
0.24406819947459246
0.64645553610707329
0.078956750478916121
-0.75885510566268621
0.30118917606391543
-0.90842750100005698
-0.28990439053027661
0.86073420269927037
-0.50887874028502744
0.013381329888132485
-0.034087939798809579
-0.80706158193701494
-0.58948249789251206
0.55177247518652495
-0.76764154261906559
0.32599631542696444
0.70842431992782007
-0.33600057515983833
-0.62067591900045838
-0.80037261929705006
-0.034926186515961029
-0.5984846128139234
-0.8132056976297799
0.54802450307200923
-0.19587148178114194
-0.94854596415677894
0.10528101057998143
0.29862428349540593
-0.26053138211815424
0.23462368674711137
-0.93652289056317117
0.31489239850524392
0.68355212197746762
-0.65848255398584099
0.73257716460518996
-0.6572627820045942
0.17702071429807742
-0.58344064770635773
0.60513471857974055
-0.54167239450926818
-0.68625488110601462
-0.32348974168044387
0.65146651885241913
-0.31923877160331987
0.9426517342424845
-0.097438773775329862
-0.97803778007745812
0.19297203619683764
0.078764801702308929
0.13082163353356474
-0.97962651831261738
0.15237317617713647
0.91567975791044187
0.017960947903675351
-0.4015071422820225
-0.69411539207967377
0.43913091529512754
0.57041025736757589
-0.87295570869729811
-0.39514546046097659
0.28602167003547274
-0.82015770445511604
0.21396833863276157
-0.53062123014976548
-0.92200991911505559
0.38247022590830049
-0.060118510852333065
0.82964177266404537
-0.32167841834582134
0.45630858442658201
-0.27405074891105796
0.46655929462400553
-0.84096290739915436
-0.10657444954062767
0.64255089567120183
-0.75879525115623159
0.22354333599092743
0.12600888603308055
-0.9665144269873831
0.10966742322047149
-0.66487084415769593
-0.73886386897263767
0.99829656291667168
-0.03153800437269811
0.049084893286503034
0.76138100944410214
0.56259208456765675
0.3221631649330795
-0.55886260883606731
-0.71019334171861959
0.42813315898617921
-0.28835164763906523
-0.76691318898925265
-0.57332145246638999
0.77922230287283101
0.62294272943419315
-0.068956207484457577
-0.50232374714191863
-0.86417842894377939
-0.02943630421032728
-0.49109601667815189
0.56457747733764185
0.66338297723556106
0.2556072577482833
-0.48915105064022035
-0.83390417881431145
0.48369880731509185
0.44857938094561312
0.75153975463205425
-0.13367092758082363
0.50040025033922386
0.85541315899401738
-0.97632774166871172
-0.12525507020893495
-0.176338618104566
0.52397907505571639
-0.28824762660609227
0.80147316527736012
-0.83982694533994839
-0.239834465379691
0.48700116128917936
0.91963684267632573
0.37738571035533208
-0.10884899270053096
0.36922868997314323
-0.64399100891202044
-0.67003414460846289
-0.81711822783082055
-0.40801136993171067
-0.40724013033229894
-0.50015794547821824
0.83911501550411061
-0.2138411100105497
0.31596452137347686
0.31817531341700434
0.89382934118612412
-0.34737527644975869
-0.85910749235728945
0.37585201061990292
-0.074071557942089791
-0.97687963580570425
-0.20054820231591808
-0.50598213655922064
-0.7081838229221844
-0.49239999028664333
-0.54569502600013364
-0.81137287167430938
0.20950179404887748
0.62207628294828476
0.54539105999116722
0.56175589883414367
0.2200551065486413
-0.80546238520315616
-0.55027819882738283
0.087029439976945913
0.89265481019081883
0.44225927510962665
0.37290026178606234
0.46810303389996938
-0.8011397783243136
0.6375672534024911
-0.69361608201661185
-0.33526814366522895
-0.61554762053488421
-0.7583628533530643
-0.2144455863571012
-0.6535351330180692
0.68495108877843913
-0.32207737562934385
-0.20019811080297945
0.89493819634534866
0.39875599199642425
0.11598681069063391
-0.31021952775634898
-0.94356287779058101
-0.95621568560148118
-0.28678006074768692
0.058384581588312258
0.29027715267013943
-0.43312467246295649
0.85331248247144087
0.25069839935156479
0.8508073949427315
-0.46181932535714243
-0.5945136267583826
0.66080914593870288
0.45813188084039363
0.72102306938228788
-0.56378967661946389
0.40282370083681146
0.52651545072874617
-0.65891718227601892
0.53722400080910093
0.57590266026230164
0.81671256464705488
-0.036286535387582183
-0.02281283745277194
-0.48974842648391087
-0.87156528912290154
0.78780382002078264
0.38562214701176678
0.4802714866559305
-0.091509614770485012
-0.99467089494099503
0.047495275152770945
0.86606377987556138
-0.084298525993359102
0.49277508835472006
-0.42952788937881764
0.78186769210503682
-0.451872442496908
-0.25365222112243874
0.90635383129952263
-0.33791017032390425
-0.10981502621292145
-0.95056297468260109
0.29046633398798533
0.94679218593815162
-0.18513652777832443
0.2632660683199452
0.50718374025656709
-0.84254754903076323
-0.18132369189273823
-0.2560807511566589
0.65290892331686157
0.71283419302125084
-0.74022312508081778
0.18169564619233369
0.64734567060446013
-0.49327604528780983
-0.39375603322693731
0.77565129371554964
0.07489055200676982
0.76916589551784764
-0.63464575189025629
-0.13654184807969338
-0.26027796928943481
-0.95583037324911879
-0.46750969448559121
0.82620727292203389
0.31435048549783517
-0.69422312514115503
-0.60804199720597196
-0.38514825996364155
-0.66569768406827934
0.71766467598884565
0.20446028040662179
0.66978621990268294
-0.42703883656511193
0.60747366337446318
-0.61627236959754284
-0.1245229397117566
-0.7776261337919218
0.60269297192338744
-0.18027855405611332
-0.77734215410049134
0.57047116539462706
0.72288472527102998
0.38987218857354172
-0.31034928212065988
-0.30508180280285813
0.9003379458213171
-0.5392368796746102
-0.15969556965423848
0.82687418186299544
0.42074359909592562
0.67247857253142951
0.60889029661006921
0.47607782423560879
0.85635908412297457
0.19999756076299752
-0.80195270248653927
-0.57371492752433206
-0.16650238710086532
-0.41282528205426738
-0.58043843502398351
-0.7019020655645084
-0.81950473990506212
0.56773137263128903
0.078058118112910815
-0.51039471057484365
0.8582576963364652
0.053767704957954007
0.18707296316882432
0.35571705473600057
-0.91567957464452654
-0.08990408006382139
0.79907066953893724
0.59447735152020109
0.54028653690506401
-0.051190609075230924
0.83992260332821145
0.32868417026213526
0.063361721981091162
0.94231205468606982
-0.70206442351908926
-0.7115513158513358
0.02828904627309585
0.81606068432888723
0.50229010537582119
-0.2859188862845804
-0.29661276110045437
-0.94749888991021369
-0.11944339065547992
-0.73162249896869913
-0.49281701155701491
0.47102007613562374
-0.12351464312828254
0.046341439734666728
0.99126010910164797
-0.97987860346575029
0.12639184118234337
-0.15447661619982481
-0.45750271495713934
0.035775493163866655
-0.8884882553504736
-0.63054017611985846
-0.49485967165519457
-0.59794062553739491
0.44109804448848383
-0.77585694754848755
-0.45108592539468434
-0.11071665582280672
-0.19822915760109372
0.97388244834793847
0.1346865140632984
0.58069734529931738
-0.80290107491010521
-0.66532926377122592
0.1208318183193261
-0.73670661898158873
0.75375545647081388
0.38739840717458435
-0.5308250050243204
-0.48378677081077825
0.26940227949831896
-0.8326900817168349
0.87077719983939117
-0.4292706528273611
0.23973688673426999
-0.34391034679290516
-0.73084921810151227
0.58956347730264946
-0.85775260957778388
-0.51004589970803604
0.064137671874820057
0.85072597840904907
0.15375289268914114
0.50261850110166828
0.8753207368338396
-0.22777185660642105
-0.42653673816768478
-0.22574696172862249
-0.0089996462211209324
-0.97414440184101581
0.104170851460488
0.18093354600015599
0.97796292651501171
-0.11243537123983426
-0.68863977362644402
0.7163334066437782
0.24852745182720914
-0.11112055014671733
-0.96222987327528187
-0.54200838656894423
-0.56861547735949303
0.61879184528899989
0.80035710965413231
0.15588193099217959
-0.57890355035725305
-0.11981873825877729
0.99237272154220324
0.028980191527929973
0.094573040815900081
0.42232375159518587
0.90149796937619442
-0.32227403348676126
-0.93600984102841744
0.14150980474204067
-0.36397582845632742
0.19028551671328686
0.91176368562730514
0.78411079635173786
-0.091130406612287287
-0.61389372698808609
-0.89990394779295646
0.31207062329622204
-0.3046059927548363
0.77594685189751145
-0.46132100437158408
-0.43022019240841575
0.19544592888514278
0.95244407302398437
-0.23377591117073379
0.89518819998215171
0.26904621696392256
-0.35531988369653195
0.34461913205316497
0.83667624315101308
0.42568828732962549
-0.13482980657138982
0.28054067544749761
0.95032512998414553
0.91401237893830167
-0.34739880610122059
-0.2095123878604627
0.50973435053367899
-0.44110248194632673
-0.7386470688405925
-0.16009917519103112
-0.64461770931681583
-0.74755351844419315
0.3260487339431889
-0.18982533250975456
0.92609857263231143
-0.56737256058809182
0.084209630427444823
0.81914413605603331
0.35783110963492448
0.93366064542921601
-0.015319796151990316
0.6119382974723282
0.32124914241722208
-0.72272436556606257
0.97344760300857525
0.217504482688366
0.071355197479409063
0.59254958399653745
-0.5832593526295875
-0.55560194210931735
-0.360316578433162
0.42424978867734342
0.83077318211016449
0.078120767188151807
-0.91947902620448685
-0.38529919037545779
0.79989100302543081
-0.56046682173877105
-0.21459572458231976
0.95622569474375707
0.061449002264104012
0.28610564627872237
0.64083010587807421
0.72576859462344501
-0.25019337013319448
0.093937847358909768
-0.78578715992187731
0.61132169938215364
-0.38128842737523638
-0.20228766296644421
-0.90205256862407601
-0.94693494891697993
-0.14779538440149631
0.28543077421541357
0.26610778674536945
0.56307934793058401
0.78238628168414948
0.68930283474080378
0.70885902659308586
0.14960107765586056
0.53518643761908458
0.54536149874701312
-0.64510178473866064
-0.99697617752216605
-0.047807480097463904
0.061261295285204048
0.29093993305965282
-0.66725384728863224
0.6856575374264936
-0.77225365024035086
0.53247765783197365
0.34654270097670409
0.026404397667476081
0.65069181175522395
0.7588827141914104
0.18924950419244488
0.76174016769876263
0.61962613088633922
0.69311309092901852
-0.7179677666420663
-0.064160184272064796
-0.6844587561629264
0.7262987263853109
-0.063295901628583034
0.0924743840290745
-0.58133266125988181
0.80839397897989496
-0.023119238144900807
0.18599296927335696
-0.98227904192672233
0.010741841516205591
0.90521777601366316
-0.42481218300528795
-0.73507213053204423
-0.62527983213830951
0.26209558263383337
-0.33881013328790854
0.67020403394624317
-0.66032889264639372
0.52183140375380699
0.19343502039191049
0.83082782749635464
0.96040086670027702
-0.27707356105707109
0.029332865603449707
-0.73865476006669195
-0.27428998678662231
-0.61575494198537495
0.12334093865253209
0.99234285760043628
0.0065319079687907022
-0.76724753074039465
0.46841371681862692
-0.43808653993124042
-0.36619961803631185
0.76431598923567245
0.53077199280741527
0.86836206548434636
0.48343299932285189
0.11063389351130805
-0.18745682649321149
-0.89815787604915009
-0.39770889843197321
-0.91585258309449424
-0.35956456090599476
-0.17868232307539994
0.42747157846520578
0.86772585342733899
-0.2536136685950931
0.43406197099126714
0.23608393784502468
-0.86939897609254335
-0.89345921578046228
-0.18604260671450343
-0.40880163676755749
-0.34555729865921969
-0.053508396740206451
0.93687085813447923
-0.04856445637665717
0.42374749809221945
-0.90447750189677145
0.3490197198399993
-0.93709447757174835
-0.0062590148857751661
0.47185081903724196
0.74617038901902599
-0.46966642963392591
0.71699363230220603
-0.1888736189120121
0.6710043869582144
-0.92355646955068604
0.05287570388511683
-0.37979943060742755
0.90681549363963365
0.31158350577731397
0.28390382072565701
0.97757691904365762
0.12943090205153227
-0.16610541516529945
-0.52385891317728606
-0.35665800905765366
-0.77354179179908766
0.45756992604885832
-0.0087546500312482723
-0.88913054096598909
0.095197923453181663
-0.32758337280289351
0.94001408991210478
0.392611266690574
-0.28225431527197936
-0.87532216627820481
0.14233946924353336
-0.98399873702035034
-0.10717257595963864
0.012024158501164063
-0.060101119326478818
-0.99811987008978209
-0.31112196035965334
-0.55689941257988307
0.77010789507065014
-0.41391888612418432
-0.85387603856991967
-0.31554217858450512
-0.10992005186990329
-0.46045425145559776
0.88085155645737667
-0.67152078222919132
0.35975909470016182
-0.64779104101154028
0.2378239211640133
0.94456473235769867
0.22635646425097369
0.71913995951066445
0.053896835527014665
0.6927718598176269
0.11220860313200189
-0.071399798774855736
0.9911161880012227
-0.84782194394626431
0.2845223853820093
0.447487389296848
0.1139562230116444
-0.91172344585367238
0.39468257817849745
-0.86532979624282436
0.01234242331494384
0.50105090392201357
0.67472097499163752
0.29895023943803473
0.67481876103608429
-0.72667777729233285
-0.075465621473262426
0.68282087546085546
-0.90111881069829236
0.37400893854472789
0.21932214410392117
-0.28075046797943226
-0.43666241735388833
-0.85469591551614932
0.33032662062908619
-0.81192979000807519
0.48130483043619093
