-0.78574169818291462
-0.29946802126853855
0.54122905315045289
0.80899151591503948
0.20091322164517872
-0.55241886693490261
-0.10627664077243362
0.13450665858203248
0.98519705360055942
-0.94535283089328404
0.32451720520983568
0.031569109028471418
-0.13447133003138204
-0.89569352557822601
0.42385206102700362
-0.18606218485534262
-0.099665158331320405
0.97747006070858711
-0.44857829516752423
-0.15944102279830299
-0.87940665983015431
0.75326910500406674
-0.316380123002513
-0.57661882835655576
0.69910040761394343
-0.15962026248817404
0.69697919041907164
-0.81499851924443545
-0.49918086501395981
-0.29427177512172709
-0.23694566220089963
-0.3161321765656514
-0.9186496612441768
-0.23225312135335785
-0.063099324603120788
-0.97060649228008578
0.1765580397369165
-0.57726365127636525
-0.79724145371357635
0.59240867025681032
0.5980311847427614
-0.53982466549772146
0.99896903258344993
0.033024258646344305
0.031149161788807354
-0.63624584639362425
0.7677572482621261
-0.075762990224969157
-0.33961114940218839
0.65071094710758814
0.67914617757598406
0.77800947791397401
0.30638169854327379
0.54848109089900643
-0.5867205607450654
0.010995126775197341
0.80971482065366274
0.071371056009266548
0.96096164401420048
-0.26731795880121301
-0.82262206891950485
0.56837975067021884
-0.015407490212656933
0.6993305978146539
0.6478979462029314
-0.30193536769683366
-0.60924443515925875
-0.46047597700390042
-0.64558740138712367
0.61525002315345279
0.449718766452473
0.64747234698490552
-0.71956550411120468
0.20594715813912565
0.6631826696677211
-0.27263166130106137
0.96154581067551737
0.033190830489541252
-0.0051652375625735342
-0.84690735862949351
-0.53171538083841119
0.89880604547325138
0.28312299478887615
-0.33464766911262611
0.41265330121140636
0.91052371095388795
0.025764797497538836
-0.88035583533915329
0.22708790643021545
-0.41641888278204103
0.21169892632509643
-0.75482504902153513
-0.62082421824735412
-0.43706965976370993
-0.16616156248225328
0.88394595291086164
0.42272577751820334
-0.20770131798363695
-0.88213552220137381
0.91061365180656517
-0.3774582388907014
-0.16824997782181705
0.29170718013201918
-0.80043678283209085
0.52364862049740768
-0.02661839033664444
-0.68480295944512459
-0.72824197079754005
0.7957337648192141
-0.069243558079577675
-0.60167524894341451
0.66378635341739789
-0.54467848816607345
0.5125553838815412
-0.80662520022420947
-0.13212551064701022
-0.57610644485157503
0.47069859072345088
0.030672933381439262
-0.88176074297324836
-0.44647415621110853
0.45911567464436587
0.76803230734873884
-0.93645082745843611
0.23719044102804468
0.25845800904079552
-0.19617069811952623
0.77113866568417244
-0.60569151842017055
0.2265788618102757
-0.88412773762877561
-0.40863206303003552
-0.7839243670545899
0.10835134290836194
-0.61132853133811382
0.97494371521620882
0.09628064748463605
-0.20053625378059534
-0.71782791256487921
0.35278280620745878
-0.6002227749653779
-0.31386536447590369
-0.91470877124846295
0.25455136374322396
-0.6180472054269931
-0.66386896772437953
0.42106489470917768
0.60423915536319417
-0.38935728196254954
0.69519490080747093
0.79352362297633838
-0.47478041474194754
-0.38066234060643572
0.29381404764596114
0.38772986631330458
-0.87369265544272712
0.56009228200645611
0.011861800959636081
0.82834529835980486
-0.28565935783076868
0.30604301852357801
0.90814998876655251
0.68421436225614762
-0.66530926983384475
0.29868759926647359
0.85314632373369537
0.48516269923975563
-0.19172507808337269
0.60479647859329444
0.23674528804810846
0.76037680663482166
0.62592153032094411
-0.56004698932130603
-0.54274267165280843
0.87900628534938285
0.47033098575547594
0.078337182452279094
-0.21257061170254202
-0.75890331659140997
0.61553187659695197
0.89327236936761401
-0.44410807822238502
0.069516105917900958
-0.46010519535214506
-0.76765161468915721
-0.4461100847045425
0.17970970699628752
-0.32998641395098371
-0.92672185029763843
-0.38828445674251405
0.3426190209125623
-0.85548079298198609
0.75019987738203631
0.62452418997967585
0.21718581930275196
-0.63189501376825363
0.59655316575253536
-0.49480603473022283
-0.91972693256433524
-0.011650769400211005
-0.39238581662463512
0.75918049554294631
-0.64700010962754628
0.070963605665930893
-0.33681092626339426
0.80361057088927546
0.4906816180626774
0.44101820102163014
-0.75948680045873473
-0.47820784842639197
-0.65834537059546505
-0.71165672911922229
-0.24520618449551723
-0.43719454977911626
-0.89922342282264955
0.016067404599202802
0.95423164859550258
0.29232991148970894
-0.063128311137937529
0.96456754842054626
-0.027001824667886178
0.26245065440684662
0.48707172884127153
0.64387101703394045
0.59007732068539465
0.95615392383050124
0.22948698217069974
0.18194889105933326
0.0097618840749706306
0.032131954667816806
-0.99943596248510691
0.65601068555297715
0.3691942234485584
-0.65828991015549432
0.70262691412714995
0.55433578011214957
0.44612471623035321
-0.015615963412169814
-0.66384310806408597
0.74770881335084172
-0.63439166472208353
-0.0056705327368006498
-0.7729909836405755
-0.42687693096423845
0.091022297209847502
-0.8997171929118587
-0.96846097570701273
-0.011600864674880987
0.24889507522531698
0.20476250854335326
0.4221219228275539
0.88311120328269066
-0.78020154656154461
-0.36712494858302153
-0.50646304788295038
0.97438957002029236
-0.21674240792363128
0.059897365911499398
-0.63302739788770279
-0.24317571942207308
0.73494345565293739
-0.75907295796308227
-0.043187198790878699
0.64957148209398308
-0.036565674436925433
0.99918194326329202
-0.017274134119092684
0.047914603732339314
-0.8168795597046592
0.57481473161871466
-0.52705863656573149
0.48658926236076094
-0.69673530366752823
0.57754316809029937
-0.38652718506378064
-0.71905536935544123
-0.23823755152461085
-0.87970242084022865
-0.41154163800446658
0.66907999885722669
0.10987682620304989
-0.73502315486844239
-0.0022136694272798228
-0.9510873620564021
-0.3089141133134925
0.49778682870031626
0.26987885297893965
-0.82424127407407477
0.97349502284967659
-0.14378945668567017
-0.17785396434419809
-0.79838522538064982
0.45324240043259989
-0.39642446738815662
0.56246489619803031
-0.81316989743700674
0.14962606205881074
0.22476258405977009
0.624064631864926
-0.74834825854148224
0.2242123488906248
-0.95949456357466834
-0.17058430489234783
0.39155617888617295
0.21954700007137598
0.89357868905638005
0.36215586317952403
-0.89244531245991732
0.2690436675207471
-0.74017110579776968
-0.64616815976218656
0.18604688508990458
0.46210348084525693
-0.61779242960846814
0.6362333588465503
0.63041544549929496
-0.14448331918551677
-0.76269321260455802
-0.03133938745609742
0.36508770727081735
0.93044548942622884
-0.54093437878584139
0.63775452844425551
0.54832395469869921
-0.43589204997231434
-0.62517431634348009
-0.64742196051369427
-0.16226186946555876
0.42552979493215543
-0.89027831566456761
-0.036661838887368556
-0.97723334122962402
0.20897585113735476
0.23089980941754315
-0.6572689684676285
0.71741395379546513
0.49873658806515875
0.77534259552348872
-0.38743473681643947
-0.30671287890120519
0.58049030236784593
-0.75429319151973084
-0.077684480822956939
-0.47249144759746464
0.87790486579499039
0.35910224893931358
0.90253148194671184
-0.23766046979209507
-0.97843713432391166
-0.19373533074489507
0.071605836334601158
0.046301541837627858
0.26411445912867249
-0.96337932285399774
-0.10515410488751657
0.88155805354599293
0.4602151805987123
0.77049811665446943
0.45246724703973623
-0.44900561531922734
-0.81138576863298317
0.37325437938248873
0.44981585424666443
-0.43562650539294762
-0.4002012317322739
-0.806268269200208
-0.31215224307077322
0.90963503848069505
0.27408953630904892
-0.64821051109487182
0.4337264491972736
0.62586300463667754
-0.9070142527715177
-0.25254280454366729
-0.33696776869983303
-0.49661210078061241
0.86204310095364955
0.10128234523589487
0.16870261463195879
0.97163972037604029
0.16569756064562688
0.55855372244006263
0.74424645916372167
0.36621707656881908
0.33234567117791486
-0.014079021519094816
0.94305256269328186
-0.064128701285818171
0.89251156555296907
-0.4464421743356945
-0.85239931793650991
0.47727439814243994
0.21359904414379829
-0.060378549608421303
0.64619798582692622
-0.76077762444777974
-0.26519941744814457
-0.32810574474559062
0.90665091918009222
0.0083096235428041475
-0.99798491507377407
-0.062905162282350463
0.0032257014159637869
-0.26250268560212231
0.96492587015897158
0.75166884203738427
0.65820807052083907
-0.041905701418919354
0.79014802179677945
-0.59144573094851238
-0.16080438735748487
-0.9126727774637956
-0.28253598782222888
0.29529953752391541
-0.64242870092693494
-0.23886049395691869
-0.72816964277013607
-0.021750259072685588
-0.20954922386624286
-0.97755616156174197
0.89616445871102346
0.14671299701406831
0.41876551845911136
-0.46769290593023266
-0.4169129200894951
0.77938883928690217
0.42307279302291489
0.44574769890254973
0.78887159964526021
-0.52503750525972448
0.24338546873758829
0.81553610078158356
0.40649297125780115
-0.91363154948299452
-0.0063918782299777583
-0.20027037773128004
0.1869284426533307
-0.96174296624959565
-0.23929523609014014
-0.55735961939076428
-0.79503964973902175
0.36586732324774829
0.72404689049860793
-0.58471976376622026
-0.9964558166486186
0.077746514530376398
0.032113625542942781
0.1084671857417118
0.78348438662608899
0.61187178847403478
-0.18301408831209803
0.95893418827725341
-0.21668194671531008
0.2759615663559073
0.63579703364049012
0.72083794705075543
-0.4541789166020952
-0.63706467707544678
0.62279218760105171
0.25301673812513986
-0.24685276289959854
0.93543906465218185
-0.27295063779717116
-0.57253810631258351
0.77310934941062393
0.91064647003166166
0.014049689011098097
-0.41294746985248071
0.57652612513914192
0.80490348880012696
-0.1405275800312181
-0.23216271245185011
-0.95415007635946036
-0.18893942608739855
0.20145291144931873
0.97695414404479697
-0.070550158768716162
-0.63867677033010983
-0.76941455166982575
-0.0096556055957847074
0.13082696703579072
0.90969823600742106
0.39412361525440537
0.36927991624733825
-0.43506418238186123
-0.82118907729265456
-0.88617636229717234
-0.10004153622931124
0.45241921481589414
-0.42934381392518389
0.7041189684400142
-0.56557967407532184
0.086009318779836155
0.78349948694600047
-0.61541120483655698
0.22675595297629111
0.86926973000462238
-0.4392628760634173
0.86302814562921126
-0.093991555287892881
0.49633457202412168
-0.98304472784663299
-0.096576505656881625
-0.15587187561598689
-0.64012382482458674
-0.48045103326724964
0.59950670848988341
0.13661271591233909
-0.92102766589034191
0.36475334750436944
-0.80552070907081774
-0.58900339560881343
-0.064895201820587167
0.85682902905183478
0.40042788799645057
0.3248099775080685
-0.42439845236460738
0.89250801670160074
-0.15269379081646131
-0.7001970939894907
0.69624615030663894
0.15800420169051704
-0.11876712467065642
0.73699321249954286
0.66538362981596433
0.59850465248463947
0.79174821248603044
0.12217589361006033
0.22653094791768444
-0.084738387886699865
-0.97031084465437101
0.88937370796843984
-0.23519639286237398
-0.39204217165886124
0.39008919484982812
-0.44732138095174268
0.80481923573237157
-0.78940083356642265
-0.48786353489033663
0.37260635433248124
-0.36037756208316873
0.072697906826631492
0.92996936889879234
-0.89707438670395145
0.40006343227390717
-0.1876347379270436
-0.23405263873157681
-0.75291304617305788
-0.61509455143513725
0.63804578713950466
-0.69361329269370253
-0.33436233895600426
-0.92718980364511172
-0.35770650953800975
-0.11119856586607975
-0.65004493414526898
-0.60604830661235454
-0.45841796828262565
0.16071110781233883
-0.47047827650402935
0.86765323209420986
0.78895482656500648
-0.32736397435957376
0.51998375929569651
0.45516982827439739
0.5144242071861822
-0.72676554850207598
-0.077013268345668337
0.97065855045026661
0.22779581852287217
0.37883493854572281
0.88534156888740578
0.26954479356323197
-0.54478761884456506
-0.80624825861046567
0.23058663413402891
-0.39711506525990059
-0.80027982202137005
0.44927923545281845
0.91798495960788939
-0.26003180814464882
0.29947800033846622
0.48539910936657532
-0.21747036189946362
0.84681423365544095
-0.96788579753672155
0.15877946849390487
-0.19490039330770359
-0.46014567451041016
-0.8593827189257387
-0.22299618974584401
-0.5470260867181167
0.76903056673069436
-0.33068784054411599
-0.86858303950592863
0.13934469859689247
0.47554869199229582
0.75860859082109777
0.07541055022829829
0.64716787222999073
0.50272209547132463
-0.75325854369949941
0.42411326443372338
-0.030667248618367757
-0.46296217331884987
-0.88584736040588075
0.082764198391236637
-0.039094876484604101
0.99580202756236114
0.61797408281753419
-0.78020785532747516
-0.096869682827647768
-0.88597774984558908
-0.44757556534749632
0.12132411171080376
-0.21031629212360448
-0.97657873364280856
0.045398615221031779
0.44232728970821017
-0.85974339487933871
-0.25531914096036473
0.26854606660657648
0.1549202526366969
-0.95072747169371208
0.41801017559942877
-0.61532790663906978
-0.66831060174631007
-0.53487935756564531
0.7766876745107788
0.33265647312685981
-0.71086210389105542
0.58808678478875265
0.38578362174722997
0.19370828700937973
-0.97560203679792068
0.10333327314878078
-0.73883342796754858
0.62891896016374826
-0.24204567185610024
0.33063099598007645
0.80084338732766247
0.49933256800531056
0.044575902667132537
0.59632818310277569
0.80150214406372777
-0.1907641190728469
0.52463998824031877
0.82967580030609478
0.15468031988417474
0.1903549180809421
0.96945294047876673
0.82498078591392998
-0.47515023995350752
0.30600482405504481
-0.59386394040233137
0.23562869906772119
-0.769288461154507
0.074287702596829791
0.48313856372485386
-0.87238664907526531
-0.32135017532166443
0.86073957877727736
-0.39479291071022365
