-0.813242300602666
0.5727507073071747
0.10292515625256041
0.90915009774576827
0.024730622135016037
0.41573368410278599
0.96361023825257042
-0.099559429970850336
-0.24807907739006124
0.96581767981202415
-0.25905982337934869
-0.0091769969586504505
-0.21358612783469741
0.65515778117694745
0.72467182072982472
-0.052562247475343979
-0.73002164012478965
-0.681399746910617
-0.7660493668880819
0.5380898791573463
0.35160723746646816
-0.90232725848101758
0.35189210370675211
-0.24895273838816726
0.79138788900112034
0.46550433246707223
0.39624604174267275
0.41298895092655608
0.83737616134111736
-0.35810793181692802
0.86682635271588426
-0.19843808554529704
-0.45742146915333459
0.1540235234704605
0.85855754104426019
0.48903548228505644
-0.90401410543182958
0.17309940496563467
0.39089012929572958
0.19947429641338701
-0.76170646481342441
-0.61645216078120735
-0.077967821129186765
-0.97952917902286918
0.18558988741618163
0.18743085180859673
0.98208670050806524
-0.019374944528580924
-0.82892336623955154
-0.50710407308984529
-0.2360752252096332
0.11691639452473905
-0.59888529663444712
-0.79225435193907634
-0.98346883801319118
0.14672032504926869
-0.10612346995090494
-0.60385719559194784
0.31269056700154257
0.73319922029424034
0.51141226835560383
-0.36909024663037343
-0.77603471676060087
0.41937277887534669
-0.83237081085195597
0.36233314170805137
-0.33351894525387887
0.031101143092679397
0.94223024365335917
-0.21593187394762578
-0.81985800542239406
-0.53028886162004218
-0.72216712318330556
-0.68426139734162295
-0.10129652660006526
-0.77957310643946354
-0.2409470725342294
0.57810922839331103
-0.029846594108616446
0.78159783916482428
0.62306821346702712
0.78247626637981704
-0.4368350651648073
-0.44374093612688026
-0.64696708119226665
0.41437002654877403
-0.64010239567707261
-0.38863781596315794
0.28098979453624479
0.87749950619351658
0.42047120263529358
0.057515576840794828
-0.9054810468337261
-0.61781208203532811
0.50890348860539103
0.59943762859569927
0.80791201723445649
-0.54809006917542313
-0.21650738666251357
0.58624443209997412
-0.50756570427178282
0.63142261733237592
0.86635125940026625
-0.22341748871616082
0.44667675232917214
0.65480504969991482
-0.73126746199721016
-0.19099279020855944
0.28373038662869299
-0.43081440342107896
-0.85667731235773503
0.40798716989554046
0.74295198099402626
0.53063059008850921
-0.65254311840619939
0.70470946128277423
-0.27851760051970659
0.56388824799203041
0.55871575140159579
-0.60816671473554729
-0.20989835658774261
0.6611143986403103
-0.72032661467713766
-0.60451962328341957
-0.32755737377654376
-0.72612822004786848
0.18815332016866793
0.67080802666597605
-0.71736665622957829
-0.35589862788961946
-0.86961790903261815
-0.34220002769728591
0.0019803727144727858
-0.41191447262681097
-0.9112203604861383
0.52587314318078948
-0.85019360085233342
-0.025065481262083886
-0.55914391559087318
-0.54574380415896084
-0.62411680147213811
-0.32834786384585296
-0.65837528044692173
-0.6772958514595393
0.26178230113386769
-0.33071571128342214
0.90669572907528206
-0.0506031880590374
0.99370782922108225
0.099920305759069586
0.60849222424303806
-0.66519917716303156
0.43272077340634574
0.90076073030552528
0.060837467280032725
-0.43003361416801777
0.77772685349102
0.62769624894036247
-0.033739597287997233
-0.23533330856420767
0.83232248113101903
0.50185408365791717
0.39340804957167258
0.91253204870370197
0.11187209938513161
-0.60071775490131696
0.61730476790103395
-0.5080088606244697
0.55531833902914951
0.77609070350842702
0.2988390240007176
0.91136022257395466
-0.33573641440180085
-0.23812518714863862
0.82097002604640101
0.23297162932154147
0.52127961428070246
-0.034360928536864239
0.33914356047418742
-0.94010689391099334
0.60247737793933909
0.68457953487530643
-0.41033141422665631
0.62022149324939702
0.76239032969718457
-0.18462471258124238
0.96712610351278194
0.15675678728866738
-0.20023588475375551
-0.82406086450013594
-0.5012531114737323
0.26394887731754196
0.22669702804493255
-0.83655473953090287
0.49878314450668648
0.39441795837318849
-0.18420436460615253
-0.90027952668755562
-0.81380321773216091
0.56271996184466622
-0.1451570437502725
-0.26182565524977131
-0.22053950267811859
0.93957950914838284
0.17023071892486008
-0.94416063536170969
0.28210316724152146
0.43486726731365472
-0.73585606097717671
-0.51904365648980622
0.4955212579325034
0.35364230127311114
0.79334469537978747
-0.67503181503532872
-0.6355330155279687
-0.37473968946995262
0.28843109887029472
0.0646532975774603
0.9553153679894586
-0.89657491703753511
0.36845630049448119
0.24575063126075047
-0.97771267733449096
0.15467066413889186
0.14196797608705813
0.26118481510578945
0.51280107008653919
0.81781266490331095
-0.66682721961636904
0.74433477168395523
-0.036155315527550642
0.34162685168681994
0.87533295986983584
0.34217437597234546
-0.44830297744985054
-0.19630790388755184
-0.87205942875521647
0.14255353499474466
-0.12079683798186246
0.98238821938889609
-0.032379951149380581
0.98850904138969242
-0.14765301843983841
0.09437068335423833
-0.9704437252631134
-0.2221106711094834
-0.32904264142241652
-0.61439084031362468
0.71711563604796502
0.78145767181771264
0.21251106650875604
-0.5866540324318511
-0.94440739160881859
-0.29954696174914169
0.1355223095342091
0.41946591705661879
0.89925935637051402
-0.12401997584235527
-0.54973321576050305
0.095036494354336531
0.8299165357013043
-0.1649954891381395
0.21847940528626258
0.96179168120223779
-0.4464743527443758
-0.74223506105469195
0.49974770282876563
0.60586215136233446
0.79358923215942212
0.056099769582615547
-0.48776356033979068
-0.15564973997700132
0.85898769935881103
0.46544020048239143
-0.83486000753406753
-0.29389485806173593
0.38709021220274314
0.51919792344314741
-0.76196763967320735
-0.41356881169788279
0.68902104411826492
0.59515614653045212
0.97795948183504999
0.077447135218023128
0.19389995651222194
0.19614898210312087
0.22110192528859332
-0.95532168166203935
-0.039719918441073192
0.097271796438494165
-0.99446494442824018
0.044965958629499161
0.38525494212172384
0.92171399692926304
0.36853401730332158
-0.51309229106721144
0.77518964062845619
-0.24288668249818071
0.44822940806968947
-0.86028858948990106
-0.92833521734503099
0.37174049228401596
-0.0016524628260775993
0.41699731541751411
-0.69241767450953617
0.58878774015887259
0.41757386900889648
0.29337173867911903
-0.85997970142633684
-0.70615208897155157
-0.69277304695151576
0.14633773491012836
0.063757736161510106
0.14599703587664878
0.9872283507855677
-0.41857139742367394
0.49720261750834965
0.75999180416741241
0.71644532198317512
-0.27986803735445626
0.63904615034893164
-0.54226783850093796
-0.83999660583375024
0.018742825702109462
0.74296105454479711
0.44826701266494562
-0.49705689491860849
0.62319076266715223
0.11596816979841307
-0.77342398263820333
0.99955363362286209
-0.018815660585371895
-0.023205698181031981
-0.79646215161263112
0.057425512152390251
-0.60195543988123723
-0.26723578460182024
-0.045397917008365533
-0.96256120042288795
-0.46084132691462354
0.30963546072147058
-0.83171578851875339
0.60898819458119813
0.34712141370020932
-0.71319008897453195
0.373811658077293
-0.59822673281961503
-0.70879448391298427
0.87907721798798588
0.3124225150452431
-0.36002141173450786
-0.39721507121485916
-0.44694751012944739
-0.80153484664664576
-0.26720702936733937
0.9633814581837945
-0.022283839084581907
-0.6860968710924652
-0.072386493723252163
0.72390004766098925
-0.013600198822820549
-0.29420150426919012
0.95564664467454996
-0.098930620453593895
-0.041751090989313962
0.99421807403500218
-0.88405675687274898
-0.30558263564847432
-0.35364233827098374
-0.4701869964079754
0.87610682610094759
0.10658807469961458
-0.75611571437908232
0.14747705694866972
0.63760453585492083
0.77647320210479165
-0.038117814585666585
-0.62899634229806456
-0.42988652261346422
0.83173539754323
0.35130301186996465
0.89046614824010573
-0.38578260295735844
0.24133342514843498
0.097037637530091383
-0.49944175769988952
0.8608958285229541
0.21473526660962994
0.7038700927346081
0.67709353698574415
-0.40723959561957573
-0.40169699573395079
0.82024108369303395
0.36043592920477246
-0.92297190781669713
0.13493998043388905
-0.051601663426187321
-0.15086494521760352
-0.98720668384900034
0.023631624286729797
-0.87817889004085081
-0.47774824271805549
-0.47962185256985146
-0.72817564174172
-0.48961527070905186
-0.2802115123069715
-0.89054536957187069
0.35834404293184552
-0.10915309779013692
-0.99249021606812859
-0.055215688457687859
0.31571167406901729
-0.94042869540821805
-0.12617451291499188
0.18875242740723736
0.44832322882999814
-0.8737155164235787
0.020545003722989546
-0.79274503641038829
0.60920703383063002
0.76523518699855975
-0.5927352847632682
0.251157302851991
0.68121542687173353
0.17575424623121538
0.71067291148858314
0.19074924625801606
0.84463683634324793
-0.50020329841382272
0.52026614478750399
-0.32376733884348119
0.79025176297567234
-0.22052547732323316
-0.78635942092703914
0.57706791192254991
0.62242870565185526
-0.084942390775512994
0.77805353069688987
-0.25991312938119904
0.20653120694750737
-0.94328682050163204
0.50002977210540955
0.11696735369655954
0.85807276216964012
-0.47246951794410436
0.063829884914631929
-0.87903259348300078
0.28293988128822078
0.29782159946920933
0.91172765586342153
0.78952694003096879
-0.030747246448179652
0.61294519967219752
-0.78490453967034624
0.35166622153164989
0.51015265581836822
-0.99637503053778775
-0.078325781065825328
0.033194435395876611
-0.55569661437630369
-0.79919915397423191
-0.22908946954756731
-0.89588375334259251
-0.082974817589635513
-0.43647162581633592
-0.014915787694672259
0.57074370516285533
-0.82099277846667029
0.14879469128139897
0.96213808208093343
0.22836473207589755
-0.23053645553418145
-0.31094564159712018
-0.92204433225387372
-0.64372049735521575
-0.071820850337026412
-0.76188298756542683
-0.73470859280223688
-0.46213186055209238
0.49662604354304507
-0.013708772178346935
0.92198076286575137
-0.38699294886451024
-0.050966849276267177
0.92625037094089346
0.37344695822393281
0.91211639692162372
0.28323456993656942
0.29634752716964152
0.89826479086518018
0.41894073558303446
-0.1326990036175103
-0.54744566808368955
-0.5545351357534728
0.62673281684564763
0.19889988579786852
-0.67063043416521317
0.71462833431160055
-0.25054068335109453
0.93936237669992539
0.23415313627332454
-0.80912135300941179
0.28664192980368919
-0.51299029248382055
0.16702033865856791
-0.24703331498844502
-0.95450445140931484
0.71355488399824152
-0.29275789106918065
-0.63649999586722872
-0.85834817034799316
-0.51266670912242152
0.02027964047607371
-0.88772875568076137
-0.27810791150081693
0.36687006677860867
0.73740588732159484
0.63736915362921864
0.22359141160926718
0.96224240583805665
-0.16074631684392657
0.21965922249725897
-0.59234260383346715
0.67891718300705206
0.43382219664461269
0.62175260059893045
0.61974289296603469
0.47889711866595869
-0.01147567511456698
0.77834804660670542
-0.62772814754811712
-0.34481070636875627
-0.93199222021044859
-0.11178585885825626
0.59101685088839151
-0.78069583716512203
0.20301007807253854
-0.39603370480630212
0.71170398271281876
-0.58020233164656143
-0.17552996924878067
-0.45361819665056136
0.87373895504493493
-0.31751803682281954
-0.94008316919609392
0.12420117264507173
0.20330517955398841
0.9434783993955862
-0.26175468255689988
0.87765277982991885
-0.47913501445088558
0.012459373337601993
-0.94459469982507605
-0.30957474905207555
-0.10910695583563404
-0.44929616555746671
0.81350290407886083
-0.36925056624278463
-0.44428608489093618
0.52503410145667162
-0.72591257536969922
-0.86230920732616445
-0.031453870908080293
0.50540427873675531
-0.92463350763552388
0.13892357582049716
-0.35461685893210759
-0.6103963085303592
-0.33263779792951659
0.71886608065836077
0.7628046328981285
-0.45412747932478403
0.46032306541305251
-0.13290478532757816
-0.94524089052604177
-0.29808719683100443
0.40978076662560048
-0.13782717807272102
0.90171136861428425
-0.74321881861474759
-0.44047312133029992
-0.50359628378537691
0.60236035585109471
-0.12577470269161914
-0.78825295804188233
-0.7724298356915712
0.49821189968545726
-0.39387441138680251
-0.03779541769658934
-0.91069959484908625
0.41133654632533012
-0.95943317411972617
-0.059213433633522418
0.27564787986827588
-0.50487734556855257
-0.82271765710321798
0.26121738575800107
-0.08058505904447516
-0.64193434856967035
0.76251317390929807
0.38494063222720981
0.72052122018628717
-0.5767754163639256
-0.16242885297163256
-0.55234668238793305
-0.81763684492405531
0.77570594353802969
0.56537190274106819
-0.28041915189715427
0.87714909354927639
0.46276238744550269
0.12829824804501896
-0.77299944438614077
-0.21387412495621272
-0.597268547349458
0.66817974079709297
0.41426525486929711
0.61799687102476997
0.018593584573871957
0.598561788374119
0.80086082693004201
-0.64781077065549919
0.73378667731828073
0.20469078536398608
0.73620512321154929
-0.67624738458209732
0.026296224119452077
-0.2111575029715414
0.84089199691394911
-0.49831030339026156
0.64207941264202451
-0.64590124739746346
-0.4129716775659969
0.12943391483293362
-0.99095757577707078
0.035354557005456054
0.18954214523753246
-0.012186914426332634
-0.98179695166338721
-0.19158211415276438
0.45254189076858231
0.87092027800273064
0.252583609791936
-0.88354970713322512
-0.39438741750880824
-0.65052764162329491
0.18961244683874237
-0.73543246290047548
0.4637348110520299
0.56537281638149695
0.68213166142277259
-0.97459518970515668
-0.08411393237745271
-0.20757905140830274
0.59441457519500285
-0.52343499716351105
-0.61048105338346048
-0.24952633535171473
0.93115775862363992
-0.26586055841538969
-0.64745805645557286
-0.65722486024436744
0.38581543282707603
-0.47622211198820652
0.8684205457907489
-0.13805164143171131
0.96725468464059927
0.25228903661878804
0.027723943492558866
