-0.54612987827335147
-0.76811416840559721
0.33427949436319326
0.16225646209235706
-0.60131071478915177
0.78236709081417199
0.74620561352960602
0.64797335158260105
-0.15266865420155909
0.87941088163044656
0.44077880894509641
-0.1798625665748797
0.28759587670926662
0.92100323077314783
0.26275779837190738
0.38341850556887058
-0.30181485808554953
-0.87286771106859795
0.53778221786322755
0.78833427878007722
0.29886343210637784
-0.96784589495491347
-0.020231913267961699
0.25072892394863516
0.91269275685002271
0.047227451873962704
-0.40590824010236348
0.70061540346261686
0.24614752066890172
0.66973834778924468
-0.47479290693966697
-0.57342627935466761
-0.66764810916023964
0.64266283651728895
0.018253959299607516
-0.76593163632888328
0.44519709488446474
-0.89538045132342747
-0.0096640619973265476
-0.44508906397148451
-0.704106491860645
0.55328995405002879
-0.023225411097488109
-0.99972735420539127
-0.0024078066452430168
-0.66416282817853423
-0.58823153587261279
0.46137988455375656
0.11508806225617525
0.73327811415750621
-0.67011785920368527
0.65326413130724148
-0.53824948704340503
-0.53247860468276698
0.86671462920496212
0.41616606149258117
0.27497556397588874
0.5771813400880792
0.72505192134746388
-0.37571453525845949
0.27374378253705384
-0.93251415577000762
-0.23554551749259883
0.79409434841304971
-0.086708223066715398
-0.60157780034760833
0.19763673489955913
0.97942345425767252
0.040858515247255929
0.39040218487539541
-0.56293399915909959
0.7284857216413102
0.30696391499573894
0.59357288159478194
-0.74393843100471402
-0.43882751447313012
0.075286169288952057
-0.89541186347687518
0.57418124477001664
0.45531514335072171
0.68044398622507196
-0.76452204688789316
-0.22050486683295759
-0.6057092070666632
0.086790343506819467
0.53229809353540869
-0.84209629846742429
-0.41594154803317979
-0.89182775716101648
0.17786478059726421
-0.23172068173346716
-0.19612877448436816
0.95280587187329879
0.92610737059419457
-0.33129782374312122
-0.18046298821137557
0.41838115813430954
-0.64938644379835986
-0.63502319101676385
0.097566345972655774
0.44005126079427137
0.8926565386568992
-0.73649802325063296
-0.58259834454373094
-0.34372929855165707
-0.69687930806132414
0.65335241449667747
-0.29578683619683249
0.48705943444593497
-0.1839904531366682
0.85376848177463749
0.20856724157017523
0.60780374966542927
0.76620774443779427
-0.25762328435915427
-0.96610626173558289
0.016399219228362502
0.14923126421331478
0.96228703523962833
-0.22745041567564145
-0.61983109405013381
0.38187640858726052
0.68555074459379728
0.16450957945509892
0.77876800522862399
0.60535691315102391
0.44239646675182903
-0.057311348429544634
-0.89498646668353887
0.69297687860120205
-0.1981707044407045
0.69318930864923889
-0.45155763701452989
-0.17176042616730722
-0.87555357143733881
0.087335417371644075
-0.88474539304086297
-0.45781886632760072
0.54741358663901318
-0.62216309099854883
0.5596887111262322
-0.88093198545411699
-0.18892777243093919
0.43389530281872218
0.90849023443429167
-0.011585673993228334
0.41774545610413089
0.0060412526605622893
-0.19055111380993595
0.98165868625102271
0.37459680972623466
0.85873817725752732
-0.34963691604770025
0.85793159544833142
0.31920520408252889
-0.402568522388564
-0.5313097255281094
0.73503996325437049
0.42121992827768595
-0.4481259599550817
-0.88770739882322092
-0.10563473902484834
0.21933549845243921
-0.12831550273526915
-0.96717478817244562
-0.018744486451343117
0.24818477786363932
0.96853134191127299
0.85266268661215605
0.22887343165089161
0.46966295909267208
-0.31554208226943414
-0.59768609422448449
0.73702410210776037
0.060945789848711504
-0.77549314378205225
0.62840750683513169
0.73157103470574281
0.61797574758708518
0.28794061292869388
0.0965089657069024
0.9051419771303143
0.41400968681277212
0.95061939626290404
0.19522968076036248
0.24126362178944211
-0.86747511374434616
-0.46073161887133923
-0.18765207807649964
-0.7289285839426074
0.15931884847544653
0.66579322918747308
0.21423061676472205
-0.97676945591050213
-0.0051645755787196107
-0.86155020312860275
-0.49907778075501158
0.093019440149443439
-0.14017346899875965
0.43902360892917752
-0.88747375701575226
-0.72610332342884598
-0.65251477385284362
0.2167912212460579
-0.68094931413542359
-0.47261605023516862
-0.55941228145135036
0.82878823527171375
-0.54884985770861627
-0.10896740232028274
-0.75764486690356625
-0.64900901388111842
-0.069004025648766704
0.053056754191174525
0.29519899835952806
-0.95396149408780062
0.74485597934200565
0.44697314554982331
0.49538326293462753
0.7450945408451578
0.55072968724982208
-0.37620597654005528
0.016907672927775719
0.98046671862010826
0.19595699598249822
-0.06387372530505292
-0.76801629968015306
-0.63723709138848772
-0.1090417715854294
0.6581603947685396
-0.74493945177284793
-0.97688301119946686
0.042764982692956421
-0.20945342843967335
-0.32910876723731025
0.53456732173231292
-0.7784119718140774
-0.99682230439335273
-0.07922139166722042
0.0083225336427638491
-0.034732121357302428
0.99749475768554619
-0.061627008169106545
-0.9424760115212869
0.2854594886130245
-0.17393058404926312
-0.83847120624465465
0.52456676625546905
-0.14763381739599379
-0.79159235595071775
0.60673714134294365
0.07246780882146811
-0.36587349754308168
0.044724658393850945
0.92958931186150473
-0.15633741700952061
-0.41950080353122482
0.89419108018333981
0.92706291181096279
-0.25534606811537447
0.27450454102363686
-0.047619553029766719
-0.89591904253473142
0.44165761330797337
0.30545304875001683
-0.74426058465782996
0.59394832867355118
0.52851282077235773
-0.44399285875122441
-0.72356377718702936
0.89063659719684107
-0.20940457511997945
-0.40362875969441614
-0.66027281264142079
0.74716889753134474
-0.076016126238989762
0.48542414433988446
0.43791941208975999
-0.75669676132969532
-0.60644651316185261
-0.00088755043126879419
0.79512378843049514
-0.29713470985030416
0.74092275356480486
-0.60228268898593051
-0.68948048935843598
0.52088347772339783
0.50328625793759763
0.28871538453699158
-0.52929703741820133
-0.79780202613929996
-0.39599078299498586
0.44659327001953464
0.80233767888357133
-0.48907448581749591
0.84497856908602498
-0.21637320792483922
-0.15843484778356584
0.9183021459788745
0.36279411199520895
0.36257339917037795
0.92399461079708634
-0.12155035759708387
0.33968834649187235
-0.91575898474368644
0.21446983265445607
-0.19348145956547044
0.21156291147368164
-0.95802195136290813
-0.51362785858112614
0.74229986710807805
-0.43032235612468056
-0.71125807141672548
0.63758671863719429
0.29596474800559541
0.57553416434543148
-0.7980584570354633
0.17850245047444477
0.66955483505164115
0.73860067000278939
0.07851989003048887
-0.15088505023734994
0.46912710731834084
0.87014565378101971
0.7431212467955729
-0.3227571118357857
-0.58617289200407019
-0.55131424669014006
-0.69030455849566652
-0.46854265325217309
-0.76850914145098115
-0.099063370927357258
0.63212352277603534
0.83527013969371933
0.5465826214762477
0.059759782765563318
-0.93581200669682296
0.21900659344938478
0.27621006525425745
0.71368091344639051
-0.44087919913252105
0.54432075613060382
-0.26559615235154521
0.26306319547401347
0.92750010190999765
0.20205346277155647
-0.88249352696744676
0.42471116425469629
0.70227248680551035
-0.65306119585838152
-0.28341564660410856
0.45385759805905523
-0.79651918795744303
0.39946271903605785
0.46097433689636425
0.88255192694379514
0.092761829276655994
-0.48986922105037434
0.60399272879795873
0.62866599226194408
0.98090951062891085
-0.19415973893561075
0.010887044328296401
0.76954091555937731
-0.62526953692725518
0.12978746268731536
0.70227902089213634
0.42176727170662298
-0.57351246310078896
-0.097107843806288369
-0.44533122825252208
-0.89008435769560268
-0.62191558684687398
-0.27230371377685159
0.73421501639522657
0.66939567757728469
-0.6513761963634751
0.35723728480087202
-0.12747113909334154
0.031059345081517069
0.99135585224547562
-0.39746258828868763
-0.84777878498823933
-0.35113334024942972
0.14274707568307096
-0.37541273940239095
-0.91579940351494227
-0.38648472961079422
0.88009463996574711
0.27579517486938282
-0.073065863084670418
0.94434457906746094
-0.32074085433195448
-0.32153479703754501
-0.75272099849469565
-0.5744793057362233
-0.81326329354940974
0.30745179571897069
0.49404069536258566
0.25240665304967613
0.2479338107433372
0.93531797105933312
0.084653268751493732
-0.40769438033192973
0.90918596356050896
-0.2300222765312217
-0.024344290019218322
-0.9728808292092378
0.50366475858135085
0.24094707221401188
0.82961817684684636
-0.49535229319761243
0.60504557538516013
-0.62333454687728262
-0.78935426840876355
0.047437886602274708
-0.61210251254146586
0.99636381393458862
0.084501224291122348
-0.01089464891687254
0.18897157372038695
-0.73927910170680478
-0.64634058676925144
-0.9504160758430189
-0.3101341008403149
-0.022937355451889074
-0.84234276544703612
-0.34771441384434654
-0.41176856594927436
-0.68595404325158271
0.52451126749340782
-0.50433617837635303
-0.084226278648475955
0.81108163366312491
0.57883721158835799
0.90487854624670849
-0.41756909684120924
0.082649052660392616
0.94484601783285316
0.32616300590492459
0.029727027508040432
0.24121431906291763
0.11950725752634826
-0.96308549344154504
-0.83004175320428741
-0.44422798924291212
0.33718271235452141
0.60563839578108569
-0.21843773738563188
-0.76517128046049843
0.049718817596390671
-0.60487548092360011
-0.79476643849263062
-0.15754959959617251
-0.95894924463161324
0.23578479570901903
0.24744666651889363
-0.17150536749191239
0.95360162339949461
0.38360979869841816
0.037884707733843462
0.92271787197522104
0.79666433759482491
0.16184488080076551
-0.58235055401638025
-0.39474610345131744
0.31290524426614164
-0.86386678482318546
0.35055693385779557
0.75014620574983104
-0.56070536480700217
-0.94119769085370397
-0.26314914849813836
0.21189486160914869
-0.36807593259354826
-0.42897761654155336
-0.82492321603390306
-0.60653067593227317
-0.79302939995115385
0.056788290749527688
0.57018943772681507
0.8085976974649276
-0.14509916870608117
-0.62093827458117734
0.16926484400674421
-0.76536597242333881
0.32103400042406255
-0.83237545007186142
-0.45176130942057136
0.95609821917471249
0.20128747455335178
-0.21297781076646763
0.55936504936344134
-0.39328713893606176
0.72968210057402505
-0.15570939939487835
-0.88491228857302029
-0.43895879587103159
-0.32042149733497749
0.79261781701319822
0.51873602169007238
-0.3944745181725311
-0.39430778475108103
0.83000676225994963
-0.20885692021448465
-0.95358380929929731
-0.21692557599499851
-0.43661893777224275
0.89949378098147492
0.01657833388157209
-0.01279305474305502
-0.19430075342599579
-0.98085858051425101
0.8159818693678339
-0.4476177056361324
-0.36580319635566311
-0.83794285930831414
0.40844405867694666
-0.36197405358079143
0.27776134206550318
0.37192986251808013
-0.88572953785072139
-0.6392106925616422
-0.07707048877226208
-0.76516000305509324
0.12693887296474962
0.041777797496308798
0.99103034169837423
-0.57221341893054323
0.39844252590131546
-0.7168091494597415
-0.98707254345031703
0.15540314939270536
0.039212945889723891
0.1471944212841251
0.87529885068686586
-0.4606362169099204
-0.26451089926989069
0.6485412794425085
0.71374238561718317
0.50111872023322546
-0.83377346843239908
-0.23173655639544963
-0.081368046565845106
0.8340679893979529
-0.54562792272730598
-0.89558645581879082
-0.083687142583737287
-0.43694549124588317
0.035044703574818453
-0.97071000563159104
-0.23768456769018428
-0.45614816435781319
-0.16916030147948785
0.87367822712733667
-0.89734511669280659
0.16825338527633452
-0.40799821064635428
-0.87806434412189016
0.064626443604620706
0.47415865527143281
-0.075713069688714302
-0.61835526267270513
0.78224312090505577
0.9759838607542487
-0.073482353835534059
-0.20507522332554104
-0.5093439084185355
0.22324966361216766
0.83110069826344413
-0.55210609662152643
-0.50348130403411151
0.66459418787817615
-0.59206836710942445
0.79016207957865725
0.15842643928432962
0.0093894811043432024
0.050715504261826333
-0.998669001858003
-0.74958107285356335
-0.36327503425701213
0.55331678512879723
0.36215047396496686
0.80770263064196623
0.4652563751965117
-0.84917202431836947
0.44281720553554166
0.28778428657023025
-0.23876194228679301
-0.26009102663280742
-0.93559894868502835
-0.31008370366282989
-0.85913598122199175
0.40710374905233643
0.60909750063835932
0.02489069115344136
0.79270466644899218
-0.60982081083539685
-0.75942854557626327
-0.22668670635037394
-0.58450114448110757
-0.33647440823708685
-0.73833825899907002
0.83432192275209482
-0.23397996271197916
0.4991595999923753
0.98061079204092017
-0.03757880048603722
0.19232864655820189
0.4509528023753534
0.19032521348360412
-0.87201942819081513
0.36739876843937075
0.4367756269866564
0.82112434906026688
0.32462153998393578
-0.37952531968898334
0.86636100298514884
0.53360208208649307
-0.72277477337937401
-0.43916448508429506
-0.026918766785404426
0.65160966104068241
0.75807666474651481
-0.21723544832735281
0.96986690657828967
0.11030386899049865
-0.91943203427144471
0.389014600861881
0.057553233373497055
0.82307582510738142
-0.46419020480127648
0.32722108717249926
-0.19323512466819148
-0.77075048050798367
0.60712756764223852
-0.9499422099409055
-0.20302794650138131
-0.23746463044424301
-0.75915166396075573
0.29316836949465019
-0.58115493479231872
0.63380412365401073
0.25434870208938881
-0.73047865854151739
-0.22036963836384099
-0.61686204486031637
-0.75559145051948473
0.54286643669574963
0.60484618175102811
-0.58262949490260274
0.41054253510063576
0.6440775027947282
0.64546029875341704
-0.26154128807602495
0.95323139712635541
-0.15147956351953981
-0.29883505012044231
0.87094717016996748
-0.39006235346728635
0.66082947171259421
-0.7485430550206984
-0.054659894770604123
0.090694838225979693
-0.97075286828935914
0.22229105926047799
0.78549421360543026
0.018373551349965635
0.61859619543218736
0.59021451793753787
0.64129510079783503
0.49029319443416142
