0.80568433792917848
0.34964068947578436
-0.47814656317756749
-0.46149627775429064
0.73981064775421779
0.48959308725554856
-0.84436832699000219
-0.52269832339534494
0.11759503006420077
0.93687197761612973
-0.34175858707168649
0.073972736331749514
0.64000159446618488
0.41693789258535568
-0.64541517863095188
-0.86266692273132506
0.50441787470167987
0.036991730247533133
-0.6034099104816868
-0.68957295739854363
0.40048173036620399
-0.25640488101329811
0.738508185193406
0.62358816328960109
-0.57987427712653739
-0.8143832504004237
-0.022929112373066329
-0.8058568525740355
0.52242539487045336
0.27868699279643527
0.16691789091355783
-0.98276944969702273
0.079389082594402638
0.099067695208679557
-0.69690652247889329
-0.71028648494281232
0.51598304344605272
-0.65673982843907186
-0.54995844990141518
-0.31124979539908626
0.94293499360370137
0.11830960528044424
-0.92125161015151902
-0.31789446523705295
0.22413964344774356
-0.6854346790770125
-0.029768058182988905
0.72752536961305159
-0.4848136648145453
0.84169162962492927
0.23772023689290814
0.51575712030383825
0.78225308697172724
0.34939190142173543
-0.3433851291740232
-0.49871838903712085
-0.79584333979644428
-0.95819829243214327
0.28458466140351663
-0.029455099286382139
-0.13460697503842112
-0.78970220910476141
-0.59854104554831111
-0.34799114443838308
-0.26133898088299545
-0.90033554881694078
-0.93222942202113868
0.22985247321935981
-0.27949265692156772
-0.12726403009286016
-0.61510167996160448
-0.7781091118557445
0.76811242150500691
0.16106270791446275
-0.61972744981078176
-0.64174262997002951
0.69489847996489185
0.32447264818722787
0.32594777082178544
0.92335823502366932
0.20289805447633844
0.3218053342381102
-0.40299610915322959
-0.85675869582004038
-0.76686893265129596
-0.6376678083964461
-0.07274480235133958
-0.68889919499829577
-0.7041314397645887
0.17209536503272754
0.86220625489453917
-0.41091315446416304
0.29622753671636221
-0.84529745280521851
0.1466268635263327
-0.51378281323282859
-0.72098720320256915
0.59267858262072082
-0.35903976175464275
-0.90694782943522878
0.14112277819240221
0.39690048646730741
-0.76968807488104185
0.17447076750838492
0.61411743068484115
0.95240189280116472
0.30408618075555277
0.021499517721572572
-0.5078593430409899
-0.43777096081516825
0.74191338682688457
0.82870419673959972
0.2430896573451235
0.50413963621005364
0.57328508380100207
-0.43347598444909913
0.69530049877528677
0.10639868730072793
0.9092282003142208
-0.40247161278038596
-0.45270363682454573
0.57904498000297633
0.67806071139624557
-0.15902803455350067
0.3497283810874306
0.92325518882268698
-0.70811783486706381
0.051054511573987583
-0.70424609959241058
0.085771927790151872
-0.28588551147260621
-0.954417440501381
0.991375931262656
-0.12509468869547288
-0.039052295365115522
-0.64268220811564059
-0.72348704062715674
-0.25204380852574676
0.50033172441874163
0.050566216050621428
0.86435595869669946
0.93152563791965493
-0.30237067878638252
-0.20206919237885385
0.3263517442555367
-0.60609487840855625
-0.72535752383792507
-0.73323849756809834
-0.38053845197146552
-0.5635173397999732
0.68347980495756655
-0.042054115793604067
-0.72875702916677576
-0.96290700696692932
-0.19323381810704182
-0.18833689886414914
0.6941416744261576
-0.63696993140950864
0.33531573524816294
0.45710322863727382
0.51123093502994199
0.7278046231220241
0.308377029839636
-0.17943437174095
-0.93418783641471947
-0.070733678516102863
0.37207833447325545
-0.92550227430254794
-0.38475248874425355
-0.81444919778115854
0.43432479394887219
0.36014040588416929
-0.37586621206613818
0.85382871741154187
0.38399657087297973
-0.58454657909531071
0.71473906457235292
-0.94469707351959187
-0.091725957796333704
0.31485518568043935
-0.54043823729314699
0.84137864657450612
-0.002912861124151908
0.59147708763178219
0.2186184503627974
-0.77611908104851668
-0.87348640525978316
-0.29882005092929892
-0.38435410364526224
0.87433380358296464
-0.21265573610366226
0.4362544415984268
0.71771652371569161
-0.68799972348000338
-0.10742146934808733
-0.30765210191199793
0.26483519511053616
-0.91389961353525806
0.67601105817154106
-0.047670245464335521
0.73534794276394322
-0.11685819732143823
0.12048096048327146
-0.98581362329793976
0.82870861600154888
-0.0012437711620465999
0.55967891044606455
-0.28211511537112832
-0.080984140658463766
0.95595639578431868
-0.55381093683852323
-0.55308191572860577
-0.62240970488257397
0.43750422098579284
0.46139182746649265
-0.77182098842072488
0.70968871958874247
-0.27455419516542612
-0.64881577909723831
-0.42388724336484579
0.59352372517744045
-0.68414120805872103
0.65731831451446421
0.58886340973201023
-0.47028982349467713
-0.30015599572835328
-0.31600359549472889
0.90002672508249693
0.15016846612437881
-0.27478689158886738
0.94970605767931138
-0.84051729797506836
-0.10864156324851883
-0.53078025824215436
-0.15619392764125373
0.69097525905284085
-0.70580213115635904
0.69340805875142586
-0.49057521355314837
-0.52775110033600314
-0.25406885211084257
-0.93850785062188391
0.23377774211453586
0.92272512628645253
0.31069614757622149
-0.22813646179632274
-0.80923039079445269
0.36176685224851779
0.46289406912257652
-0.25194211617664958
0.49767317460064281
-0.82996781948419518
-0.71034458145760582
-0.56563792962705584
-0.41888460005237327
-0.52343398911128813
0.15077545748409155
-0.83862006919910204
0.029820332827970277
0.49605682662006328
0.86777783591980573
-0.11105160824129696
0.86225757743936704
-0.49414513096398655
-0.63318075105227778
0.38943906804952394
0.66889412373976764
-0.41036569560787295
0.38905580815455326
0.8247639504788471
-0.98428512346077746
0.093812071483641998
0.14960645366343681
0.99042227005408234
0.079428574464661547
0.1129372770144125
0.93408374870572863
0.049447403519784952
0.35361349619182364
-0.70312739424021375
-0.26330839261792993
0.66051537290658813
-0.28528870334820705
0.87694140121697051
0.38676108203064469
0.46877072862746738
0.64043172810730153
-0.60835943784539825
0.10014403659816366
0.93157358211316588
0.34948795836576418
-0.034259779769593657
0.68964002584918238
0.72334148383517849
0.49277582345089477
0.29232144776928526
0.81958535796850429
0.29492930801147343
0.79854299352906588
-0.52473401906252637
-0.44006911654323372
-0.86856154341947633
-0.22790352774284706
-0.92192974988885579
0.3190911622019762
0.21960502379149652
0.78554843198188717
0.46456612841624506
0.40876885074469532
0.083885533757373426
-0.8470649872742656
-0.52482770940594259
-0.29141898340812578
-0.53468050387473198
0.79321607074342426
-0.63338878897486184
0.50659970427987433
-0.58495758959475153
0.84808606307203094
-0.29696949396715405
-0.43881562104815264
0.5063079385162238
0.77128896111965639
-0.38570145170897763
0.53239188461210485
-0.21843701071848143
0.8178289268224409
0.33444401590631367
-0.11565097144313405
0.93529249597584008
-0.48926951278527869
0.38431923648869271
-0.78288828597929883
0.80696136529483631
0.50780889200638901
-0.30156837387355018
0.071846976260445547
0.77083082926760527
-0.63297539024265947
-0.29344002790447976
-0.85720795119470383
-0.42318728529103561
-0.65419237114952122
0.55656554195660191
0.51212023884662183
0.27950317918574485
-0.91356693928310018
0.29542075125821793
-0.98792034117504746
-0.14205992925038907
0.061906187040976314
-0.10095340011451805
-0.9937539936891735
0.047554295622332515
-0.031881243185988631
-0.78117820716701303
0.62349354044789196
0.28075922912072043
0.055711023908726731
-0.95815997467989666
0.9063532861637591
0.13351385356561485
-0.40087126557813357
0.94780932440090071
-0.087800359830930347
-0.30651032836148823
0.11185590278327329
0.22463930583093236
-0.96800074343377218
0.80199335587968623
-0.58297519579053936
0.13017902372433554
-0.11800179820323446
0.95692108350311411
-0.26528779762369292
-0.57695797060413823
0.20221958258488032
0.79134489356762217
-0.5059591673994176
-0.73420356265049591
-0.45271453424405034
-0.225257690668097
0.55509533621354967
0.80070477737355994
0.86176547803399861
-0.49999213887579635
-0.085837765180834219
-0.99367732841060818
0.050805485603822739
-0.10012077524328354
-0.34372135362448741
0.87283516850286913
-0.34643094504838645
0.18170303494216475
-0.70274994398454449
0.68784193193096765
0.25144899741871457
0.63544625338686311
-0.73005579290470801
0.70174278358204356
0.6614387764007803
0.26468058252158161
0.12223721679972055
-0.0042776936379374155
0.99249169475930521
0.3511324692225975
-0.77744206474271338
0.52181397549915065
0.85239948526590126
0.51840283943851284
-0.06836383240072065
-0.80957506008539959
0.37859925570278857
-0.44860988137692226
-0.92744713948439628
-0.37163737146567477
-0.041562815018895645
0.39568953908027482
0.69907435843114629
0.59558780213040052
-0.072589374130997392
-0.40215316183767175
0.91269031833762404
0.52219125219354223
0.8423800738045355
-0.13308684153441272
0.013254353902282884
-0.96351599585260661
0.26732236688835626
-0.47880311314010526
-0.63638311002916303
0.6047843550530666
0.7150598373656899
0.69868592153066189
0.02296545321570919
-0.52526693432902605
-0.097537894618405938
-0.84532893409251963
0.32286081294168067
0.90226461372068167
-0.28579619013224411
0.85161646547068182
0.49614322626646862
0.16908960573944951
-0.26192034639923839
-0.72570842705982219
0.63619573327432932
-0.83937607509602752
-0.29557101933880325
0.45616398047567142
0.8403854976170797
-0.071676492549038268
-0.53722871834141639
0.21920075037631837
0.61507083293180698
0.75738953089611172
-0.32256860739564602
0.76604591599513938
-0.55598844242484158
-0.3402109377880454
0.93261649456678131
-0.12034530265593055
-0.10422497104613127
0.097307880103813887
0.98978196178761246
0.10873869721275617
0.98110015773730053
-0.16005741537434781
0.29879280182405649
0.15904457501514513
0.94097167052806752
0.30540850512826295
0.8483769472393663
0.43241438503839497
-0.84028957153272732
-0.061780119775164795
0.53860621308513701
0.20456207847977936
-0.92121160160217241
-0.33094341075415423
0.4217174618418485
-0.90106336549011357
0.10118890131481288
-0.21256715657459102
-0.96092524439565408
-0.17730729998774963
0.43574315675518549
-0.83240810834374579
-0.34238084424309218
-0.78207222825515177
-0.51677899812979844
0.34828507990435559
0.53685925292180925
0.83642491755567216
0.11034264744070515
-0.075708122021295232
0.85886819318220164
0.50657053506885807
0.49682426264748986
0.0081597618971433524
-0.86781280834668495
-0.70896869674243879
0.69830416150254515
0.098664507638538027
0.63554480754199272
-0.69330744444670289
-0.33971691903876866
-0.55642495617525567
0.79607308939982635
-0.23803130987074134
-0.48683186435645426
0.0021265014561952116
0.87349311035564314
0.92023570162173951
0.28166310081424739
0.27172072261873587
-0.36121271284094775
-0.93240366041812761
0.012197955605759916
-0.67423888533433085
-0.48363897621224872
0.55811760964109236
0.50278701506894841
-0.79898192717000782
0.32989861705341772
0.53326675951647351
-0.83748726617857661
-0.11933835168768461
0.27049994210247297
0.40199510722342408
0.87477409374705795
0.32356782719169314
0.94546213740762031
-0.037486103225869982
-0.10761752321619732
0.99397180275134955
-0.020940965403806803
0.66067672322787829
0.41104773222570989
0.62812899090630636
-0.33133632165945437
0.18093289974724094
0.92600190482430311
-0.33090408066400551
0.0092586391432201102
-0.94361897342154211
0.1571047500530923
-0.50885010965728461
0.84639805258077283
0.52996961059501446
-0.45776094553667157
-0.71385371651840646
0.6846066216838782
0.69459130780476208
-0.22103549187552982
0.55354379997586411
-0.636380306752797
0.53722375848941806
0.79917287588402008
-0.51183249417580601
-0.3151986871118565
-0.53605500712338372
0.70609964464477759
-0.46267517890034698
-0.86683407249350897
0.4543338404529223
-0.20537636714972041
0.96364585673108705
-0.15361757524244676
0.2186053599105939
0.60636371021691882
0.61268481087915649
0.5068928619047075
-0.73497579390008005
0.66521661012123268
-0.13151974756576643
0.73364408636842193
-0.25483150294504431
0.62994226691293953
0.37881521832338311
0.26056067564964169
-0.88803556498127356
-0.51616446780087422
-0.2224387499027661
0.82710050460723028
-0.48910249583995663
-0.84518136593250193
0.21551614149198997
0.98520283387791496
0.096272763847293163
-0.14179891064507227
0.12698129519231838
-0.87268220054356849
0.47148862926449925
0.68576510500125398
0.18777363735490804
0.70318367577548768
-0.10600193716657785
0.96449578909383604
0.24189142634081032
-0.13389345928939811
-0.39911419956458638
-0.90707243220452793
0.31033629195191575
-0.77841702448991956
-0.54567235763028643
-0.34664668341644234
-0.68833521177782986
-0.63720539318429403
-0.060042593217043166
-0.61046419664597795
0.78976474447341172
0.14131168052612839
0.79049235311389798
0.59594701829553098
-0.94083980807416068
-0.0098821843913930191
-0.33870754047501095
0.067826420221654915
-0.043816130811206833
-0.99673453005333901
0.017236524771748203
0.57779377258922726
-0.8160007711827858
0.73695885757743795
-0.45718448989965194
0.49786944516946663
0.076144125987759756
0.26212420785129698
0.96202545274846551
-0.84304531381961656
-0.48215563455329569
-0.23832864476452045
0.051176416965821842
-0.9882581298907015
-0.143968201528927
-0.53681307404513934
-0.35713288439103241
-0.76438722282672245
0.10798355947490942
0.98933753404830649
0.097728166903635061
-0.065332540285851878
-0.1667922269796705
0.98382519392367662
0.097279769358843068
-0.50684765302558266
-0.85652910230531509
0.31068091878242426
-0.94314178706182616
-0.11815640567626234
-0.14456535931941672
-0.15327435777346118
-0.97755195674397832
-0.68888301806465047
0.28700853562166606
-0.66563224674173138
0.52524788228370167
-0.2357007880326305
-0.81765506216086226
0.20054223976433802
0.43473846210775124
-0.8779437793130549
0.63064489802546597
-0.76735275868338249
0.11600326002079485
-0.14644714100407716
-0.88543183746546317
0.44109374977918858
-0.065953689285781658
-0.93041211322447737
-0.36053212122466555
-0.69199475059714854
-0.18936233486285942
-0.69662412482003266
