-0.14628002391023684
-0.98894471418860075
0.024300347389436518
0.53941640071074848
-0.02259412764255005
-0.84173597525609745
0.44829376938721877
-0.046835619527243973
0.89265845712237457
-0.50731962902110683
0.8580155113286394
-0.080225783444851109
0.63249263114073584
-0.14952668167758779
0.75999660724187346
-0.95775947464442857
0.17372764190508558
-0.22916259547955556
-0.30932254645785989
-0.71206856963403653
0.63029986069502053
0.24013738950252983
0.11266974890995152
0.96417817951013529
-0.93980563379236459
0.16896987711649769
0.29700934550846592
0.34885745039715804
0.91884510678762843
-0.18445093937095003
-0.085157327036321562
0.73125055947154749
-0.67677237600583084
0.88658962425789123
0.4593472891967097
0.054395827651444781
0.90276289037753399
0.26261097619028151
-0.34066793060337786
0.41444107265055802
-0.88261004727664094
-0.22189660147595858
0.44464706421073519
-0.26237421732090616
-0.85641622963020503
-0.98252174771574441
0.18268413183972707
0.035742457100264857
-0.8424777550003929
-0.49927474241397019
-0.20237579874323314
-0.33344708271309198
-0.85516432143184351
-0.39687154896785315
-0.2553089706386571
-0.9411696670459051
0.22139780338596304
-0.74489253793017918
0.10422215301462961
-0.65899381617503172
0.38257278511124043
-0.49544348732124999
0.77985499611350007
0.24796273434614169
0.87592129314665723
-0.41385549481415895
0.22749695350124122
-0.13758077948407213
0.96401071843844621
0.97781767628931049
0.033770175027140394
-0.20671760257609809
0.85792458207620137
0.47843994168393722
-0.18724484951753942
0.47416254688567377
-0.64774120465536367
-0.59632307596009515
-0.45931600597878058
0.87447951953901826
0.15593067869572236
-0.39687124480757607
0.46727870559169576
-0.79002773770636325
0.79133798396036181
-0.55575882908372765
0.25478681095581518
0.28744934852557824
0.58615813307590603
-0.7574902739053414
0.9587427225802897
0.26068249238331981
-0.1133888445313468
-0.45878245490116026
0.6744506646241748
0.578476412710902
-0.061343834596648307
-0.93338585053568146
-0.35359268654309223
-0.73512564721361839
-0.53501390650164504
-0.41635369898513874
0.33668697297867345
-0.49363181646149462
-0.80185379714969451
-0.46130947392654603
-0.3774780056558637
0.80293457050477357
-0.91350455484542903
-0.083426061742824992
0.39818277272973135
-0.53832689339356521
0.022276167842522936
0.84244164675987188
-0.82836787153743752
-0.10849215893128213
-0.54957812989143306
0.061121477473485362
0.92799317809879589
0.36754976043191034
0.62329763013011219
0.67630796669998217
0.39256540659146444
0.097296888774576859
0.96242051664820671
-0.25353513478290673
-0.10116414383413072
-0.83640390406169596
0.538696876984321
0.10852915439186697
-0.84276449304946477
-0.5272280644105215
0.96568919978629342
-0.16862073108023076
0.19751308429083053
0.063718553701448494
0.57622150484092738
-0.8148059420948357
-0.92545118699667162
-0.28113569321904691
0.2539740586845386
0.86278249848185251
0.18318633458646477
0.47122088995946254
-0.51758815711311701
-0.72304579864381546
0.45750111768144808
0.66545902241531207
-0.73529881959289423
0.12845207429759034
0.44521085371915353
0.18831190256032648
0.87540043584908767
-0.16563177335358861
0.53470214230075774
-0.8286493436156972
0.9368715310329917
-0.1902477574719813
-0.29338971542434855
0.55939194556699978
-0.74817563753174043
-0.35681068739422678
0.58886939334868482
0.53816718335508262
0.60299993394428231
-0.39985400105082058
-0.15883730302186971
0.90271118803988959
-0.13620977614941876
0.21227507109136193
0.96767049716031062
0.11376781721735149
-0.78501373531734886
0.60894196696294689
0.74844322339603342
0.0061497577616401247
-0.66317035656913093
0.42677109000006491
-0.27805563050711801
0.860553021657263
0.32030487279676367
-0.6889590872187753
0.65018471575493131
0.83861590588775914
-0.4006958378680997
-0.36900705671739475
0.2556870027933309
-0.68968278130555938
-0.67746720789510617
0.48740314105770949
-0.83525386551352021
0.2545371450924227
0.39694806129758503
0.1667861117163231
-0.90256004208619756
0.109104834952164
-0.51640819012528305
-0.84936371252932075
0.4502211485453933
0.83519163724338374
0.31584148948670898
-0.063690438626676615
0.99523970331187372
-0.073766259083913141
0.46716337180539252
0.37453265968012567
-0.80092675749805475
-0.85610694545897292
-0.31707363242252834
-0.40809950938379103
0.080873534428558366
0.29964969047475554
0.95061534514619317
-0.89907573688466069
-0.43684313885521514
0.028825186563618817
-0.66781045917473458
0.53011107024137771
0.52250497014322406
-0.31247501184403348
-0.84794210395527825
0.4281980328223931
-0.5659839771457128
0.058187253199640319
-0.82236025024280091
-0.53693033519483058
-0.33618865607548853
-0.77374608410881396
-0.47834457392017976
0.72215924080123672
-0.49967239219963244
-0.23961031740527869
0.9584313836464996
0.15490699995286789
-0.77410770066699808
0.56118624775248716
0.29296290396829716
-0.92036691880874921
0.38070009518397457
-0.0893989501582753
0.49778109251582209
0.56371923610318686
-0.65911653505354717
-0.65578610906643298
0.73964551368646736
0.15122530621225472
-0.064195725269497794
0.66312598076826745
0.74574985248892045
0.72424807169376404
-0.37300593557642608
-0.57994077514227205
0.17182408886020997
-0.89709197138106223
0.40706569171449247
-0.21256709099434512
0.31114343359912011
-0.92628559070858463
-0.0014290501674007468
0.988436725970949
0.15162716302645127
-0.82148882128533041
-0.33801662295081636
0.45923945726838844
0.91253595834279511
-0.39369821335670158
0.11081444640089849
-0.60201508010784077
-0.79833317878169963
0.015555673532735776
-0.024435290067473137
-0.31379513365990147
-0.94917623795093142
0.29787268404578471
0.37449982915772945
0.87807843730511437
0.62312249148136278
0.19183868688985622
-0.75823233828585457
0.19142043426262173
-0.93191364000265842
-0.3080506207163114
-0.48364393963707109
-0.84346129192587993
0.23379817936643288
0.667551560540667
-0.57408314388316628
-0.47413443022938112
-0.19113897157015786
-0.063916641527352491
0.97947973765819496
-0.00093743367804627483
0.82010761063957327
0.57220855305487095
0.96387882518383372
0.23825157136943204
0.11905376559449396
-0.27731697136277833
-0.53485615344445447
0.79813795331181814
-0.61225763453164972
0.30814324407763927
-0.72814032307448617
0.89511312386495512
-0.10365537099166024
0.43362202382870613
0.2836270160642787
-0.93747227166112623
0.20174601761869027
-0.67254466996409901
-0.69654084423833473
0.2500290367349946
-0.22740998276956159
-0.3206487481223273
0.91949392606168545
-0.24557920052404889
-0.94942115929788384
-0.19567912138864335
-0.13290362792333468
-0.50489671499854649
-0.85288682301258023
0.57588978433175819
0.81103100530960881
-0.10285749719299174
0.14420657623010424
-0.59372996973116066
0.79163702946175163
0.89974179031444557
-0.41376296700524856
-0.13879811921193339
0.12291174452609174
0.53507336589311916
0.83581648474372705
-0.0011200277753085901
-0.22977698372660949
0.97324266413227267
-0.70932173031868673
0.31352627741058825
0.63131921899365862
0.31355252930759381
-0.064723431998007785
-0.94736249066300382
0.99931798665182536
0.0189320163157564
0.031703947898680328
0.72281663903148374
0.28567474762874823
0.6292265449792156
0.21690786616169788
-0.2986006771785068
-0.92940228813238679
-0.073944738256559339
0.11349961971983419
-0.99078252508187781
0.59739978628017942
-0.3889071250931086
0.70133069475405752
-0.44097621549576982
-0.1399848266253671
-0.88653495457409592
0.46933721587339411
-0.88282843511370634
0.018344807191557105
-0.69362825055444044
-0.69194313472262314
-0.2002362313444207
-0.59120033711284148
0.7140499931628741
0.37498635796754259
0.88422540647899139
0.35669193556486783
0.30152328871921436
0.53487070914482704
-0.60312855272271015
0.59173412390153646
0.43109368544952159
0.71469090494541165
0.55079501155498634
0.38292938209950383
0.74139807190998375
-0.55108437402366139
-0.71357699753663817
0.071592783493613601
0.69690913463537918
0.65060884815048892
-0.20374733325068803
-0.73157033216330403
-0.87702456290718611
0.13532942850299029
-0.46099225789433107
-0.431586291386788
0.24657063735636883
-0.8677189601942974
-0.56450874409026519
0.53262313456846866
-0.6305889900466789
-0.69254100154703635
0.71703167683318381
-0.079072976382707008
-0.047115750380894141
-0.9419807024607979
0.33234389156039384
0.24906245237626945
-0.96717328183945583
-0.050435480687855305
-0.29369018204243702
-0.32805831664736879
-0.89784398302287183
-0.34566810267449072
0.12115830960364561
0.93050213691716199
-0.66551253125806176
-0.38486650565858699
0.63950828263646131
0.24432432041364791
0.38100781679798662
-0.89170548388649107
-0.3903437690546262
0.83712095354791582
0.38322350018136503
-0.082077273618173366
-0.67451582173674274
0.73368366983476896
0.19452434396198637
-0.37566715150882152
0.90610952477247864
-0.84875043862288946
0.12338069895662189
0.51419830421971269
-0.82358760069639803
-0.50564525862651988
0.25695590362486359
0.25216062922187577
0.94246256083591984
0.21949792366450233
-0.041825316373700717
-0.4680957519392735
0.88268737949890619
-0.77358862991242616
-0.63306871229723505
0.02801137591293585
-0.83194561044927628
0.36044514684890488
0.4218362210233404
0.075625034690814705
-0.087564841882092889
-0.99328407446922096
0.78700276240341049
0.0039847151169958295
0.61693660453472632
-0.21222252397988486
-0.67260502681255019
-0.70891753979013372
-0.72095645105060191
-0.34332251743855696
-0.60195634784274266
-0.62103252547565557
-0.18681925598151017
0.76119456638617988
0.77768388617069317
0.58340335726383319
0.23419713047716123
-0.94159666998153013
-0.27481331686439481
-0.19461077039486629
-0.31343510934192342
0.059309013661235623
-0.94775570329613323
0.015871547395761486
0.35709971474121616
-0.933931414888163
-0.49040478746061328
-0.84642367150420783
-0.20753340153586733
0.63241385308567732
-0.76561937149365222
-0.1178121233956525
0.61709440781074298
0.63243288546300269
-0.46821270511771573
0.06718932511846526
-0.9891837246162799
0.13038847166980955
-0.33145129244111005
0.36560354444814275
0.86975518913431771
-0.15398112252600213
0.94160119659007901
-0.2994611836044257
-0.50257313164318251
-0.56848102027661818
0.65134443801695252
0.79859429773762436
0.22167698607480785
-0.55955916708221309
-0.23987670441068698
0.77264929354328848
0.5877688626221409
0.95606308612584989
0.06956303282570131
0.28478827189968003
0.15252151672742836
0.75702813189793894
-0.63533109041686409
0.38736496045163471
-0.79939686020492973
0.45925270528196521
0.72564368259734635
-0.4794508863558366
0.49352618317487901
-0.38707186646153302
-0.51691441576789865
-0.76352790189050534
0.70637193167154122
0.66160239284958344
-0.25163657906258541
0.77165210104413962
-0.25350469217024829
0.58334244316853245
-0.17484670695362151
-0.1278873765970755
-0.97625480688936539
-0.56749679743759307
-0.7165925891378081
-0.40551503805758915
0.6356498104415198
0.10246629232172354
0.76514702993836359
-0.98509316197653374
-0.025582381120262551
0.17010880048748919
-0.93846676777870952
-0.07103215801446422
-0.33798603270370486
0.53710441475398452
0.36987203109098321
0.7580986270060186
-0.54083589921191155
0.25751544320236464
0.80073861317906525
-0.29460052677803011
0.58513617066167567
0.75553040402454841
0.42587707310519207
0.90286059010631736
0.058919211096444886
0.0036681430893780857
0.87703571804164782
-0.48041117181581794
-0.40343282964681415
-0.71004013131851762
-0.57713513485174928
0.54407967481966368
-0.44641421543333931
-0.71041653676358429
0.49423160659401461
0.80146360297812413
-0.33673611648414387
-0.14270219758988995
-0.82619615100139721
-0.54501009428586944
0.023130608892253015
-0.69970171258014258
-0.71406056349912583
0.19087314307409103
0.71234553957614877
0.67537491476881406
-0.6908896109716528
-0.55539880441312639
0.46282147044827981
0.7560643818024867
0.65436583399127812
-0.013115101010770404
-0.66830391042221038
-0.13625306017148153
-0.73130362156103734
-0.10776773532297404
0.45505989027422411
0.88391550019612652
-0.24247737536483763
0.82882071743794428
-0.50424293825678024
-0.32319386249693571
0.66474055290338729
-0.67354712126918825
0.025804101158533578
0.02657463203060189
0.99931373316683603
-0.80027697047618418
0.55873269179357843
-0.21765695405054877
-0.82548045580687002
0.56225647844296622
0.049494136317309215
0.78304746986802887
0.46001002395888763
-0.41860176515468972
0.83522077933260319
-0.17536726303768227
-0.52120300538821829
-0.29582556084780004
0.95183266895085672
-0.080633788618502511
0.97781935201919878
-0.20236996910768557
-0.053997318638138982
-0.9758704650826191
-0.21606665072365247
0.031496631954797481
-0.58069287601993658
-0.54175615535037402
-0.60769733575166829
0.025215274119019946
-0.99041295929326079
-0.13581737744143252
0.16575126642466878
0.15011427963485158
-0.97467544379056159
0.87081720654221484
-0.33922746413283045
0.3558119171247961
0.34608936318640815
-0.81421869155523918
-0.46612238201066991
0.75776234156600997
-0.60441480164968953
-0.2459247471304262
0.37008944592671833
0.56232694767967029
0.73947427671753385
0.66723804841852175
0.40338603887458757
-0.62615740064596548
-0.70093220913291288
0.56131093903054918
-0.44002734906446145
-0.90956846826731086
0.37628071039952188
0.17634633116424409
-0.39084641305567042
-0.92043079911190195
0.0067989298968252889
0.89920137748657825
0.034139532097208825
-0.43620107184006796
0.18767780283053287
0.98208306887370855
-0.017026102205214676
-0.79078661232413727
-0.13861842527981191
0.59618911927496632
-0.39089116382215372
0.86806389968270659
-0.30605418493040448
-0.75821032426979584
0.34619849616274334
-0.55250674695006763
-0.51429326789441221
0.47749844107007822
0.71238870946564814
0.80459204420011932
-0.59382559607134211
-0.0016744731674356087
0.25349966175052335
0.84422554329316879
0.4722511551534036
0.62238686458941328
-0.68231774164810055
0.38350631053321071
-0.8650539375476286
0.36590996284035837
-0.34320778579092742
0.61970703656611115
0.77009544232855298
0.15138097150976018
-0.60453418965178629
0.73790947789786621
-0.30004668965105485
0.75803268563332382
0.46040375900848085
0.46196842554701839
-0.99439440345439045
-0.022632854753490361
-0.10328370764207852
-0.17097277701697217
0.90836358460347333
0.38163321093090635
