0.92460143755171009
-0.15246135195826518
0.34909557120703927
0.65232762209746153
-0.7051151095411422
-0.27799524410581988
-0.32426924642601385
0.87677373835237804
-0.35512993052951869
-0.65232718495686304
0.70511542832988583
0.27799546128923813
0.011420845326469897
-0.77904535732344682
-0.62686353820015084
-0.82946035837503496
0.29085292995576018
-0.47686485194498046
-0.98111700310644478
0.056113660029615917
0.18509641642535629
0.38797985050843231
-0.15294195267774191
-0.90888964935825622
0.17554878524485829
0.9726496538446604
0.15210284308623864
0.58455659741355237
0.48333826340003949
0.65167300661737093
-0.12522987093638741
0.61349781443642637
0.77970373290563633
0.45086432351664868
0.65582683789485274
-0.60548535942391968
0.51436061131128441
-0.73505606284170377
0.44173039969095967
0.82387573853276386
0.56668172095945557
-0.010029685315226428
-0.14832381490782509
0.41597500772428614
-0.89719832750622597
-0.11177990577906199
-0.99257007196726144
0.048061470003835274
-0.13176039700952819
-0.62478446024990064
0.76959962058860976
0.30219706303236243
-0.094401542330294089
0.94855958373750882
-0.54689007672286316
0.034470597673536427
0.83649448406913618
-0.71148093970485149
-0.60179158411524281
0.36282469833897479
0.90483485426222021
-0.032283653779695665
-0.42453698568075232
-0.75306148490370328
-0.561425367290597
-0.34307427317892525
-0.41686744062876269
-0.23941913463105563
-0.87686944006285306
