-0.81299450356828462
-0.55185443847612492
-0.18573264630096489
0.19281750458009939
-0.9687919374525612
-0.15576774972508348
-0.7914817258989858
-0.45072074248090715
-0.41280442084045355
0.59707033642030161
-0.74641401039295041
-0.29389307316787927
-0.06903881460624596
-0.54792743224597384
0.83367210045082951
-0.10307364752166494
0.22492401497824097
0.96890918597805009
-0.11942257128574232
-0.026131345569470145
0.99249957291992363
0.76243931870313519
-0.58388383373079844
0.27886547653541555
-0.9800250976143815
-0.18905053606673994
-0.061730890636700946
0.67038344484373635
-0.73229838469142017
0.11968756266956899
0.15917508432554142
0.54909289057037181
0.82046346052400787
-0.028640622764424778
-0.99730111398909704
-0.067603274800647012
-0.81273525288714243
0.38509178234562425
0.43722503117312816
0.30981950096192129
-0.191667891740992
-0.93127616532329938
0.18871520486808424
-0.76881504839805115
-0.61099099241175325
-0.94581856637807737
-0.092325496799081877
-0.31129285590151445
0.85877864143705696
0.48774979604815777
-0.1568418995884174
0.78518819149548569
0.57850464869436391
0.22093409735724204
-0.52985601706996777
-0.26495650244151586
-0.80563679967384139
-0.68915966088648062
-0.34430947677793278
-0.63758132501488585
-0.60966483492493173
0.77624595135522334
0.16047121879196927
0.066312436818325313
-0.3804730318341919
0.9224114769288777
0.68381215944989171
-0.28049688026886155
-0.67358921513628167
-0.10346884899141692
-0.29320702875234023
-0.95043349876707095
0.34713510193457409
-0.93745881622424965
0.025849349862262755
0.44358989205637078
0.24603212827285428
-0.86179823597112748
0.70428496852410927
0.33753737867724048
0.62454079218790171
0.74069636601317002
-0.66394091830949098
-0.10271976620511726
-0.073544371517486287
0.46303865500372327
0.88328162518555831
0.2457776120229119
0.67213279027225392
-0.69844890841717933
-0.83416354161792994
0.1582154948138742
0.52833610801859177
-0.5150704024933328
0.222045145251209
0.82788793562035057
0.57244642266973189
0.41395493839753056
-0.70777567219347359
-0.91218960447138997
-0.32702736966001439
-0.24690732064396451
0.072608981549192722
0.11724372216047713
-0.99044527633400625
0.94954410708105963
0.086286310525196239
0.30153053132905583
-0.34593940037871823
-0.17053477770433217
-0.92262875570781266
-0.77664466450623038
-0.62748723515975235
0.055523281653506555
0.22892458522558137
0.96964470928309276
-0.085922476911469564
0.50965732399187136
-0.24369134447414839
-0.82514479985625966
0.76517888883860918
-0.56105535296120368
-0.31578182181577602
0.60637448887919132
0.78350562170947446
-0.13575315829162038
0.69031081892685087
-0.050774899020234271
-0.72172909245923123
0.89816764703193275
0.3347133092093868
0.28506469171614884
-0.43369375797739995
0.48124520093382595
-0.76178263360987808
-0.44989153641555901
0.86355459016618585
-0.22775222340200846
0.54596684515781413
-0.47317971161661043
-0.69139074661355193
-0.87735367974590439
-0.27862093267728699
0.39066724524889423
0.97030319173911839
-0.20150062388170878
-0.13382531403348771
0.55000889408983034
-0.83308253359495876
-0.058853280631465825
0.10796000533135547
0.8156784388105992
-0.56834260944289339
-0.46691346889338642
-0.87560525212599283
-0.12372249195405356
0.7599700683496482
0.30569252626102655
-0.57358310173921834
-0.47335494281258139
-0.3160632730022826
0.82221597258505164
0.41712029184753918
0.75690288457701849
0.50309908114407498
-0.7502351141254775
-0.30761952237364565
0.58524994915654782
0.16036772592213133
-0.59031444242030351
-0.79108220277830199
0.0057158799724874709
-0.9439166944878391
0.33013421904324247
-0.9077784778381417
-0.41943353939680705
-0.0037069128575710048
0.99042536643133361
0.042047964866438928
-0.13148977975473761
0.42279396415338372
-0.48334792647572922
0.76656379111400796
0.25983582898784408
-0.92143151939706758
0.28887591979223776
-0.44583579054167377
0.6409390166448371
0.62484207990053764
0.59170974259768394
-0.71239225272395412
0.37732858197315544
0.41673910722958424
0.87674610097183503
-0.24009329631660684
-0.37239717540204559
0.80223820804940971
0.46661997524564897
0.24493581358044089
0.95547556715230852
0.16453840828408961
0.43861529894907098
0.89853211751727002
0.016020403170582599
0.76397528168345563
0.64514915106308601
-0.01115086809462908
-0.016745669187915511
-0.86011312012233221
-0.50982840560023279
0.30211430408432255
-0.69508503100659325
0.65236780035361097
0.93709725476741612
-0.15245912577562365
0.31401425138853961
0.84741032407586947
0.21189128656907541
0.48682422425936439
-0.36601507429725455
0.076998270433157573
-0.92741804583341902
0.35810080328639537
0.47644236899941317
-0.80297352615628947
0.11345782455365382
0.53032345185663143
-0.84016924393744596
-0.95126668710128182
0.2675250864438628
-0.15336889559019323
-0.020771575457738039
0.91623487144177096
-0.40010273931464763
0.40097586369444599
-0.88397309134912427
-0.24043695744449484
-0.9910309481845806
-0.0048666466264513219
0.13354390847576897
-0.163953560666843
0.81250260710953348
-0.55942715645995855
-0.60271223720889977
0.71660965922217146
-0.35101076255312486
-0.85609867374768567
0.40830321603504333
-0.31683362287310135
-0.255978862856092
-0.90585382697911421
-0.33749617170894664
-0.13910677933901089
-0.27759349630887631
0.95057411849310391
-0.04071201134945078
-0.71011306896357029
-0.70290963958322694
-0.49281420229767237
0.44544147498007974
0.74747311281495588
0.59011789903636203
0.58682277675260464
0.55443655536163283
-0.88503578550788942
0.46316357442048567
-0.046809846191506868
-0.14474485786143243
-0.97934236236170269
0.14120008288408836
-0.23779052980194934
-0.79928563421143795
-0.55190410297417392
-0.023782002192910035
0.67089253303772278
0.74117314136841506
0.54601849657111912
0.73624375244551077
-0.39976110164342948
0.12238512901930075
-0.98624580817593888
0.11109044085932014
-0.93115979851440123
-0.041010099665817784
0.36229766954262782
0.33947245309203666
0.8011524137477658
-0.49286231701947308
0.47889485122419728
-0.85316053351032739
0.20682559206086562
0.52311637711552972
0.4437610915562929
0.72761621038449265
0.15081487775153973
-0.84877477635989262
0.50679014558691116
-0.40737700586729964
0.87970005909634619
0.24529937039560262
-0.30294588942028933
0.35144244797111263
0.88583971114836668
-0.027394525625309245
-0.95456703962978806
-0.29673440450710614
-0.5191817111408733
0.24172990306363035
-0.81976643306595731
-0.30037936637940571
-0.40404753125891729
-0.86401263227864977
-0.50998202254065816
-0.022358406329644927
0.85989443442305069
-0.55983329287108341
-0.65479248705542148
0.50777306258691535
-0.63059138115412772
0.77064900966546968
-0.091948974522614427
-0.55501823948099904
-0.019055175964885169
-0.8316198976169098
0.94991256306116967
-0.30037059530560367
0.086276462690101668
0.3782808823722133
-0.63732780189673588
-0.67135448681093568
-0.22927598727998677
0.96925636231509538
-0.089300760178711927
-0.68574832145902254
-0.67096196603776548
0.28206254580654566
0.88467019318260431
-0.31550572773059649
-0.3432415841115995
0.22888488524025871
0.88062309119001714
0.41486706373426668
-0.64902039461193317
0.53042459549075671
0.54536435149011864
0.70205801233834531
-0.14179061674196455
0.69786099498070886
-0.37897970638253942
-0.918084624381304
0.11616800172527839
-0.71735395914794287
-0.1137992292225499
-0.6873521897274536
0.67045407975132743
0.53716096742920172
-0.51180994716332429
0.52515911015101946
-0.61244168861361925
0.5908663868198023
-0.40473961922823148
-0.58475325261378652
0.70302878617065401
0.8118816399867631
-0.26898069078925435
0.51816753143644512
-0.48514948091794735
-0.81281408847128911
0.32243330899215966
0.87423955983068879
-0.37790960732548923
0.3047778218934869
0.33601366401286981
0.38731374461768658
0.85853531134535865
-0.62374899547602713
-0.55344700443143346
-0.55193623175917694
0.12086657520155973
0.32235670889953044
0.93887029094891961
-0.64550652320612323
-0.1728035931804047
0.74394908877038357
-0.99306241334468692
0.039971003725223969
-0.1105864461099292
0.092121191348467066
-0.12807297648745847
-0.98747708773327103
0.50165530784627821
-0.0025365358528289406
-0.86506388093338105
0.3889019448899162
-0.80131012119553469
0.45459582810496402
-0.95460516117292327
-0.24257767407866312
0.17287295421957394
-0.33185572506332278
-0.15509060722265111
0.93049378358697576
0.97861149830571204
0.18808887528638829
0.083319327753835271
0.093597626089189895
-0.15127801576283315
0.98405002227393312
-0.30193527960384436
0.33655534962300943
-0.89194483213407449
-0.76663632815382055
0.60742938642507527
-0.20808238960105224
-0.028437655455937887
0.68934471402581288
-0.72387510317515402
-0.26791503399557021
-0.622807186802533
-0.73507329064948845
0.53889766104114722
-0.0079511828471330107
0.84233371629996645
0.40762968657669346
-0.78262296222307981
-0.47046714829258623
-0.46775788954915654
-0.81001317998510769
-0.35366821318141167
0.83417980838527972
0.40438393343977669
-0.37499024208380682
-0.71444971648502509
0.52548074068692308
-0.46198657316159103
-0.022973744186030137
0.36336373968986607
-0.9313640532877947
0.61852824044014243
0.77591257929645219
0.12402614670926507
0.62105636730025759
0.70027155555385057
0.35200672879647926
-0.73994807286308373
-0.50286269303920161
0.44677282976426647
0.99397787885246958
-0.061088256489166951
0.090973629536580641
-0.84510525991230712
0.020498065454477101
-0.53420682228999661
0.74475946572093865
-0.43241275051791123
-0.50828392794637611
-0.16840290841684238
0.52909467779139852
-0.83168460510554409
-0.14097409254207782
-0.060545308308439079
-0.98816019494501695
0.0031353224429720339
0.84825645081627088
0.52957639996676764
-0.1946627288172452
-0.68953314781436237
0.69760336873802442
-0.0052514331238280813
0.98439034795996994
-0.17592062213792714
-0.59025926695371822
-0.80153698474169366
0.095563904621217541
0.19257642492867524
-0.55267667027332612
0.81084080971376826
0.20249346726665921
-0.89625421688444107
-0.39461978464236147
0.29266754848872867
-0.31996635892198511
0.90109224567732527
-0.77155977880766147
0.63312821168904276
0.062001413610555819
0.43744559117034171
0.85640475375886449
0.27424852325007865
-0.24126079265385997
0.91498992589549422
-0.32339861693858396
0.63057626096802799
-0.37991604556956943
0.67678458716371659
0.11062883462330726
0.086143872199715477
0.99012145428342679
0.21878573431900933
0.30848589955170347
-0.92572633765939072
-0.20229071902761453
0.96827370118575284
0.14671231913964836
0.36390549067778027
0.61408801925360634
0.70033470459755642
0.90259381265594718
0.42500482661384026
0.068522308120352385
-0.84479648071736979
-0.2236686629928302
-0.48609796889366508
-0.59102360967611955
-0.45586727707956942
0.6654893827052909
-0.88351618285245881
0.4246622861027165
0.19763880539973669
0.20425061788930959
0.92189769894270579
-0.32922077360941171
0.82481548657300297
0.074695385723936719
-0.56044626188502011
0.95049512013566728
0.27325085155104106
-0.14796282886223366
0.34647880976241818
-0.43294565540221897
-0.83217215397654409
-0.69056357203426977
0.078548129738847769
0.7189938416243904
0.72189678186142137
0.097897866368352487
0.68504090687976271
0.88828863299946559
-0.43756229385714646
-0.13957988206906041
-0.17959988652294065
0.90641338933058324
0.38230700804875567
0.83265970478289975
-0.16718716731506988
-0.52794532587761145
-0.15452226613832881
0.17377807469664985
-0.97258626867861997
-0.28062258448424804
-0.44381422961655032
0.85104635283117747
0.033486301212373261
0.95564072272936207
0.29262514706090548
-0.44270165623892332
-0.69715888674250182
-0.56390134793177216
0.12776816501812577
-0.37219123612835342
-0.91931984627612007
0.85550758061571874
-0.030637820023537213
0.51688306558954422
-0.81737707877926791
-0.077588589529888827
0.57085437885771961
0.47149526188978386
0.62625372013500868
-0.62088525190452581
-0.25492738959119837
-0.96143042441764004
-0.10326453912323288
-0.80394662357626789
0.28227608433508333
-0.52344057795777688
-0.92971435544600689
0.1969281898328456
0.31120813827208099
-0.20378134465487557
0.75615288250058643
0.62185688213342571
-0.85075100743542142
-0.47184625360720356
0.23148182715812116
-0.3956653078779912
0.78857118724566289
-0.4707488149616309
0.053160664844611807
-0.72116246859670607
0.69072327136182687
-0.52883957855499852
0.61855728501094354
-0.58113301860560485
0.93717943259361969
-0.061522586925691715
-0.34337979326319101
0.01832059672514352
0.99824431229506672
0.056326270124905008
-0.30056882201175295
0.66649621626268862
-0.68223249478604187
0.54459196291273904
0.22218878148542456
0.80873465321628968
-0.47671411113240131
-0.49058844933133405
-0.72942897504138227
-0.26447899786608448
0.57032843547822165
0.77767366894650336
-0.63865964743910997
0.39394336941617719
-0.6610011168114478
-0.96979577428938268
0.23066640651228318
0.079304256362232123
-0.071186947427899452
-0.51687619292668463
-0.85309519967088898
0.91371124650724767
0.17743636783619418
-0.36557912054064379
0.32351547517868201
-0.080741761598533954
0.94277171428393891
0.18795058833440395
0.75040515931212659
0.63369288557036307
-0.92338046388438688
0.14852925148110871
-0.35398810766905164
0.29409378468524033
0.057206350550790201
-0.95406303736502207
0.50495814871746802
-0.24204419180466574
0.82851184497112274
0.33724560055646313
0.1559712146992919
0.92840636851032965
-0.6857866776039393
0.31660296955294148
0.65533136083298327
0.76660980296413439
0.47313379614427453
0.43411268231347361
0.59121000046059868
-0.62727870096038751
-0.50694394825939848
-0.31858996223266151
0.10814479995942844
0.94170331750839997
-0.65641629088061304
-0.66749083932941555
-0.35153041472659341
-0.34964749632577352
-0.77317248895532309
0.52910389399034763
0.64441506397747195
0.18010599853394882
-0.74316287219626342
-0.43710260992058431
0.89934406389824617
0.011025567178196598
-0.25447530980279892
-0.90427842354902999
0.34281605768174084
-0.10120576263720624
-0.84325392697260348
0.52790170321216467
-0.57618300950893198
0.71484407221478041
0.39624625168273786
-0.74867279110410578
0.58870964295951234
0.30481143047279458
-0.65903852992053824
-0.74074882399996977
-0.13022824510388564
0.72197389008068225
0.6298851670051463
-0.28635358986516324
0.71659651342331154
-0.4949718416444141
0.49141867376880449
-0.70172856592599431
0.14234422908093819
-0.69807960879171982
0.84834291258165451
-0.52463828234953369
0.071196737044657843
