-0.24032512093207428
0.26881392681502464
-0.93272874352582824
0.66154704247134721
-0.72633360177768558
-0.18653420470805865
0.27389845412954711
-0.94134786123949432
-0.19708840900792293
0.81147578481599802
-0.58403939190754761
-0.020125589619244245
-0.59550044158014592
0.80171321728721212
-0.051333627427241242
-0.20269225102705468
-0.071807273152332943
0.97660614727535466
-0.16909175032238905
-0.15554170343175824
-0.97324958693361796
-0.60218173428714306
-0.76340954973971331
-0.23363008850988554
0.98375956419612598
0.011023574248700806
0.17915245089987314
0.81252781200563051
0.49769704092370504
-0.30347357409357889
0.74957998566553019
-0.43910431878904116
-0.49529510628561202
0.35488370337218228
0.52288614011982926
-0.77501460731487593
-0.62212867355529455
-0.75210918115444125
0.21745733642148238
-0.38257084884135023
-0.89980531090319638
-0.20973780795843844
0.30966470519825062
0.9082907358773662
-0.28127514905130396
-0.98106627867292207
-0.10736322629197252
-0.1611896227771602
-0.14328190598490725
0.84894988451094555
0.5086790628738167
-0.32393241185199889
0.88025505234086843
0.34672587930542781
-0.47694485093478817
0.86535950179060805
0.15387183571889732
0.80354670161501751
-0.43293137720810582
0.40851330572249284
0.36093126085097987
-0.5760815270650772
-0.73338850489688656
-0.60582360867044327
-0.23591613103384509
-0.75981664518194336
0.70805550987919408
0.45392885466222094
-0.54093067008144291
-0.39038394709561247
0.74690562307815855
0.53826792962638748
0.92020347509959455
-0.3809099854187768
-0.09018396433345012
-0.97003176247132772
-0.13343778969461589
0.20305845483058615
0.27940374779764171
0.71246606275302193
-0.6436813304282164
-0.72972465685795973
-0.27108391877672777
0.62770648726469724
-0.43758641452465613
-0.7998550074305858
0.41079203608599008
-0.076802516476219315
-0.98894393638580846
0.1268513466568725
0.60999785516599181
0.086594264209734859
0.78765731768254665
-0.61023006575395211
0.5955934440243964
-0.52238655829288483
0.725800115103161
0.22962959144341663
-0.64844771851689609
0.75564090355450797
-0.60774736153708853
0.24423343223243196
0.65154786571328682
-0.29808846808499334
-0.69758773203031799
-0.76735218173858444
-0.2693269276696752
-0.58192236184309665
-0.87019712732261001
-0.23836290374696653
0.43120770600348923
-0.80147223773283172
-0.034660018280328539
0.59702674586347837
0.21605746480235988
0.59920522415583988
0.77089057021572571
0.18796764721145492
0.8614117939768059
-0.47184519156122695
-0.32774796819057928
0.46713858491274596
-0.82119596433047826
-0.71579745111262216
0.18295108331529328
0.67391610018935899
0.51881651892695879
0.69487166742702211
0.49797869984137116
0.55942649881347972
0.38649098174730329
-0.73325760374734428
-0.87284836006091482
0.3800375305151299
0.30611634346916738
-0.12234681430941896
0.28368098071456854
0.95108167799046428
0.80814462873910864
-0.20398857983996338
-0.5525313731680791
-0.30530814526057742
0.13652938673837511
0.94241533465579252
-0.15768953703097782
-0.49230065647236126
0.85602223893298357
-0.94317574328037446
0.056764333819658654
-0.32741002992199791
0.34210183968666086
-0.88217072037781064
0.32363737638149409
-0.78548452741662733
0.51782139535324212
-0.33893223467752182
0.1788136716394165
0.41356889184711115
-0.89274097168841959
-0.6617418897681876
0.21531968271988766
-0.71814699439560059
0.80747557198411746
0.39815842512250177
0.43526206950857954
0.88609537147142547
-0.33028702980887131
-0.3251852865628303
-0.54820771213959185
-0.29016598004376032
0.78439276410221859
-0.41151474281267325
0.5610156929404484
0.71827363081375051
-0.0082287563323119595
-0.85502151166711748
-0.51852724340742284
-0.55054035879657548
0.43983889935720288
-0.709540031251502
-0.069769160121374643
0.95031193599371744
0.30338010581419267
0.30696330153662893
-0.19571280262683211
-0.93138071184542104
0.42683998206703538
-0.71959486219296342
-0.54771421746610061
0.9298722033038459
0.31728942354002959
-0.18618567945061454
-0.71778291914240056
-0.026225372569183249
-0.69577288738569121
-0.63722194747434546
-0.63439122491029099
-0.43760251760453039
-0.94747515900621904
0.31234303410371994
0.068794273838905684
-0.44106650049006418
-0.79219071600895041
-0.42177507230119077
0.049497251366759747
0.76794174026404394
0.63860434203610572
-0.0577849899343401
-0.49576569763301026
-0.86653174667102817
-0.60080874927147021
-0.48598038024538565
0.63470616572978245
0.99638625855095464
0.068332590852697592
-0.050448793822927676
-0.64674533982333537
0.70125777312360427
-0.29992999358270556
0.06644506839802497
0.41892391694817394
0.90558699454794589
-0.2482978732355057
-0.3685963165482522
-0.89581522736208563
0.86544956587071475
0.49926672558669516
-0.041590691940996953
0.97668103350223179
-0.20042617084603684
0.076964334837686735
-0.26920877157820622
-0.58829619524214105
-0.76251834336557023
-0.018667337855972313
0.075580465674962058
0.99696495610714764
0.73001520312792845
0.6672864236798377
-0.14767068759459825
0.8540922340677185
0.2908496184004758
-0.43119943782606113
-0.90600060906864732
-0.2277850390789595
-0.35675884339289604
-0.4560098051499924
-0.42823053985924209
-0.78017540485388792
0.64826844085564028
0.64599454938239553
-0.4030373069069822
-0.21949633816608011
0.80274765060550168
-0.55445249298657617
0.92162386360971305
-0.10206832395574567
-0.37442156891660244
-0.32442520415827264
0.041375798406153068
-0.94500599480274006
-0.06327042118185866
-0.70793782732919452
-0.70343506199214278
-0.76643070904744159
0.6352362298141575
-0.095178256763458285
0.5709447761534453
-0.5230989158273357
-0.63276345251867883
-0.2389469941649221
0.96203648639455586
0.13187165284914726
-0.91849046248273936
-0.0099994716252690564
0.39531668431203199
0.43104791959281002
0.77630033047904301
-0.4599516147518552
0.47058942353230071
-0.093276669281011873
0.87740814757293983
-0.29069358016175778
-0.95662361482371883
0.019196406287149383
-0.20861132537844465
0.48508995893447238
0.84921672537980586
-0.25677357925079375
-0.77284083861403507
-0.58033125641231087
0.93539060431632859
0.22169298765793374
0.27549344199097148
-0.20522101271184351
-0.9014611907142227
-0.38111947939933644
-0.079848187886404978
0.060483614944561323
-0.99497035092232544
0.35580112892805127
0.85110851777689711
0.38603088946499764
0.752926181624332
0.64673434465375079
0.12180661915465381
-0.39285434572166195
-0.4960177273901602
0.77435901051276312
-0.62320710624117015
-0.64502467863456114
0.44221721662876035
0.2796369160081002
-0.95866361995364557
0.052604742969153385
-0.22692110388773601
-0.92689634437515223
0.29894812157688921
-0.86375521561376067
-0.50358344766973695
0.018183474175385163
0.71035567926096355
0.60365494899271377
0.36193302073491312
0.21609558204100315
-0.40760027362921797
-0.88722303642305556
-0.42785604397865634
-0.66753456303015146
0.60937411562280752
0.2068002350166521
0.97815803537726553
-0.020988583180995831
-0.1619653745012184
0.65639115176452856
-0.73682960944028009
0.25880684303825824
-0.0073107565451643137
0.96590142915067057
-0.88857477447542443
0.30032959076438581
-0.34675208301788951
0.04916390385782464
-0.60916587072880335
0.79151743663464369
0.46938911052455767
-0.81803809878718869
-0.33239664837902072
-0.89152028254744509
0.43323917557422159
-0.13227018770037555
0.2937623917780296
0.74847391449884226
0.59455063408563524
0.47839745234371961
-0.8674726911222771
0.13648079626127937
0.29289128574983009
-0.25879909384787064
0.92045517205094374
0.075743311020022422
-0.14658249379076541
0.98629433910461262
0.11886053387863546
0.88540374259103916
0.44936887530387171
-0.55359037437705982
0.75232908139904331
0.35712553910122197
-0.018779325149922813
0.60677298889161391
0.79465330610175589
-0.97240459280227498
0.18953097489350584
-0.13604160191999781
-0.4294611947663497
-0.88290058968136709
0.18986740354824919
-0.73694245992109886
0.57932050285011105
0.3482866143608368
0.92031270373865004
-0.2431415488427805
0.30644202480010746
-0.8551248047320108
0.20430486117475222
0.47646730426379252
0.57109710736370844
0.13502326543293386
-0.80970168071496074
0.88982579980961529
-0.42892236605534134
0.15567803278133477
-0.77891753521922458
-0.58051632320005642
0.23725149488737851
-0.020245646631589669
-0.91218639429665105
0.40927508579504757
0.13136272197471605
-0.96258720901474493
0.23700147745657008
-0.53134441672404731
-0.84687257663433213
-0.021907755725067399
-0.79288264797892094
-0.44679300488473794
-0.41438281494289958
-0.20986222711354113
0.69699215869548681
0.6856819790164751
-0.36107312015662385
0.93050342742640002
-0.061559511434729271
0.81163868081590052
-0.22409397526905611
0.53946690542751241
-0.82337379810562572
0.17049161243149072
-0.54128384299148113
-0.46359981218895363
0.24961674346588483
-0.85015686524302891
-0.14247158028236201
-0.97732211971522043
-0.15666308795371853
0.64014159259971593
-0.59436044432429991
0.48677962534037927
-0.84122997905596897
0.52893667399654642
0.11206300566630062
0.17023790796852606
0.9591471930902925
0.22595512093668702
0.29227386542282063
-0.49695097614628808
0.81707754521713194
0.66398964371528646
-0.74519125591590629
0.061706929475719492
0.6048842641490253
0.79604259957771339
0.020765515703890108
-0.39056600366210714
0.3429932135242893
0.85429143286099529
0.71111061807189435
0.26487411031233443
0.65127827735282073
-0.22464004637459301
-0.8205472084554879
0.52558455862090048
-0.013538335369416435
0.99825750957436699
0.057433945135328041
0.083763774940674496
0.97120846811880357
-0.223019598829374
0.86752578162883132
0.45255498562254654
0.20638072389993706
-0.58683256423996855
0.59379268900713744
0.55048867747594621
0.42846766237188583
-0.74185463292994813
0.51581698876824844
-0.46156662356112349
-0.63580808857660975
-0.61863100998490372
-0.54014036577000291
0.014256283991686573
-0.841454183917696
0.57604943250429952
-0.75215827670400126
0.32003902589706384
-0.96360964079404043
-0.26711844462207457
0.010207679043940519
0.66610882119580772
-0.39885806037283839
0.63024700396015276
0.95241551994589801
0.10953403443230075
-0.28444151009859353
0.24974963584628621
-0.69126003810269609
0.67807424307144037
-0.76912082246589519
-0.45393921900928602
0.44988036842545648
-0.53591703558606385
0.15199675994928705
0.83047571664291575
0.19345083356059314
-0.84612632667007015
0.49663569576755695
0.11641954895683659
-0.071663085493615553
-0.99061137223344131
-0.71922553963943914
-0.69477529221826706
-0.0013843602780046788
0.77487760432945152
0.00014069819098078848
0.63211128649365933
0.16743678374652093
0.2147251869422811
0.96221516177060062
0.024594805674422331
-0.28759831956326765
-0.95743527306978926
-0.13832413830318538
0.98032243533018348
-0.14083449702036507
0.85441487962065732
0.17324469067531542
0.48985864352446823
0.63253260898350949
-0.64873020362430034
-0.42314491782141112
0.51572728147212388
0.60197772230916324
-0.60962955390043605
0.57189008469639191
0.77576479714824753
0.26670341304807488
0.0023879107714832753
-0.77864513295822069
0.62746000255205303
-0.58567666297052312
0.38648407887218422
0.71246958056469445
0.84759939651353766
0.06488155881709104
-0.52665514936754487
0.31218750682039059
0.39634189937665532
0.86339565633825943
0.10234679602076617
0.61523736501830384
-0.7816700825985462
-0.41026162876866445
-0.18991573648229215
-0.89197388358430718
0.53008377862415834
0.34544348850722473
0.77439007217777089
-0.68622842232447179
0.71177541314605797
0.14988767005602902
-0.47029966759263936
0.84684171900020733
-0.24834920097118668
0.71162327706748663
-0.033629055815282589
-0.70175593915598888
0.95933309508558839
0.27801380156927891
0.048870633416224024
0.38783231287857378
0.2860796480719181
-0.87621032409251132
0.53526201229196146
-0.12854698390231997
-0.83484744182801263
0.48425039850196772
-0.86924215161911045
-0.099597356386928945
-0.90270988628640791
-0.38649075006136618
-0.18904962660048638
-0.336663464854351
-0.29193767742238264
0.89522628644018709
0.64188662293551901
0.49486861788631137
0.58573595956516689
-0.99907965223777495
0.028007316541238135
0.032487516134751794
0.41091678233741308
0.16646608250697267
0.89634616157389146
-0.0060121871439048303
0.27998536768275623
-0.95998544129028252
0.073589883195216824
-0.99585084757709863
-0.053531471783321204
-0.1076995303955655
-0.28454318532559314
0.95259434537338084
-0.77484467714087368
-0.5937022552072474
-0.21710218439316473
0.42136330968601793
0.90353140770276896
-0.077999721442436248
-0.25951612435762411
0.90740169439509133
-0.33056549458059825
0.55079528666181632
0.79731753147755058
-0.24679810815659148
-0.63404716046472975
-0.46338810648011997
-0.61907645818540247
0.021404992400478995
0.77959827963778894
-0.62591401061658258
-0.43949888896773714
-0.071990961693362623
0.8953535771026937
-0.084459162711652463
0.48259572790133914
-0.87176144285316004
0.97781686912742982
-0.14501937016235664
-0.15114083739196388
0.91334050687758528
-0.034762206108398905
0.4057101274593386
-0.73823470150478454
0.39353057582898082
-0.54785327541400375
0.65187826133400184
-0.17441789779070313
0.73799263501096712
-0.85754823968991034
-0.061176732884220673
-0.51075280122418198
0.44086285417072379
0.56364815718459116
0.69852752180200994
0.19265154622691072
-0.75823695778781264
-0.62286603501962079
0.48897270743260224
-0.3444755186761907
0.80140021738130318
-0.39733420001081943
0.63446402257787449
-0.66300900262067675
-0.74363121220439421
0.40817656217255832
0.52953235437356871
0.39649671202050879
0.90453897426869412
0.15684260067298272
0.45173677395594491
-0.36572669287467591
-0.81374312480956057
0.2461141674103246
-0.87077674349821788
-0.42564736529498431
0.094319090688076965
-0.40262329991106588
0.91049348569910049
-0.44316074843913389
0.76455804349796364
-0.46803797833662258
0.38005715104408655
0.032913965642563825
-0.92437721348264135
-0.89915454780386661
-0.37197449399311749
0.23055601267845657
0.1906531541074605
0.15725824071031982
-0.96897947375451254
0.79699982815944781
-0.54324626224044914
-0.26395979329358416
0.13249120638832595
-0.60221526927643931
-0.78726288473423645
-0.95975548960964541
0.153013441141235
0.2354915858247755
-0.64149113873693087
-0.061611203647593912
0.7646523252479458
0.045976231854617855
-0.95126526867177486
-0.30492716298038547
-0.20300929551259539
-0.67101834102401747
0.71310701296849921
-0.039805977367241285
0.90977949634892663
-0.41317883802166361
0.47892954110230768
-0.56211612857194992
0.67427883895226604
