0.83982665900585118
0.30133842557823692
-0.45153774603359498
-0.71475973925307468
0.37873142532282872
-0.58794644536370444
0.86789561269768445
-0.40225378970211795
-0.29146027882096592
-0.23436991165506746
-0.048918085753748258
-0.97091594146815052
0.087299915275601866
0.9902280531210722
-0.10875259815252067
0.6062301199757516
0.62274180626489462
-0.49464905171659035
0.21698266492142337
-0.29194075881531545
-0.93149831801562311
0.46241124712969328
-0.12113059046608192
0.87835255938677614
-0.62319877336733454
-0.69456224810110168
0.35945315742971795
0.41727435696605086
-0.37453483875980698
-0.82801314335808363
-0.15895491511862772
0.73517616949976827
-0.65897597434146127
-0.97363150984559876
-0.22594545984483913
0.031469544186150902
-0.010442039813376602
-0.42306383796203889
-0.90603970818798318
-0.80649979230146707
-0.47749175107489278
-0.34865414478121898
0.66357216429169241
0.70545402946616032
-0.24901123486139565
0.95719796114701461
-0.26353525283762286
-0.11967135700663062
0.27961578075838373
0.50676998025327447
0.8154748323921317
0.88131579681968542
-0.3005157434623108
0.36465429410247924
-0.33510159928682448
-0.92304259791127918
0.18894253252406923
-0.66432780777618794
0.37157924832955114
0.64853483023360425
-0.31934080263142578
-0.41029115718511272
0.85421462063723641
-0.018150033132206853
0.85643284155582133
-0.51593930282730061
-0.6546190006115209
-0.53126468521741177
0.53780275034553138
0.31641612483189441
-0.92719922627612661
0.20045555801553364
-0.54322885306307334
0.83214695001061567
-0.11150724993383945
-0.52260417482072519
0.4946454381981405
-0.69441397374312563
0.020785217973382779
0.81874608102509183
0.57377942584224173
0.46601933549254188
-0.8147588324146755
0.34495510425179182
0.18276244833075639
-0.72576813923139571
0.66321828650659576
0.12911593378674119
0.73888009639380969
-0.66135110100116434
-0.15615986751461144
0.43586998355296197
-0.88635853536554821
-0.41722952390720297
-0.36721123313688403
-0.83130946983554677
-0.50184518263134725
-0.47928874587207454
0.7200234098625431
-0.27941182752790189
-0.15338054257803635
0.94784146342939923
0.75191993316103167
0.16612517280129027
-0.63798028267090745
0.73105817250754934
-0.52164733852102441
-0.43981587354693558
0.44315012805410137
0.81689602476003109
0.36918673965473353
-0.63964419132298833
0.019823323494735142
-0.76841547638786112
0.81472296235942099
0.56370495209662086
0.13587943768663474
-0.1199901833789228
0.9514954383109302
-0.28329981780118318
0.60096194223073918
-0.4331464750988564
-0.67173571819555167
-0.47522860698150965
-0.83226437083095617
-0.28547116868742906
-0.029200851499312605
-0.99174860897516848
-0.1248279090088963
-0.44595634287923552
0.10475572286058088
-0.88890335738691795
0.18794586494727211
-0.72505710006828505
-0.66254701983315156
0.29961545793498218
0.95401852316537705
0.0089013944842286797
-0.95249922596439363
0.17528455701357729
0.24903925114283679
-0.97405283817520238
-0.1191390275094129
-0.19242390851176552
-0.012392909372249588
-0.63899142091378902
-0.76911402262334827
-0.23650199869789859
-0.79461383281074216
0.55915620475652539
-0.47608501987153928
0.79776376785033742
-0.3700216541760078
0.61403542508454434
-0.2182682478135051
-0.75849816660138691
-0.80289485425251883
-0.58304017152781185
-0.12419344346480744
0.76622282420502397
0.091397289143348853
0.6360417590099916
0.22065968981399264
-0.050031513780722812
-0.97406680926926259
0.42882425524379053
-0.13667471348189067
-0.89298923891010673
0.3391491602259824
-0.33982163264405496
0.87721098095335082
0.154901747303898
0.6818371508730301
0.71491506374642022
0.39887731624208778
0.6939375149577881
-0.59945609674247102
0.34186803073782457
0.092239090629474343
0.9352102435919365
0.11347772576797227
-0.34151886055548647
0.93299928919555508
0.19561568278591621
-0.51880033129757797
-0.83221434792589521
0.67109501118209225
0.47006230198017901
0.57330002461503726
-0.2200775713644525
-0.28445625211769332
-0.93308654647544864
0.21170758243032722
0.1924677137538007
-0.95819417588706468
-0.012196140923145318
0.26938634351341212
-0.96295495848718526
0.81051172645996639
0.29667595303000588
0.50502883102316276
-0.96928390998122993
0.12241950923584261
-0.21331236628464451
0.88268992272498981
0.037851229564914032
-0.46842906052056116
-0.16372071694212939
-0.91735358012032908
0.3628469868751425
0.23010534702588567
-0.12321844703634492
0.96533348827234222
0.73760613706745182
-0.67495202235604046
0.019415305249279931
-0.82659799117073984
0.29877158760667455
0.47693951338873641
-0.073982188519713596
-0.98663526650164801
0.14518087572767896
0.26892867009558119
0.58010992207670853
-0.76886269821651343
0.94351257514294684
0.16796487052510539
-0.28560781294742199
0.37535672078256649
-0.77296200587996133
-0.51150471124847408
-0.23502728049524813
0.19122795872048895
-0.95299215381166857
-0.21231235311508218
0.45552877284860716
0.86453282287127697
-0.79258356036807542
-0.52243202366948416
0.31444567174453691
0.77295238828345592
-0.090836971900315228
-0.62792774264471141
0.90298792931419203
0.38042929864297403
-0.19971566850621061
0.18781291667697436
-0.95888803972853376
-0.21274406124462752
-0.87282129530834063
0.25162485283017455
-0.41817211754786271
-0.64518986428708236
-0.76039549043026422
-0.074355478308826328
-0.25824498502815951
0.85212842694775082
-0.45517762653205757
0.37170256955650244
0.69199482370368293
0.6188540730676354
0.89506525941849047
0.34586553722378205
0.28148749802258477
0.23827276741342651
0.83936702435649602
0.48855817128778894
-0.42237544798265203
0.025502213742076261
0.90606214910220562
0.31937662478714729
0.91879911275494663
-0.23196284603421366
-0.90821854292229987
0.0073305849590832505
-0.41843200261960395
-0.021360435949546258
-0.81587353678973207
-0.57783570653106842
-0.22324456412770557
-0.71362715108953967
-0.6640016218468584
0.64770866758260504
0.71785694822685098
0.25525454711091566
-0.45386777968760533
-0.8896321280958831
-0.050583744632380086
-0.9642391220186125
0.26344401007634005
0.028985671006075742
0.39742962651773955
-0.87148446508446453
-0.28734042368315443
-0.39098306171542296
0.3525216623949029
-0.85021216351800555
-0.46108948717045456
0.41389679601198759
0.78491141351868376
-0.03943545372017819
-0.93244492160101045
-0.35915360665092755
0.094282779832118482
-0.94863670638171116
0.30199198123855453
0.9264576825708678
0.37392625755272668
0.04307338294154673
-0.74154692769962038
-0.65925253190218658
0.12447591413526732
-0.23808649876577639
-0.97102724220094627
-0.020516188951140713
-0.22183434553283427
-0.51786404384026108
-0.82619994870456814
0.36492516459632679
0.35835129224723111
-0.85931017426135681
0.57564002970602934
0.27032365340997561
-0.77172772310389703
-0.34042200363543518
0.91771298210084595
-0.20473334346023861
-0.078848195227487636
0.63946580538602793
0.76476561497714213
0.98549240021012185
0.16119452939238277
-0.053113584157551012
0.48865243131910802
0.86264546639925266
0.13062006226740244
-0.17275073097820492
0.9659613155958966
0.19255108859401576
0.7600371780239803
-0.49225836770062248
0.42429375136815689
0.9471743916067682
-0.29526493063362286
0.12521698216404298
-0.75506710843234004
0.61848943594633443
0.21758786589883589
-0.40457734925893402
0.70095251250882429
-0.5873523164797948
-0.44433989412480718
-0.13420241987013626
-0.88574926982197089
0.47836961938043421
0.79513405166536166
-0.37272556544466395
0.77399887367438391
-0.31477252138269352
-0.5494033157282241
0.013561693202268479
-0.85546604693563333
0.51768129483091074
-0.78651718451348451
0.47982325981723889
-0.38879346419833199
-0.1499710680110424
0.98769233885567342
-0.044413089573198422
-0.65877456217238439
-0.30170402297097326
0.6891957332701022
0.37411471336344132
-0.92627040235348157
-0.04540179477630113
-0.41962480548178238
-0.59122050418777572
-0.6887476591991647
0.38432176009569075
-0.58833857716804316
-0.71144536215568432
-0.88683734630799227
0.074958860876599503
0.45596128165610839
-0.89500319732432798
-0.15487810815636788
0.4183085564426508
0.84221686115370353
-0.50281264931028014
0.19455127468608524
0.76503655322085917
0.53054334362590361
0.36502442763491005
0.54126938616792897
-0.83306711584716309
0.11413427220376371
-0.76278896798642704
-0.34115338324339112
-0.54933355934239936
-0.29853293368912648
0.57284791767445509
-0.76336318402121317
0.38145134239348721
-0.53712428719641314
0.75232464633956497
0.25383075669361277
-0.85387274269108859
0.45439111594038245
-0.2619901615555425
-0.93201723439778761
-0.25040972431916525
0.58976678988061937
-0.50161526064315975
0.63289593445036785
2.3990579254954382e-05
-0.19239716070871291
-0.98131714138482151
0.74422825713818497
-0.31201277727662807
0.59056949471944853
0.13025627444427024
0.43783375602319363
-0.88957006753516699
-0.5526583340247998
0.58093807650655471
0.59756147558037676
-0.11799339214390109
-0.32083062489564684
0.93975809096780027
0.5960406863594091
-0.65771034826637764
0.4606002583450477
-0.082671568537457801
-0.53024554146514646
0.84380393309813984
0.87645160140302181
-0.47935779787617827
-0.045262479090074671
-0.065658381751507205
0.28018452937538851
0.95769807685118857
-0.1878950444007704
0.88979918447206319
0.41587601950879993
-0.88248420367990921
-0.46556034816609443
0.066896879380891519
0.093314605813876295
0.094962021971670169
0.99109767365525225
-0.91733869437741233
0.34778576906372055
-0.19373894454833038
-0.7950919611655114
-0.10495431510145235
-0.59733856817684727
0.55259647607299989
-0.62569330196280737
-0.55058607547828686
0.42429499172588597
0.10957751575099241
-0.89886958344254342
0.58829744391048699
-0.73157582225365281
-0.34453292118791695
0.56823094459849499
0.083528963152813732
0.81861865719962545
-0.59803660235772782
0.25889203580518666
-0.75850322084818533
-0.014669083628838158
-0.11460480863748834
0.99330285201576596
-0.56041232133711294
0.19748618589932748
0.80432408671659517
0.49903553662387923
0.50105574567866062
-0.70704078588785668
0.67685007302701439
0.73601263571458597
0.012624528181011939
0.61581229765097723
0.022482792129210217
-0.78757205265289776
-0.61962514056471651
-0.047359833330716271
0.78346776026014109
0.582326013555862
-0.80411354753809861
-0.11957347783615006
-0.41109595199371107
0.75883992415537815
0.50513571222221476
0.14880802943681212
-0.98800625975674505
0.041228643642743867
-0.28781508638857234
-0.62075515840746709
0.72926367615400878
-0.39430572517043072
0.87271919860859004
0.28789615398230201
0.77543957606858738
0.51780508464306674
-0.36134659011032066
0.042205698067081777
0.93374584319592457
0.35543969863396252
-0.57338092084321779
0.80652716436207872
0.14404253801932276
0.84828955136856965
-0.10802755361944612
0.51839645513632571
-0.41304678969236674
-0.82439594356407864
0.38699312365973898
0.75671188340966822
-0.61804567533902977
-0.21308840583503236
0.97582700882856865
-0.050949869488884671
-0.21252237444503158
-0.64102107513029427
-0.5756417897245939
-0.50766968706184157
-0.20367216292987203
0.76357496263763713
0.61275682491539729
-0.99952573458049121
0.029705234544221575
0.0081181864971335248
-0.58941561503778328
-0.43170513468920968
-0.68280297995293127
-0.051972955064351838
-0.71135329063027986
0.70091034223454807
0.9046244446247883
0.10461291575126591
0.41317157700562096
-0.97350663735446663
-0.06235539480195753
0.21999234478929267
0.43318011749065871
0.30217885010042272
0.84914246647000613
-0.45984156567636109
-0.73338533357717639
-0.50069120920004839
-0.0087182971942202717
0.039524538105351399
-0.9991805653542265
-0.8149540054121075
0.55490750685413603
-0.16711561237565414
0.10807653123913878
0.93594889861252306
-0.33514045202171644
-0.61339880037309236
0.61026688392189754
-0.5013145141416796
0.40260578391568269
-0.70451143662093263
0.58444180071924057
0.68586383133005824
-0.68470510809189566
0.2465151513114732
0.55453911337413508
-0.31718585884682088
0.76933705401847952
0.90015387563656424
-0.18940850205570797
-0.39223388370395235
-0.46414607145544007
-0.67862438948330961
0.56924279736408323
-0.59534473212347117
0.71333528366489318
0.36975319202348805
-0.78031095144609264
0.13995074661297552
-0.60953146561581539
-0.91324404891607813
-0.32114825185003443
0.2506972426115503
-0.89297755281697888
-0.23603167227119368
-0.38324944859694643
-0.32533486297408776
0.24912568848351602
0.91219165654551226
0.97278092554686779
0.14264399446236653
0.18261971891337292
-0.73075746711283263
0.51866700566388335
0.4438221056848099
-0.74404926442385411
0.13618603445767333
0.65409789491253911
0.5119646227341792
0.85108383693628398
-0.11639814248716568
-0.25320921665650392
-0.84638124694220329
-0.46853375270599312
-0.71722934243127401
0.6967892699779783
-0.0081721232955862325
-0.014058763712574812
0.605523542423136
-0.79570320518030502
0.061033691082629946
0.99054216591197297
0.12288655786231194
0.95618692760799007
-0.090702645830518777
0.2783515574070603
0.047021720159264105
0.47949248052038246
0.87628529541335709
0.56946606973324476
0.66158683471972812
0.48786397238175144
-0.91750844429557032
-0.36256292188905787
-0.16348205503232269
0.68962045026749152
0.41352316553078505
-0.59449325155317034
0.99697283848113438
-0.067945559588256751
0.037796299595444845
0.15454286697333927
-0.55000920020025457
0.82073526911101913
-0.34211629885546208
0.6050173927190261
0.71896480620744707
-0.66112071019277552
-0.68592673869749365
-0.3040130189548142
-0.66344134190582393
0.69523485956048536
-0.2765756242008896
0.26668206557764729
0.93107791330744816
0.24894697276787203
-0.17464717002289346
0.068215200101872625
0.98226526584118601
-0.37411422210105522
0.92627062998020682
0.04540119885854714
0.2593264481169959
0.83714252616992824
-0.4816037626356901
-0.62974145152872174
-0.21178517086896173
-0.74737724452013077
-0.48403923667252208
-0.2349675731812127
0.84290940018178317
-0.55473859706808359
-0.81574006686028311
0.16380852310461486
-0.795628805529354
-0.35146441269967676
0.493404064046502
0.81198989733912952
0.57372325058235141
-0.10730348717730662
0.63916704208877473
0.28309992584572907
0.71506637754381186
0.48810312576367904
0.50383075193502935
0.71267798620717149
-0.87676657924544565
0.39986003635041228
0.26719340719427698
0.19968799236622711
0.29977096505641776
0.93287838125550415
-0.77893187150030196
-0.10546368468571241
0.61817679572558348
0.17850792991108491
-0.87805212460961457
-0.44402633415981196
0.68036899075679058
-0.11432990057425041
0.72389689200276863
-0.87430829255947584
0.48299740532722896
0.047942841059939102
