-0.16293141892749111
-0.33481082427301928
-0.92809216389100913
-0.30063077164376578
0.77461197827466732
-0.55641479334600752
-0.87606354028223166
0.30152003751881229
0.37629554922004693
-0.040348041783087985
-0.99793260878086854
0.050025432092888338
0.86061295244429081
-0.31948945445443167
-0.3965751310628674
-0.77859400472942586
-0.37550444219910539
-0.50278006094925176
-0.44617191288194175
0.58647994046133878
-0.67599697010543891
-0.83194799681443121
-0.30370555787769177
0.4643548909085109
0.1686214945735944
0.66286462862638096
0.72950481539450951
-0.55797215019487767
0.78616637396703348
0.26572450404588471
-0.034327644044606101
-0.51428193793642552
-0.85693389544742671
0.79546345539906704
-0.18306413489098461
-0.57768972090664017
0.68432749871771281
-0.039223085301804371
-0.72811910020144799
-0.15670603800266322
-0.91209471398311204
-0.37884884898541388
-0.33954128945380968
0.62079600377641653
0.70662863970495526
0.49689597640106853
-0.12924821435534437
-0.85813127650866083
0.39716952613590778
0.62388028574512899
0.6730748521283163
0.086957567905140101
-0.16682070797667031
0.98214521979908109
-0.014987048921475406
-0.98223521906053579
-0.18705443807011496
0.72075245313772185
-0.67715595712510157
-0.14824206901532216
-0.17696161880401606
0.10308158779608503
0.9788047669110016
-0.13636645383924106
-0.84704092007927922
0.51373716040263051
-0.5755076234513915
0.77840543081079261
-0.25075079388427796
-0.10899989569628317
0.882846114941226
-0.45683887758309566
-0.59933712275686901
-0.63130476240521727
0.49218828739620557
-0.71866129396718859
-0.58405829219897176
-0.37736170429314447
-0.2692229983401937
-0.95850005329084775
0.093790324693744598
0.086762913857240151
-0.90386133199991592
-0.41893542377595494
-0.45462579877031162
-0.57618799133588283
0.67920746589887893
-0.93252561574822657
0.079703562124497807
0.35219783951361355
0.81150220093998993
-0.51242928465783077
-0.28085655786293462
-0.20595301462202706
-0.67991830474027559
0.70377159266853684
0.40503000596176031
0.23551682149048397
0.88344921815893629
-0.41698255034070397
-0.62010908089376371
-0.66452259593218777
0.74933164633244354
-0.65477595032241342
0.098846035247198691
-0.55539489326973046
-0.10907669497560821
-0.82440207856549153
-0.69228430161465493
0.27587223032792585
-0.66681103640522132
0.54097400515884764
0.35327735955722195
-0.76324454335859648
-0.16323123046199647
0.95742950452642439
-0.23808466826771518
0.064622747926546542
-0.28292175072284376
-0.95696352251187877
-0.51648915464016854
-0.38079840832917711
-0.76696253190951225
0.61572456828915634
0.15863825249195199
0.77182715736843044
-0.46095129715652067
-0.88250465125628608
-0.093324392099503772
-0.66829683834238185
0.62801272694071808
0.3987221471928285
0.96084860840570363
0.20193928492606805
0.18971156245303269
-0.92417797828482706
0.23434370707186614
-0.30162574725839519
0.70095760699217891
0.40889474747753574
-0.58434879882231339
0.049448756412503299
0.073547096604221582
0.99606508074038336
-0.86674921820600181
-0.42644200300297763
-0.2586368318977269
0.81769513159230955
0.56502590147910392
-0.11009269924913977
0.52915111520215863
-0.22909492546167878
0.81701567451794932
0.93724789675917108
-0.30246129522415738
-0.17344608647022139
0.19414396738013737
-0.60794761536996988
0.76987519566217166
0.60052563088151778
0.54995926066078915
0.58044274331564627
-0.070471650181320289
-0.95621151818394601
0.28406562448327771
0.22450693991618409
-0.78398201600788209
-0.57876491989899292
0.35339777243903497
-0.85313303680293517
-0.3837629945038078
-0.14137249540581612
-0.11170325214336291
-0.98363418047734041
0.53210742738698324
0.11834517516879302
-0.83836513836983595
0.86816825133168951
-0.45362747061655356
0.20126103766428394
0.71983752047905858
-0.61159262527188252
0.32831144485626396
0.94971793622540046
0.11749150322332362
-0.29022678767145171
-0.038370683374749109
-0.56378641894634585
0.82502882644730058
0.29869411837079513
0.88553544426320596
-0.35582130431476389
0.55403080313339514
-0.78548944005482491
-0.27578290146730111
0.91847612985275218
0.33699563152591777
-0.2069674931557077
0.26403187647421567
-0.772684431726539
0.57727457693279738
-0.031480850498979827
0.55617056465671977
-0.83047170876634113
0.2029385328581251
-0.45890638497078567
-0.86499761948483811
-0.90325245876148963
-0.36784767650892053
0.22095945924153657
-0.68895795753387412
-0.24594255950563951
-0.68179849675293913
0.16403705914940656
-0.95837367180093802
0.23369156686624842
0.13586736135316529
0.84192951366259494
-0.52220183276468379
-0.67403101054686321
-0.69805039188102325
0.24167715493178962
-0.20963480029049589
0.95243753849343493
0.22116958600976375
-0.062642386607716621
0.31103766960794549
0.94833090189287195
0.04199182205310964
0.99704779403950416
-0.06428361596564694
0.26970281556940001
0.95494294373677757
-0.12387237577957291
-0.65749481027139423
-0.75343890867796171
0.005512291387935785
0.91980627624107825
0.39170017267244256
0.022964949725607829
0.86938840744419943
0.42911222519994507
0.24500305138016162
-0.04447730010265883
-0.80861385108854167
-0.58665612551420265
0.48462618611935498
-0.0068294056967609131
0.87469470042137398
0.12545325350286055
0.19233814766952725
-0.97327669145860174
-0.41445175875159523
0.90244052787164275
0.11760456335729666
-0.10894552070788628
-0.35495596995407053
0.92851339942493705
-0.91793808950077449
-0.39591769814537203
-0.025275287118805417
0.93371585693140646
0.013880501932190386
0.3577457619329123
-0.72812393745980675
0.67219307849249954
0.13413424963372977
-0.98224003315391095
-0.17098415717972887
0.077258884688699084
-0.54965073584385138
-0.12580654609430028
0.82586729051714824
0.77185368257624132
0.44414121444663335
0.45495106805387819
-0.74768430536787811
0.65292514551740743
-0.12106582448249288
-0.61034664898126023
-0.75510520788307578
-0.23935975665345935
-0.36047923197591725
-0.75553709915972467
0.54700860606334256
-0.14709043323209187
-0.12964641986042857
0.98058972576147707
-0.35258403009051154
0.00083016018797241393
-0.93577978849684262
0.096710565045487487
-0.88526968866938194
0.45491168915713542
0.48707753849189728
0.76582218231194699
-0.41984742058948177
-0.22450646383261239
0.64405200275903141
-0.73129601765595342
0.65214721282932431
0.75789733609888577
-0.017194206383452388
0.81509703260151056
-0.38946438070075712
0.42887565052073967
0.65033872916724544
-0.53855618367888836
0.53573946500735203
-0.173331316506385
-0.6662963059750332
-0.72526235760736146
-0.70689781549304687
0.033291171373111127
-0.70653179430211366
-0.59283336094191619
0.80529818647236695
-0.0065906766442030765
-0.52525859356175486
0.70514656694485489
-0.47631053842573384
0.68913586529521065
-0.071776998745105069
0.72106852768302587
-0.86048639033155905
0.45836179658068765
-0.22241320889166724
0.39343219435087656
-0.90995061382908315
0.13115254035026874
0.16536589076896557
0.65567744433233666
-0.73670971974313049
0.96069822557391382
-0.27109388658011629
0.059724568127535481
0.71561955238860764
-0.29696833488359647
0.63221710220112926
-0.93929784308996767
-0.14733918965467407
0.30985597486322336
0.28025108766817636
0.79553197296621503
0.53720406536928367
0.84567776373991299
-0.14322594322387988
0.5141161824952506
0.67146165253852919
0.69901888579028559
-0.24599155773874681
0.34453294540464474
-0.42674765989924573
0.8361719226937232
0.84900178075776411
0.2714006120163186
-0.4533626407935632
0.92980183160341812
-0.22313962619869018
0.29270678360235808
0.84675670217815246
0.046719247177000864
-0.52992489964106615
-0.20620932368416772
0.48142965161676471
0.85188215462579009
0.31365279376292676
-0.20282110957100241
0.92762358878863049
-0.86955365324510536
0.49338356047721593
0.021192130117483755
-0.67175720998450605
-0.43822585524854746
0.59724396240189104
-0.086626458170266429
0.6639091905633594
0.74277886576718122
0.073558491354398237
0.9511326964597826
-0.2998928843350705
-0.37355281585875255
-0.012415475096112573
0.92752582160397812
-0.32167463086696618
0.23384278227716021
-0.91752001887341816
0.58874646566265543
-0.80831372833398352
0.0025525979994511024
-0.037125736450207433
0.75731730904220362
-0.65199093024221211
-0.34415717619506259
-0.25874064496617666
0.90255698807107332
0.23601517886973727
0.96415590994015044
0.12124445006088591
0.12575654750677928
-0.39549159166128839
0.90981959293279457
-0.99047257930470534
0.062546049667350861
0.12268684247503199
-0.78464489167950779
-0.60583894997662924
-0.13149737888060264
0.86887030557884215
-0.493464262508509
-0.039464081267184994
-0.83997781447842201
0.14678511451648513
-0.52239008541552157
0.46296240750389112
-0.70839552201706313
-0.5327678609154024
0.37573567790904
0.87579339769146791
0.30299938103281432
0.58272942755205137
0.78394719793391032
0.21413361510148038
-0.29003592832508224
-0.89866376168354478
0.32906322145962924
-0.82359598092032393
0.50210648570066441
0.26377781792489285
0.51813078201234775
0.40364917662926164
0.75406089604075899
0.99144442234172447
-0.036412398063013607
0.12534789457659393
0.34924792390205178
0.27367863315947805
-0.89617291490095041
-0.46899057098853192
0.71796412645020713
0.51436889238604044
-0.39704556572286143
0.90926989624108701
-0.12483218547127821
0.65514713138334357
-0.62755681391287865
-0.42065981689685145
-0.11287070144095818
0.11633379508565152
-0.98677588786775472
0.44851819745841492
0.89247815393233543
0.048105834388201173
0.053865377218584705
0.49992590535143339
0.86439146819924673
0.72022617482209939
-0.43313720043970022
-0.54190997656103901
-0.81611170784851739
-0.56769789754693456
0.1080776453914794
-0.9431549495600452
0.29389635482474546
0.1551891547148698
-0.19141808088874926
0.98146872362102366
-0.0088466300130096188
-0.32114890297905135
0.26704868548110106
0.90859693027115584
0.15103497528925217
0.42122191619242799
-0.89429331517045008
-0.77506411692555832
-0.51545897512322625
0.36548277609118274
0.19362331197879251
-0.98107064506899599
0.0032252817345274215
-0.99298638324832744
0.041767412698620901
-0.11060527075989175
-0.29202796256837527
-0.78894185081172363
-0.54063890455269281
0.62727205936222885
-0.28822541154674231
-0.72350250565024266
-0.50429136968140764
0.37484431951695379
-0.77793441278215847
0.28660228563709822
-0.21186835089482231
-0.93432913459695754
0.41540856182154123
-0.62126975699025855
0.66442427395048131
-0.37314226682681767
-0.23691478989494913
-0.8970151788216163
-0.082258450279234688
0.34238026484851619
-0.9359536856062477
0.99053363415295748
-0.074509927897681905
-0.11528829193121513
0.15063812235839413
0.91615186876481303
0.37144839406178404
0.42487625055273687
-0.37876346654779813
-0.8222033861064687
-0.5193954871117098
-0.36444852458359117
0.77292017757128928
-0.96895222432097228
-0.19326179054636553
-0.15421240967656666
0.64631409686206587
0.60543665832189797
-0.4644615602580966
-0.82601021182036904
-0.098926310064501768
-0.55490604172732783
-0.52212399133502518
0.15072922321061069
0.83944460147332445
0.48716475908821816
0.8529615010128403
-0.18742245140975128
-0.48423029756827402
-0.86379979149862041
0.1391795212086922
0.71205820971749856
0.30916912583005124
0.63038683172112109
0.87687688931749119
0.23519974051775869
0.41924694756343717
-0.64171780928619571
0.49985471145577687
-0.58167303588905317
0.54564032590792511
-0.43672720839855983
0.71522442644773698
-0.80416887525627867
0.38175860530523587
-0.45560156644205335
0.56931916563670359
-0.78478904998112664
0.24491189164360413
0.029745238890166573
-0.7493394332140586
0.66151767519379279
0.50994722129063508
-0.72218265181091279
0.46733932952547236
-0.24222550921907601
-0.95947879122003987
-0.14396962138760536
0.78064689809150478
0.61302538288770025
0.12161537910766124
-0.39203578608813022
-0.86034577163625781
-0.32575005088852099
-0.89986216131693408
-0.22500336053761774
-0.37365970933028714
-0.36104854579868195
0.86346964351458833
-0.35222737302124407
0.3459570130027671
-0.86384656679559269
0.36617325706510939
0.98667608219794867
0.15625898591319939
-0.045314877688080291
-0.7142060444365772
0.59877243656819001
-0.36246557808494156
0.040653487750964487
0.80796116765626891
0.58783164723686021
-0.28336269429154759
0.45131223292291045
-0.8461813351155717
-0.49461127281230682
-0.79111984840965255
0.35984590349103346
-0.95865863396913253
0.27504092682635511
-0.072980217092965413
-0.45151860526091347
0.41312987553896247
0.7908569118623171
0.014735119531646919
0.98394389844384278
0.17786871835013904
0.33383818543973576
0.73096198105709176
-0.59518622984020431
0.80419226843578218
0.085501560730346746
0.58818728182508806
-0.74188803110565649
0.42835619625093507
0.51586153029238657
-0.9396353160625176
0.0046927971786538307
-0.34214536452030581
0.34265113481166576
0.50696091639074115
-0.79093667829007508
0.091287783861231986
-0.66879161468887993
-0.73782404178743444
0.09644792958038037
-0.044488372778022471
-0.99434329160869872
-0.6479803484771085
0.29703190503234822
0.70135120687166363
0.49923881590745189
0.73535155054203183
0.45827797438536683
0.21235962952239229
-0.95049960973663228
-0.22683447630292403
-0.84340541797639323
-0.066438987675700362
0.53315397573749146
0.69413343333861366
0.63149158055159149
0.34553894196457996
-0.28895364433423226
-0.48442163940234273
0.82573692342338212
-0.34959089124958925
0.85698121854384879
0.37864151887823655
-0.6946252134499592
0.033072083985814245
0.71861119536257834
0.80359510850541316
0.48612235277346411
-0.34339475785190005
0.50530080298322322
0.57383155898730953
-0.64450635405300993
0.71375826727469505
0.19091920065673604
-0.67386867764989489
0.32845719307988652
-0.60699091894424573
-0.72365592420245017
0.17706352980084228
0.28196829346035313
0.94294347014946889
0.3242342339262968
0.03367980434223148
-0.9453770847284676
0.271552766958299
0.037297123254121448
0.96170058716539142
-0.22114691745170409
0.78527274146277315
0.57830853565994511
-0.30507954081012162
-0.48486299958155676
-0.81965501609876124
-0.61738613831386657
-0.51242260168618003
-0.59687304638344785
-0.086826416431579331
0.90513627525398754
0.41616042174741691
0.41416748296649791
-0.90253372828783518
-0.11789048034534362
-0.53418662037956499
0.142852013768305
-0.83320943151754978
-0.52546558699566359
-0.71163681655433464
-0.46632494915854
0.29612328180173297
0.46581663891660652
0.833862015493815
-0.80648011020921906
0.17371194387499006
0.56516722515738504
-0.56618076257441796
0.53623226178844607
0.62601462084195592
0.54179546601590167
-0.52105824903486508
-0.65951192113360046
0.92961565075889485
-0.102653396887777
-0.35394494200583937
-0.7101592283150916
-0.21500944659640128
0.67040645008324817
