-0.92793448063236506
0.3558151592425543
0.11105481577463835
-0.53615297126968031
-0.56579273319104317
-0.62643321628638315
-0.57267886785500766
0.27291349029079187
-0.77301820232747731
0.11850609029883517
-0.077235793588820392
0.98994491702861398
-0.81054583818152104
0.51680316552242622
-0.2755538646301578
-0.53757331528145613
0.63827370228486224
0.55101870355631233
0.6237532617596605
-0.76850971084073227
-0.14256469684910922
0.34248156768857524
-0.92982577687925738
0.1346491754317915
-0.10046459572770258
0.57469224129364271
0.81217959393360695
0.82315464295329077
0.21424125403521999
-0.52584895060640446
0.58252522517443561
0.42326543622368351
0.69390974379514814
-0.58864805120994779
-0.58750506393395618
0.55527585185985595
-0.70099042228379549
-0.55790199331417345
-0.44424969749281545
0.066858138817856891
0.99520048404608763
0.071456181175916053
0.48543223849695066
-0.25497840905972396
-0.83626643645504017
0.68312333425128724
-0.071308839959754539
0.72681329070470235
0.6528958096704629
0.60761778693916546
-0.45224737335876425
-0.26545421524092139
-0.40559663919834416
0.87465731911522637
0.33710685440322796
-0.77899766447042729
-0.52869803050889141
-0.77993984864528287
0.045985449899537213
0.62416277595889214
0.69683911237062668
0.53061046154580582
0.48256376735998729
0.17151401479124379
0.97229767396447286
-0.1588086141664386
0.29917691430437471
0.95328858464594579
0.041641905948724904
-0.081557777647441973
-0.91264011554361946
-0.40054506413853042
0.43712705669053425
0.27384174894596369
0.85669751537125771
-0.6797166841883312
-0.15990906631558499
-0.71583120897743635
-0.50340050375140799
0.79464050423721921
0.33931460600517449
0.34429246576613903
-0.15265742581931882
0.92636839775485169
-0.43876549017339744
-0.86472890809601899
-0.24439468107134596
-0.45431142719645018
0.26915658837538764
0.84920896018167802
-0.08046855504846856
0.98949861816731655
-0.12007204626132822
-0.12721968264154901
0.86015159392599527
-0.49391738966668602
0.67178622470745086
0.20471598327285695
-0.7118951007598926
-0.18364709546647504
0.23399801392052424
0.95473487095003384
0.067427149068805189
-0.044669185577473847
-0.99672375482291897
0.99726204681975017
-0.023042273469600562
0.070267087645886281
0.77163076952946386
0.58794867543698826
-0.24269798220681305
0.68210384743618069
0.41770246758804097
-0.60021578609998349
0.54535004203207194
-0.23497909957554947
0.80459813224881482
0.077283340836609787
-0.31701195332900317
-0.94526753180021073
0.58518952015726655
0.71532191813602508
0.3819264051257858
-0.15568663808274372
0.53797539184254051
-0.82845889970134157
-0.78549819176095492
-0.60171809596140446
0.14466486696102876
0.29054791799205193
0.096999828065708199
0.95193116384836729
0.50078578692784959
0.40130240022851227
-0.76692240753670093
0.10615335406165161
-0.54416226487978681
-0.83223728281203679
-0.93620681085923318
0.31416969122203647
-0.15752527549010784
-0.32111748882097607
-0.041687410856299983
-0.9461214077217619
-0.53061038056125132
-0.3768472127501597
-0.75923566979106016
0.82055992904158892
-0.50753555075194234
0.26284799328544484
-0.49085652803664281
-0.090545073449795038
0.86652262437733474
0.8628003627101678
0.36720857515148314
0.34746711562739369
0.024407108671470855
0.94128948391671141
-0.33671709269668815
-0.74373761742256472
0.29294142327301897
-0.60086577449658807
0.082834145078638677
-0.9832730019518634
0.16221192324136283
-0.14634695230829153
-0.80322643935309412
0.57741653654378899
0.62724570146165981
-0.025894090789098847
-0.77839085687081144
-0.84816484107376666
-0.34737190258681017
-0.39993644952608648
-0.31238634810828647
-0.30659966715999798
-0.89911701886514572
-0.32668846326183315
0.94115209632538244
-0.086645135777837737
0.65126157250019379
0.7422847561662681
0.15770765659205874
-0.82898737854770155
-0.14355553504599119
-0.5405291246235201
0.21108368648774203
-0.70717678365132275
0.67479231913479498
0.76133670695416888
0.32318587719396097
0.56206521634642337
-0.68451561710688213
0.63420739085201761
0.35947093808187114
0.91559326929822804
0.38655547980990485
0.11074216109827584
0.2603344706232491
-0.18057330405422412
-0.94848260145785135
0.28638365591325166
0.71965442591408157
-0.6325202833807263
0.37401504692737425
0.50181468352243264
0.77993254071951301
0.7211175190213438
-0.49823539922354793
0.48140524583873606
-0.65111982426930948
0.69585084432026267
-0.30304220317025288
-0.41588031373156931
-0.88845923906319957
0.1941230155694369
-0.1157152117952419
-0.43493308752225213
-0.89299675203079165
0.97495765270168311
-0.21649598965748146
-0.050863168409487507
-0.98478756496101016
-0.029652983719442774
0.17121376245704806
-0.79440193196078801
0.58621855954456625
0.15897600744282581
0.40898565897816214
-0.59330711718012474
0.69333786529628416
-0.7098252969536768
0.46327918168743237
0.53058500508367912
0.77967761832658633
0.57004121327171675
0.2591444127360088
-0.062529145479550935
-0.99764887819935577
-0.028050343904560342
-0.96167422706132
0.10485294642303336
-0.25335457491906727
-0.32509485478279915
-0.70106332086306689
-0.63468382328069406
0.29002316808044387
-0.90992647304296514
-0.29651370226715124
0.34913798480806679
-0.78828968721278936
0.5066577114760269
-0.12252131492879506
-0.18060015720033906
-0.97589554287707037
-0.68523736602717966
0.27424080819910684
0.67471603754352361
-0.50880969347880245
-0.7286656133924384
-0.45843115042657029
-0.87149276538726828
0.088476268457938975
-0.48236118189320598
-0.54626456205127749
-0.8367188012034783
-0.038686896483693195
-0.34729499526030855
0.076232025347781285
0.93465226933791667
0.58273926735427095
-0.44727659373319539
0.67849730653985485
-0.93754536146161027
-0.29868102794847501
-0.17832088701400281
0.81915929344778582
0.41482940162357507
-0.39609925461524265
-0.93602509826190372
-0.11601557152202484
-0.33226104584830773
-0.13437260536523671
0.088099445797257134
-0.98700683410884982
-0.096485971383704905
0.86716921401352531
0.48857753897749706
-0.48450006167147802
-0.31518457527537141
0.81603821831383483
0.29384706130080462
0.53885048670080016
-0.78948974505511582
-0.28503769311926674
-0.17688811166154825
0.94205313515430666
0.78764350231897617
-0.014353938596650751
-0.61596402305772757
-0.34418555094396536
0.78470826834493135
-0.51552811767400064
0.4957538982721752
0.5937081109741903
-0.63382864507010117
0.81940687026310266
0.57287963656956131
0.019526980553946468
-0.96515833058547973
-0.25088898412635074
0.074324387286391846
-0.3335975261130093
-0.52039288231833236
-0.78606866023503208
0.90059580594486699
0.40876587320803692
-0.14777569223315004
-0.15989874377547028
0.32661895682215752
-0.93153231225944721
-0.54976629445157954
0.054133203768939604
-0.83356260576797092
-0.041364495331343787
-0.47744352941501533
0.87768824462089989
0.14429620788458328
0.86120082169232448
0.4873517714203921
0.064776583592928677
-0.97051462637969199
-0.23217526612693976
-0.99337742472214685
-0.074866428447813119
-0.087156812377826798
0.30013489442475122
-0.41175469574149481
-0.86045169282387524
-0.06335432938516293
-0.25159922317305067
0.96575569366526326
-0.90711666799638191
0.010890953796287829
0.42073832457781746
0.95143965736816127
-0.075205544164049093
0.29850746140447659
0.92989263011587042
0.21818333338965262
-0.29613464756284186
-0.94449834491117246
0.18880834127462914
0.26883877459395478
0.98383145572311248
0.0016162074460588656
-0.17908951561504846
0.49482426565607079
-0.7982156397336827
-0.34351235582214185
0.52539977324541531
-0.64340991498188582
-0.55675736149301935
-0.73277648101014192
0.070386260213275098
-0.67681932836731418
0.074289888241703114
0.64730336749061557
-0.75860356111762628
0.08751648589218404
-0.84184950762728605
0.5325694989433577
-0.30293637687351938
-0.84506277836950583
-0.44056605881655986
0.082857393317338268
0.8131369376633294
-0.57614492359141622
-0.18014688667734646
-0.96742069786991736
0.17788842726085685
-0.2373445927098114
0.92395479456393248
-0.29995846698123868
0.9779782074521669
0.20291544019968497
-0.048825709182914227
0.25431682005421874
0.098148800827223298
-0.96212772953162951
0.67399083378515012
-0.6386359080690126
-0.37132268029096449
0.44975582262504038
0.86393854250165802
0.22656101781856447
0.059568798367900966
0.22641690023624136
-0.97220725442079292
-0.81620576452516902
-0.52624344484747165
-0.23848686905351929
-0.98934169557046436
0.14541238797707454
0.0076319609906799037
-0.63012795024222101
0.76421971741064287
0.13750269031671356
-0.56449348224757856
0.4812225488050505
-0.67065040596541314
0.89979582311974438
0.1370357578337392
0.41423263725978254
0.067436503001036471
0.45090642368408118
-0.89002006446114623
0.67530357856834289
-0.24916471174129018
-0.69417722751158417
0.12091494650575456
-0.72847417763731581
-0.67431813576912414
-0.61839472064437417
-0.76638964993823144
0.17388178152618988
0.28569613521987708
0.70122716001207641
0.65319077487501576
-0.86043529442793887
0.50708997437035663
-0.050108502230433817
0.13285201691390963
-0.86944058420562631
-0.47583969163793555
0.24279827350190075
0.87918619143206622
-0.40997638856362745
-0.37314886538958553
-0.72182172439232217
0.5828664705176988
-0.60255114636733886
0.094957499739313861
0.79241099768659451
-0.17567475694116627
0.7311986813192598
0.65915617892168588
0.73437688051338001
-0.28364138585332976
0.6166345446037218
-0.2696121406733909
0.90827965524720311
0.3199021123180239
-0.044193540946079593
-0.92986353537158639
0.36524065562982133
0.74246378088071097
-0.66635934310113754
0.068649544369498716
0.38600853444937128
0.89534373014039426
-0.22216439010456523
0.3257804408725245
-0.61621726440109847
-0.71703792605337835
0.66419732741961013
-0.68585227062127463
0.29740304829017689
-0.53981296008588175
0.83724224484220833
-0.087334939027275627
0.16280751109414091
-0.31458660350383455
0.93516254374694263
-0.81760123790341133
-0.19133778478803895
0.54306359470251298
-0.0099239617561069516
-0.6791588847252612
0.73392419518762475
-0.11107238241314379
-0.63390436577720533
-0.76539413436063608
-0.34906927430404799
0.7837006234376519
0.51377424474206668
0.22452011986870482
0.93503040538140347
0.2744245921677404
-0.63945699741143414
-0.72129878923638324
-0.26612554388423654
0.4795922234138712
0.18943554562216008
-0.85679955257678209
0.20315433284214593
-0.977910725996046
-0.049182609013234499
0.37382838101458488
0.8095029822129165
0.45272205969712676
-0.71678832838837037
0.50086174584065923
-0.48513091412489123
-0.015585441476326393
0.95658938344335009
0.29102207046452577
-0.50901434009068369
-0.76588242458670519
0.39284667911442966
-0.11665656006258594
-0.0060506747220039512
0.99315388350938483
-0.28319399196216682
-0.87407268832783103
0.39471267833183477
0.3798045662478608
-0.39248972931380477
0.83767553613583023
-0.78742970516917721
-0.41117349909337669
0.45922849765720303
0.50053085436569267
0.62896629165868767
0.59486995871792714
-0.32752583785856904
-0.94468967602256848
-0.016977678033728245
-0.65586251378433802
-0.37815476689750516
0.65333248448640802
-0.70526797164347066
-0.61045569212003326
0.36047321139324046
-0.36374461393005492
0.1938996414148676
-0.9110942788186418
-0.73163958580847488
-0.67875324547659643
-0.063226167312201903
0.68047298046946669
0.72889674588736786
-0.075273213600898684
0.7835883831753081
-0.59969296361932745
-0.16235022370842145
-0.013142450074310034
0.39007811619842803
0.92068797063344421
0.56314000768091332
-0.82128808091960925
0.091428769479449334
0.50909196568994475
-0.4620867337607224
-0.72615509428240976
0.18491093745586626
-0.52895505352771477
0.82825992089240019
-0.88633300768342838
-0.46268274975475315
-0.018397624037586092
-0.21037118927414908
-0.95397796064646789
-0.21370543587889002
0.50245360620012869
0.86441403197648337
-0.01813160055387705
0.88295218030749201
-0.46739259149305629
0.044041034361734996
-0.71189423255290774
-0.3709536115606501
-0.59632207717643393
0.9440056110122077
-0.27850511692403856
0.17688500847894403
0.8138071097748022
-0.43816109459865493
-0.38174971284873532
0.059177855913933028
0.16326122359383818
0.98480645521852295
-0.84313631359978281
0.42420428824315648
0.33041168037084551
-0.72011658963339364
0.68955272407552404
-0.077130655739432369
-0.53299331407426243
0.44837812137814576
0.71754803840686487
0.78554858857127885
0.098008721344709573
0.61098912063476762
-0.67260640384852133
-0.14932918601550602
0.72477680682118006
0.22142906394414327
-0.91314457901594648
0.34225158502863112
0.22126709394148822
0.34094356213226223
0.91367300528102113
0.43349190476822824
-0.035415827498226866
-0.90046126383261438
0.42774036420389167
-0.89805837234193575
-0.1026125757267366
-0.92240471862070494
-0.20663676304112993
0.32629861051825221
-0.87829312753159094
-0.4140396484463662
0.2391074060860226
0.82562122457750553
-0.23182265485371539
-0.51440047650028009
-0.22858174981858681
-0.61743684003550359
0.75267664519157562
-0.36481002856666067
0.61913078158862966
-0.69540687251899147
-0.098399590264556788
-0.79428586208667673
-0.59952271843942007
-0.86697156038182532
0.30807109843985964
-0.39173015175648818
-0.14386612023152842
0.71847927346681051
-0.68050721748423182
0.90921361850569282
0.0079724540212881469
-0.41625357163712473
0.96512508459444901
0.17264961551747252
0.19678841771869213
0.55201606958494553
-0.66012535105365711
0.50942396863150707
0.57935426355060438
0.76645312704972446
-0.27730532151661968
0.90107855572678963
-0.39682133996239755
-0.17490071629290185
-0.54263451196091428
0.66669259584990015
-0.51094889085686657
-0.83886508742645716
0.24342956874365779
0.48687514842953222
0.44534814914706561
0.76656797477165495
-0.46264302232473636
-0.42240719426528472
0.89693632368679399
0.13068050154536709
0.14638693401646913
0.55837617002445294
0.81657021639175731
0.28401678488864573
0.33165777855600825
-0.89963191574377277
0.85204885766815852
-0.10456869539632824
0.51291142713873727
-0.44357264177836647
-0.5251718665129621
0.72624914601605717
-0.45783270017858213
0.83351401952928206
-0.30926299147380731
0.50114336231765078
0.01815345221166095
0.86517384529223873
0.68472310381652113
-0.45612260619417
-0.56842452376591523
0.93063449407995558
-0.20160274063998074
-0.30541082723930002
-0.35838147689038324
0.60037681379536934
0.71491985458426599
-0.49322203931655029
-0.16742196753569807
-0.85364038372074402
-0.1808628071909216
0.97773203398660191
0.10643643498089335
-0.37447345517076702
0.41797412308615012
-0.82768790241420787
-0.28327591659083556
0.42667015016592846
0.85889891025487153
0.86260344082612661
-0.31192650532481003
0.39826769785004917
0.47047599157029313
-0.82508639953579599
0.31286542579359294
0.62773806916543262
0.19213365711409644
0.75434048964934741
0.057105129042084139
0.73676637860259842
0.6737316287646733
