-0.5109247893400195
0.30513668285182638
0.80364635531808437
0.03614518658512101
-0.97585730667037074
-0.21539740598432636
0.74427097588378843
0.64617071274568072
-0.16889086549228222
-0.10363539044428802
-0.68308758968928174
-0.72294609111603014
0.31243045330266195
0.53434478987379841
0.78540617350758024
0.13755195202709869
0.8170566252469641
0.55990886011348018
0.26978725462422537
-0.19596751232481682
0.94276803687627531
0.15905803210174707
0.73463730300366759
-0.65955179892061344
-0.8031156195707857
0.58774466305168682
0.097782987557612472
-0.44301771961610331
-0.33458894159544628
-0.83173646082649688
-0.72723294736217559
-0.59234235793087098
-0.34678923177027732
-0.36793680740572771
-0.020323889561369518
0.92962865987940446
-0.96728606638664649
0.23545156424712374
-0.094446951606872137
-0.61499893418532348
0.57661719889034924
-0.53785585140887293
-0.3012148582245468
0.65795973599037827
0.69018736224320831
0.22584988579791515
-0.97340804917878132
-0.038322302632123564
-0.60047893136233765
-0.54826582254402245
0.5820907496431047
0.77700158595790136
-0.077378834766677659
-0.62472478048261948
0.44873483077553961
-0.019947992819464425
-0.89344229205434555
0.032007770996170394
0.88110298459647651
-0.4718400503677469
-0.1617986683998085
-0.12144547500930543
0.97932231032679584
0.4886201729633598
-0.68136976001751526
0.54496383064101594
-0.030664848180441712
0.59957548905735325
-0.79973051711667609
0.98994535285188578
-0.13475543234037859
-0.043001997880481119
-0.84487398052036733
-0.1819019282628328
0.50309009683548067
0.75299381812377919
-0.60424929647439285
0.26054384962530625
0.99414854470937597
0.10645464300892171
0.018332485758151416
0.58372272345282039
-0.74490733513741381
0.32308024418602072
0.90439391984432427
-0.19257901616871262
0.38076890666138818
0.51127213706406649
0.8304818392410277
0.22113506405086983
-0.92927835890913735
-0.36175710544947665
0.074656066866375867
-0.55518103024682541
-0.83135079631037934
-0.025097353011261175
0.21462867088412055
-0.44133949627311664
0.87129442937729584
0.27087310338211362
0.049822241499254766
0.96132487022657054
-0.63452769514597462
-0.29868020407428536
-0.71285674562767554
-0.30963600097940203
0.80535565128583309
0.50549759825290497
0.52567006098441171
-0.84251042321825687
0.11767401477487968
-0.87068479179436409
0.48188996263210676
-0.098438088423290923
-0.95573749518276852
-0.26090141317342824
-0.13600107685557328
0.63224752922702676
-0.25547408223740553
0.73143424522733103
0.68084846091610696
-0.55559354975008335
0.47724331398592673
-0.16081410590534417
-0.34611012367438954
0.92430871770851741
0.83639575851449866
0.44117063569022069
-0.32528542135122357
0.083231170304668756
0.99160223944448989
0.098982680396055664
-0.70182223752320894
-0.064631219362196068
-0.70941409092410368
0.89864214551403832
-0.02356121253705324
-0.43804927071016747
0.27088403979813369
-0.75955188368602977
0.59135672226807989
0.37786164612046064
0.66408439374468564
-0.64514532810514025
0.65571924447956487
-0.023306422893155848
0.75464500466846929
0.43339140663927933
-0.89652585613618019
-0.091723922345896922
-0.19439535309647796
0.97881382915352877
0.064295680665984206
-0.45290608415100841
0.52931306500641251
-0.71742857355455036
0.10205849921151296
0.45115395651452511
0.8865913208801357
0.80093249658681187
-0.11578733539122625
0.58745249073794581
-0.4265291154485395
0.90080167240482489
0.081420271845265846
-0.2848766317166313
-0.50559988319168347
0.81437955697472098
0.47591928140420203
-0.30407778298204513
-0.82524998605539657
-0.53319622692488922
0.83616629248319252
-0.12856016065630138
-0.30371271049720244
0.94323190649873856
-0.13443273427702612
0.86440855286448892
-0.49616887911334145
0.081328329222543447
-0.9526775682009595
0.091269406071018716
-0.28995749095712231
0.71205833661821627
0.54080232178303467
0.44777871097962885
-0.19820790352235629
-0.97624495651346366
-0.087518065925257946
0.13034227356656114
0.95107273629451339
-0.28012772443791911
0.92581474321816981
-0.36366195402866436
-0.10303904324055128
-0.2381016179164212
-0.79965267986330024
0.55123788978355304
0.49110229498278607
0.74737278705164745
-0.44749575756345827
0.47251982302471285
-0.10989409503772084
0.87444171030694473
-0.13820244198922871
0.9416894242714261
-0.3067916446769105
-0.56364968826420747
-0.77485169254399855
-0.28618854533569776
-0.36796870634911272
-0.92653206761731755
0.078341297056781695
-0.7747211789897297
-0.42074307317393195
0.47199826398083156
0.084220971922446167
0.21400213495085593
0.97319572241400354
-0.47210690639375125
-0.74677347513364012
0.46844897883563402
0.78741019066673734
0.16298962077844895
-0.59449102192772418
-0.086825856199825704
0.7465472823508944
0.65964265015966128
0.64591288238925193
0.76305463084911307
0.023327638185895651
-0.71591591327279036
0.16012426483779046
0.6795767984068789
-0.13741599394982285
-0.67326060617560013
0.72652391617815704
0.36175491075362964
-0.5753640969547229
0.73354586801447497
-0.66168195021786647
0.38024768236370271
0.64621103117550838
0.10131916100321141
-0.77279931453012152
-0.62651069190827025
-0.93081686302264077
-0.14519115918375483
-0.33540944352770946
0.0072880666353819235
0.40424340730438685
-0.91462240937758454
-0.22714562184734471
-0.35299434066617869
-0.90763421152644586
0.80008378023084203
-0.58471262267829704
-0.13407868395905861
-0.29832438186504662
0.90834026163861714
0.29312204330470654
0.1647106659024348
-0.88995573490007851
0.42526366698371704
-0.43776394942646663
0.72230181263769866
-0.53539033988561735
-0.41520233797101275
0.32188506835951886
-0.85088014509130072
-0.68760458674992109
-0.71202695969514895
0.14218839948375828
0.0055834912152220419
-0.99985447316873355
0.016120084066890108
-0.23321126045983726
0.47516663911890927
-0.84842747071460056
-0.17097683630628924
-0.93003788071264626
-0.32526368055198229
0.69118069613728117
0.38475400543079752
0.61174635314985026
-0.82486244517879526
-0.56403066865846918
0.03835819790265934
0.43095624576484082
-0.35056339901786382
0.83149384694374984
0.61412813377978359
-0.12825543028905945
-0.77871508262106259
-0.73077706724847269
-0.07113218158413559
0.67889991215701495
0.76276467304834672
-0.34468423228365352
0.54715887415309006
0.93665942892123077
-0.2093517112018492
-0.2807863515732405
0.30180242014348369
-0.81652391173433747
-0.49214225663073485
-0.83720203038079033
0.45657218189200721
0.30105581384297175
-0.89019240390286725
0.35247716004447371
-0.28864742451755354
-0.69588247897649458
-0.46817812869167064
-0.54457030332941769
0.97512308071169973
0.025814031602629635
-0.22015588394531374
0.53728927530294734
0.71385712041749882
0.44914167728420651
0.314122172362505
-0.46423222071626696
-0.8281399073098118
0.68227992360142542
0.61460280019357083
-0.39592613432893636
-0.68789291592190815
0.66373509954151477
0.29369891702399925
-0.51318726969020456
0.69249520146965493
0.50703966528213096
0.42314935840325485
0.4627954617575622
-0.77895120582711641
0.12891938425746535
-0.65219286279821376
0.74701021551097047
-0.35950681092549552
0.094047566261223126
-0.92839103193563899
0.13134088653912634
-0.35349876542256692
-0.92616855613210991
0.4520818462931086
0.23239656104963213
-0.86117004282808096
0.2664481873455965
-0.92295305219660795
-0.27778233727364959
0.095008262785902534
-0.96987053431284642
0.22433139921580036
-0.76575212233403223
0.55530285177412708
-0.32444172042517483
-0.56144748677285894
-0.1662975934734037
0.81063051386028828
0.34829340370988116
0.84329189838269836
0.40932930392813349
0.95247597726593169
0.25435029898078226
-0.16761693870159755
-0.98851901545629417
0.10755223020498229
0.10612574550623076
0.84817537991381775
0.45670520406573928
0.26836333856792433
-0.051318570585438331
-0.49090161048365127
-0.86970225545161428
0.87794528833228613
0.4673997747220407
-0.10367989817184727
-0.71372611049929535
-0.68896562822355323
-0.12618003930127847
0.38605447481850347
-0.84210236236238778
0.37659733639033527
0.29938394768169108
-0.19494925124154547
-0.93400430476036211
0.8437311267482045
0.30372010199856125
0.44257415807770439
0.11344958433853071
-0.06718490535061207
-0.9912695800368555
-0.31694941542557054
0.45261158900743437
0.83347814461901426
0.69895761490156871
-0.49901641330877317
-0.51228983185259291
0.046838198044037972
0.18117665152716508
-0.98233456833473587
0.90812602100085693
0.041161881394088773
0.41666872872973115
0.27103178293844421
0.83726936967914334
-0.47489132992117056
0.48008597651844104
-0.81416791384945508
-0.32657015051648713
-0.55494124452595539
0.07315711263528514
0.82866655054663085
0.45612506056121477
0.88957258052751065
-0.024709372749096081
-0.54788888257241442
-0.66995512763609177
-0.50097694488634825
-0.59997463027873754
0.72486519034664265
-0.3385275451800307
-0.36587536356481309
-0.82969179402904036
-0.42160021970723427
-0.66488740019425907
-0.64626374771258999
0.37452358197501623
0.61787926017554862
0.33542846462720577
-0.71113498364428129
0.70763644000641235
-0.70384597215911626
0.062060585321440265
0.014473989847968716
-0.80234566507318361
0.59668411857208969
0.68838670830792859
0.67760374549660707
0.25879896428298188
-0.078456561199312588
-0.91253639544169229
0.40139991903220645
-0.50463367700705286
0.80899065397154701
0.3014613968935827
-0.31507924956062705
-0.88663931878418856
0.3385199918501447
-0.86078495129832988
0.2053618730208438
-0.46569922560350313
-0.94800015870037546
-0.035471049798176356
0.31628705906229881
-0.33741633154392137
-0.7074464270156835
-0.62102316551815184
0.94902640851463649
-0.28105821440827639
0.14267149699726919
0.29308538677704821
0.30512989727567857
0.90608868321278691
-0.85372302663518451
-0.019308033047200562
-0.52036928584679965
0.67683051368576364
-0.32202873252773551
-0.66196521900357086
-0.07581121073316853
0.9622699599899095
0.26132199377049986
0.62323552504656377
-0.76966415096519125
-0.13854448758057933
-0.23141594951744493
0.83724519957581822
-0.49544639881241204
-0.49526713752076895
0.53629770708526048
0.68344365668800811
-0.016692168083042927
-0.51336796274710661
0.85800623910876817
0.23774274024056333
0.96864188111350924
-0.072189304026222534
-0.73481710096011765
0.16729430358601446
-0.65731000610384649
-0.13823486459961615
-0.83029653481166654
-0.53990627565241822
-0.30166283387992532
-0.13466851075647873
-0.94385588246626118
-0.7569434421107244
0.40223464364168321
-0.51501836559487535
-0.054502977392565891
-0.21847380883677503
-0.97431956785630547
0.34031149290046769
0.70945237082201895
0.61714295048624779
0.12994832749404384
-0.6014160426210684
-0.78829700992678753
-0.56456480852779245
0.13226556802693931
-0.81472228181539763
0.20403802049830841
0.55198303058557929
-0.80850678422428313
0.14123240594327341
0.92753127758484843
0.34603343279702503
0.93660475882984229
0.34161603511518324
0.077910270757292982
0.52814446157226369
0.56395274747423385
0.63483913421181493
-0.92842499153915892
0.21276783562962892
0.304560147108902
0.30923406871512399
0.935690556516655
0.16987487510353677
0.6337634871715303
0.20790317450706053
0.74506383106286167
-0.50802545149967948
-0.52173103326882897
-0.68535163934493282
-0.13480296643033551
0.11207119483632486
0.98451419874450796
0.51885532520531885
-0.50659706583512076
-0.68858446424046571
-0.68627779691096569
-0.31187148523640812
0.65708367972691906
0.8512373110870407
-0.40852595485564597
0.32939578689258775
0.79256140297442534
0.13064520230052334
0.59563264990350029
0.51966968805476155
-0.67886679792159876
-0.51873238379413145
-0.031133472004019024
0.99372141559674321
-0.10746373856040815
-0.29216282537571109
-0.54553562814497825
-0.78551369300155782
-0.72326604842540876
0.67967956720564304
-0.12215526643679404
-0.82119992150458232
-0.50613077998425049
0.26355705733939649
0.97951261588604999
-0.048136497232226592
0.19554516857820636
0.80484192396196252
0.58827863682631609
0.078471159587314751
-0.85937145046920205
0.065768376949530666
0.50710475319393766
0.46339865595443713
0.13212808887403218
0.87624417475388494
-0.798155582387716
-0.24135002621638638
-0.55199441224406942
0.056915295749985009
-0.27846863117808784
0.95875746180120758
-0.5167463816197132
-0.10316273166253477
-0.84990036350083864
-0.61098366308346352
0.36195060221529674
-0.70405306973345172
-0.91078344651470999
-0.28088963993960814
0.30261282809785778
0.33117607828226264
-0.66263662253172884
-0.67174036029802753
-0.12542689692357081
0.020219881347146976
-0.99189679398939046
0.75178279221554634
0.39338260800044866
-0.5292190066988921
0.57877937012628855
0.55258910175041243
-0.59971637074778039
-0.69155779489008784
0.53673911460960944
0.4833828081084926
0.63522057851414171
0.10500043915872456
-0.76515993387567949
-0.085186437398965059
0.87723037508382329
0.47245120373808669
-0.8614991475974213
-0.47833678839753158
-0.17033242660882728
-0.33297294680815065
0.21577770403262947
0.91791557298931548
0.068968158042940958
-0.89889965869830313
-0.43269249677829896
0.48641031232622556
0.3825593807349581
0.7855274204471725
-0.81831509234565636
0.30501632885194013
0.48716059854323712
-0.26829891695348346
0.6632668482876618
-0.69863637117182775
0.56943420018112323
-0.47619535732228124
0.67006169367364188
-0.39055604159771451
-0.90134809034699614
-0.18718332831571194
-0.92733089107625
0.35914574334682431
0.10522240014172346
0.26817812817241554
0.10193369200757375
-0.95796138440108558
0.94723522135849514
0.19786164290558236
0.25218288142660789
-0.98473796637936251
-0.13813201236844086
0.10588052101346292
0.31955789778097854
-0.93175965398385108
0.17235630877254199
0.83747469060743229
-0.44258511973160181
-0.32055351251257463
0.6807815815365974
-0.65092059470572328
-0.33591489640752281
0.11906007472171075
0.65749614143816659
0.74399161460407814
0.83064733551564385
-0.2708125159767133
-0.48650342772803135
-0.85227254995186097
-0.37072986330011942
-0.36904047075629443
-0.06848446131625531
0.76352035782137628
-0.64214215073497549
-0.15970844416246816
-0.97061270696372504
0.18001162724600281
0.23974015820430977
0.33957925722257154
-0.90951117893533284
-0.39721645794285432
0.85640602701375601
-0.32982995987909602
-0.37219052100460348
-0.26184136852178336
0.89045680063940302
-0.10191934768270117
0.56535421307157541
0.81852737298770428
-0.51605620130229557
-0.82249436249684194
0.23914226050273515
0.36811518548623801
0.89104823701143909
-0.26556402153386466
-0.11783723977130647
0.34896175266176338
0.9296989190605256
0.89459932007272858
0.21348083636282947
-0.39257864056929864
-0.39060381400926303
-0.64088893627556598
0.66082526574049116
0.062409848610954215
-0.039015042584287042
0.99728774044831425
-0.18795467333081461
0.25898149278516358
-0.94741840132429089
-0.50051833383475852
-0.41951683679092838
0.75728925856914842
-0.99463135734492114
-0.026412276384402238
-0.10005425849204853
0.57237864136048944
0.78908334644914158
-0.22300260821556384
-0.63188409750601249
0.77044669650507114
0.084465230500099464
