-0.29742311086583245
0.057604280061710311
-0.95300642182593021
-0.092499254078049722
-0.99446083786448392
0.04991522762517419
-0.28789858425164461
0.61159450635703694
-0.73693050213693223
-0.41671953260936306
-0.30070216265872551
0.85785956922692153
0.71381886139739481
0.69328882995136265
-0.099061755375106794
-0.038366533982401176
-0.76718020956471333
0.64028316792058482
-0.66801020283790324
0.74184853239080373
0.058507468703355638
-0.41831678375846515
-0.88122083670252416
-0.22013837781558382
0.946931918391413
0.31361688757903566
-0.070458425733172916
0.82002414737181439
0.054019001781180957
-0.56977394216802657
-0.70916374569543494
0.024323486357462034
-0.70462411951524839
-0.037073503903753129
0.010746261574677835
-0.99925475889307969
-0.7726826485991789
0.22784955734946347
-0.59249143771822677
-0.20001201456025197
-0.15017913644885406
-0.96821558601740443
0.69573321083753881
0.42053654696153714
0.58232663686916764
-0.47950415049150336
0.86641753379364483
0.13927105512761773
-0.97788639711069558
0.18210270258459541
-0.1028435708114491
-0.4593401135142316
-0.67857234517642417
0.57318952579273541
0.83705685552763964
0.49758759285174642
0.22746957610675048
-0.44973039339213755
-0.39531504170877985
-0.80091734346194476
0.6633258590817922
0.66970721356045293
-0.33390275946523162
-0.019526233325323862
-0.59299115972765704
0.80497218007641314
-0.64619836824406818
0.44039556361726362
-0.62328116963769764
0.026243382108635013
-0.96476668831740608
0.26179480897940904
-0.90559069375714951
0.38017586772729295
-0.1880739348720194
0.54679340384802932
-0.63519754226999758
0.54547324022580679
-0.49992463385554148
0.86038947074808703
-0.09902181118435302
0.98532886890587679
0.095897475025291293
-0.14117611123854951
-0.9094921706995085
0.20884968033664897
-0.35945208645878757
0.017417378165841834
0.88614397973237979
0.46308258671849006
0.27016976882680205
0.48982211723115854
0.82890445135929725
-0.7992317538044339
0.5673736757094282
0.19828190997330369
0.34998947371439948
0.081193246418755471
-0.93322828130372315
0.49657098027737523
0.24683115342046996
-0.83216082775355815
-0.66922318665205716
0.27124797277059615
0.69178382730091903
0.71937307810318651
-0.69100397444040362
-0.070822890423313981
0.76077546888333458
-0.63164725770628338
0.14913895459427931
0.54825270883441546
-0.010555471132447192
-0.83624610569191771
0.20446683470335508
-0.51399985448629071
0.83306510135430767
-0.48562264287694118
0.63132869772749645
-0.60464429555807298
0.11876724559626843
-0.86145328924138687
-0.49375355373776408
0.010795724240786581
0.47563030096869074
0.87957902950135736
-0.57277025867163889
-0.81886420720056829
-0.037358278159045369
-0.6130307436575011
-0.74581357944256477
-0.26068258869705935
-0.76923491829915402
-0.57543353239723094
-0.27776589110641159
-0.64089896374997002
-0.6006725439683589
-0.47795503259908695
-0.02621682268927765
0.96695016952597712
0.25361397410585068
-0.80093854862007008
0.32430963990934075
0.5033097443883332
-0.86191013603368549
0.027311606582031914
-0.5063249880741636
-0.0258052913550662
-0.47302489603132936
-0.88067107064591943
0.097809966487469591
0.64860534885490373
0.7548140909472536
-0.62226659192333655
-0.3407820751600012
0.70473531614767204
-0.51111331455622222
0.12944174087726937
0.84971054801150625
0.63759327514423847
0.24334059881854908
0.73093102852285141
0.60049426070175305
-0.43032176557697338
0.67396574166271339
0.36308542711227709
0.93110497916161805
-0.034820832832343412
0.22411630170680052
-0.92640519602438542
-0.30256453210560935
-0.7619183343118987
-0.54114458536704324
0.35586934339348847
0.74054403900536414
-0.45868891365752512
0.49112015513650137
-0.99948689207536046
-0.032015819144718204
0.00096948131972134945
0.26263748582915653
-0.91075662193649054
0.31865957797651712
0.37934943670326554
-0.62406771369517089
-0.68310577043104947
-0.69260046014044163
-0.70241537752257344
0.16406474341877628
0.93890609154627092
-0.31981937692091045
-0.1271649220627539
0.50850651024232651
0.47186164381584544
0.7202553145493471
0.84301063547998167
0.34899940054996154
0.40930732571431561
0.08976921860218405
0.9405495288407536
-0.32757910676505247
0.80278526828292551
0.18168576441817444
0.56791381039352684
-0.6369191770118926
-0.53029439616113438
0.55957288654346993
-0.75832773826714639
-0.15598067997811932
0.6329368600802121
-0.77856702538490974
-0.40188738063632712
-0.4819957678948697
0.40114015438754175
-0.42186650227764705
-0.81308992786404821
-0.7753892547412452
-0.1899836805210412
-0.60222728663478475
0.13618476348731284
0.98492000543753133
-0.1067065746935862
0.39245106771457733
-0.17454737028018552
-0.90305889895286451
0.88278446186989334
-0.26028045325249527
0.39108270165753767
0.21091038048917007
-0.33055166509139755
-0.91991978351768156
-0.29563419320961443
-0.73351803737179422
-0.61200630115672139
-0.33816948058847007
0.90153409964504538
-0.26995864419522042
-0.78618658941601349
0.55727727016717177
-0.26711924449099794
-0.24271901895293815
-0.94465555967721859
0.22071101333971549
-0.23287319549701682
-0.36831914309413921
-0.90006171102286503
0.48146067864902364
-0.80341039477478682
0.35032463870336433
0.61004168910032863
-0.20230999224603702
0.76610691459940905
-0.35060309212834506
-0.93647560752101866
0.0095345848458141813
0.93788408562526138
0.30392227155575152
0.16734603306699347
-0.47166970535009628
0.36114542521277543
0.80442629923619291
-0.56671093479062162
-0.13122985773434789
0.81339869733591463
-0.091216754600644115
-0.81866179539197492
-0.56698533353669223
0.53020423949394457
0.825603408078454
-0.19303491132924563
-0.45477167844371963
0.44730923769855241
-0.77012801945846776
-0.22521125730206748
-0.44702001461775226
0.86570953333988776
-0.61369785786137721
0.48225094386749862
0.62514715579234881
0.9933110689639949
-0.11519116838512312
-0.0080071842539081329
-0.26197001804811271
-0.8783473034584276
-0.39984712597589145
0.90224657827390153
0.30720826374186178
-0.30261228441976223
0.86627526417015044
-0.34843534332334469
-0.35799438293090413
0.39497412335094678
-0.58600476318404882
0.70752657858822354
-0.8901147722185947
-0.1181636074898311
0.44015117192077169
0.22326728769493656
-0.30277721761642074
0.92654070322776694
0.15337793256580534
-0.72238823967256605
-0.67426288714759519
-0.8879504366161356
-0.45502786994416261
-0.067034764766442989
-0.40251695264195764
0.56878820268488695
0.71725872829985693
-0.29534695933334898
0.95492490029281718
-0.029809535610241956
-0.060932723796750549
-0.6638201632356493
-0.74540592568915431
0.74204293483847406
-0.32637047302662653
-0.58553786999021706
0.28644980164583422
0.32659909500305462
-0.90071057631197393
-0.63499598343274277
-0.40422833845441702
-0.65831569282120639
-0.21449956754412489
0.4307975049226343
-0.87658624520113049
0.18205741208369333
-0.7044431327637477
0.68601382741704653
-0.41608096414006801
-0.17388228802823069
-0.89254780330822558
0.74817295255638938
0.48421615955674729
-0.4536209253188937
0.44127007365274235
0.47479859594909646
-0.76147686464085695
0.18089705540881515
0.30617927754086172
0.93462853869811613
-0.65243735455588081
0.61228465080059502
-0.44657922564100233
0.72483259251036791
-0.0061248083282052605
0.68889781503329062
-0.88363500641091086
-0.37472034858366754
-0.28066677003614809
0.34205979065689052
-0.77493929848656329
0.53147359602986644
-0.24730706734579727
-0.63409922463036639
0.73263728253753868
0.21833632188889066
0.91071237280677197
0.35061691995779337
-0.81518232130373725
0.57814899216850191
-0.034950334596340164
0.76474561754600456
-0.24153027268762028
0.5973502053399028
0.8270819650950948
0.51280315398081433
-0.23014853525878828
-0.26842072728258798
-0.56561007495967963
-0.77976634722793214
0.67645604288381844
0.15526434858994972
-0.71993069395803921
0.16759194415875664
-0.98222108443313139
0.08458535067073622
0.92630254981478666
0.084775208433489568
-0.36711953127242236
0.32098168538028599
-0.94206451470651009
-0.097392031405135734
0.59472640993806158
-0.7913791881613873
0.14149020413868946
0.71363164999479123
-0.1092193233141896
-0.69195448372020985
-0.20905197312238902
-0.2225298338822547
0.95224878344158159
0.3602684565065033
0.66973325721107135
-0.64935660729053235
-0.44896629788549353
-0.50398095902294637
0.73785666379406345
0.0080914752799100872
-0.15355170456662709
0.98810748507056556
0.71083019123319291
0.57969733015391167
0.39833584403592048
-0.30629113688874471
0.20201225182775945
0.93025630316320795
0.21235995980868275
0.53386643528744437
-0.8184680059376368
-0.75244832139810502
-0.65632113609006171
-0.055354222482343181
-0.92510535422101448
0.13076972198558393
0.35648192577383814
-0.89752381163214612
-0.3216989755849059
0.30159704352152705
0.18013924979308663
0.97574913200656466
0.12435224996926912
-0.82755428903079953
0.090640742161113994
0.55401999473593955
0.71865364421313338
0.68014323455380843
0.14471392521062526
-0.0026333429326433535
-0.38440144155531897
0.92316228109427856
-0.42820405013778995
0.8254330223620755
0.36783368121992649
-0.3846715350269953
-0.84179757262435762
0.37868807330534537
-0.59209528329721828
-0.71230138841097557
0.37689508827389023
-0.24794197557823264
0.42608287144452339
0.87004492033914715
-0.15745677159444757
0.89463839890811125
-0.41812617746104519
0.040023685511556661
0.39180560816077786
-0.91917706129550203
0.86885578676474384
-0.042865193877384002
0.49320603905393556
0.58012440356127304
-0.48681629990844966
-0.65304331137844407
0.56865507123756431
0.59500233479877296
-0.56798206973443233
0.67067274219675188
-0.64958418033690646
0.35810398703493734
0.0049472755506120352
-0.25072191637762187
-0.96804650978791262
-0.38346086503766164
0.25833584850554719
-0.88669067569332605
0.32131641777551823
0.90703600193922962
-0.27210558769346582
0.44998364632741089
-0.83863785018680514
-0.30692226095860398
-0.077122825886100602
0.76894645752751356
0.63464432179231689
0.18420001998758237
-0.54479626177646923
-0.81808763943171714
-0.95739982682696867
-0.27632384563486068
0.083849292932331579
-0.66002714353141623
0.72753696732835049
-0.18722748455402088
0.39655598948678944
-0.90919980700341407
0.12688206392988705
0.95889695482499815
-0.12478844013034875
-0.25484205939597143
-0.16514386466039876
0.61384395382004031
0.77196055878756398
-0.5103446211801469
0.77850841392018622
-0.36533959145973821
-0.13178136290546244
0.74938386414565927
-0.64888943322333337
0.81719804951961139
-0.53271086816437441
-0.22001472405478009
-0.84753576381718687
-0.50983138249438453
0.14749606935332843
0.63947864147234257
0.3858717180431489
-0.66495870872943375
-0.92133102344297879
0.38485193801659728
0.055119243884348711
0.85596508541599636
0.51703171089875843
-0.0014080035116237058
-0.11089236362052396
0.97419879824431299
-0.19656954288492809
0.84411051970781881
-0.45867503764505163
0.27765921623440937
-0.077513382499288616
0.27454605760052364
0.95844464513582062
-0.96585419690493246
0.0032461157650618788
-0.25906588554568089
-0.6865069170948721
0.0446716834893768
0.72574974576304141
-0.25596712518238807
-0.78723023737024334
0.56102529728689965
-0.12925064237220707
0.22931699625701898
-0.96473208025546153
-0.88560663819583096
0.36288097830573063
0.28985906569806369
0.43191273458479346
0.30160078072227814
0.84999315219076788
-0.89974663591813475
-0.17642727561600513
-0.39916087931147975
-0.21073500210715909
0.87920454465540121
0.42730566055715263
-0.19452641694597064
-0.96680046398720421
-0.16569953513600746
0.2643953795033247
0.82761383569743985
-0.49512667294285795
0.8069754434151275
0.27680908710836122
-0.52169661971225567
-0.33389255053486633
0.78440899558670973
-0.52270287194540166
0.40275279493458832
0.89110827018109873
0.20908428201858573
0.99062298749607791
0.095530737429409693
0.097672794833253862
-0.26148369184669989
0.94368467554338609
0.20269561426630411
0.34716084419909576
0.64959508739278393
0.67639158088353857
0.53550856811297187
-0.83999997131005799
-0.087353429679069852
-0.039175412149966886
-0.94008768848279911
-0.33867451195203296
-0.78843222411911928
-0.3498415835812122
0.5059500907875879
0.64656358302663719
-0.70474865085655147
-0.29203573791511761
0.064153077948497297
-0.98946286841418407
-0.12979836138915252
0.42982767074704747
-0.14098392677606641
0.89183614293824665
0.47466407377757192
0.76869043318059527
-0.42872955928126616
-0.73074735496881693
0.5361126635635578
0.42260089348327839
0.54794426103503779
0.055154689698674188
0.83469458306796807
0.54690133658746998
0.63453816578235711
0.54613207578790046
0.92846669303052154
0.1347711562585332
0.34610162578887937
0.18338136428886892
-0.081899985262715885
-0.97962424819188709
0.39402586523495498
0.79534106437553143
0.46062588816070887
0.56266552324636399
0.82524309114845995
0.048799072343950166
-0.11717640260673047
-0.89950043997767515
0.42091406385640578
-0.15251435987977846
0.028140201454549593
0.98790055121583908
0.42637071571726504
-0.3755729977126322
0.82289302838697953
0.54236623192933675
-0.67416260810169426
-0.50134184774492352
0.96365102195666996
-0.083843859434943699
0.25366693737442236
0.34003478845953411
-0.79073259328702261
-0.50903664755188305
0.18731017327867289
0.78910400996314223
0.58500406874345978
-0.042451780801727804
0.58581975664751218
-0.80932877066629216
0.94598199166559038
-0.29330430812517655
0.13816893384409618
0.87341397392667075
-0.48681584135920714
0.012584385219319828
0.12795530176309577
0.70887864987330973
-0.69362706154280662
0.57246983645518046
0.75857996877834932
0.31118277156233648
-0.4959424932731204
-0.84956237500364329
0.17967975496479807
-0.59868407434288218
0.24456980735186776
-0.76273389098693956
-0.37148832468103682
-0.050065192369365345
0.92708678188112192
-0.80290565799677849
0.40222082854760649
-0.43995557666568669
0.03802587480987564
0.84642985337013565
-0.53114078752130711
0.72373416666379575
-0.52484105810804871
-0.44805213951892342
-0.53387667750557855
0.67057141601476089
0.51508219658571308
-0.97042113446863665
-0.078015442841475269
0.22846534191174939
0.11625295725905915
-0.86408828241239488
0.48973124275067514
-0.47958091750646825
-0.59074400124647486
-0.6488633666304171
0.12669464859097959
0.17205074857515815
-0.97690685632415131
0.076334816362166699
0.10183969620025238
0.99186776945759991
0.22426989786526824
-0.076305130154844969
0.9715351460567726
-0.51907661093078639
0.039904358241266466
-0.85379570986153464
-0.60991262890939613
-0.18891850761444196
-0.76962093434207024
-0.31467758773151466
0.74265305239906221
0.59113827446869871
-0.4668090315385468
-0.76280805259272744
-0.44745190017892966
-0.064119685949290101
0.99744534390536421
0.031487327534647683
0.57322944494971451
-0.26946535622872214
-0.77381937507093335
0.33763174307913985
0.11667231824593746
0.93401947314842437
-0.63044443278016415
0.71896327690423201
0.29262881546359304
-0.96726399829861509
-0.20891605104993272
-0.14406401774585742
-0.97598664907227817
0.16843789564708278
0.13812579825162408
0.86594105550219724
-0.15140321193665668
-0.47667930079981885
