-0.90278733805648381
0.40910774867249239
-0.1326871215341297
-0.30116577760721086
0.27640376951004486
-0.91263362342118537
0.90849993673051888
-0.33489072109552026
-0.24995213518745041
-0.6635287523995419
0.15869188943560139
-0.73112685559105706
0.70933467946504369
0.38861928833458442
0.58806407919762005
0.26353743874949126
-0.90947728236263958
-0.32155729076422085
-0.80177472931300697
0.5974579322320398
0.01418811643841009
0.41173545751705615
-0.48665740707707539
-0.77047938399430138
-0.69548897616993044
-0.6380263501587935
0.33048065076362698
-0.34259318063217092
0.49632899513125939
-0.79767627592672385
0.20924571840994843
-0.97053137272571455
0.11952022373742785
-0.44675113553681539
0.87528041071801577
-0.18519618114277506
-0.96558345679483149
-0.25525238181757559
-0.049948068437113073
-0.24229509484465436
0.040493385743215517
-0.96935719563289513
0.27387389865194051
0.69716807680306958
-0.66253283716650269
-0.27717059649752945
-0.78210757500326034
0.55810769709772245
0.24147650593888981
-0.96470321917521851
-0.1050561563760815
-0.84698441396026558
0.38132208048184152
-0.37041986102986618
-0.3280084184810475
0.18835775058460744
0.92570612788307116
-0.12303060957766347
-0.89568811609829158
0.42732454620258126
0.88450335039500372
0.42765438541975898
0.18645522189325112
0.76719403669004049
-0.49387401989322699
0.40926979187541457
-0.35717148936730997
-0.70910590620493463
-0.60794517924597136
0.38844767446533385
0.91719234612235001
0.088693880381080684
-0.87430843372697464
-0.25149707709322522
0.41513128396622778
0.86070768414571142
-0.47302077474143023
0.18823822437417764
-0.59792760328976691
-0.80108983354271801
-0.027159893568559634
0.61175505499700755
-0.48826015393150424
-0.62238073136014749
-0.26370517328081788
0.96260637123993431
-0.062036728098922314
0.81039196145348802
0.37488763612894993
-0.45024896345157361
-0.71040662748506234
0.54021277456962125
-0.45110152052181307
0.28249092354459199
-0.80190766512053646
-0.52644370519159334
-0.1777647181513784
-0.96737301068546622
0.18052468855505019
0.040936017476993047
0.41008242799585048
0.91112932381860678
0.0822989551516871
0.39182093018985287
-0.91635322918954065
-0.9878619300659689
-0.022059064705049064
-0.15376021849190066
-0.16991846972674646
-0.85078385139284063
-0.49728719253051928
-0.24424149071451368
0.87698341225403631
0.4138190290994595
0.4960015990336275
0.34364076167438895
-0.79742927001203689
0.29711023075899112
0.41303285917657834
0.8608887082653367
0.46117999812096905
-0.6621565099373582
-0.59064521134156345
-0.46888702913573199
0.88155206867908942
0.05487170596842738
0.073414882335065032
-0.77936264477157235
-0.62225728038038119
0.40728245796817431
0.11089347571726282
-0.90654488938758426
0.77360682862167474
-0.45227003540293126
-0.44382912228305393
0.25000527609810314
-0.6458728835651254
-0.72134983204987391
0.15136799370781914
0.98818587622801668
-0.024008425694667324
0.86663651616031256
0.49704260956919016
-0.043471750944330555
-0.94954724924683809
-0.059813937586720343
0.30786736481500465
-0.42177733488440083
0.74051862617024355
0.52319790144145928
-0.21498097308920322
0.75225930891188619
0.62280744485356854
-0.18524479354025319
0.81698471545729912
-0.54609554216765477
0.9617998241398229
-0.07621606102293324
0.26293004835270206
-0.5388860594116418
0.56424509699900627
0.62548324156956792
0.048766678475316662
-0.90342492717748479
-0.42596386234613975
0.092876074602549902
-0.24380086201473594
-0.96536789590668148
0.96011181313204996
0.19395402678978912
0.20141286397922414
-0.89282071890357206
0.12647065574088215
0.4322919582099346
0.90655624386890366
-0.42018564637796141
-0.039997490924303998
-0.54735711286649524
0.16481306297012521
0.8205101128376544
-0.34202281547676794
-0.8840287344177834
0.31861197469184543
0.7834179583109393
-0.62149491586759065
0.00061003824114172522
-0.43508515985623492
0.38716955059988462
0.81289645266857813
-0.64535417918452676
0.76064344161261699
-0.070281847875387354
0.72645298875073083
-0.040559811178845911
0.68601818988439855
0.41312824328018199
0.85844088793035767
0.30398075026812094
-0.014572106518791825
0.86469860007623134
0.50207965975312185
-0.94446625432162257
0.20266584711706256
-0.25866976796681862
0.2912168647771417
-0.35191684038339677
0.88957702034390418
-0.56273854244553245
-0.79914163233885438
0.21141897811944149
-0.73511098103343797
0.12193431981809189
0.66689119593420598
-0.72553406596669789
-0.58814919885215855
-0.35732455696662591
0.6219316917436013
-0.23566981903177209
0.7467668359015911
0.58509119222390871
0.58324324813430495
0.56346748822602943
-0.71192459799142904
0.35410610396363196
-0.60644227582717203
0.55173948232801118
0.82721009491170339
-0.1063343900936511
-0.079156435638434108
0.21807831106144968
-0.97271584182720294
-0.60811896636911955
0.73634846497573037
-0.29661803867944236
0.47513591125961518
-0.79623175862809059
-0.37451415511768466
-0.039834201307006795
0.98378507930026649
-0.17487182206519564
0.8545275157139437
0.32947091908817355
0.40153659654251939
0.30329673576363664
-0.89929074507187112
0.31509878753051684
-0.19525955788650981
-0.0074911550227262117
0.98072299231250315
-0.83873033157555121
0.18832397581061336
-0.51094570262411398
0.34099430501224459
-0.27784920699529364
-0.89806609006314397
0.20011237737726942
-0.73291714856132029
0.65022110836634706
0.54825163152595879
0.011829795583472844
0.83622975578819103
-0.15294259571540456
-0.4335715025747986
0.88804522101684968
-0.2136708574274615
-0.97494471103678637
-0.061867399392656147
0.85996749220525881
-0.09942069784596326
0.50057111102221996
0.023394228945805416
-0.97738593781108374
-0.21016526502060101
0.18045039134096105
0.96201124311198538
0.20487075045263667
0.76230065377509737
0.62789814400210298
0.15697653968913186
0.76720380301293156
-0.29513533574845341
0.56946769727100643
-0.0092778244228905061
0.90566750256418849
-0.42388712739728696
0.88925238877238011
-0.29309960979909078
0.35117347251498993
-0.37147803759981124
-0.44247112485132217
0.81622507389432652
-0.068084985018868296
-0.4080347017844671
-0.91042414124112592
0.77234217273696437
0.17901806414788768
-0.60945885908786979
-0.77851816628228843
-0.007772148168737278
-0.62757394662406629
0.75185975147382422
0.53652692658736156
0.38320460743633955
0.624450402545211
0.7179246095166707
-0.30764581877779479
0.66318076261078973
0.56798920364654293
-0.48742131738767586
0.71327043285314762
-0.66032839196570037
0.23497170974710041
-0.62792754792022665
0.35706453552990736
0.69152867766254145
-0.1999776816102192
-0.63027369887296125
0.75017597360005972
0.41799153039962911
0.84488917377766304
-0.33383433698089504
-0.082391548991993399
0.21288141477514885
0.9735980361001304
0.042256344453603774
0.77670149216943296
-0.62844983365038365
-0.13826957972370352
-0.71868544795262856
-0.68144900779453776
-0.35109245104705011
0.67965406988104182
-0.64405313143552889
0.25402530606068519
-0.068466565522070102
-0.96477120255861037
-0.10795275204782108
0.57744693615767828
0.80925968591510355
-0.038494677761014361
0.95478566245165764
0.29479229732275042
-0.74757904537808051
-0.65558434428933143
0.10646472859273719
-0.60442529739641992
-0.58843026447877544
0.53704737566874616
-0.64893614407907896
-0.47465621832848798
-0.59462875419027239
-0.51141902582636201
0.31857038108362568
-0.79809992627430326
0.42629516816888136
0.74844855077973305
0.50803267260244445
0.6879309183287392
-0.066117462453988113
-0.72275828100826578
0.72790368165558039
0.68147838548751416
-0.07578548901724326
-0.52958029676401963
-0.31441153695158658
-0.78783887611051173
-0.92280270609727977
0.010468791037393475
-0.38513058828630192
-0.75910917136468425
-0.42937729033354716
0.48927334742027723
-0.60749610132116616
-0.077710506944958568
-0.7905122162180297
0.18700052276443072
-0.44954608760536324
-0.87346386279258326
0.61084108713824936
0.14269040759451007
-0.77878919730840779
-0.72469300983576268
-0.2457518436520163
0.64375932834935923
0.25762716144708253
-0.55664796550778195
0.78979192714332425
-0.0055127085326216628
-0.026138196965370213
-0.99964313867701493
-0.042256975022395928
-0.77670101766173982
0.62845037769514833
0.83815315800381884
-0.028656912506591976
-0.54468161809796267
0.43865778886269541
-0.62275676126175794
0.64788375544757781
-0.22163623382424696
0.92654178639936391
-0.30396989639120425
-0.98115486910984706
0.19145845056032518
-0.026053493644388498
0.0025717706206091211
-0.99979646585049808
0.020010319056149046
0.79958992083459191
-0.55467408316860478
-0.2302012596855173
0.86265319680862607
-0.23465091262874532
-0.44807188177607682
0.63296177832149747
-0.47852898739831451
0.60857981843274356
0.96013913074969826
0.27939351628095216
-0.008491917532524507
-0.71699845756065872
0.5082438973109028
0.47707583537825587
0.91004735196617748
0.10094817747210375
0.40202398267318468
-0.061638390352236568
0.99570932420878733
0.069019203983134839
-0.3939683456646117
-0.82884783578404342
-0.39724074278753968
0.43230857399933942
-0.17421764871583545
0.88473584064543442
-0.70920605105304757
-0.25621418097472659
-0.65679606470897189
0.024657868904853893
-0.59829871388437406
-0.80089364990950873
-0.06062906563457085
-0.20753463673279732
0.97634701359530196
0.99868189985295863
0.014367704673214852
0.049275064368380195
0.72814378319297912
-0.27554102970643513
-0.62760160288652334
-0.78899143281430251
0.30133209275501721
0.53543579336977043
-0.23491877489745966
-0.55158647934246041
-0.80035337508332283
0.2970349071145752
0.51481414179600526
-0.80419939278905106
-0.96412533451524784
0.16928357869427121
0.20446371152437257
0.42625891056809867
-0.90097369804085436
0.080930442973488156
-0.88192186689717322
-0.47046869181381279
0.029547093115974352
-0.91253377601650043
0.39690540612706238
0.098733004695385138
-0.64607186042328191
0.74582483108432762
0.16228515800045787
-0.45695653945080045
-0.52643428688424698
-0.71697814656084413
0.46775761072390531
0.71855321434381303
-0.51466891859333985
0.050079519116012369
0.022777382456768091
0.99848546940530236
-0.45416559073198631
0.84103527971116987
0.29392732856306547
-0.53630440435152238
0.67446789259292128
-0.50741565578371972
0.62046226168276442
-0.78317632059983955
0.040760675647077464
0.12736454512415996
-0.86937892119234383
0.47745006443789711
-0.77748206453444191
0.58821891421695705
-0.22253122990871671
0.34590470945617019
0.92866031235155067
-0.13394012184242066
-0.41565932503632924
-0.89438189557043157
-0.16525238390469479
0.59493804555479657
0.79411521460880941
0.12421653625119027
0.17635336804819635
-0.16811657617496223
0.96986406593566787
0.96056434083431153
-0.25279214513102466
0.11581139182999081
0.64214772955431509
-0.64166747133826962
-0.41941524728434593
-0.2916749915966701
-0.2316894034593909
0.92803325349995625
-0.48515485888607796
-0.75649799228622716
0.4385607718049313
0.91100764025291781
0.33939240353228428
-0.23426027368162408
0.026848497927801963
-0.60852506219037694
0.79308032811640128
0.55367516668782557
-0.2985416615359508
-0.77737808440974354
0.65043947884627473
-0.73445149474289573
-0.19367365909723719
-0.85182133251362668
-0.17757756240531611
-0.49281500261750905
0.29436102921354135
0.30775129828384257
-0.90478766729269378
-0.39988107895354119
-0.13345777914742768
-0.90679884422069501
0.041300833025157295
-0.96008664358629514
0.27663672568664927
-0.58198093005023199
-0.42147085604939571
0.69545705443172867
-0.93400554447550965
-0.22487265178582841
-0.27760751677109952
0.79263609086563136
0.1608389338200763
0.58809766605970448
-0.64118148399601804
-0.060286663319398387
0.76501753104518955
0.38070550860005242
-0.78254661559119576
0.49262979015518427
-0.75807229514812557
-0.63992027711294797
-0.12581110550559815
0.94748735693656871
-0.067788526299179266
-0.31252587756462796
0.069832245664457851
-0.40329452206023586
0.91240176783129079
0.076780961182218971
0.60070954932083731
-0.79577177717904213
0.4793857013474
-0.41720714729202202
0.77209296434568975
0.59481904207731728
-0.66287123865084807
0.45474391491444177
0.17040727587371998
0.94411915512403599
-0.28213539525762188
0.52482371268413441
-0.80460627510895821
0.27779275127283082
-0.16351868889269666
-0.19433372191476928
-0.96721044396220557
-0.94584282851830359
-0.26967877087490594
0.18070612684658754
-0.60975375978135904
0.6888603223032006
0.39200996006329658
-0.26781120350838189
0.94593117418774486
0.18300648342391201
0.15537109911547786
0.58472019502147732
0.79621737929644176
0.49637597343763756
-0.090618728612150853
-0.86336500914651104
0.23141959113961061
0.84231864253166
-0.48676922384267146
-0.99610014647259049
-0.042328168838031338
0.077413334252586896
0.46196997831561243
-0.87383056126680414
-0.15167033108427902
0.60781001821489389
0.71455243678347069
0.34638388652536128
-0.87251712460640374
-0.44342904964461205
-0.20514518078631364
-0.5544504860395979
-0.66688876304736477
-0.497839367920627
0.17808073074501982
0.22336471723880294
0.95832951349217521
-0.87415658798801843
0.3612494050675229
0.32457530253472261
-0.3882661582507409
0.82237430944584722
-0.41587243900104331
-0.14170190099044164
0.65604469242508956
-0.7413001637640213
0.7910983866733865
0.54686426861886761
-0.27404892685561849
0.31088008341647444
0.025860037050373891
0.95009727513487763
0.14925521270540046
0.14355878226043189
-0.97832190894212712
-0.40145479696698994
-0.91243801501136945
0.079315287015208555
-0.3352569399038352
0.58618540804282893
0.73755640573720072
-0.31705521396611985
-0.35563685903177639
-0.87920328468159759
0.66526815786095983
0.38061268981469693
-0.64230231082279821
-0.46545665918921247
0.096767385864468994
-0.87976483872076539
0.38089355469165331
0.59828826505009303
0.70496187974790958
0.20555611352925446
0.88424292198139731
0.41935800828951503
0.98032976440754416
0.10640365858053276
-0.16622819994611726
0.42469076553654173
0.22009893011496195
0.87817664204318002
-0.51150236858599374
-0.24141818468061702
0.82467119934943378
0.0063831440367577152
0.72863264868479527
0.68487496577315898
-0.19634089409629391
-0.93707374621238082
-0.28869195947404286
-0.54734726337786554
0.50664866371372841
-0.66612168920539971
-0.42865906251043978
-0.029330099211356535
0.90299011811199936
0.98135482596645651
-0.16370847481955916
-0.10070869289490172
-0.21435170912249107
0.39571740564299912
0.89300676350598873
0.90381121917301943
0.15786106461792337
-0.39775012806368254
-0.82997563462941404
-0.06246524144149572
0.55429102422207521
0.51924961922920176
0.41643945390029108
0.74629619734094599
-0.41527931386029376
-0.62185156726315205
0.66396063119140214
-0.78442646387334969
0.56840048958140221
0.24818542708784208
-0.58966002487525793
-0.76230703546530498
-0.26681274097053215
0.63155345302865995
0.20914796885100936
0.74659049223324125
-0.80874066207302664
-0.39316847837992192
-0.43744381252693404
-0.13186296970608022
0.45505296390992278
-0.88064689703483767
0.49301106651410287
0.55248777180471154
-0.67208433272982326
-0.84433146039386031
-0.46589695605621267
0.26465904731697076
0.22143001905402496
0.75712428910138996
0.614598696316913
