-0.77053428580266847
0.089419965345018074
0.63109506748212463
-0.45756969953251564
0.11413120312126444
0.88181859729981649
-0.66954688434738474
0.38262542635297597
-0.63663549443061485
0.3235163416212587
-0.91046683134016015
0.2576573805141345
0.91887657186379257
-0.3401194035078503
0.19996158890474092
0.72693260666921911
-0.16728470284141658
-0.66602163144777304
0.24393850314562593
0.56406509146222383
-0.78887551570370373
0.13539895317082462
0.3927199070625183
-0.90963629988971506
0.2448402742597989
0.93493811826013928
-0.25679555121648084
-0.40334803489782955
-0.69806095678255409
0.5916259488561032
0.76324996727369165
0.13362211489502271
0.63213496807856628
0.82725406269487101
-0.55452845460034272
0.090271306589559452
-0.6192396630583521
-0.031761771769958362
0.7845593856104276
0.49684399371205734
-0.86072473244273462
-0.11090077039243755
-0.7694766665330004
0.31984931983807474
0.55281287273396829
0.5759361264990408
0.31144815928626013
-0.75584232632903092
-0.75431465676222076
-0.52831424653590842
-0.38973510940238432
0.50143903476671992
0.55300925408017976
0.66538684936952541
0.23269498736195937
-0.64669163384981621
0.7263903727096559
0.88259938058017207
0.18595510396000672
-0.43178586441744438
0.43006465691789908
0.89273198079474181
-0.13443958247624274
-0.44001367309463779
0.87199198530581179
0.21451793643468173
-0.20074711461048564
0.47729550658651981
0.85550546191586763
-0.095379943719496318
-0.95820828761659904
0.26970269534976943
0.44357630138790494
-0.82645089096327784
-0.34672610180520114
-0.97055677340752866
0.054395399562095187
-0.23465014404267334
-0.53055254995992618
0.63532415254542773
0.56113920993230726
0.7292603342086792
-0.43943364865449785
0.52447824871965942
0.75457192687078523
-0.53413894081049829
-0.38120440591413585
-0.10700380313155831
-0.99342748272395875
0.040645081918006594
0.75717152174588831
0.64196304044658969
-0.12072589348431408
0.44819605158313824
0.37254976729126893
0.81260505181576759
-0.6231046280600312
0.77685861935697309
0.090726556315931142
-0.26932734043594719
-0.57152017488810758
0.7751306169863027
-0.7889018483515029
-0.10847340735596148
-0.6048697327228153
0.19907234661327058
0.83950594739130457
-0.50556895188343387
0.16098513384757837
0.86646808851166546
0.47256411022317163
0.23029405431377845
-0.060392363643209351
0.97124528877174432
-0.28556367661115128
0.74826528919355317
0.59879248791915374
0.79958470262380998
-0.51062670322825399
0.3161086415779199
0.90515171669960759
0.10097435033569234
0.41292196639321349
-0.22642105807714757
0.96090635209135922
0.15935020228949084
-0.67685757357810195
-0.69122280183756823
0.25313013117719935
0.26019653333326986
0.16524852146024141
-0.95130998638538045
0.30494305890538198
-0.27159495975069409
0.9128230434555471
0.31768225370810821
-0.94805505852881411
0.016419247146688399
-0.60266640007036221
0.44387602744188392
0.66314951744583372
-0.18179493261999755
-0.73770610784083535
-0.65018482059181937
-0.7004102161753506
0.65155186023053002
-0.29138583099961257
-0.072931768283165693
-0.87273223763579344
0.48272082880927325
0.1379787872782261
-0.042496463095121617
-0.9895230694054763
-0.88827302862379998
-0.36821398174188086
-0.27457146659711651
-0.063175698617031303
0.83882649235447049
-0.54072076604153596
-0.76173231823987164
0.64611733890461298
-0.04791930420751761
0.66559177980100159
0.4756202402290588
-0.5751286549510356
0.94563802682162201
-0.108276345157647
0.30666749959559014
-0.084592539862537952
-0.0021846723979563908
-0.99641323225161893
0.345240701658936
0.70378866753171787
-0.62087870745579188
-0.71736635212016286
0.53230948546608658
0.44947984218276177
0.35164035423784296
-0.079545578778481021
-0.9327494637727114
-0.49751701239462753
-0.80417603690084249
-0.32523487520925359
-0.49690469894838568
-0.7862827694286797
0.36721264501999357
-0.81955018481364583
-0.56236218643016833
0.10993755429969967
0.82296345924349823
0.40182577059775454
-0.40158086960598072
0.38291518110189438
-0.31186080021570584
-0.86955092166619141
0.60247051536146501
0.79807786400335035
-0.010049930743082426
-0.01535324139290575
0.94460088061289649
0.32786194400093432
-0.43278480180594958
0.79308527628039527
0.42861761498220524
-0.88790890856064997
0.055705013384635467
-0.45663412222747113
0.87497137509985445
0.45177545977079819
-0.17413795308534552
0.22766194164718176
0.37399403485000571
0.89905422651920597
-0.62185769158403492
0.7129359116934193
0.3240607924998764
0.85937550494031811
-0.27874040280412443
0.42869281467405979
-0.67815396852867305
-0.69546147193068031
-0.23757217014798518
-0.57009078856975925
0.22977701142894236
-0.78879592912659835
-0.89239488424689906
0.1856184119509936
0.41131153122026015
0.71195407784317333
-0.25135254414544311
0.65570060972526922
-0.68963143589789544
-0.7241461376216235
0.0045666168102236138
-0.51921640901040211
-0.84380160945016036
0.13569511599044995
0.11497248857256707
-0.98212498261879899
0.1490363894740297
0.082227624548935521
-0.77983847626227509
0.6205566603477658
-0.83131937406528467
-0.30322077763859884
0.46579529657559515
0.55120872946603139
-0.11460839765704288
-0.82645862071063703
0.65401676778121842
-0.72234881361869796
-0.22466477010129418
-0.26596855898692495
-0.34150134432485491
-0.90146411878384569
0.02806921007401298
0.19988786461860508
-0.97941664322393218
-0.82257314790447122
-0.55238463570968654
-0.13507268627818766
-0.17849455982726933
0.93315953727622569
-0.31201437483309902
0.61903111841526681
-0.6309802163605801
0.46761569797762303
0.94758323378473763
0.2353514679077843
-0.21609188231794024
0.81383507153703061
-0.56204248811166235
-0.14758291870527618
-0.43957900474252243
0.065842706529695344
-0.89578738358296706
0.14566773466123523
0.15852128689657186
0.97655102922444281
-0.12139492074156895
0.37695883346918097
-0.91824033405623307
0.13131149517620178
-0.91362397976472765
0.38477073021924452
-0.37049901504813476
0.32444366440920352
-0.87032567954363493
0.10835750627526664
0.72712467524500835
0.67789996126541185
0.83192729185446912
-0.075709936354402485
0.54969535799832014
-0.01337679953653201
0.35784081888295827
0.93368678344257028
0.47589923024273562
0.12458213233549091
-0.87063150354045538
0.83009888367365559
0.47109291534922026
0.29834092651113597
0.57359213898241068
0.15629240578710105
0.80409249591751764
-0.061370999430254404
-0.23002335083580158
-0.97124809317661032
0.5205135811100694
0.70582865785547333
0.48049091316060544
-0.77790248601670509
0.47437009664155233
-0.41211737849951741
0.47358120568318779
0.52453472184198002
-0.70751972919899198
0.88332920785569025
-0.36827813012415483
-0.2900012576201958
0.21646371629776318
0.97614754739897969
-0.016716017274394656
-0.68268989975341721
-0.41755718209163989
0.59965031514905265
0.96693136147919401
-0.18411818370714214
-0.17647729773649465
-0.62483263862460225
0.22069712957115734
0.74891718548079067
-0.13900726881288403
-0.88698374545030811
-0.44038257745297521
-0.2705579821157284
0.26116587080605286
0.92660173010823865
0.076003539621982683
-0.93321096268907111
-0.35119903342957376
-0.42564712055278497
0.90481351346720673
-0.011706178379471853
0.43885857326983041
-0.65489098223923015
0.61524056599780974
0.52435036043763161
-0.26432740781066133
0.80943666891797172
0.199858848308135
0.95214140304227257
0.2312643279142691
0.68518412346804702
-0.7283535969346534
0.0048738875321886676
-0.77458371970096251
-0.51278670700363416
0.37022946167828064
-0.64885820198975042
-0.26866043810980816
-0.71190210191098202
-0.10417270223336865
-0.97445785313049393
-0.19894707985217211
-0.39204881852129075
0.88564494399714611
-0.24885890996376239
0.40953281047101009
-0.69991630934310378
-0.5851495852030012
-0.74587208673544825
-0.16985168442215251
0.64406927851580187
0.59865942511234183
-0.52124975076150171
-0.60819864358220388
0.06663417385550699
-0.27524357762899609
0.95906249006443001
-0.62746764819907297
-0.47871822741184228
-0.61409543981956749
-0.2306530323542359
0.89308276878856385
0.38626719606866478
-0.49197366574959128
-0.50893385859880669
0.70636268289076487
-0.91328333967368791
0.27590297837906613
-0.29965161103527521
0.45466860525069192
-0.056449904638801854
0.88886999480557372
-0.29278606217177217
-0.85153344488345006
0.43493345932782829
-0.018329139096015763
-0.62538658844005612
0.78009977416950127
0.721035567453847
0.59617018822380319
-0.35311303734031618
0.56475284331891262
-0.46558109266858605
0.68138716755801121
0.96366347536174768
0.26679064499924809
0.013246055813090817
-0.34837374744781058
-0.79241225724858089
-0.50071803108274238
-0.010830938265261448
0.56620091270165429
-0.82419610362589546
0.75997268627646308
-0.36198299166164738
-0.53982388782029678
-0.21142847354719643
0.97443644718667155
-0.075971119300163759
0.10240991393247108
-0.99042152478350121
-0.092614322725311921
-0.23284701901480287
0.16583296431359623
-0.95827015694055995
-0.90833422147414467
-0.16110971769221377
-0.38596968917791308
0.32569795141855629
0.73468580426200425
0.59511142944632456
-0.26283508212807499
0.5322412727131387
-0.80475893733678172
0.03709924512962328
-0.81249513161058484
-0.58178630709214041
-0.99864831842075641
0.051976078633373134
-0.00015285709973139695
0.24815487916495929
-0.84043857146421963
-0.48174906698592201
0.68799933802476709
0.6426050054349568
0.33721761203623607
-0.48522258269407981
0.47889425864217333
-0.73158686038176624
-0.44235343950903272
0.36503492036625285
0.81919041832026573
-0.28622005261593653
-0.10371625689559907
-0.95253399914968739
-0.41530479977312118
-0.62606994674864402
-0.65996844247551567
0.94847527679113641
-0.0022739418983707092
-0.31684298714697778
0.14093251774053228
-0.47248035039437758
0.87000019766349512
0.51571628728998986
-0.84670955965421446
0.13084201394810027
0.58786543844526884
-0.67778029789412342
-0.44161985243884266
-0.47139821648829444
-0.201559296594405
-0.85857880910725015
-0.0039397764655317276
0.99544908191257575
0.095213462707810254
0.36729420567872273
0.16295409478032921
0.91571880480263146
-0.2958885605891014
0.82230849319197574
-0.48606450367914356
-0.37524648543836964
0.57207800992985658
0.72932628207191763
0.81863464215095127
0.31050953377300028
0.48313678405443089
-0.51636650304953002
-0.85059140375790743
-0.099297021010462588
-0.95980048165205822
0.27035222815321913
-0.075450037462329353
0.92795422050469101
0.2757089744393823
0.25076986673265894
-0.858058268356506
0.47949484995080238
-0.18390404284759959
-0.57367535199629893
-0.28437533397523163
0.76813231929036663
-0.60666641926611742
-0.61897014475526935
0.49883044778408259
0.3674029081555647
0.35891579468569706
-0.85801780599470556
0.67306288903492562
-0.6991758076484732
0.24112141630942849
0.74715709101948258
0.65482998838902606
0.11381549826685439
-0.58906026792807753
0.79398654040495342
-0.15031092576481242
-0.10982136386662918
-0.43509703053126247
0.89366092118954776
-0.87530029820372823
-0.042791507377484689
0.48168275333545746
-0.17708583985604873
-0.74255675149143985
0.6459489733229381
-0.73865627159237834
0.12049968302782478
-0.6632245010759481
0.5798134035643645
-0.3369344436086481
-0.7418164178267006
0.99607194947806321
0.039713605864608009
-0.079142283086862886
0.19341807420508436
-0.49327073991510384
-0.84809989135384434
-0.77501509282767633
0.59993486609133662
0.19856928850473829
0.6875422880937464
0.50472248535010433
0.52205441753214732
0.87880720849208538
0.47311685573974882
0.062115466007121638
-0.1225479902518239
0.66499596577954723
0.73672407017971531
-0.084165850376467941
0.14532929465692657
0.98579688868697812
-0.88705129424052243
0.45808226269631974
0.057451213992689917
-0.89975100103234118
-0.37942911748804986
0.21559610604911117
0.40187172238749552
0.90923245714753942
0.10860689487668694
0.16730662310740013
-0.27686074130559724
-0.94623285917796873
-0.97353858709263041
-0.16633139096835176
-0.15670509825853743
0.29375889780658293
-0.80601337780570381
0.51385615181459221
0.92575747502907635
-0.37597896622049853
-0.040161105407524364
-0.43124749067152346
-0.1417748540581695
0.89102496740905035
0.094518767094941655
0.72234323025533698
-0.68504486011584476
0.98538339847691259
-0.15723279241916566
0.065554610777288413
0.66959984539533357
0.072965067757200283
-0.73912931611033572
-0.62046219891865961
-0.034758952118403602
-0.78346568205675238
-0.0030971936560016356
-0.64019808699878467
-0.76820362977179035
0.40748372926486176
0.82416859605861703
-0.39332319491121925
-0.30872648021164512
-0.91333193490919007
-0.26554234519406422
-0.23546842277281488
-0.55298962612444902
-0.79922280702919435
-0.0082659871137374438
-0.067528492260754996
0.99768310409168748
-0.26375343069233076
2.4615292499637769e-05
0.96459013430166973
-0.45782630044780032
-0.42704976744548329
-0.77975866442319119
-0.35697438563797873
-0.36776142988432409
0.85867387213529744
-0.60627569938630876
0.59043149807437123
-0.53274799146997831
-0.16559665919833144
0.70462591769575933
-0.68998555243842652
-0.79256404010613413
-0.33074946772334368
-0.51229584414805374
0.54833840151995961
0.66844514625298712
-0.50249983469585158
0.060076873325630047
0.55045092350546265
0.83270315845648102
0.28996752368614798
0.56943132347881331
0.76919880593282908
-0.57616771453967941
-0.65862151355003207
-0.4839922175109716
0.01368910748156457
0.99019462083810816
-0.13902237661482134
-0.063979931088691724
0.83190576420857953
0.55121626236389798
-0.51305985565206746
0.75780557773400703
-0.403113248198949
-0.98263750604988065
-0.16831226467922186
0.078067363620290042
0.5584000236155513
0.79703934727925241
0.23003845877334272
0.98458124983973228
0.068412626368883164
0.16099526395935493
0.28071667154309859
-0.93194366264535156
-0.22951941088485567
0.37054075335086717
0.85383943925618988
0.36559234411684138
0.8780421630901053
-0.18793300484814707
-0.44013991585039769
-0.96996492291805436
0.040987854439739291
0.23976664508851026
-0.93599426004862052
-0.1743936339118273
0.3057803224654308
0.21096041651064334
-0.68656120140115728
-0.69579409267128389
0.74966523648065775
0.25688282870177198
-0.60992888563387104
-0.32014770161540246
-0.94698363476602698
-0.026971181577732796
-0.81882251098535408
0.26855437984193165
-0.50735415694695452
0.82612188841261935
0.0093572803170973995
-0.56341376162695467
0.59025867744729821
0.76467776695218914
-0.2585780470712466
0.37054566733780314
-0.46918012713224916
0.801602093760582
-0.95285351861394862
0.25512941471858386
0.16425332206798823
-0.19035482711455573
-0.22448960439936297
0.95570364512792627
0.65886543476223447
-0.05124336251296268
0.75051346202046032
-0.31700345104961053
-0.92505564689451025
0.20923876832751695
-0.9273419778089862
-0.37316566898365844
-0.028004279767500948
0.64951267054113704
0.34097821580754051
0.67960808349461743
0.40342261507626692
-0.52262914135789873
-0.75107188354280152
0.043783963180366092
0.93118508967727742
-0.36190785198851538
-0.39796192338956293
0.67039657058202429
-0.62625453745577009
-0.034610476350990661
-0.44514325090318108
-0.89479025536832102
0.48308830682062981
-0.79074609633024417
0.3759605018504697
-0.85769651482853571
0.40489872113438702
0.31688123023417042
