-0.61964920412586866
-0.42475923899993295
-0.66001094893219436
-0.40414087383326291
0.88417917569888604
0.23430181253614951
-0.13469475578633605
0.49148444639838168
-0.86040709069145616
0.51250373202842614
0.11668602706993098
0.8507198691364688
0.58027534247825596
-0.76623920579962568
0.27596740098660494
-0.81690481144447991
-0.29902817813197002
-0.49320247132585759
-0.090278188309474483
0.8332264658316082
-0.54551214959277228
0.33616324782500784
0.59730954930603442
-0.72815903010232907
0.4764965789225033
-0.26814836240064133
0.83728577320829056
0.43263855573208881
0.89493349295221936
0.10916924148491694
0.4044073101734123
-0.3899388606571727
-0.82728617323613685
0.59352148647093128
0.31841666623760695
0.73915023625746379
-0.45272382077303736
-0.75449387968452941
0.47516326417690313
-0.81306181024072277
0.53630857004599031
-0.22650300312204294
0.099191601960824619
-0.18045059883862302
-0.97856967431002473
-0.880353848301349
0.47398866576858867
0.017659176195918211
-0.021376098016548505
-0.99114376702009999
0.13106141892560402
-0.98903403577957549
-0.13138587470368771
-0.067449447721327382
0.33272565241314234
0.87059301141857015
-0.36243819982914932
0.17888883507966574
-0.39065746637261495
-0.90298700358929262
0.44884725268643155
-0.6546551316371565
-0.60824567600352064
0.83964018293433706
-0.34503304274570629
-0.4194717661722091
-0.76180187326656557
0.61647956686894079
0.19902474600067821
0.072583022882115489
0.41139627001606566
-0.90856194824907932
-0.86490464402852929
0.064550722990114925
0.49776817987828076
0.90622671141005262
0.37872812154634228
0.1879312573174039
0.9391262269064794
-0.16683023466048327
-0.30034913474076785
0.30805667678921034
0.69040289693723667
0.65455704395129644
-0.076986976069408228
-0.12198686158639023
0.98954141455322175
0.18990312152355263
-0.52118232430993539
0.83204915074922348
-0.36112528841430391
-0.87938790053476612
0.31026673437663588
0.79569671094672534
0.57985516084050392
0.17502781674692991
0.57105671554543813
-0.70473164541718059
-0.42100776189762806
-0.93867635150931972
0.17048335321874059
0.29970340904375131
-0.82846389406703014
0.38642063867180404
-0.40537225637155755
0.38569772323165541
-0.074780363703761898
0.91958967126553259
-0.1062857142894357
0.30098288034152776
0.94768805663008227
-0.87217750366885349
-0.064526652470460868
-0.48491516084251635
-0.13985497343406147
-0.69710210309735521
0.70319929199552111
0.11029929036762742
-0.93273117807587536
0.34328794908878962
-0.19610226642117068
0.08765001713774187
0.97665826961134872
-0.83502363082548325
-0.18716028224808676
0.51740367674751186
0.61211179914299363
-0.091897844668449691
0.78541322340231889
0.44075373372554155
-0.88834479829102586
0.12876205014005876
-0.44096515272027531
0.85995786946371233
-0.25694784847088509
-0.49353832499476707
0.73962300552990712
-0.45757811513693131
0.18205447254505849
-0.73243925265185195
-0.65604032665769652
0.34635749384478975
-0.87626186735105049
0.33496511204005486
-0.3755800907746899
-0.10255936280500894
-0.92109780833237576
-0.15767631548731556
-0.98365145982405577
-0.086994167162796482
0.37625109511576649
0.91896227602662572
-0.11808238083706657
0.77662496595363228
-0.60250990868025289
0.18394420947568049
0.59649354229150731
0.80101105693623342
-0.050761606263275687
-0.87391408931261017
-0.46478139660593526
0.14231098998302133
0.71739650977955538
0.51946153784004956
-0.46422188494400279
-0.68520031777685664
0.56618903078217975
-0.45818173898621312
-0.58634209138088833
0.80520118173719546
-0.088622845836217892
-0.38114524892688617
0.80749618457012817
0.45019796881499535
0.26541616080407815
-0.31052894828157385
0.91275737951723146
0.47182292562336908
-0.73752813961805919
0.48315149811185437
-0.42490235416582894
-0.32948724471376717
0.84314657385016201
0.26078408664919417
0.0077093054904211721
-0.96536636918809271
0.46377373658300847
0.51807043367243932
0.71869113464010737
-0.81221337124868187
0.19287647857890888
-0.55055254388282571
-0.37783469058834379
-0.79842815958608715
-0.46877864773044459
-0.53291345482464814
-0.12632519612721671
0.83668703497202468
-0.024326791291514917
0.9971267093909908
-0.071739338194282673
-0.73996906193658063
0.20580688012014298
0.64038216361162814
-0.1905558145269669
-0.331166064286252
0.92413068308281932
0.72657184717896917
-0.29565708005418145
-0.62022596035701061
0.63547277212777553
0.75415325501993047
0.16561166573367933
0.10818319659411639
0.59893056358604724
-0.79345987672797835
-0.60855915015694251
0.085429511744869374
0.78889641860214643
-0.15543477133675462
0.83414052283374107
0.52919714665344131
0.4721315476519416
0.81760020146824552
0.32957808220642748
0.91822483648729847
0.070810615799836066
-0.38967808040473895
-0.31473832048723732
-0.12768882848160493
0.9405505582890632
-0.83945108781919897
-0.46548324054646656
-0.28044112382017694
-0.9409859778978098
-0.084190450243314036
0.32780689054309209
0.10510992696268015
0.65265926931562634
0.7503251171527533
0.041363743624788882
-0.33172373050558007
0.94246931373536191
0.5092469172780727
0.37413355598869724
-0.77504300495264911
0.98596893414641607
0.020976894418062945
-0.16560564845063069
-0.63917515960750637
0.19330566970126098
-0.74437089773987375
0.38899062475178353
0.31659866198617259
0.86513096181085924
-0.96173022260760388
-0.23439002470990367
0.14190241449538285
-0.23836627913054917
0.080190953737257625
-0.9678589400900145
-0.053969671888031118
-0.37135176131500408
-0.92692240445710583
-0.088729719791001568
0.25431756856258286
-0.96304185326818803
0.34409953505783314
0.75287665555398897
-0.5610456768346257
-0.74128578294100667
-0.4047522231281156
0.53541668435190437
0.30289576046865707
-0.9490654545742393
-0.08676935647972997
-0.3771429227609237
-0.65018317059067965
0.65956429594998489
0.50186965353107305
-0.019564559052425573
-0.86472196623752129
0.80392455754053793
-0.59130142224881477
-0.063780356143404909
-0.038698453812026377
-0.95339062088501514
-0.29924697773084319
-0.58752293227677577
0.72775061929446827
0.35383024201644636
0.5262868972308532
0.80799009345761774
-0.2649039650089659
0.12448798404380967
0.75866566557429527
-0.63947568343715766
0.65740878330519359
-0.72519200274786921
-0.20471993255108173
0.63184315400670521
-0.34810140688635982
0.6925313272759549
-0.54260417189765775
0.30204104208329768
0.78380604841790591
-0.6526021923351687
0.70375798465416606
-0.28077584937960393
-0.23240474884292142
-0.81977792740641264
0.52340441577474772
0.25419606002585193
0.49794400134793015
0.82911768440248934
-0.11669979959031143
0.6881043897056387
0.71616583669106393
0.94588922466734582
-0.030831395194143945
0.32302167067952253
-0.5007197393437357
-0.82850025748016376
-0.25073305722788897
0.0089006155390972518
0.038550171837735001
-0.99921702512232358
-0.27607155342824746
-0.91783643401221049
-0.28523810717971021
-0.62525524864066495
-0.77851761029055966
-0.054462872810534413
0.84872790592848102
0.032451918422078528
0.52783313148094679
-0.70900675935116364
-0.66307155691187825
-0.24009482628498893
-0.87870462745673994
-0.33338631224392457
0.34166027643626978
0.7050379373854655
-0.058763369020871703
-0.70673076437110427
0.56577712609595554
-0.56148222846087892
0.60384927813917821
0.076967772537146345
-0.99317820513351063
-0.087595746691539911
-0.76398783645493118
-0.55022374503994853
0.33701100300009046
0.54597397568977235
0.69814316735334414
-0.4631506620391948
0.29584566894600578
-0.57365348418136952
-0.76380430756343975
-0.27430961247912244
0.8694391136175037
-0.41088911425537061
0.68686779908679096
-0.60450152133043311
0.40347309363433381
-0.83001238089427531
0.31739518713455361
0.45862810941550247
-0.23372315304010807
0.51296132985252296
0.82598072726239891
-0.28084278310153271
-0.51458208639673564
0.8101435721767889
-0.27922900754230001
-0.69515850245173072
-0.66240910154979693
-0.17479388492650313
-0.54828646952853088
-0.81781968986093723
0.25073995797954923
0.93301679061925102
0.25808746946523148
-0.6123910649477462
-0.59534539593421043
0.52013560069668729
-0.25843033278921662
-0.95807870706537324
0.12368894114833939
-0.39503311808106734
-0.91630914031312349
-0.065775337306426637
0.51256762321255456
-0.85448467597858246
-0.084441519124241013
-0.96175676661524989
0.26193187000429008
0.080097548937751326
0.21367531072914184
-0.96778530526965023
0.13317080944761989
0.85529329419042732
-0.42252773653881087
0.29990613993093979
-0.58440404754892572
-0.69273000114501804
-0.42260744754684143
-0.50727207700113475
-0.85197634115492327
0.12965860560419742
-0.6611292460233551
0.42918836221624346
0.61539050186912103
0.40711466625370835
0.19230299101422552
-0.89290380678330317
0.64817870722894977
0.50204160211984084
0.57255444565207125
0.76842947252336646
0.63825059766600478
-0.046393106561733309
-0.60039273238114088
0.78770759683710867
0.13800474190771395
0.90508088189907743
-0.42122562593531304
0.058288671937110306
-0.33220771423029444
0.55226178876367904
-0.76462078920038823
0.41697837562786905
-0.47938245967400783
0.7722185517168324
-0.52135273108443192
0.57607828004622574
-0.62954360059473746
-0.53177673202873532
-0.47559981222250353
0.70072699811464234
-0.50098095476506843
0.38037363948438169
-0.77738920583455884
0.70292844907430407
0.65948665012482388
-0.26639998834296469
-0.75058972542979596
0.0049747827541753147
-0.66074981317876447
-0.28377560510024041
-0.32711451292842653
-0.90136979169572296
-0.10871503127437339
0.68132029220138068
-0.72386718492389013
0.23105444538823305
-0.81668149855794359
0.52881487609511102
0.76310963734503168
0.29033314322608667
0.57738232336606465
0.97567291407024181
0.21824296272044399
-0.020793604129286276
0.32295368147464526
-0.81061389974586995
-0.48847315705242828
0.15816487258231043
-0.10581463585006562
0.98172660956140922
-0.9600420316043724
-0.031888722317179978
-0.27803310403965753
0.039474454484807346
0.10208777272710219
0.99399187828812086
0.68555366423872799
-0.51990163610125018
-0.50962580608530461
-0.052712397343664279
-0.73481347733608438
-0.67621783227857535
-0.73304709964408854
0.53728248491968056
0.41709648895899748
0.078921162229109346
-0.86613431820504372
-0.4935410752712388
0.057352518618393113
-0.57532963914567437
-0.81590838635758289
0.89648460515200257
0.44152691724402149
-0.037004514244197644
-0.70645797907514229
-0.2147937718381448
-0.6743743466210802
0.12258783831009269
0.88587330710948053
-0.44743793496905299
-0.75232910870069114
0.65792263178509114
-0.033744966833639117
0.95437030880666129
-0.23112876577640498
0.18909470457671113
-0.65420085827426977
-0.2748980470811565
0.70459371324485642
0.27559998121416279
0.12331863481766876
0.95332951525768872
-0.60432349607963209
-0.73566037374801818
0.30593614788549789
-0.50962356260702191
-0.27601430612051114
-0.81492326464062848
-0.33176569857731797
0.31160423283008021
0.89041244562836241
-0.45047139314549695
0.1441116710689293
-0.88108305523331676
0.77425008167208631
-0.5548510387175436
-0.30442919680088248
0.34235286407099769
-0.193996619420608
-0.91932574646626797
-0.12578209631222054
-0.93243846374189632
0.33872905925231095
0.93628335833078657
0.25796855046533895
-0.23838141681690644
0.66441574014400351
0.64775888620047184
0.37277359026253482
0.016224442595931931
0.98509879816447321
0.17122244396504147
0.14131381634441897
0.31633598241038435
0.93806287184955395
0.88858944793676953
0.22543926457628458
0.39948207844999878
-0.44907341480068608
0.50332539904616147
0.73823885754833662
-0.71858353589488821
-0.51076051908257947
-0.47197605245106861
0.89947517651672226
-0.39414023687076949
-0.18867400591937705
-0.87626423590430502
0.41152763635529699
0.25061123955414871
-0.0020702166208358451
-0.84141913758338538
0.54037907908391003
-0.044734087196327557
-0.53200262781108709
0.845560208054287
0.15892699213197226
0.96349663101673244
-0.21544477991190886
0.7550911892567248
-0.40832423656092193
0.51294114062317642
-0.18653396270873579
0.92894280467300128
0.31979735208790278
-0.68589559322570959
0.3887586301287273
-0.61515360902297178
-0.72787171003979378
-0.67393474530972253
0.12654932946509556
0.43278997536814118
-0.85139645103730133
-0.29633919818669247
-0.40676132673959325
0.91353424107338521
0.00064300507003819767
0.84161224233270493
0.474455167301985
-0.25803319122965956
-0.31311110867042935
0.73002042413711954
-0.60747972309356502
0.17128679515899392
0.21422046995040786
-0.96164984482834881
0.62400052042160026
0.15985015156637583
-0.76489952252421944
0.80117772170357748
0.45266841115820045
0.39141482826456064
0.96751928212951577
0.15801280494844913
0.1973281332702205
0.87563379176834766
-0.21969948815974683
0.4301134706280787
-0.41297118982440273
0.092735806922444666
0.90601041191007303
-0.81673646458567895
-0.57383613305182102
-0.060445345728341329
0.077013559592028602
0.80777764653041462
0.58443492828949728
0.70777262048039913
0.098795696020893289
0.69949791146654328
0.84723402658773106
-0.11423888373985804
-0.51879088430099751
-0.49497986468507743
-0.61639997198575514
-0.61240999999371559
0.49641341963507157
0.68881773040954819
0.52830280245296191
0.57062729152618652
-0.23035284898281183
-0.78823984873323338
0.047110704397199506
0.91978585794962309
0.38958254202039816
0.28339211533320552
0.8364043025684772
0.46916601711111866
0.29944634446276991
0.41147506532774097
-0.86082527692988631
-0.98780389580078465
0.11876341673697727
-0.10069118276071601
-0.0062002414374380393
0.49292649248445058
0.87004886645124391
0.84105428653308856
0.30813143624749312
-0.44461523264545766
-0.92284392714749608
-0.25300418431227284
-0.29042721781449571
-0.33214368810491429
0.68757421945799146
0.64569517822947942
-0.20417612245829173
0.97495091068092177
0.08822036488440721
0.56036117253572881
-0.46590575326597283
-0.68478258256767111
0.097234981794476996
-0.69911073765522946
0.70837104317623589
-0.92034057212848186
0.17536533735244286
-0.34960009975611062
0.20287932788259491
0.97879756243034755
0.028201242850565026
0.97418686909359475
-0.21636762598389239
-0.06438163178821979
0.79749996569142467
0.12378155063549341
-0.5904844895883794
-0.1550969611921017
-0.85492278927552345
-0.49502722855044506
-0.30438788139824052
0.32657257765167541
-0.89481750607810029
-0.39883334790268993
-0.48806008514251814
-0.77635643482321293
0.99737377446108233
-0.029160574056264047
0.066296417233233637
-0.99249580750658306
0.017645491683527047
0.12099879629608716
-0.5442313318150841
0.62921970697787244
0.55488270636366033
-0.92640768187764255
0.33566936151971322
-0.17057223307162564
-0.92980441024510241
-0.361095297383425
-0.071231628482950046
-0.57826555283137326
-0.045187209168796198
-0.81459625983438055
0.54263792380519482
0.55085327469170775
-0.63411730256302701
0.7637702775265216
-0.16238746556439093
0.62472816023822231
-0.24171359921634716
0.95615173463705816
-0.16537350544879775
0.69582926771713771
0.34649251973418849
-0.62909821487307138
0.33439113887112248
-0.66414147876632357
0.66865436693897018
-0.73928821790405297
-0.055337657026394906
0.67111152171831956
0.20245066845189413
-0.93187248033168102
-0.30104386265769001
-0.14195464373794686
-0.1470437790640145
-0.97889070184561755
-0.064366623102645279
0.94638310290964656
-0.31656904516625051
0.66047799865207657
-0.74886347734678649
0.054518855386246137
