0.7567220595793881
-0.60269158729160277
0.25324805064177186
-0.68870917326107695
0.66443959571258415
0.29017184273347685
0.54475002666739503
0.39724134622227475
0.73854364887756441
0.61816029241197556
0.092147340546672493
-0.78063225690161975
0.85386383720452097
-0.19127470424129631
-0.48407699287590156
0.018270528898071559
-0.74840000951893926
0.66299593778984545
-0.0064744658030384339
0.32931771126264625
-0.94419697433390326
0.71873368147549177
0.67501680661730401
-0.16665595067942712
0.054295427064487936
0.69533764906699802
-0.71662930472446151
-0.61008188193673096
-0.48164046619757228
0.62914430670039601
-0.56723722479951222
-0.8221518645021838
0.048044172355558211
0.90375775212133902
-0.38963653201156284
0.17721540114388165
0.51708200600656995
0.58075659917384337
-0.62876702488302694
-0.88440664537190161
-0.065053736289201802
-0.46216111586419101
-0.0066577011600771662
-0.11181148870332726
-0.99370713291653945
-0.2143963405018387
-0.52984311137942763
-0.82054889342633763
0.58918140066894076
-0.43725270092045571
0.6794669621427899
-0.62037935672441746
0.73074131615836047
-0.28486239240964245
-0.88830933664306366
0.34007969174931219
-0.30862975503417234
0.70503380321111475
-0.69970977451492844
-0.11547106900838516
-0.46639765106131237
0.36076596341625455
0.80766400856100551
-0.76671603034817526
0.029214400202541974
-0.64132132946592524
0.14332231328006778
0.52463219278287332
-0.83917803642128541
-0.39055913923562546
0.87161998594902523
-0.29621302951380879
0.95211878091662672
-0.074064010202046004
-0.29662155926133849
-0.099402191226813374
-0.69852987566863733
-0.70864322276986902
-0.54318003973752427
0.67013789180601524
0.50583658467585257
-0.58690962269701685
0.081941801647690785
-0.80549527368469143
0.34464894684058828
0.4971423110950301
0.79628300619865389
-0.92727860512269855
-0.0099569411933683443
0.374239559378447
-0.43595527442184834
-0.78816504187188896
-0.43444086533710702
0.22658340608885891
0.32717624421034419
-0.91739613325410541
0.58166308632177521
-0.73284459437141647
0.35299696105097172
-0.73100967825439933
0.67612662550098768
-0.092074082059213275
0.8639619532344085
0.46364905358117853
0.19646704170588822
0.19950578858870721
0.81476896474261917
-0.54437943974018588
-0.17365009564586062
-0.98040479393766888
0.093016580813425051
0.12934173146906747
0.2270336398495465
0.96525977999564971
0.12293755949872054
0.87660094950669099
0.46524953711794964
-0.66226872251421609
-0.14445119785127394
-0.73521016765189007
-0.52949598622084826
-0.1130616093721741
0.84074435654495183
-0.91134252102783542
0.22310533722196838
0.3459462644251291
-0.068923201897367725
0.98748722119097632
-0.14183998105167106
-0.36455267501893407
-0.8226729742210136
0.43624594510767789
0.23991000543336516
-0.93410919047620766
0.26435432578425222
-0.33343046102095908
0.49166304379827269
-0.80442002649509459
0.93804691338546931
0.010922045328711827
0.34633610440413448
-0.4146789364233131
0.63559648469821184
-0.6511977336616781
0.38039400401062934
0.84833209600895076
0.36828393474847831
-0.12662056298281515
-0.29919696053902828
0.94575282808676919
-0.30337890697411801
-0.90907401940131038
-0.28556201787481394
-0.52108049842911375
-0.30910764369748051
-0.7955674570799498
0.28898012584871818
-0.956529143229498
0.039274483027811065
-0.1659913562232658
0.92507956748550357
-0.34157673146746198
0.37527357856325516
-0.2740830408475427
-0.88546497838824367
0.75898193196614161
-0.31223554465594944
0.57136274957538657
0.31599352077446197
-0.16107423796398082
0.93498833398758641
0.26685460040186576
-0.73197115121100365
0.62690258895557183
-0.87220489008392221
-0.32417716842460353
-0.36628922067936909
0.653875774049263
-0.74856889252305081
0.10995947098040477
0.54445553814906611
0.70616379136018492
0.45265976930871604
-0.32465045530766512
0.023583846857782864
0.94553999600012395
-0.094971397526695256
0.14653936188816269
0.98463528733701011
0.33067953030878428
-0.92598387374702862
-0.18222215506136769
0.06750350655339285
0.92627530975548134
-0.37075237981755849
0.92760993758068866
0.24379025714353975
0.28303023552871093
-0.095397260210418069
0.52167422383602891
-0.84779441312704029
0.15324042026062684
-0.912116185607452
-0.38021235849359064
-0.82806274979200611
-0.48827980109336078
0.27549032333483059
-0.49830634216022041
0.80852312202882193
0.31301940915487664
0.59575480588565577
0.80295447440525181
-0.018447853445066796
-0.45770503356175474
-0.10280339331159331
-0.88314073882697464
0.25301608991258884
-0.39552615507628963
0.88291671118849702
0.65872136796039671
-0.18615774208598126
0.72899345295676887
0.34946267197223524
0.29203172472432626
0.89027709880270489
0.1890795305112212
0.64875980218478535
0.73712933072210218
0.38706529476886559
-0.53597837202996068
0.75027171231601442
-0.64705344918159791
-0.41440180036175894
-0.63999451697583332
0.39630300359987375
-0.61304233744681347
-0.68346398722644186
-0.84387820491109444
0.44400029050467971
0.30121971600110919
-0.41797204764744839
0.59269153319911361
0.68848828157019737
-0.48859778986625713
-0.35549553367019932
0.79680306555531577
0.98983498667106973
0.066750810273679906
0.12558275554267209
-0.80863265544549423
0.57850946370478473
0.10695807099593209
-0.7187335130611453
-0.67501697481305534
0.16665599574277379
-0.23846599911420416
-0.11073267769090596
-0.96481720618875066
-0.08328405540224279
0.37234829787341045
0.92434869566983768
-0.26346667065084051
0.49229495960211811
0.82959688174830459
-0.67514685630359472
-0.25535484526145619
0.69207703720385849
0.43686503966051499
0.88832412606778965
0.14152450024046842
0.45715190715480603
0.61679229809816383
0.64076469533792912
-0.9973528441605044
0.032996349502996201
-0.064796181711799988
-0.60545190455609454
0.45162344537722471
0.65533522326745319
-0.74108266229102093
-0.4966054194099096
-0.45186230763846674
-0.98055680835022996
0.13101200179308753
0.14609654679073905
0.14110662148426126
-0.66627110391340139
-0.73223748706503322
-0.07188841509852284
-0.9340437066591365
-0.34984912437375543
-0.041380267503127517
0.58766772903588993
0.80804350978840833
-0.20781281511095132
-0.83471395810801152
-0.50996709895376446
-0.130059773822846
-0.983069388298207
-0.12906987651709859
0.73129005426307114
0.59168347291926748
0.33930152432623861
-0.36980387120470465
0.11053713103485162
-0.92251105115581045
-0.80181348368944028
-0.54970900771797493
-0.23433980500018123
0.69301220726378721
-0.62566008735783352
-0.35816691035153081
-0.11408509315973739
-0.078335288202395742
0.99037779364290157
-0.12640454440393298
0.85948401618631554
0.49528690379847046
-0.9567090586911563
-0.1366611117134397
-0.25696598522669967
-0.77636910083669353
0.54998152932763988
-0.30784953575481416
0.22599976569205882
-0.10755837839215879
-0.96817111150084612
0.1384064082726521
-0.86625244594764239
0.48005246175682792
-0.56751257380690956
0.45760366238886774
-0.68449131969613175
0.71112663618713245
-0.31032726471618405
-0.63086915923901776
0.022054666632687108
0.76441974419885095
0.64434156032238388
-0.12831906784213507
-0.61420298145425123
0.77864556404106888
-0.27023509270418966
-0.44709298495972255
0.85269036435916379
-0.51841311652854416
-0.83192300457155821
-0.19786852977619612
0.80329085938190747
0.51099443604102479
-0.30595503193866824
0.79554871922809867
-0.42429580742014383
-0.43252202619082897
0.85638265220176735
0.51399071196844748
-0.049216877369813394
-0.43389261078567792
-0.5153892762452833
-0.73899329918271328
0.16388691025177685
0.97154074163194959
-0.17102534314354514
0.93605239381758831
-0.34906799523472049
-0.044243086817895544
-0.9279615792131628
0.35641338865592848
0.10888895210723268
-0.29707093179425259
0.94918354941025573
-0.10392040710006364
-0.20751103950975758
0.69899349448757109
0.6843590162667792
0.47094602033533228
-0.30392703351506112
0.82815349074253608
0.70612475510405137
0.051906095547843138
0.70618240382653386
-0.98095096809436177
-0.19108610681389501
-0.034947073946802146
-0.14393938636172296
0.10808357746181232
-0.98366630182032111
-0.3286720761447855
-0.69290863342388853
-0.64175719091360039
-0.33744091620665401
-0.20902801066926971
0.91784580340341571
-0.68697109524667854
0.25431441647475628
-0.68073114507027144
0.15656233500041219
-0.60225552602478138
0.78280043218679474
0.74753442494962608
0.21099036143797861
-0.62982168182391352
0.2969177814649186
0.76727151304731012
0.56844899183307751
0.45918156625717826
-0.03992862968539309
-0.8874446426347119
-0.55202652520826923
-0.62183327089459173
-0.55550886462325466
0.54552115621508468
0.17694187303544914
0.81920586038459475
-0.50383637376960599
-0.67652548912413568
0.53708674442034288
0.026253750485497895
-0.826180192352862
-0.56279395017113787
0.5523663265494827
-0.79248938074699071
-0.25855758100949439
-0.90267185994647381
-0.25753544667542916
0.34475934645265366
-0.19409990928051205
0.97569947561870796
0.10166493247268472
0.50890213957606256
-0.8600090061306761
-0.037458266231001049
0.81594589892945801
0.38318424513846899
0.43289967001357288
-0.29761232994283304
0.25621904894085012
0.91966227498242226
0.74319853417947268
-0.06314722588662619
-0.66608435400954036
-0.68579389606584562
-0.59767176956858403
0.41530132190926788
-0.51132536236584403
0.12494972360460567
0.85025522072644222
0.53891761958505002
0.79644063959461064
-0.27431752933947023
-0.5262992437824161
0.84421440579470963
-0.10154379864246756
0.25323286118307753
0.9666627180281927
0.03789864893870315
0.10339032281644304
-0.98191423405551703
-0.1586028943843058
0.26114877307421136
-0.77498433578797876
-0.5755003020026136
0.27020514805274692
-0.48596606146856297
-0.83115953045521052
-0.63614284061455006
0.58674332457951883
-0.5010534476442855
0.83451793995078616
-0.51244432145005492
-0.20243671928256751
-0.69465652135786271
-0.012863010997674383
0.71922657089617248
-0.76230188092439288
0.39805539692126585
-0.51034081094988493
0.03076263461832552
0.9971618198255886
0.068716558364484939
0.98986761222857678
-0.12255909478316208
-0.071703406800710051
0.58809878904900181
-0.19137837692930393
-0.78582067366734698
-0.97934192791143126
-0.10245718125695781
0.17433276870284498
0.096640010460381176
-0.236299707933915
0.96686253232223451
-0.39818542272673013
-0.57336728373975221
0.7160295573960852
0.059612515866976155
-0.99594039549376467
0.067446842592765011
-0.71241816885110321
0.52278633062731261
0.46813972828640721
0.1157817820072319
-0.0044890081161106064
0.99326453060670761
0.014471591921911438
-0.95609444420561185
0.29270119027159436
0.9739435728437964
-0.16627083277823679
0.15423335269484492
-0.95095100151023659
0.10313046692572622
-0.29164413163710284
0.50741658669829792
-0.41732931549549129
-0.75389962857897297
0.45908420948080481
-0.8662319493945182
0.19719000596773972
0.63850594924704063
0.64806967151148798
-0.41510944778832432
0.8612549935295345
0.049999451322346802
-0.50570731751469211
-0.096841436756108179
-0.32668493008310667
-0.94015886560921635
0.38282862997262707
0.46822075853596118
-0.79637400845914752
-0.66596009712196913
0.22538381779090857
0.71112536427784101
-0.96175480296834159
0.25617019326266338
-0.096976961444953921
0.65779581075255977
0.50910806908167128
0.55507985493288703
-0.4004233835554557
-0.89756829786625125
0.18447835799215373
0.70516178943483876
0.46195994635505233
-0.53790320568360006
-0.70215828810671677
-0.70585904407430244
-0.093470574736422632
0.90195786731563832
-0.21247752077292922
0.37593258538415492
-0.92839409799363193
-0.35042463695611836
0.12364049751098255
0.92051588997606182
0.3432717702681361
-0.18658774889729163
-0.31705003200819448
-0.32657589684914817
-0.89040859205242251
0.46013667523193957
0.24470264554866922
-0.85346051775578868
0.71484573074021251
0.28133820580726582
0.64019090527407529
0.43146500584248504
0.75298381392616753
-0.49684336032450599
-0.24025853736740174
0.31702509566654474
-0.91748074853900607
-0.77701359486779942
-0.38471009862805022
0.49824493314454821
-0.18526186854210638
0.68181896040424006
-0.70767290841007091
-0.4776847018523081
0.297598417417547
-0.82659089492132864
0.98910532905221493
0.11132091525572012
-0.096323942335945725
0.74944656531414611
0.65546084093356105
0.093278785055865426
-0.63828989115395063
-0.69079980575007638
-0.33967873531667342
-0.91484679715889061
-0.37890780836193022
-0.13958585347548061
-0.78887434417495961
0.31514450380189968
0.52759947955431274
0.66826726658537028
-0.5565727817082432
0.49360469919974032
0.95195727092568394
0.30228069072158115
0.049027934370192865
-0.82373671064734899
-0.14948533657395868
0.54691129598981214
0.13709421639372327
-0.32181078612928027
-0.93682602107448176
0.59481277083286654
0.36380882290273087
-0.71682697217128855
0.51105541923000597
-0.7003083949002521
-0.498387911679121
-0.62790001300802778
0.77215194359654638
0.097585601727891547
0.014007416474518761
-0.46437960625449637
0.88552547878569166
0.081672272354879408
0.11287992213933774
-0.9902463143613347
-0.4210666561321566
0.90074756290047686
0.1065678141961045
-0.041269350856243323
0.83130934694685754
-0.55427575299546838
0.37149757820186169
-0.84297046194969549
-0.38908912818333613
-0.34681486914896131
0.78400257669544582
0.51483920428818375
0.62589395824428584
-0.52189818791031606
-0.5795507177885546
0.31312540141741046
0.88585355524053011
-0.34236816682468996
0.37446771913678911
-0.82266708517471987
0.42777657053024926
0.82496815302352877
-0.081022544738586166
0.55934148222801394
-0.87253555444138708
0.47792857900707303
-0.1013211705614433
0.93728415657123731
0.15144126541647843
-0.31394896554949819
-0.25572334409823028
-0.73514544109486235
0.62782700779805445
0.30305192289051247
0.11116273911750005
-0.94646837108498116
0.29515638692182922
0.66033555852088621
-0.69053577562075719
-0.5598945565870096
-0.77039772614856017
0.30496791478672608
-0.26632403612851463
0.80944917194237365
-0.52331973574672619
-0.20956580445242129
-0.9270182074739215
0.31099745435621629
-0.78675898071758621
-0.24521579703660087
-0.5664622839553658
0.33575205137333658
0.072062429256718505
0.93918984571183306
-0.82488917236774884
0.09181227039238396
0.55778881336563757
0.13506506200213519
0.44666191529050991
0.88444929897387148
0.82602967537112815
-0.56271499232192224
0.032043920209735392
0.84253474090473612
0.31325633738700992
-0.43818452443629818
-0.10276534310211445
-0.85837134877548782
0.50263098975138276
0.51944193542785289
-0.054822752783328071
0.85274529696517498
-0.28170720599618332
0.90688315825601584
0.31337515434606228
0.19821955166218552
0.94503279687925057
0.26004234686185862
0.018428805682637123
-0.51842109139157599
-0.85492686887328495
0.40830185642751204
0.90472084304856404
-0.12153102563272922
0.84817391415159593
0.15223934988473403
0.50736987661806932
0.4832225809554756
-0.66015970158272319
0.57505226341693383
0.60048841247481377
0.76427427320026953
0.23515633482361853
-0.041319219112981621
0.95439655131881596
0.29566864047890562
-0.36241058768679035
-0.93059908076430686
-0.051419031623927906
-0.83915077961788587
-0.54355151339476071
0.019435054745476646
-0.47818168516745846
0.74611348603240102
-0.46331084806098344
0.81910212372203661
-0.42592937379965823
0.3842601715617695
-0.85157686909266761
0.1828144875480836
-0.4913203630716535
0.91594475337450354
-0.2977606830479364
-0.26904234684626588
