-0.59364613464825866
-0.019582615998543853
0.80448790417745575
-0.33367204372056669
-0.94243977070462615
0.021685152375579657
0.56932537871756395
-0.65914764856512131
0.49131760658373913
-0.87322952508830642
0.35204557725148106
0.33694822755391129
0.19747892428068795
0.98028735876417394
-0.0062264526097899654
-0.81528748833172326
0.53997706225317554
0.20911978292399835
-0.95256827771975017
-0.093143229830589563
0.28972058093748665
-0.74515906727324921
-0.13859189479488745
0.65232679782270486
-0.026801672127351489
-0.86370586593704834
0.50328306897521546
-0.4289950948761076
-0.15480706509453812
0.88994268420446876
0.106063782924384
-0.43082763270468916
0.89617968335029907
0.27208319961031718
-0.60672618269522482
-0.74689629248101985
-0.47821117274818542
0.76637846957849121
0.42892670192625565
0.068511319287553732
-0.958204025366727
0.27776112921083762
-0.42601265520844467
0.12039207227950478
0.89667104700358058
-0.98912176492914705
-0.13366701215764401
0.061410618009408238
0.87598574172684784
0.11768225371700732
0.46776048085676275
0.82296396189782617
0.47998209328742952
-0.30388732704877713
-0.96883354399941535
-0.17704205469348813
-0.17325609626053784
-0.92804968412856792
0.20785941923694379
-0.30906026212269
-0.23046718195861238
0.5045477107039289
-0.83205557847026079
-0.47404409500357003
0.48133806043972505
0.73728954120099233
-0.43398356284598461
-0.70300268968729018
-0.56342300758128527
0.89200277121419835
-0.35574086490889073
0.27888975094123625
0.52419442327879828
0.19465303238102313
0.82905392079663942
0.60837825900234488
0.36758851590311176
0.7033879277819769
-0.3626295183707155
-0.8980471491857801
0.24902038118498665
0.14859201791322302
0.41606840447758237
0.89711063699409754
0.4504962142308534
-0.57691101651557519
0.6813419405750939
0.067689654848752556
0.91077872032396545
-0.40730852339657297
-0.44255560627744789
0.50817698904936126
-0.73885092079060577
0.36000659996984569
-0.80966995214973703
-0.46349737492675608
0.89110554919838447
0.06956701842639737
-0.44843207973460925
-0.12566146065108227
0.82145244985808497
-0.55625989423037403
0.81496439075770932
-0.29961001295638007
0.49605128961952455
-0.55772258785051332
0.30100446847553797
-0.77352558132170746
-0.74282490895239772
0.4981044352790519
0.44732887923226983
0.0071247636703187381
-0.69251144025468259
-0.72137170921725746
-0.0036378370189646125
0.47030157680340495
-0.8824982679858665
0.54213441195967527
0.82829569911458167
0.14147973069462397
0.3335312629460121
-0.40816236057894972
-0.84980020242658061
-0.2929992554811966
0.084386821569879117
-0.9523813840225972
0.34855054114599165
0.19940705640092604
-0.91583259721651877
-0.3486094591802063
0.81616040334903628
-0.46081844686950468
-0.71917904889632023
0.69218962733134148
0.060456723724352061
0.53393592659617872
0.55410898029903932
-0.63865144190069667
0.20857160823531412
-0.87224238656071473
0.44236987162893809
-0.48176990206283099
-0.80974894179031454
-0.33496927133072368
-0.50948938753165007
0.66601531182760421
-0.54483407419489016
0.10106697533051592
-0.99376154710155218
0.047153515244044437
0.69020139221519539
-0.22680740854499232
0.68715386749498186
-0.67352525936216412
0.37836683650681824
0.6349820958365302
-0.063996459154611676
0.07160750298505382
-0.99537772666054658
0.10016479916018382
-0.97809958537992037
-0.18245057985336097
0.24139143300554186
0.58956165995078902
0.77080946101329162
-0.34282935337493226
0.34793986366238094
0.87258574692641511
-0.58763435705032796
0.80260410844307528
-0.10253051996524876
0.76097598443936387
0.12063482187392166
-0.63746591348713555
0.69434478416711898
-0.7183270492844539
0.043492194313542037
-0.29603121012191941
-0.82338544474065944
0.48415073275063658
-0.36087927246765056
0.30624495875039243
-0.88089736969932519
-0.19755726095329887
-0.23451098994404693
0.95182757064506862
-0.23151517611100794
0.9667390005100569
0.10870339517745238
0.60121745254397496
-0.67177246204361873
-0.43273471549713699
0.78299554357643097
0.33106440576481433
0.52660643556173892
0.1326895057949897
0.62546982474337542
-0.76888295168209608
0.26146018685691325
-0.21075719405161319
0.94192355095529845
0.46287068473762349
0.556459895668453
0.69000225631745449
-0.93799913981789518
0.13227470416876658
0.32040757846523238
0.10245127984637617
0.96281004114978275
0.25000111983547829
-0.9557410789966293
0.27938404442150816
-0.092214671506435059
-0.70820114341048745
-0.29581436468789613
-0.64104992170374253
0.97620160392419886
0.19325672250198841
-0.098398514742911225
0.91874109704513085
-0.16828820897256569
-0.35720284898236132
-0.93786434730855472
0.32345139393875805
0.12565692104525378
0.44814845718876917
-0.65445195965012493
-0.6089791398967922
-0.2760636486932832
-0.84618721578661105
-0.45580265215272159
-0.58524665449742097
-0.51335401884835152
-0.62765755371207221
-0.1992850018540058
-0.13847630707127914
-0.97010813851650046
-0.12621975480717226
-0.9848065532046516
0.11926703761555947
0.34498703359191296
0.54666085933137998
-0.76298483047078303
-0.16130954593376973
-0.73989656981584551
0.65309440080694803
-0.020383860588657435
-0.61407596964835365
0.78898365111574797
0.43957786387278114
-0.81544581667173988
0.37658919483384246
-0.56348977124215094
0.75579994674140194
-0.33353518286855821
-0.51079267809994977
-0.85551576321483891
-0.084756232162671988
0.31184873267114721
0.74233917430156127
0.59302859815414932
-0.37031487096485183
-0.37841837732475003
0.84833155549300909
-0.83542462791940775
-0.52492225621259525
0.16285673458103425
0.95870106649768505
0.25965040733952904
0.1160772633404917
-0.6277403066475461
-0.58995407144225354
0.50783491510406531
0.76108309040088928
-0.52511044182986422
0.38080382533146451
0.51143905000777179
-0.46329523963616981
-0.72373173141545477
0.66077421904526423
0.35096965478769154
-0.66347398808342883
0.039326137067689303
-0.13103039532609154
-0.99059804686059294
-0.2807999089186094
-0.57754359720132642
0.76654732696882621
-0.089440501644209053
-0.34732106119664835
-0.93347119779608967
-0.04044943804825888
-0.0086131811434142554
0.99914446206350493
0.80368102823202292
-0.058254620631961691
0.59220199597345546
0.080334835345894959
-0.52269823124561776
-0.84872426222104125
0.50562671056382258
-0.84853136921714489
0.15600046480342827
0.83144681239339824
-0.54874851413645842
-0.087013024277325768
-0.095553879478323611
0.40644130098818643
0.90866656423997039
0.50895213751045343
-0.23964431208243789
-0.82676376638679294
-0.31232000363553758
-0.35251780522718656
-0.88214931407721753
0.45739623954626391
-0.0062663721909009106
-0.88924091933991756
0.66439768034726232
0.52514766886945752
0.53178534036785141
0.78693095319522277
0.51869466092294891
0.3342088024473403
0.10551543663948264
-0.75554575715393124
0.64654242047793919
0.91614983148258966
0.25799590659760191
-0.30676961787847273
0.515026935422918
0.71792206898808308
-0.46833231646849621
-0.12970606288936298
-0.43818587889994359
0.88947707827825717
0.091016469108410644
0.24179312732074565
-0.96604973263879701
-0.70514740799988151
-0.70779826131610557
0.042293667007560889
-0.69202540330268225
0.074508241619555673
-0.71801766211878226
-0.80287597576081327
-0.092455302162901709
-0.58893309012831696
0.6955063955912244
0.53114455412081796
-0.48389701003364433
0.3375672677569807
-0.74124947253948092
0.58017028465703802
0.62022844794285936
0.78024521097344646
-0.080833675627140597
-0.85523057153660631
-0.24057436587407097
0.45902575526157408
-0.99034901828316724
0.048023514755815032
-0.13000986122623504
0.9143963134114852
-0.12151728954923761
0.38615143449182149
0.68326395342900081
-0.28927205938192285
-0.67042676378968769
-0.66035715091521807
0.68053535927558784
0.31749024868613313
0.29753619968579637
0.84945113859082499
-0.43578087730335868
-0.51788128207421524
-0.34424402012490074
-0.78313155490339825
-0.20202040663058785
0.97141365283936443
-0.12467265290389325
0.21016772042918666
0.8768073706068128
0.43247932220993701
0.13842987949036481
-0.90156459794898902
-0.40990052962805584
-0.18516997452791226
0.20064111689195846
0.96200583301021614
-0.65891871334462249
-0.72799910106632915
-0.18932363310184977
0.32000121348692606
-0.94733696802498923
-0.01232446267045692
0.28772238563100322
0.21534897295428609
0.93318843148334119
-0.70753229299316811
0.58174794541171548
-0.40120740569071905
0.32689776297756218
0.71746735866177114
-0.61512473679341417
-0.86188451211143424
0.44761119178172631
-0.23832605559228651
-0.69046827022057911
-0.6654220976485764
0.2836670579739034
0.20175575275720811
0.035011776202459211
-0.97880988539987746
-0.11988904344243877
0.94414490341334634
0.30694790864421878
-0.72833779638845131
0.27673367421799661
-0.62685128053296879
0.51353186307729826
0.69107964264375377
0.50861965468092196
-0.5187613228260548
-0.48953728452445361
0.70088510970071705
0.38754135480515023
0.39464767057128408
0.83310558420193537
0.66584444265202225
-0.49679194448826558
-0.55664076573763976
0.81235619505015133
-0.11452748625256612
-0.57180492062967503
-0.25258113711476798
0.8376354333873457
0.48432391011368053
0.89392917941315886
0.30981792646154738
0.32388805880548227
-0.54736097238162473
-0.82343629916459771
0.14949457224780227
-0.93369061784471963
-0.032676119688643646
-0.35658673748590136
0.97151571177122997
-0.17427530939286778
0.16057813773257082
0.29249843655945579
-0.93114879553288232
0.21773053343051518
-0.56431989511993874
0.25340753041902986
0.78570202971530478
0.58576833458700983
0.15966822522494378
-0.79459519004879309
-0.31408773095564524
-0.92272396567053039
-0.22344883181700456
-0.14335074985574911
0.29262586024762099
-0.94542089485590186
-0.79519310904928897
-0.4654560465761306
0.38861110126480486
0.90673290860903033
0.41112173589389928
-0.093884773637659874
0.0001717198203322511
0.59206506545233972
0.80589014684584637
-0.86378673543082707
-0.003255024296742555
0.50384708048234439
0.86766442788507336
0.48172264104721163
0.12288912761252636
-0.72482455664186873
0.11095686267787533
0.67993965667079725
-0.13873016883957262
0.73307838318133456
0.66584534568170117
0.72457001122887643
0.15731403236175737
0.6710071490303734
-0.16199856370721552
-0.54509683100957584
-0.82257273853448187
0.78679073528472976
0.60901913204171754
-0.10027978698255723
-0.16330373249941946
0.92293596925222288
-0.34859874872440078
0.96425085233338059
0.067681837867880221
0.25620199569319341
0.25535254514562261
0.9388671718218532
-0.2309188415068974
0.3211634433033837
0.92958683506853745
0.18089322472877245
-0.086700665094913226
0.66980833268295614
-0.73745494244772547
0.67013568300549797
0.68084376786482115
-0.29558404916772579
0.66867469171735971
-0.46464189495579739
0.58050156426023503
-0.36494254806118287
0.8894213022898636
0.2752211540699851
0.22428082151679046
0.40286724370915822
-0.88735342285131202
0.22622268237777501
-0.60091016046716605
0.76663568728903375
-0.93563057086600643
-0.35296705831571251
0.0031129736432058048
0.03273701611342069
-0.22777217238044914
0.97316397655538023
0.63999387212428249
0.6986914922911267
0.319746840865341
-0.41725450656259055
0.90878771705902905
-0.0018873462446175597
0.73158363407211047
0.67214354112907437
0.11405457674426231
0.81636699716045402
-0.33866198395027153
-0.46781725767022464
0.42448895191600733
0.83268651643641511
0.35558725377358114
0.40756027323291633
0.011922637396140396
0.91310047333238775
0.41911469569598825
0.90664774442799567
-0.048298440712792039
0.50646036750776091
-0.81275916241009749
-0.28795909442547662
-0.62002860332859078
-0.65158466828394845
-0.4370376998746146
-0.41758348849352345
-0.13494278408458471
-0.89856244922714223
-0.81492120371817001
0.37282032385105873
-0.44374366232558249
-0.42042180114653727
-0.6757909325487983
0.60543548343777054
-0.86231160709391652
0.50612055163408043
-0.016145571675269657
-0.36693482550773554
0.68090584820659994
0.63381863313384723
-0.38242780873782972
-0.54702377611026809
-0.74465694079491751
-0.55294428080234281
0.81687899787273832
0.16419904129565008
-0.091833017138894524
-0.93783402788128312
-0.33471485343667645
-0.76093545391864392
-0.44019414094536585
-0.476661675873988
-0.63418577022534695
0.48396002000069582
-0.60298516390091172
-0.58583005160626522
-0.27104216685551674
0.76376651826410047
-0.012254979836797249
0.87054183882848102
0.49194178753011658
0.92746301617208526
-0.3724106474887442
0.033506167641086597
-0.83160392064581024
-0.55118269292002176
-0.068062898791851012
0.81897512040759124
-0.55273531272096821
0.15415390434440773
-0.22294248173376444
-0.71682468481841854
-0.66065045301836067
-0.85075949740441548
0.11944346602623135
-0.51180224305861244
0.4824825582486611
-0.19185714884370639
0.8546352528555039
-0.39102186727897609
0.88820086431991552
-0.24124909104702866
-0.8945819361809223
-0.37713275684363839
-0.23977915500374428
0.53892895225940962
-0.38280703903684637
0.7503428251675478
-0.26253200504578222
-0.016991075188315299
0.96477367796317215
0.77732016122658687
-0.53263790900387054
-0.33476891259891101
-0.71078027879263661
-0.37795480888038729
0.59324662470481171
-0.61585567289759713
-0.12857276471180676
-0.77729713387752186
0.30647542387266308
-0.16862835437199589
-0.93682297829625416
0.052060428747400925
0.21474996496139642
0.97528055671571534
0.47151093513894005
0.36074913005831616
-0.80469714999282205
0.90235588976527603
-0.36751458209053151
-0.22513746946418989
0.18376755057048913
0.00211265782448251
0.98296745827837018
-0.30427728956491412
0.68489274391550037
-0.66207043461170056
0.97262878640585226
0.010318394513278917
-0.23213525063925047
0.97723452729785298
-0.18683498234640269
-0.10052545960383008
0.47712294224936658
0.83668630001596778
-0.26890469193544664
0.024745615397984807
0.98182684327733438
-0.18815872113362023
-0.24477199860650731
0.55449874271879229
0.79537275099254845
0.31172155038069094
-0.91922732755018932
-0.24052192272887529
-0.91894326953802319
-0.31563978768837692
0.23646308760312737
-0.50288390741739264
0.08694148705275051
-0.85997032128421247
-0.87163596369132423
-0.24204471586346993
-0.42622189329323334
0.656458061353279
-0.065250289305760961
-0.7515352376501111
0.3329250436334788
-0.40944939347030046
0.84941868916833319
-0.81976826009815484
0.23585261430595114
0.5218750272437761
0.095945766163674867
0.75023577039545541
0.65417176549771938
-0.57412414116714305
0.59832369467546487
0.55891880172256803
-0.74167668165756162
0.64625876353267098
-0.17962547269986834
0.62537207035481757
-0.01833914401846265
0.78011117760021831
-0.15712570731847433
-0.92908954802524624
0.33481953922958652
0.80957786115328623
0.31176168407892468
-0.49738148243651303
0.19003039818119019
-0.77098049376680611
-0.60784663032560293
-0.017878092145154137
0.99846550045978688
0.052412004472608249
0.65234497047725026
-0.70603614372989854
0.27560660957250188
0.52415545809451269
-0.84891888896234668
-0.067806900184762917
0.14092232791386236
-0.32455540359442631
-0.93530994194063644
0.68892475295511213
-0.69872747695003268
-0.19277602994350473
-0.9906698383163286
0.09473863693781244
0.097968679288152158
-0.047948374955356338
-0.83762536556567568
-0.54413665590558102
-0.50975804168538807
-0.76599004660693115
0.39167076408150425
-0.77392820937880913
-0.5634697036970463
-0.28902771448993109
-0.11999619368536377
-0.98705937000603672
-0.10637064249270463
0.10188288533040434
0.79118369563823154
-0.60303253430721437
0.9994907815338987
0.0085964468938317454
0.030729118593899797
