0.24800429537557467
0.48754219863535286
0.83713587548561708
-0.097308832862899985
-0.76073542643053482
-0.64172626720464898
0.96894262438110212
0.068114760774111618
-0.23771951964899313
0.76719787884641721
-0.13590590504411443
0.62684687098820113
0.16318807998774645
-0.22854720584208257
0.95975821186989041
-0.44050796508421236
0.36318213796284993
-0.82100637473901494
-0.40003691377253575
-0.91632781552339804
0.01771446068788203
0.64721763974582613
0.70166492622414245
-0.29795244269633164
0.84138759944670749
-0.53395148504780765
0.083442909300598056
0.17520986834740054
0.96660688827935148
0.18700969377172916
-0.55724361754602325
0.82036606417077562
-0.12837083571112345
-0.45862380788992768
-0.59125937457146527
0.6633826609264839
-0.3702051475413054
0.73858601225861231
0.56341712010715583
-0.90420680929594388
-0.40704076383955623
0.12933623852485929
0.78137529170061781
0.50456638850838476
0.36724026618466038
-0.46130814784207919
0.085135888761551426
0.88314589574955915
-0.69972889219899237
-0.40825911283478694
-0.58626271773781058
0.46615387795168189
0.2758862792984903
-0.8405874868004185
0.0045279435103528212
0.8255823327246572
-0.56426351080012316
0.24650962686303104
-0.79924815452205433
0.5481198695148165
0.61213519461850185
-0.43485557648833345
-0.66044767476793187
-0.91673344822918645
0.21769578847618673
-0.33497511635576299
-0.89248452195128747
0.26348791816028233
0.36612224059860404
0.32608424053497537
-0.93580234242069271
-0.13395164797296363
-0.049742847978024418
-0.16559982345886348
-0.98493773790297434
