0.49117443364348534
-0.60729887597752041
0.62444835732944448
-0.68321338581556856
0.71719168547627032
0.13731553344809064
-0.51959188413571833
-0.32226608591662964
-0.79130831147427594
-0.0052658854820028019
-0.91814402411850127
-0.39621183907800589
-0.46345521520781291
-0.55321092117955206
-0.69221885280910356
0.44314063427979022
0.37938563551297499
-0.81221482245556276
-0.36389216847075972
-0.90794310141423729
0.20789856738309784
-0.47328265677592418
-0.79608479671946697
-0.37716378832974895
-0.45728472232901818
0.66646463534796496
-0.58882558755116687
0.75251686321398836
0.057390748118121504
-0.65606758234881712
-0.52211081000746407
-0.78590260685461322
0.33129653576889878
0.17929956291598767
0.86078231737904343
-0.47634595497988591
-0.5763625336799737
0.73855804033459849
0.34976885342625746
0.91107278979700723
-0.20916735649924112
0.35523990297630953
0.99831439074038941
-0.0022555018050232985
-0.057993878575696552
0.90578107437227973
-0.27996003456478918
-0.31809279205206903
-0.2260809375196042
0.89416758947121522
-0.3864605175557953
0.37564120804961021
0.58709572716176095
0.71708597111046091
-0.082710493972263682
0.20946599976554015
0.97431153597249731
-0.28696067714340961
-0.86255139305708384
0.41672372635677929
-0.82050151692066953
-0.47319056723345715
0.3207303350357732
-0.42161978629148339
0.37153587970312069
-0.82716252689586467
0.32589218025300803
0.046909522117411326
0.94424243898728522
0.14353499682515197
0.23787118483851472
0.96063260620797408
0.90437305495887121
0.40460810152544785
-0.13565272442649806
-0.67951500064082315
0.061356929176384814
-0.73109143829355983
0.064955124395545738
0.98948004334970829
-0.12926745772783915
0.12212662348531793
-0.07454092691003443
-0.98971144181092907
0.70005867642798603
0.69333977210306375
0.17087366671891804
-0.37440827219391754
-0.039498329170024826
0.926422326860456
-0.61962323835410016
-0.31775245255174162
0.7177049682069444
-0.35178313143357465
0.54531962849121918
0.76083843963155995
0.89850998164303608
0.27477492800304465
0.34231352855058578
0.9822691034713249
-0.10741781670713189
0.15365162224822942
0.80969762347792307
-0.48897996368984653
-0.32448166919578059
0.37005167463994976
0.91118578611224144
0.18111383515122487
0.33802908554225536
0.83806734741450439
0.42822827852102774
0.030369373262073073
-0.6736655762055439
-0.73841207506603057
-0.16358335199920104
-0.32125980162389439
-0.93275539495050974
-0.63792424020979577
0.2816749562720926
-0.71673696902132056
0.32369697459311114
0.73416194623079878
-0.59684713733574379
-0.73923779413617119
0.42664721390329291
-0.5210562719987597
0.50604243906372592
-0.21512969176278832
-0.8352486250144221
0.97152679576877643
-0.22024082425075175
-0.087347950385821674
-0.61362816729630765
0.74818816028459212
-0.25233895678339524
0.54669059359541083
0.1503520048922535
0.82372548188044847
0.039333023027350096
0.52691103959023755
-0.84900981717378565
-0.93139785148312948
-0.31263180968030252
0.18643871333129722
0.47597093646182337
-0.57474869991163835
-0.66566928695376681
0.10849571840033684
0.71859710249415143
-0.68691111752235079
0.97649744742033617
0.12440581108257572
0.17599979929094828
-0.17458873845026174
0.96963138018209327
-0.17127101030972894
0.50993404895029859
-0.075386431784187996
0.85690381702032481
-0.67984166111178279
-0.67043383075689211
-0.2972100173167298
0.67429654131995453
-0.73476307418260089
0.073806498234779361
0.70237240067921447
-0.16450530600821658
-0.69253954043019106
0.39126395224163352
-0.79290610934568051
0.46713212417746686
0.12553020196899711
0.98836838787888093
0.085849276265583599
-0.94313504797327874
0.31885790146151732
0.093946367465688921
0.1199030362855238
0.615858815562212
0.77867912594586841
-0.71721321180661524
-0.6634142983376885
0.21327605953587947
-0.98616208265233851
0.035844054001230245
-0.16186275214378129
0.0029248587104892805
0.93956786847660501
-0.34235020918330494
0.47847023221817619
0.69567230589519313
0.53582299287315904
-0.82085364257463767
-0.02228491474934095
-0.57070367095942509
-0.35466123705226299
-0.20234262908990958
-0.91283781001092501
0.13899777202541319
-0.58479571728217572
0.79918307565938651
0.0839661390484394
0.86872676382501568
0.48812242041050891
0.95583248771887275
-0.06056298595989195
-0.28760455516693917
-0.25642218283792378
0.76914786063562679
-0.58537102134310759
-0.84255271871706472
0.52852546164636238
0.10375814461516988
0.038577570991444307
-0.20548689658591363
0.9778992311827891
-0.59408254050957632
-0.10247992010502825
0.79784948520191112
0.77294718753236413
0.282411409729174
-0.56815177632441571
-0.050041852821874011
-0.89183681938792181
0.44958080536227207
0.060879706983412912
-0.29832462443716667
-0.95252090776635312
-0.11148567684870651
-0.97352311032391936
-0.1995587570687585
0.78771311429486357
-0.32296186857665782
-0.52459859036539647
0.36672930078243726
-0.50532211629948576
0.7811268646809133
-0.65373589791138742
-0.42075766573821627
-0.62896133625567119
0.95321605927671893
0.17122487193600655
-0.24912082925251555
0.93636343224310992
-0.32803034413767923
0.12497846247581534
0.57948121556245757
-0.8048233790966941
-0.12829984126894167
0.61547939076022684
0.22448077595708998
-0.75550876948922485
0.82753929302036089
-0.079909492960958367
0.55569163341018901
0.31563078165476455
0.94793695553173574
-0.042340736994367807
0.4529586387911273
0.569126944042885
-0.6862382917827422
0.26031587700726905
-0.64359773257237751
-0.71973439740339695
-0.83826913603809394
0.1914872030308839
0.51052669532685213
-0.14202614086832294
-0.014495009043569738
0.98975677316342636
-0.9171510228902362
-0.1039212000622772
-0.38475236891929521
-0.87944994710729796
-0.024602012330538429
0.47535516355905816
0.88202389995764963
0.11288319272208287
-0.45748357861716393
-0.8756961922186467
-0.25413419315321706
0.41057519506678203
-0.40280044856916902
0.89235451175284397
-0.2036055598131335
-0.87556057413558697
0.36692719127166623
0.31425804257782725
-0.76808381158369043
-0.17655230432459473
0.61552948119545448
-0.11137604922264412
0.99236820765410905
0.05292179226865118
-0.18259207781348633
0.45195983357562436
-0.87315087009866044
-0.65650473720579527
-0.61948424304847949
0.43039609970468146
-0.44323705530143398
0.79941991635537812
-0.40554742033709662
-0.56229568031879118
-0.54746403460545734
0.61976342156369812
-0.63386816759190545
0.62518293901281152
-0.45536517091339268
0.77298590136358747
0.4058115377214182
0.48765745369603447
-0.75784350560791336
0.3951829840134517
0.51913739044123208
-0.11314821981435118
0.66443253638516486
-0.73873329757471995
0.58697168723092474
-0.68271888120975943
0.43515418833900255
-0.24345447924305255
0.73227909190338147
0.6360009812080899
-0.88055827745549387
0.46023393946434615
-0.11314522071100475
-0.32290239623869343
-0.44798264385995062
-0.83369394462449975
-0.36061967588543475
-0.73588280611121015
-0.57308807790266847
-0.45272003446892595
0.67467933205763508
0.58296858344572722
0.049303063715720373
-0.76254744684966902
0.64505085009733509
0.60989717754593442
-0.37806083046206895
-0.69648793334259118
0.66918947707898757
-0.67745856143338434
-0.3053446271139556
0.72639934379895799
0.51992973776448626
-0.44946308092722775
-0.37395938632909964
0.82585698917631689
0.42203626716787235
-0.76212741191849986
0.56814191893960886
0.31044575684977255
0.97517434723113461
0.21954047795831802
-0.028930451779462515
0.17684524087244716
-0.86403492320332043
0.47134850404535944
0.49632056082391546
0.39605980684329395
0.77252995431030824
-0.44012537816523761
-0.44706817745203259
0.7787295398305013
0.21589656658028852
-0.37692990751202021
0.90072888116337357
-0.45129580308251932
0.32938120236265733
0.82936127330026332
-0.19389236300544666
-0.23288919365745869
0.95297868551491904
0.11272665748991982
-0.8133062640442652
-0.57081137125806292
-0.56301505545083741
0.4846757509626593
-0.66940530604744442
0.0128322261809248
-0.99922938452013799
0.037094084201495334
0.3319290379023479
-0.77285259595713351
-0.54085301027131305
-0.30976073452492947
0.023130115246672672
-0.95053315834601571
-0.77628979664089803
0.55665345449150938
-0.29582272264635523
-0.06018113436303997
0.10601898191056761
-0.99254128707143696
-0.99267903087181308
0.098004821239703707
0.070593177299027032
0.46129466936634445
-0.88555172135608906
0.054821317181023184
0.22797453382367641
0.35892535410087228
-0.90509679157062584
0.27618213918074369
-0.16654832891123639
0.94656488427071028
-0.99036026995969539
-0.1317359569918527
0.042803893757463768
0.2374514445869253
-0.96969500708343148
0.057518733479155142
0.097581978427974128
-0.95997992047661485
0.26251916076316162
-0.31043333863669198
0.17373400660634838
0.93458420552210397
-0.74060707527636216
-0.40840674591960874
0.53357763253152668
0.3930858104755674
-0.42855376666252704
-0.81352640687449507
0.84475720440163338
-0.42456916843501852
0.32577029764227133
-0.66771448540671841
0.26062514407299681
0.6973033057823339
-0.41789462797508392
-0.24782381686245863
0.87404086615288679
0.092922254094293999
0.01476448466204525
0.99556389281989321
0.16914554647265934
-0.48411939500075141
-0.85849763860628747
0.81564930104724043
0.50906920982399018
0.27489044601500151
0.78344287762662279
-0.29991347251620071
0.54430613307162989
-0.58261249014896199
-0.80622981254472437
0.10274325129430412
-0.43400687038977848
-0.72459191786313248
0.5353546385545731
-0.52835659492320797
-0.074161245736387701
-0.84577740465915741
0.01137300164505739
0.42794145087873403
0.90373489998637635
-0.8837260628343121
-0.34750517873847336
-0.31347790451211549
-0.56249203423936533
0.46591089632207722
0.68302982958698011
-0.84721585541067301
-0.52470240984061789
0.083142500853714191
0.78769810346250602
0.57113460221280365
-0.23094796807245085
0.34624706527441473
-0.9266506838709766
-0.14639494482497098
-0.33596523388635335
-0.91545796527894741
-0.22150412056442051
0.25313228359296885
0.56186117680489467
-0.78755067456159766
-0.23068115641992487
-0.44370999128840777
0.86597208251975843
-0.041982512611733525
0.83299797907926765
-0.55168091818066511
-0.31907348726790413
-0.62633009524878536
0.71126838922332702
0.89632375480813675
-0.42889012988676173
-0.11250325796331287
0.59435666430510659
-0.4084890179752948
0.69273146152725451
0.66781730636619441
0.62241311832330504
0.40819352696589889
-0.20824100332370951
-0.97800197769010544
0.012157967304501274
-0.7269700369551394
-0.6853575715487239
-0.042421274029417512
-0.065950758547432112
-0.50969023682509684
-0.85782653254151275
-0.23649823453718269
-0.87722445997404408
-0.41778682588617194
-0.48429954745688314
0.15567836223379253
-0.86094029750341128
0.73248851148481098
-0.62374472921480639
0.27276930421056156
0.17999204523041956
0.93767322616207471
0.29727392181719708
0.68163821667434465
0.28397101485536774
0.67433656603437409
0.62890503958029109
0.43627133512583194
-0.64354158633147918
0.82641153396195621
0.5625996742760615
0.022925597900947833
-0.13530814138336647
-0.9614504968412444
0.23938389461094306
-0.046427762113331605
0.95936982320928332
0.27830559681856271
-0.11986478709893771
-0.79487946001882592
-0.59481011831836383
-0.015730254550166911
0.75527646361095546
0.65521753838486052
-0.53930208854524364
0.11492055273421913
0.83423409415463223
0.62373224109465408
0.72100357701917139
-0.30184753327565861
-0.91988418830437502
0.12676659450184413
-0.37113785932723975
-0.33924087163923833
0.94062683819880311
0.011695395229433284
0.92767486850103276
0.024113254240100843
0.37260956686798014
0.85653332707023788
-0.10985619710339106
-0.50426409308612241
-0.090252233559136613
-0.62025078645281451
0.77919413257688996
0.91892234163459252
0.37328147948936913
0.12744672265313334
-0.93009566365027518
-0.36403474642825845
-0.048997549447577157
-0.56485299287926372
-0.80963879422499552
-0.15945569704853466
-0.87218913906501128
0.34789040696812329
-0.34388714782118235
-0.68781776401230221
-0.18187802305246523
-0.70272833174680238
0.55217349548273209
0.66204536141698933
-0.50675474374950735
-0.22386341185667075
0.39194560264074035
0.89233615717535364
0.22776812761765866
-0.90213244618115607
-0.36644062218693729
-0.4195013948819481
-0.90765474803267288
-0.013469894797098219
-0.15247460114541597
0.87045059371196831
0.46804621557280873
0.45232911076641075
-0.83142362287319527
-0.32269666078482895
0.70364386107703203
0.03697497826825541
0.70959014068028614
0.32508321430320625
-0.90657594197912394
0.26914859316548462
0.41057994008625254
0.17277623718815716
-0.89530580510899793
0.24705204723529559
0.44964268745488356
0.85836282513585072
0.66344945871068461
-0.1923602591017893
0.7230714670451267
-0.82827945927183944
-0.53036520948506272
-0.18073705186323807
0.54106950212552507
0.8390515418294312
0.056888522772970691
-0.96639892842964514
-0.18452917455192927
-0.17894718458030301
0.6041475970318686
0.5130503965118608
0.60974172535561422
0.8263983489959098
0.164509085632429
0.53851882930981765
-0.80332709496242138
0.20989134532968101
-0.55732504129541249
0.35665020949587539
-0.042195704504605691
-0.93328460320949702
-0.010200511440858061
-0.42164722724635073
0.90670257820401567
0.5734474767572415
0.0046030442673665765
-0.81922939606939482
0.67928461104314219
-0.52006252792304675
-0.51779086922256312
0.27608245227920802
-0.70588263541996099
0.65230988384054811
-0.18265088790739017
-0.77416120501188335
0.60606359550891242
0.86159647335385336
0.35493336088293409
-0.36286888325750377
0.36202420591002976
0.2602772345806692
0.89509453997566735
-0.56130679763621161
0.82671843017287605
-0.038357738982848139
0.83999891587805553
-0.53435478274959802
0.094163620768962703
-0.25086196746244238
0.24211419417221705
-0.9372560964118668
0.68567757166676913
0.72396431851173559
-0.07564346128384708
-0.80809595141210966
-0.268121831290904
-0.5244917700942211
0.25026061030377217
0.93173279837258116
-0.26314182367533784
0.53454791991923634
-0.69289407467234909
-0.48389701651691003
0.28333887736236346
-0.25894158059319566
-0.92340042149380308
-0.48168075455974735
0.85742403152872626
0.18112890670397802
0.53395685767543388
0.78848026046836173
0.30526865707622336
-0.11615797604463343
-0.10830798377591906
-0.98730780674094221
0.41282071916048285
0.82184549024126474
-0.39261819112455421
0.77009166705168242
-0.62835878064127115
-0.11010934169531393
-0.73537261332114712
0.044838668941733884
0.67617794502982731
-0.74623359860323502
0.66090240147667167
-0.07964566553199251
-0.9432014191901853
0.1505100739628967
0.29617191033807316
-0.32960282876109753
0.57324967269019944
-0.75016450731373718
0.53810543511548636
-0.8044522190332617
0.25159325903456625
-0.75512060320601393
-0.49412857354920775
-0.43084780075568535
-0.96156510005883411
-0.078583590922655294
0.26309157642643199
0.18339635092251458
0.14345010348790793
-0.97251624473713261
-0.95770073865164973
0.25196507582359812
-0.13900681908198975
0.45206494462102881
-0.29523509611939358
0.84170869299547957
-0.22409969079744094
-0.63808938558211059
-0.73662830830204717
-0.000884343168026775
0.31666187933472389
-0.94853807098785559
-0.58010397261004687
-0.63340659736615212
-0.51212836611056356
-0.26899401945777107
0.93223099727659375
0.24204872487298829
-0.64000165773421491
0.58244409794885366
0.5011554158761562
0.48406374655958029
0.85813477964257978
-0.17113441861438511
0.7030632049009734
-0.50222861931475049
0.5034565958010393
-0.12275484307602509
0.59141195198997387
0.7969712363346555
0.23865871922764775
0.74655916409632483
0.62104060273094486
0.11778028068828304
-0.97786050419084358
-0.17296427326074712
