-0.88109770739246041
0.44074609338013054
0.17149259808488423
-0.31617765644842388
0.4558286578692341
0.83201678121773182
0.01437153990607396
-0.47693100433363672
-0.87882323361756698
0.17854361729399132
-0.13139572350710307
-0.97511914172967695
-0.23700721799501526
-0.93804771076189475
0.25277276544879573
0.79144114912833119
0.21305886612779085
-0.57291083689415978
0.53527888841515392
-0.76536595095423821
0.35733943630244852
-0.50138450283491931
-0.14978562302131487
0.85216069344525458
-0.29761309405561925
0.7964990022071633
0.52632289113208297
0.67774756337991171
0.43835013720303989
-0.59034515120111608
-0.16903196469890064
-0.4862865066155711
0.85729436507751156
0.2147794597863745
-0.97538194224384289
0.049998503962638982
-0.8874056662970875
-0.034541879073318939
-0.45969342176488259
-0.32365042778926029
0.63841419245889186
0.69833925813954467
-0.8244661911008343
0.27363305123330189
0.49535891331885401
-0.92342998606794602
0.25124734371343188
0.29008935366107047
0.13660620635288054
0.089463464215652141
-0.98657743383700458
0.97208962507998686
-0.050881517769783814
0.22902583251959585
-0.68515914926306887
0.28325015080238614
0.67106355306448673
-0.59293231403700231
-0.80453062011768617
-0.034084487142644893
-0.87449015038280631
-0.31676297303810957
0.36732573527526563
-0.41500255396858793
-0.4541866122433888
-0.78834472247768783
-0.23015169659622639
0.1110040987454966
-0.96680312712339656
-0.69118449502834012
-0.60502868696057499
-0.39522687381702787
0.2435141665528944
-0.5413880142424311
-0.80473589998376893
-0.93879649652629515
0.15433348874916866
-0.30796479078047923
-0.015746823575630502
-0.98867332110402861
0.14925515630760833
0.54886443843945609
0.63041063879335879
-0.5489355651738097
-0.24541088405975908
0.91264181205824135
0.32689206302395457
-0.42199301458949517
0.86062247700557981
-0.28504534325340264
-0.84792841798636309
-0.13919769975380678
0.51150894259474344
0.89413506437440948
-0.035735075402625195
0.44636923173773929
-0.51205363740482512
0.27550263618356458
0.81357198198831437
0.65605676942896896
-0.42412309983570257
0.62426685918137537
-0.87505790945369977
-0.4820395244618666
-0.04372129868951901
-0.074452562799986882
0.8716269236520835
0.48448252998154528
-0.12223335380882835
-0.7490566665194297
-0.65113218132683748
0.39682470485640209
-0.15558397045877556
-0.90461250364557311
0.68299374424748027
0.3558940396131392
0.63785498186237344
-0.50304274208506872
0.66720129965919095
0.54935455342485462
0.91273854221106054
0.15093060025818941
-0.37964234151123172
-0.84172178133121756
0.19824594282241853
-0.50219815709244919
0.19381896136335616
-0.73219747858696527
0.65293266311842635
-0.74167209272031154
-0.64789982242838506
-0.17363273590294154
-0.85547609066032482
0.51644755734678971
-0.037981295647488915
-0.72337386672930648
-0.63225867217513188
0.27745129372996369
-0.31058158308943035
0.68034940851132641
-0.66382509939286838
0.76300130405040567
-0.64251538650722895
0.070731804153766689
-0.31486980498542644
0.24786143610624192
0.91619960401639056
0.873795915934655
-0.40960374412560968
-0.26211728308945881
0.30474323866489911
0.78891785310457663
0.53361051295949369
-0.22032037335646695
-0.37698895847076219
-0.89963229059166006
0.61163920819003648
-0.39138869483459754
-0.68754081228704933
-0.10611841355890664
0.55289949332107813
0.82646296504382821
0.012900679457145592
-0.62662312580297852
0.77921565094551859
0.24471939120472827
-0.95272206522254443
-0.18009188212264546
-0.77490428714776194
-0.20795575058228635
-0.59689006656148746
0.6284479806212212
0.25637575342289715
-0.73438723348785895
0.074743595520791378
-0.83212204454974958
-0.54953279966073809
0.43024757487936721
-0.90230370556765982
-0.027111754448824955
0.39354353879894693
-0.89669524474760109
0.20263543894551506
0.86222217064927509
-0.46403855111482695
0.20307917549592408
-0.73455000196210651
-0.32618714010519606
0.5950111295156274
-0.17211518328558204
0.97867362830706173
0.11213515478591862
-0.67350272218850327
0.48905968792472188
0.55426952365401572
-0.41995432287124368
0.049616684312546344
0.90618792275089632
-0.99450997296378985
-0.10452889166372727
0.0048605023521049494
0.5470356793430331
0.051966637532369103
-0.83549472416603887
0.10057656489190291
0.41582194096494018
0.90386750578096053
-0.20892015714438947
0.93142974714152993
-0.29797817718522446
0.6462214584003575
0.15383696773234606
0.74748378849432728
-0.54234407040855048
0.36973436136710797
-0.75442654467956116
-0.75790180906209503
0.0107514447033186
-0.65228004281688323
-0.35887578751780969
-0.87351948989852102
-0.32889492227898526
0.42814929075432157
-0.37207153391627346
-0.82355993010573481
0.52059346821241137
0.50964441703584407
0.6850146049820891
0.60432517043402922
-0.72700756815425349
-0.32596178338314458
-0.75308245397014661
-0.41606795956157155
-0.50966093684779523
-0.83438711311106883
0.39570658079511656
-0.3836853494591817
-0.21539260383266534
-0.66798443370166771
0.71232213397201605
-0.96696524158400965
-0.079475170678833557
-0.24220222710360892
0.89074952030155308
-0.45353190492881096
-0.029565237935745184
-0.98471918512156809
0.069821138407036326
0.15954038700297923
-0.39248226701056615
-0.51910654211414031
0.75926679633482386
0.092845354633959362
0.99367222153889656
0.063208039558653464
0.35126336848446543
0.072481127550636903
-0.9334669421623536
0.31799048419484288
0.45860793912014158
0.82979564359998048
0.10989524238994522
0.61303438146335176
0.78237579387651102
-0.17034498521843186
0.091035926852502988
0.98117024314490808
0.81423154050627344
0.18146683910804579
0.55144971189485215
-0.019423477427155642
-0.26591587897480884
-0.96380053633191742
-0.10927918630787053
0.34147820122584627
0.93351523690159988
-0.30304116080611015
-0.79282591076675191
-0.52876566650469625
-0.40602724939940071
-0.69739139752831825
0.59058201073064875
0.57178035869259403
-0.055737900401182046
0.81851115317522483
-0.74682053397273218
-0.49162850500142408
0.4478398185810949
-0.39569994977411677
-0.91130675888967816
-0.11376089376737235
0.37153110437210796
-0.13850093931510604
0.91803165974430045
0.78398342050892156
-0.45218866359222248
0.42531800912471518
0.25865597252203937
0.94270133963310687
0.2107398209466444
0.70978006679812844
0.59092362925123831
-0.3834338550109907
0.60439048623072311
-0.58154387733377677
-0.54453545237145706
0.098071030685665112
0.77660599618077664
0.62230635513090726
0.33845818816472156
-0.83684861346521522
0.43026788516643977
0.61605514298244446
-0.78167426625787695
-0.097269739770853625
0.49476404230448606
0.31186644393301344
0.81113985452023074
-0.41700318642786333
-0.83366462597483115
0.362093404948576
-0.31296704247667845
0.94615489595961288
-0.082719666192842406
-0.59333107121153139
0.7888835509873976
0.16006555818317322
0.81596178427318156
-0.24262641556032602
0.52472734737011173
-0.11410903061877338
0.72767321866201251
0.67636588912607853
0.43714273014597865
-0.57476572192355957
-0.69177351668173126
-0.7522448915505433
-0.65675528806425598
0.052916110361092859
0.96006170615565611
-0.2408027259319265
-0.14246251281387665
-0.36816096358839828
-0.63838066143539474
-0.67596422686039404
0.32355189857886957
0.63940898604077701
0.69747424145721282
0.21694708495856271
0.29513975052382968
-0.93049797957261238
-0.69332435782687063
-0.13430833306181542
0.70799901589911396
-0.75704065671325393
0.63087134421217239
0.16997291294524564
0.71927301116844167
0.026695471550623816
-0.69421443891882029
-0.58250649179352398
-0.78751915117364668
0.20124555536244848
0.015136466477336876
0.95544769304916577
-0.29477210388638808
0.38453439775554943
0.8885837709222969
-0.25010433622048167
0.26265920093020984
-0.72644352979907045
-0.63505113351585385
0.8314472114850372
0.55417053734673927
0.039881700698214693
-0.88660443826026414
-0.25715020814033013
-0.38445590190629986
-0.41774954998137204
-0.012536314206835701
-0.90847573127545278
0.41046479859612467
-0.69298225381961809
0.59270080563849847
0.983813925511556
0.13128446717997094
-0.12196125879480521
0.81908589951730393
0.38991498581321848
-0.42079043840159525
-0.61587306000474884
0.74395206729934005
-0.25929846802753198
0.17396169725498481
-0.94562581341223195
0.27482567001031716
0.042257466479818741
0.44637298832037953
-0.89384867948923064
0.10815519540304019
0.63230241990594882
-0.76713499691280629
0.50249024872391668
0.85283364484616986
0.14205042821397471
0.93523430257411355
0.35391595128501463
-0.0089609550124023687
-0.84281906681194962
-0.4591069727211865
-0.28085015260281054
-0.19917207187766897
0.36577467669409575
-0.90914210752405822
-0.50989773348395828
-0.71677570937703128
-0.47564365215461035
0.7799309690573788
0.56518327004285085
0.26884113295566919
0.16316715036257934
0.78237249040657064
-0.60105720800733753
0.43708907203117137
-0.86025721414871992
-0.2625084162765316
-0.39677919024440889
0.24647771536965662
-0.88420303664664357
0.15295022618714479
0.89943101611468868
0.40942652034302818
-0.57693961003230321
-0.68642668830763331
0.44267266456693383
-0.94654606710696909
-0.28797659838182743
-0.14532729141066575
-0.99038665840003526
0.10314923641708923
-0.092165622060415828
0.26959559661476051
0.25191064874655306
0.92944028282295899
-0.78719407945201303
0.068265411057317746
0.61291542232911167
-0.51345343284923428
0.48290966190070744
0.70934041950130067
0.022299623833587027
-0.9960406626259789
-0.086056523125684653
0.75540420390444596
-0.19512644674203752
-0.62553190046976592
0.50793505846513942
0.68301259662535208
0.52487690864917036
0.43559548566100792
0.28216668611604934
-0.85477396668244265
0.29951081999772072
-0.36886650367178686
0.87990384200391158
-0.39590207955302092
0.9074527201716911
0.14068085889200377
-0.66517978754953089
0.6052948885296523
-0.43721155995174316
-0.16881079665050225
-0.96152289029179672
-0.21674096608424598
-0.57472115918180944
0.11197307423714753
-0.81065258886566161
0.59084095624863064
-0.1764255431207572
-0.7872617049963434
0.96237174173457041
-0.047496833404758645
-0.26755313776386519
-0.70273768758790878
0.23097873882742187
-0.67291051756774656
0.24914184217118582
-0.56552074532358954
0.78620266413196516
-0.92108705060033169
0.34565920506072395
-0.17921595680399119
0.82131137348826044
0.37633488883409544
0.42874197278206422
0.56331687986923373
0.75834480209376909
-0.32800496031577586
0.21340141902577892
-0.34376611842898785
-0.91448602514092636
0.88972827582059077
-0.22318082098182851
-0.39821340553928575
-0.20311824255172053
-0.97905762702326127
0.013752909157017587
0.61765378490609402
0.71923510857009354
0.31812679954908279
-0.43733717779419745
-0.24500357098327874
-0.86527997961610559
0.86037859353094903
-0.023416072950444976
-0.50911723926939012
-0.23857280729500768
-0.83208457017709281
0.50071776850096061
-0.5832927252855058
-0.5282361236456099
0.61703824379439176
0.765502388284102
-0.017107799869166749
0.64320557888980745
0.38885414122816658
0.78442221328390893
-0.48319173022360262
0.68149005978522348
0.5444091086893077
0.48907056831304613
0.67899844992970837
-0.2156856496934291
0.70174126678525683
-0.61973234402452926
0.069226217823908434
0.78175415095518319
-0.61393743541006418
-0.11858102473163247
-0.78039692847659858
0.14486603285284899
-0.22011826123663863
0.96465630335142483
-0.94912674223536697
-0.29688130837956439
0.10497578724885592
0.6071091962103965
-0.60899395442877968
0.51043587975960669
0.26233531345244804
-0.86895470503412264
-0.41964020769567206
0.74374367157977528
-0.55787541197439272
-0.36826671815334711
-0.053141968798032332
-0.032997947161241672
-0.9980416156831402
0.83310720929646565
0.51833247246602532
-0.19303840500147124
-0.78489252857113623
0.56988811273585249
-0.24325142868146957
-0.24042228256822581
-0.15311311819572157
-0.95851630089480855
0.99825558613865584
-0.058911469761726169
-0.0039017269870765584
-0.85804374253285909
-0.47392090321896296
0.19788863886622401
-0.031348358523525119
0.23418082772448742
-0.97168751167448608
0.70664802735089094
0.69226725956116608
-0.14633730481585189
-0.46246504054177845
0.81186249534601462
0.35637813474907998
-0.70813457493045218
0.70450328097872228
-0.047122721465164857
0.46434715060692039
-0.51449753632112794
0.72088418545750022
-0.047008558698089495
-0.78755411512579609
0.61444992567137013
-0.70239401964881887
0.42876780577268836
-0.56815562119409557
0.21425261672714377
0.016683796355349636
0.9766357904381473
0.34507141663422464
0.9385719045740426
-0.002915024237219069
-0.64909073313230781
0.66327238170504155
0.37249290977021909
0.68624615431785663
0.72183166000587262
0.089583872974542608
0.59436981144948264
-0.79323174452043954
0.13231752235651467
0.54289646361573396
0.83503501768333444
-0.089330560482531782
0.050404217056347601
0.17856792975380073
0.98263569514158111
0.50319858257459671
-0.30444146869356392
0.80876855690279081
-0.34148605690882106
-0.32614648839840776
0.88148496359396433
0.20720722818737111
0.89280038098425862
-0.39996580391487158
-0.26653281481980345
-0.1210040145447473
0.95619992004197896
-0.35500556646711862
0.49147372256003491
-0.79525129852791943
0.41462155488321845
0.8411151629140311
0.34729562183005552
0.4328713045728963
0.10136129652962106
0.89573898053126677
-0.61492028723117798
-0.33901080560249913
-0.71200050142978832
-0.91174992440624991
0.054669573809691466
0.40709128342997525
0.71508176354136521
-0.63412251226057059
0.29418822358298696
-0.10135205557062579
-0.2826908111467481
0.95384153092890767
-0.17908394824020771
-0.57698704251766664
-0.79687821669902292
0.34370400940572488
0.65264784766932504
-0.67521725455665504
-0.79750430058971089
0.47336270837509076
0.37405164999063278
-0.0084725726515199294
0.96326144204094044
0.26843176002454083
-0.41204249835675022
-0.90406695299191386
0.11350737445577745
0.98070711686915868
0.15736345816406069
0.11597539806713393
-0.47478947466406551
0.74013179040795907
-0.47621411946279979
-0.058751380058330901
-0.92307060357992698
0.38011700323430797
-0.56639427990581992
-0.7820567631803067
-0.25997064998555008
0.77120081551284148
-0.61808015094870361
-0.15240153921649202
0.44437349656926101
-0.74615370735097841
-0.49576893867324873
0.90260897425269149
0.37386748840098794
0.2133544954184029
-0.13310455381799891
0.57274262321267488
-0.80885664076421804
0.18405949100228858
0.97116059060478366
-0.15155596665306878
-0.080746264559347497
0.7405599568817901
-0.66712142149907994
-0.95457205190197381
-0.12942385016336325
0.26840578372409662
-0.076984070966193668
0.99280037071824945
-0.091765335062750045
-0.014689697296377939
-0.066071934791697789
0.99770672656157955
0.2830850405517979
0.48637512655394705
-0.82662089018208273
0.061172364768435523
-0.66519365977037581
-0.74416082723422805
0.92458189380682076
0.17045986002853078
0.34072240572590257
-0.95961599226391425
0.27845222430348815
0.040018822718603311
-0.57733837863050552
-0.5400690233037011
-0.6123772094290294
-0.12147639294314662
-0.89189228605578474
-0.43562786415897303
0.91061236044645133
-0.26015542959598281
0.32109855411364274
0.76849016107871304
-0.38653414457777108
-0.50991590228266537
-0.52338201408023532
0.84992027572709339
-0.060883431615653627
0.91966561456626983
0.31735391109521999
-0.23130424228062194
0.062679605938834621
-0.94590744019854889
-0.31832433393691534
0.12589661654056136
-0.86438239068014355
0.48681939631214238
0.067293182603844787
-0.43564386047143
0.89760016399764253
0.95897053089176432
-0.26640773822325531
0.096966168821589496
-0.031540373539660917
0.86887753699528969
-0.49402128551508551
-0.51986311085203807
0.57341718489944049
-0.63319434460301571
-0.55765410250218872
-0.34441080621537612
0.75525035486555925
-0.26145200976872174
0.82798111769834026
-0.49607470740091503
0.4961333470627845
0.47226934044563312
-0.72856940095458678
