-0.3537133563919409
-0.050983679953659794
0.933963342903955
0.51616923336288323
0.42150313028383785
0.74558999033684681
-0.95593806653606084
-0.27586610432653119
-0.10040072425536196
-0.30415862974712582
0.42817844027510821
-0.85097047612354115
-0.49646498134730693
-0.58803103183267769
0.63854680948041276
-0.54142987982984836
0.44531090345560748
0.71312823846134898
-0.44571371001943161
0.66203512749624205
0.60253529246156878
0.78847866124533794
-0.16450110303351501
0.59265570769335929
-0.84706056166028088
-0.081785756447320043
0.5251661593458864
-0.13377715136745574
-0.0041423400395677332
0.99100278243353357
0.12091170543511906
-0.13990635634596771
-0.98275458327232756
0.27990825998205288
0.4643079762410906
0.84027939948134056
-0.45287377659813521
-0.79899835943874564
-0.39560961070724188
0.41033604695035519
0.89289638159370199
-0.18536553161262206
-0.4237038750850487
0.31880060426977869
0.8478450335734341
-0.16241617653616577
0.90147494576922726
-0.40120307544900735
-0.03043276300256895
-0.60771941598841672
0.79356849632953996
-0.6550103496309625
-0.75552171225369336
-0.012181304920726971
0.48692209475255943
-0.70491613010583509
0.51575199772603197
-0.80837841279436462
0.58863251808983463
0.0060083587845817799
0.27563246081867587
-0.81182976179177491
0.51474186191930327
-0.16254414142479168
-0.23034329070591902
0.95943804933682186
0.13961400886159289
-0.98586517805653029
0.09261630107686751
0.89231538110313535
-0.023620570754228378
0.45079410963766059
0.9802481821669301
0.037544420557630832
-0.19417496708747214
-0.061308740364835503
0.23873710370293466
0.96914696185377969
0.35147274236536064
-0.64137052782874437
0.68199029128489119
-0.49551303582408684
-0.85598808779517732
-0.14748296471509159
0.51040421084718135
-0.85423365026936438
-0.098855512223363043
-0.018838733260761669
0.053881189256122806
-0.99836963073476737
0.12578662100812188
-0.72955413688605131
0.67225626611271383
0.29103219346005577
0.28429802171774693
-0.91349597547947858
0.40430764509046246
-0.86076386312014375
-0.30922629265295543
-0.052162695651367816
-0.93665870351891378
-0.34633730134747281
-0.9359822825672206
-0.18051175713612072
-0.30224604588957943
0.81138390344978961
0.22846808573194735
-0.53801347104376673
0.35648577846657853
-0.079082692610812147
-0.93094780599156113
-0.9227279716611303
0.28035351543819631
-0.26452787508234615
0.27828766796936377
-0.30609880966824637
-0.91041720797437464
-0.62652302334623056
0.77898062441979166
0.025653225833219637
0.85443586241672254
-0.51845309215227831
0.033848903289957766
0.49317308653079661
-0.22967600709698277
-0.83906450198162608
-0.83028943778946507
-0.32649463466977208
-0.45168650968022767
0.74475260154336098
-0.64191633722635721
0.18244719371997367
-0.52408503204642332
0.36914434900891829
-0.76750721741211081
0.048610594518452371
-0.87126507710373002
0.48839960638804131
0.66820406368627827
0.17240696749950687
-0.72372589205497417
-0.87110380049471425
-0.42692476162048176
-0.24272086164761361
0.97055431135501147
-0.10639943065328125
0.21610990228783297
-0.032696219359281797
-0.56894434141974948
-0.82172580195954514
0.13612766029372844
0.48498646894053921
-0.8638619016066994
-0.23534494127161099
0.74105409656871635
0.62884941327521793
-0.93105709895963684
0.075719334815055134
0.35693033047365214
0.49616952169588285
-0.73131971815392105
-0.46796076286302929
-0.35628483134681938
-0.75533251233554066
0.55003083073683146
0.9981945895384865
0.04464890631560034
0.040175074124552512
0.45451305441251866
0.12425736328488682
-0.88203060663340394
0.069329377226015121
0.89418941420202092
0.44228806108971491
-0.38781522775016181
0.2153114032673546
-0.89623677047314509
-0.70864533254603312
0.57880643604259074
-0.40349089488660905
0.90965597632622142
0.24790720927935203
-0.33326869088066541
0.5666038757112144
-0.81599384365862249
0.11451678977450513
0.69801015850127679
-0.57187960636256396
0.43097045659258515
-0.28336759116773885
0.17358247377462305
0.94317121090185718
0.950629390248243
0.11567084611525208
0.28796530651318963
-0.44926012155839662
-0.0089486722859786743
-0.89335618005454731
-0.25716404286969879
-0.58807922552616354
-0.76683080243262214
-0.63403053656995356
0.55129336096731196
0.54229227253408452
-0.78177633531814494
-0.61004946874110888
0.12909456698568766
-0.74449519138258324
-0.21101660610012854
-0.63340263810485808
0.12482830626495081
-0.70721152775656726
-0.69589492666870734
-0.87707274410756342
0.30002503484114929
0.37513781469240831
-0.24007613040573561
0.022003699639499004
-0.97050465676965358
0.22561746327395971
0.76589720959433405
0.60207825454955288
0.50060807988477163
0.86500074062392884
0.034136037762707537
-0.57783312423123934
-0.64366852975072064
-0.50179647702002717
-0.98423041155478297
0.16554569065183281
-0.062330741029690891
-0.17999267128315286
-0.44587488981357037
0.87681139415389164
0.03553117870494453
0.66208693346824232
-0.7485842824094403
-0.70854644851226523
0.68503556827924983
-0.16937591473695771
0.79210890689246183
0.44082359264025944
-0.42218247215317201
-0.035615232579719054
-0.95693486236871084
0.28810974365971848
-0.48973317812250433
-0.53797228080512938
-0.68611022389362364
0.25926952893972149
-0.33778873091979361
0.90480831374770776
-0.71992530113590014
0.27642628822327842
-0.63662867353229102
-0.21326699248650716
-0.84813287455406894
-0.48496166551224662
-0.18117020571918921
0.9830330111531792
0.028695915088737058
0.7457409034949295
-0.39497665611699589
-0.53652953877415033
-0.63102423754336179
0.4890071231484307
-0.60222956183079768
-0.0071056928930509156
0.77633862333490256
0.63027601179719517
0.08152547187042504
0.052241115758335829
0.99530119223309932
-0.75560468535844649
0.040007874011163479
-0.65380496287613932
0.47285232994663362
-0.22297204001639262
0.85246357308389908
0.14013377216139941
0.96396647987543072
0.22612198384143892
0.6311490698920621
-0.31299545198822742
0.70970747397013523
0.29582766975843194
0.86274109132785115
0.4100777964480945
0.19256958561675247
-0.52612888414513825
-0.82831476623538702
0.29274972180745085
0.10494203538249741
0.95041294687700828
-0.78355989525301228
-0.60761457547160669
-0.1297629308606566
0.061268152707796265
-0.17942735980193597
0.98186151570284119
-0.51106112649464419
0.096924113202975309
0.85406219988115728
-0.95616826341210559
0.05304761265309664
-0.287972573060848
0.36195957716577604
-0.92607293287237213
0.10664983590768227
0.29901518816510786
-0.94746115311228318
-0.11361021340411133
-0.51387795310281548
0.82912804121795924
0.22017297877108047
-0.37725455640579397
-0.40424551828204364
-0.83322539604836188
-0.83880658527427143
0.49553330651726674
-0.2255000102717982
0.96019901556588083
0.25447509672523172
-0.11515327026618619
0.57770293493129254
-0.52262411860695779
0.62699549410029343
-0.72631039721555779
-0.22551361989950172
0.64932027084975696
-0.37610450867106821
0.84519650066136376
-0.37972131073601811
0.20801587743808206
0.083945055425827572
-0.97451660960869191
0.035446767583959593
-0.39846120112179967
0.9164999715594222
0.67394575766101206
0.40025365692696058
-0.62096225798942017
-0.63810500751249322
-0.72178159131166919
-0.26805472171009298
-0.64253705304635778
0.23334647164179578
0.72985995892008393
-0.93118553535588977
-0.1605913510973927
0.32726734743429442
-0.19148594866121055
0.63507860469064714
-0.74833702122071766
0.79718331978794899
0.56527256429778305
0.21205113228670477
0.90992642180300809
0.027829285201076422
-0.41383503692893336
-0.56233893901877674
-0.30751030821752023
-0.76760167274648516
0.59762391920927849
-0.030648254063582559
-0.80119057390348536
-0.28347098804364018
0.94140388723204338
-0.18276465752973287
0.054137128117824666
-0.36008528535554946
-0.93134728143135026
-0.49981394683541336
0.85229101656535766
-0.15422724023594442
-0.75298572158240396
-0.5516154428464688
0.35879368208807766
0.70062982373975435
-0.58321998733250824
-0.41106239971842451
0.61998335804128712
0.77344652824049565
-0.13191324309777722
-0.6126436196966516
-0.096342351989064504
-0.78446538894855
0.77711075782871664
0.62781033358192162
-0.04419338315442637
-0.3858152467121419
-0.47140201574920254
0.79304901169602227
0.86747065138160662
0.45496451160917845
-0.20125099296101082
0.37723571541575424
0.61138151538202701
0.69563342189973909
0.59730199345758406
-0.37718619891132171
-0.70778591393332002
0.48407447285217042
0.013036851016524605
0.87492968017347894
-0.27323805783221744
-0.93758490081408685
0.21511745051835438
-0.92302938602834073
0.38272995356829898
-0.039173143475497933
0.85573291415773567
-0.39127223740939793
-0.33856641277562266
-0.58789308849165756
0.70789560969966348
0.39149140766009377
0.96118894449980119
0.25307824095264281
0.10985088496536626
0.45817228606129573
0.72766021455621721
0.51047895983807801
-0.15786511246627186
0.87766572259482545
0.45252788383492365
0.51950338351929071
0.80213951611999346
0.29442899176336484
-0.87426159260627101
0.45101383139421952
0.17959173584731938
-0.70356297199200801
0.0078007517550527424
0.71059010175615933
0.65994730459866713
0.65035216084522685
0.37618030522197482
-0.57367110041115854
0.74662131894664086
-0.33683538211926162
0.85365460705099039
-0.19072325899526474
-0.48466323394584476
-0.33329278013859548
0.5469702292935551
0.76794497913199589
0.08065860612548692
-0.98797023376888671
-0.13194319400615229
0.16817128525782071
0.80101370059751142
-0.57453935484857188
0.35397329756825519
0.91420175921894387
0.19732726129362749
0.53134244134704522
0.77202050859789717
-0.34879728256912479
-0.59540844481694488
0.14946374496934256
-0.78939810791539555
0.89214925429747316
-0.24911036805653747
0.37684709443380199
-0.86464977968025558
0.16049701447543094
-0.47604775689352719
-0.11420413154209429
-0.17561137764659909
-0.97781289640696567
-0.40118250084926116
0.91525474516347871
0.036896510242408947
0.17291838081892077
0.9624207966231062
-0.2093930366614617
-0.41255298721376255
0.57176174039027738
-0.70914634947017974
0.88552077169931642
0.36475314109322382
0.28776398133135711
0.77027935638479983
0.081467529884183876
0.6324814263691767
-0.98973376847692829
0.006255194915885577
0.14278634414054506
-0.14185361289967419
-0.97943370521484108
-0.14348229715347202
-0.71843809430175165
0.66516606552851876
0.20347188976705766
0.40500023440382088
-0.46413535464596511
-0.7877519804484876
0.52170797119901791
0.32653155551546653
-0.78816111045905746
-0.11352472412042557
-0.7377647280547448
-0.66544371892120946
-0.16702457932676401
-0.38941968198977439
-0.90578976654613441
0.93841769843685874
-0.31963078266744532
0.13118073803674551
0.04439820994248956
0.9989191513578094
0.013759651321753393
0.062404984316334927
0.91228605102705218
-0.40477126754989012
0.8914572784374879
0.45182897064067634
0.033977963603108362
0.059412348544361962
0.28028065819459141
-0.958077724134347
-0.20335468633571013
0.40593230687309378
0.89099148917483684
0.76306091422989708
-0.38026498143188359
0.52262470767391311
-0.95860623710543091
0.2337762401298755
0.16255076663401308
0.66659545155741384
0.73452326657213241
0.12698848304933574
0.56054914496193797
-0.5688211556231253
-0.60185309586145075
-0.25420630957490148
-0.64059919864434978
0.72457699305769174
0.41124377896266751
0.73234605036873868
-0.54272259652037103
0.13298119402732264
0.6305708536069855
0.76465443215639917
0.7032418727310713
0.32754891487395782
0.63100124944613867
0.76527965586913738
0.45857001415845616
0.45173066137636481
-0.8693022317521355
-0.075254886554592948
-0.4885185072445179
0.78957037527098017
0.010158597242680251
-0.61357593286935941
0.6216103988428916
-0.73750287465803033
-0.2639886776388769
0.35123686275682048
-0.65516086771076809
-0.66887734575273206
-0.37946617062269
-0.26808347275664302
0.88551492194524295
-0.48938083746368155
-0.86479413051441223
0.11241667025476089
-0.06570191714793
0.80188664413357924
-0.59385273262255245
-0.20039497629272482
-0.8788602088837959
0.43295102115293482
0.98582978828349854
-0.16362142635091942
-0.03698185192500638
-0.38167142455476633
0.81455913816085534
0.43682986861818413
0.42907564658394232
-0.44540544018965778
0.78581682557580101
0.92247062078770659
-0.36732794878681474
-0.11881974509152333
0.70533813265957901
-0.70760316329726969
-0.042377846901366464
-0.63184746404340775
-0.73756972319382896
0.23824291303141257
0.18216565457278891
-0.9239089914025459
-0.33646374232537724
0.60895394307790018
0.17776679441971091
0.77302914693536473
0.35321625624574493
0.47172321325298683
-0.8079080927939869
0.65104345824954069
-0.077740602106029566
0.75504888202994536
0.79868508229851665
-0.5684634312475727
-0.19736125923809858
-0.57895832342400866
-0.67814057933374194
0.45269483584304104
0.7270632531900344
0.62730340471615298
-0.27905100661392723
-0.96716389470937125
-0.22560076430314369
0.11703971939661087
0.84198241017111408
-0.45666746219621834
0.2872637288863793
-0.81697194272592455
0.14331780478892325
0.55858468617490109
0.19451421182202872
-0.93091324608192993
0.30913548755919174
0.94563767248134634
-0.17803782416080821
-0.27216157986047029
-0.50417228013517901
0.67676281494518409
-0.5364721840419735
0.85113913237400007
0.22460134315062336
0.47446434428370943
-0.68159378487090883
-0.46722804450831329
0.56314107189077112
0.28229910869655361
-0.11978190508298243
0.95181905236437814
-0.67657063950275043
-0.43629228890330135
-0.59321261652661916
-0.085047061733578538
0.46947219919458028
-0.87884176702856431
-0.43267516211460094
-0.83294324691332022
0.3449605071752409
-0.74472655519458431
0.35615956957089634
0.56438702943200403
-0.57174410250356877
-0.35726057765389269
0.73856181928583053
0.71110137775455518
-0.18787323425206109
-0.67752378438490535
-0.091097802934418423
-0.99307945315419943
0.074124152767355289
-0.34952433171692826
-0.20220179845664474
-0.91484817004721219
0.50296063959260118
0.55468034628689977
-0.66284259704974191
0.41496856944715754
0.27066537391107826
0.86864339158054726
0.30308149849195465
0.86963436336892208
-0.3897148692567437
-0.77345134384143355
0.51499677447025116
0.36952853881008679
-0.56033358356389196
-0.13336068831377859
0.8174602142874734
0.19572146274255683
-0.54412614243615576
0.81585528749862402
0.27066363194172027
0.96265141616616423
-0.0065916081039084536
-0.10908972652825888
0.61509253459140556
0.78087169589882699
-0.29726285729332558
0.92194384334599011
0.24830292666465376
-0.9950440212639089
-0.056030066455436171
-0.082146377886968991
0.042947941622675664
-0.84664710310744951
-0.53041885063611649
-0.32543796343111758
-0.94541475291801946
-0.016765348871015457
0.62965002913742563
0.60694694359972612
-0.48492911694616747
0.16505849780069295
0.29169723111486467
0.94216156664539219
0.026136613387473733
0.46120597405891955
0.88690807129769478
-0.29032472930813991
0.76096945405922622
-0.58020431017095908
-0.82720369507223601
-0.32514443557239603
0.45827409142907843
-0.74411279267946928
-0.54677415592481882
-0.3838413398573205
-0.35952331043392738
-0.71550690649617932
-0.59899320197386008
-0.3055008591148578
-0.91110163105334885
-0.27670027642199996
-0.059116383370528859
0.97884451627090097
-0.19587921325034596
0.26551124649489583
0.65268779989281656
-0.70957903989323234
0.27548023331863647
-0.80962572894429463
-0.51828256779688164
0.59442223035007291
0.55374361637054526
0.58312110182578314
-0.10716764346285795
-0.77504599162239685
0.62275099924823352
-0.078393813015272817
0.9667261877147606
0.24350541691595268
0.59526180488825309
-0.73646640836400235
0.3213730122343908
-0.88256730916545012
-0.40102562516845414
0.24546566511572926
-0.1660777395096987
0.25031049112284443
-0.95381488899743483
0.40531333390075569
-0.85525202289129787
0.32290103546225679
-0.80895005512424656
0.38198851038914083
-0.44686081305610548
-0.89037399647253435
-0.45493419190068868
0.016402056127050639
