0.4390901606349476
-0.8968022153966535
0.054273541373585817
0.29672993982607848
0.84804096357633607
-0.43906476390998539
0.41054197112047736
-0.8067515455423796
-0.42497909797247119
0.024949502178479153
0.25492988475184547
-0.96663761369059953
0.29509347890766074
-0.5112215024061888
-0.80720035566378001
0.72548562540327033
-0.32535730867079865
0.6064760745715535
0.815193688709
-0.017529534132006121
-0.57892310829861404
0.49081878757514702
0.040194172572522474
0.87033404291368088
-0.56856761534528577
-0.82150965455535252
0.043043631967115428
-0.59564482607708658
-0.78318752218156196
-0.1783943560393727
0.072182319375210996
-0.50076494078755251
-0.86256836647749502
0.59566082277701426
-0.79888080042037057
-0.083532334627487839
0.095514539220260597
0.15506974466329898
0.98327531601662854
-0.7346233499857393
-0.15249308316084403
0.66111602101584999
0.95827688209050199
-0.28544013836647919
0.015144129563348112
-0.50354926738232908
0.86011708625504213
0.081466147882761394
0.80152982975490927
0.34437659843343149
-0.48882991977218959
-0.37671915073497619
-0.7938649112418249
0.47734807443680749
-0.64618308898712762
-0.14929674863921202
-0.74843696885764111
-0.9813946759865958
0.17971450400022526
-0.067580966233976067
-0.81353884678039845
0.5219336166440075
0.25639782486621332
-0.74181253405830905
-0.67060174942648043
-0.0027309302689343447
0.1790504927274976
-0.3159433608132331
-0.93172995755856192
-0.3101853953103158
-0.90420550585463733
0.29359397766020773
-0.92419201251735172
-0.16716327749086665
-0.34340291591312794
-0.56506466999074045
0.055150690632393508
-0.82320126339251054
-0.47414464875133999
0.38736997316215799
0.7906524874765255
0.15653807489380073
0.077267949526507687
-0.98464485733918916
0.74110309281404663
0.18104697667991937
-0.64652006779102789
0.40126913734685588
-0.30971469312859146
-0.86200921588644996
0.24584742215044275
0.31134465405690576
-0.91794528780977336
-0.081168822902629889
0.30040955120259355
0.9503503163228062
0.97095752391880052
0.037903052613360473
-0.23623049199470561
-0.83210779436923044
0.019179909963261726
0.55428219311446014
0.98427755465889744
0.072301257051576709
0.16115279589092718
-0.72846533321245488
-0.52622813871885654
-0.43865955401444856
0.53562727428729795
0.48772873161315355
0.689365003027122
-0.97742799737130093
0.0028514026812644418
-0.21124956676281584
-0.57304137163722779
-0.076740118058239618
0.81592557299825585
0.90821045350421103
-0.11706006669752653
-0.40180929920852515
0.2806066233459148
-0.1113171537569576
-0.95334590480782666
-0.45345045604738687
0.25662171551822405
-0.85353850471721571
0.44159675354730515
0.891379526068933
-0.10215110259612975
-0.093057117671492731
0.95017393935630046
0.29750606349922193
0.83389890824378765
0.54187071108743379
0.10482720684735386
-0.67859257706505227
0.70831056299514572
0.19444346402414944
-0.14426071949263172
0.076159030603025854
0.98660460513271242
0.26352988978816683
0.93816465200979027
-0.22449740066999763
0.44069798925590431
-0.84370161886890216
0.30651730878336469
0.030962059423224279
-0.98551371078121408
-0.1667455448835567
-0.32202452180827318
0.45067118143811685
-0.8325837456828743
0.049247679119492314
-0.83949152336730515
0.54113644147828821
0.38199428315350692
-0.67936245700829145
-0.62653572894584053
0.6298032122010403
-0.14956715700215908
0.76221885272377166
0.26065748617400225
-0.94733562171300423
0.18604541041123729
-0.0055642306531134634
0.71898564330721637
0.69500265039447684
0.32589431031176169
0.90959160304325981
0.25775184612261076
-0.69294342721742452
0.43644776848483219
-0.57388391862882882
0.30735041420500331
0.71300525442009277
-0.63020570455792579
0.98179213774404928
0.1820184973684352
-0.054345789898636879
-0.76131439051291705
0.44875283707185232
0.46799710471103229
0.44955650851147183
0.34967383694870319
-0.8219654210540408
0.68256127641722864
-0.44106677478238038
-0.58272652601263353
-0.69474784345717289
0.096225673661959707
0.71278752355797426
-0.30277747105809372
0.95167116912943528
-0.051456669805565451
-0.069356433183287713
-0.32831640107148391
-0.94201806031708357
0.21741542914555795
-0.20999739704648288
0.95322170789546901
0.35360282779256202
0.44966313412886172
0.82022442415628716
-0.96566997798902432
-0.11599859706842032
0.23243454796745552
0.93964071344411881
0.31631062950564492
0.13047189467456172
0.69226611853132558
0.50562736147077603
0.51488697057283728
0.15263529960497299
0.37743552495985588
0.91337007275954585
-0.99810650238787124
-0.060041846843244658
0.013356141609860058
-0.24319440379035653
0.76447999555866897
0.59701492305944126
0.84847539621803603
-0.34010982029372855
-0.40548096398279232
-0.69304923263295559
-0.68499734707049575
0.22463614057683209
0.66935754437358919
0.66979015234987938
-0.32146792935732182
-0.052301829618793309
0.85905160264424318
0.50921003781630614
-0.16848964057296772
-0.98470895823640192
-0.0442663369680866
0.20416586158200345
-0.83089706044471168
-0.51761605066768879
-0.034209976370870185
-0.28506744190051136
0.95789677475446322
0.35827591730217606
-0.40146402674598985
0.84289086026019977
-0.30570926809687521
0.93457723966344619
0.18195391312836967
0.6072544910169132
-0.54344306404845
0.57957882921775372
-0.35109287438771603
0.043761395570561912
-0.93531745082185247
-0.23792371208406654
-0.3847985943559456
0.8918084710350237
0.9979635305257285
-0.059318819995454124
-0.02345355697906942
0.87078678484348637
-0.49098774160972514
0.025717949586342229
0.7605603184894898
-0.62419583934519629
-0.17868283656611197
-0.68628078011740845
-0.35225992339847673
-0.6363423899197197
0.89005240223949889
0.13732273421704061
-0.43468285903041237
-0.21030420343382022
-0.14784140632252449
0.96639280864182997
-0.87822599094057685
-0.47573373292917481
-0.048954307162031141
-0.2214237563945165
-0.850134925920774
-0.47774692864928159
-0.09753844487246624
0.05628008058486552
-0.99363917208472718
0.96525133599113344
-0.15628803507572381
0.20943712292595426
-0.51645590563634758
0.4602653779561296
-0.72210046350091839
-0.31144912503346944
0.90214367257004735
-0.29855692347978358
-0.42639069485657655
-0.71868470408884066
-0.54925701765973034
0.035649579832184024
-0.067754391878215206
0.99706491756505111
-0.38584981954616865
-0.54680785524779929
-0.74304850864226279
0.67336492959102923
0.53559912260258369
-0.50962069371662178
-0.5177469497471342
0.63499951992462078
-0.57333559607182916
-0.016120938430599432
-0.81255566500690413
-0.58266062730315371
0.82131843947101157
0.10861671009427609
0.56003431258557568
-0.8140713704610848
0.24232864830540832
-0.52779222238119861
0.77104233711220993
-0.46758675822582657
0.43226882597800603
0.66650825077305265
-0.050578102635690465
-0.74377994540402836
-0.8984147811184553
0.30695890353215377
0.3140495384652176
-0.92968265035894915
0.076263715856532466
0.36038037580494608
0.53795704497868546
0.78218008889003743
0.31431914720833282
-0.26017813657780159
0.43139212338687311
0.86383341746349884
-0.19907374239553166
-0.94323506252196543
-0.26585195488809465
0.19730942609767824
-0.5924501694459634
0.78107092321789462
0.57149297753385009
-0.63758726665543175
-0.51660260745407582
-0.23735960458078581
-0.70778978856626928
-0.66535256316825664
0.074638167290855026
0.93924179587192902
-0.3350432701469111
0.50001836540747613
-0.49133398398025252
-0.71314272795936773
0.50164667959804965
0.8582015488267547
0.10881502855585218
-0.11659279997199624
0.97404431393471935
-0.19402008526472717
-0.48909589600075132
0.77869234613319893
-0.3929674726854584
-0.74598939998766833
0.063314563788566536
-0.66294123504146429
-0.13355307450289966
-0.89412773988180294
0.42743322410018852
-0.41672767384650616
-0.23716922138272292
0.87754703935412659
-0.3144457971144437
0.2226019423190953
0.92280670562844769
0.9212851961914672
0.1984885891436319
0.33441870052109895
-0.75085131703670505
-0.5280367965223961
0.39673598427998813
-0.23584610493915598
0.23500021580199384
-0.94294830895338311
0.95620066550788918
-0.20999679727542778
-0.20391574832840337
-0.64230045697386451
0.72762046447969586
-0.2408704685957091
0.27793122953617316
0.0032795581264904797
0.96059537587217536
-0.88059483004642802
-0.16743296342166308
0.44330457707465898
0.67225922896396051
0.076389433940056789
0.73636416497212787
-0.58272374120862891
-0.67824597137114517
0.44767783477700873
0.0016127939087519122
-0.69819963669640517
0.71590129641789024
0.70895402373831673
0.62884802885538937
0.31927159101608388
0.60377614322880735
-0.77737127732628897
0.17648871367835586
-0.12681254142047996
-0.97505936941014371
0.18214775723014526
0.1772207008682197
0.5987854373801389
0.78105622279401421
0.59772650586896903
-0.27761181066524593
-0.75210019728812538
0.92188789403479432
0.28109061775637656
-0.26666603728527272
0.41735595840620815
-0.58074014073058622
0.69896701848302845
-0.49345709584711472
0.814844089819035
0.30418613355167862
0.57246636537121931
0.15437515176993713
-0.80526428769359593
-0.52219419972436909
0.16763740046858694
0.83618832791325193
-0.87378904572073035
-0.41061615683794117
-0.26055148305487497
0.55432706566138512
-0.37335662051915758
0.74385908490099939
-0.59877938118853313
-0.31262649482136917
0.73737909341069729
-0.31066811667581107
-0.33849458728297183
-0.88820421956959617
-0.67681574051415372
0.73580300690245481
-0.022680132838754509
0.63327044492487283
0.37222893928398315
-0.67853825267568701
0.14148829133748675
-0.41222712877342749
0.90002769830578799
0.89474453379182983
-0.37981484364335333
0.23488913086351257
0.88277693648063338
-0.42725276084401032
-0.19534574161992543
0.30150233584947761
0.53202206179246558
-0.79123249885441549
0.51496384717794097
0.26899356874118002
0.81391319934964701
0.44661984955729306
-0.73075530172186365
0.51626291653266076
0.24330554667433069
-0.74356339361950563
0.62282894170594649
0.27606008113866559
0.96049268511614405
0.035279362807354817
-0.92766431803229654
0.36109111622836654
0.095142623626985945
-0.36256896914592895
-0.92849851042615084
0.080213831406293609
0.3644272397972308
0.65159688288663598
0.66529263418903961
-0.68420483049729897
0.59717606890524233
-0.41862213588275982
0.84370617808754356
0.44185508079705127
0.30483433637098911
0.73921494969925317
-0.67246400827771924
0.036788798732684605
0.43733855166291991
-0.18468644554745114
0.88012834749281188
-0.21191288870598643
-0.14219187970429911
-0.96688903031653139
-0.11210021611013388
0.41767501612107644
-0.90165465809051304
0.76807710608368296
-0.23488838972222364
-0.5957222536415907
-0.82434999043334134
-0.32627689272476346
-0.462591053249437
-0.39721342588435893
-0.90775833144558637
-0.1348936840194366
0.2215111309621326
-0.92635938982084942
-0.30461631563430808
-0.19101709057436556
0.61895974196874814
0.76184073724794033
-0.42988633873380661
-0.45912363079918234
0.77743374470871729
0.59996548553139595
-0.73794272108734404
-0.30900154783638667
-0.80665859929467443
-0.13325108411793846
-0.5758003584275958
-0.17940025017006367
-0.51288758796613909
-0.83950096625864246
-0.11202671437696714
0.60826068512900633
-0.78579192805239051
-0.48559234793639766
0.86152325178709588
-0.14824897387774577
0.25118671505003598
-0.96560736836981231
-0.067138992636899264
-0.28634293613904938
0.86966707004830623
0.40210310891220746
0.48708566849078322
-0.083219824706476903
-0.869380246110245
0.25309285437362494
-0.86941050856609403
0.42434581965639412
0.48478158593190879
0.81774522745344891
-0.31028947278058022
-0.10647287773543268
0.76893108449170844
-0.63040345304347811
0.37688747152233454
0.12067304692444188
-0.91836476933486111
-0.57192775186212474
-0.55086263081344089
-0.60782317216706272
0.098118139657582232
0.83174631705210911
-0.54641641148522202
-0.96224188742756278
-0.24142425395643774
-0.12571745973180837
0.87057993866422345
-0.24936087204458096
0.424157666308842
-0.88332670247803768
-0.34782373809801498
0.31424923851108966
-0.42570436457967004
-0.6438382840904926
0.63580504709952546
-0.19224588411237084
-0.76662800759655314
0.61263612202545836
-0.37879054091088454
-0.0011128134377689164
0.92548175982171155
0.77517665680519432
-0.58415641674660868
0.24054611100178788
-0.64591863300251151
0.25967584172921526
-0.71788409702569
-0.94895969696320925
-0.30093210101065415
0.094421205885159509
0.78548474742990071
0.60872328075918469
-0.11166771698552799
0.81738243575194647
0.48677785166376025
-0.30811244190040343
0.1379246552462832
0.90843390976074057
0.39461959032973598
0.5378451223667271
0.66732285354494758
0.51517262493551519
0.42336779090934118
-0.8830406794130794
-0.2024817821983782
0.10508612266018467
0.67759750803749852
-0.72788633997734875
-0.81716095661522226
0.2396786097187191
0.52421573328830628
0.064699632389307649
-0.99580934766386453
0.064635134980572814
-0.59386999595230672
0.52953458653555996
0.60573224247205215
0.91893217185230736
-0.025413091973549361
0.39359603439458751
-0.10489253962416678
0.99272942185735902
0.059041088319458757
-0.97965304093378913
0.13129451654660651
0.15179482637419631
0.098815213992777665
0.97985026546652387
0.17357710318110656
-0.75738129597800807
-0.61393321553951552
-0.22239509742794208
-0.61238904176028641
-0.5067856602574986
0.60675197246427581
0.17764335754786195
-0.68708344161527368
-0.70452763024400489
-0.23762441484414593
-0.60006748166899737
0.76384138072861996
0.065321023423392813
-0.94777438312600226
0.31218084917087158
0.74514964552115404
-0.54429971048045456
-0.38534378281035259
0.098986199017148099
0.48623729391565035
-0.86820218060640875
-0.048863824744687631
-0.51943199989538857
0.85311354702407449
0.039116886801439349
-0.13011034824093426
-0.99072759447165204
-0.66267309510147443
0.32197517110381879
0.67616296720635238
-0.41348533395203552
-0.84167970321445462
-0.34728253023064848
0.17847578394565469
0.78327010166791422
0.59551183227381732
0.49212443691476954
0.55109492255260517
-0.67387530369353876
-0.037308263169878376
-0.66129014549352449
-0.74920186663702337
-0.76591020529897169
-0.34785350687195637
0.54072127309341989
-0.5138252697130683
-0.35970924743627902
-0.77884070869024191
-0.45061217027794814
-0.15265370017292754
-0.8795712136154249
0.50214942993315015
0.70362895401928305
-0.50274471164154699
-0.89266327853675609
0.040364250392830855
-0.44891313017357243
0.081085372480179274
0.99323964519964614
-0.083067259335021515
0.81187561979555689
0.31917856500794095
0.48885889745513694
-0.40219818944209668
0.58921952262621335
0.70075457227594073
0.90724383538567321
0.41253306912451349
-0.08200664627579228
0.62971583378508089
0.76917208096540135
-0.10877627748601454
-0.64740859405133755
0.64499651447768047
0.40600690715813431
-0.83912606647415167
-0.51722773465110872
0.16835354190304327
0.002238696385219968
-0.92233835253863528
-0.3863766965990717
-0.59592499979592051
-0.70037662203426443
-0.39286891188551071
-0.31209376768036218
0.79076127881755121
-0.52658720084892585
-0.51483924653523372
-0.81481182848010103
0.26649997072410209
-0.12119009552967558
0.89386434796714853
-0.43164741187544764
-0.45830758233901192
0.72411682390758803
0.5153726664313476
-0.32444156136984176
0.63834886914430122
-0.6980318005063173
0.67970104630518313
0.30015722654389393
0.66926237530965138
0.35749813719717288
0.80981664277675203
0.46517962872673357
0.32230406966530289
0.22309275195203984
0.9199726684546935
-0.91182822211606529
0.38746299286837582
-0.13580030379250457
-0.92772508159129952
0.21683912024182134
-0.30382061964121082
-0.79734348952554079
0.57154122009608455
-0.19386591614389742
-0.83085307282778798
0.41617750740821358
-0.36943125706971353
0.62526627241142796
-0.67710839508140652
0.38802874879962168
0.79301472464443301
-0.10780416127980008
0.59958811638313236
-0.019957560866076213
0.51044677585775233
0.85967772146351595
0.68721038826148262
0.71831913933349967
0.10844121141283208
-0.82574260860342208
0.5630131821093316
0.034136506967474105
