0.64897114473782813
0.65552010454728826
0.38617333651093189
-0.23711577544044363
0.71162455187628759
0.66133698384722894
-0.096990099074238195
-0.95590775230641789
0.27718818474469903
-0.79690710670795539
-0.040084338038246889
0.60277052774865425
0.18234855556161558
0.25174937141506593
-0.95045844637033539
-0.0070153550409974702
0.76665685918702176
0.64201872640534385
-0.66139468167001692
-0.64130316880973548
0.38895670804500704
0.8944801790549195
-0.37447972583383898
0.24427473102490962
0.0086148357258923856
-0.93527532698478533
-0.35381612080135461
-0.17608062404356661
0.10202135909305948
-0.97907469384375012
-0.30605631900215152
0.80019357885524844
-0.51577104024720366
-0.49001599061387846
-0.076958257725161502
-0.8683097117449553
0.17109773273915746
0.23810363500128731
0.95605032548014623
-0.4993428540298388
-0.21608993161347215
0.83902434743255216
-0.88115346389507188
-0.11687062571928625
-0.45815917529795108
-0.3062100455089416
-0.94256394019476675
-0.13344896655249119
-0.96611903643544472
-0.25790442792162716
0.0099656156591558936
-0.55896995942764405
-0.40621997919764435
0.72286783920584219
0.76736939712220453
0.09962754932444412
0.63341815554648395
-0.085101507596893458
-0.98572656870262021
-0.14526136843116491
-0.6237316149013874
0.57105755084205723
0.53371541686443569
-0.28714201844907972
-0.10414508967336857
-0.95220967309616966
0.48168399010942919
-0.80582982803539227
-0.34441083304784365
-0.78140508282048105
0.3750170640173292
-0.49876677740015862
-0.69695242235743649
-0.23346695381293331
0.67804904132917343
0.67808959548542447
0.69034079680554084
-0.25223815088186874
-0.70615228830298815
-0.44885369819948245
0.54761236594611484
0.94590232015315112
-0.090762386700426551
-0.31149797734387896
0.31107347851278339
0.85173209762370528
-0.42164644531109197
0.76520641833493031
-0.15557692467966769
0.62470389613499655
-0.85687217330462651
0.13288287238259006
-0.49810864361458179
-0.59065944800776382
-0.68439175609377212
-0.42746852594085366
-0.87502245547744495
0.3512645383576371
0.33308996758026016
-0.30203508695711184
-0.7295893162427356
0.61357496353034768
0.49611625530989828
0.86124932740663951
0.11008295625979038
0.44093589064619415
-0.60060862025031003
-0.66696688495086975
-0.44474152923860982
-0.77952513139607826
0.44107317045183037
0.10509015633833513
-0.83631623731849702
-0.53808104430300818
-0.91311824598016589
-0.067865366292312934
0.40200666775081678
-0.07246388119875985
0.99563468537641819
0.058826517804582694
0.12064089166386312
-0.3996371454919676
0.90870013051698195
-0.97987983629287756
-0.094515010488536111
0.17579083940579879
0.60236997532776271
0.79493945233058394
-0.072261192572376051
0.023657867808823677
-0.99777151569887923
0.062388362301805896
0.28587455444733656
-0.52256594913812926
-0.80324377863815588
0.77581973163887075
-0.47813758517666805
0.41168943834062005
-0.054867787857713207
0.20294316505186702
0.97765208413542071
0.96996496475602212
0.23481771888205583
0.063471300954656695
0.68322019192208716
-0.66336972412217221
-0.30520612455850171
0.8513187854841906
0.34449050812327203
-0.39570521262006708
0.43151801839475545
0.21702690273622455
-0.87560922978768607
-0.060461965978270582
0.59747381079918249
0.79960577541632671
0.26000796055927278
-0.84289705245964197
0.47108430179815508
-0.9429483979704727
0.31408133726421505
0.11045918860484938
0.36868239231617245
0.71889940205656366
-0.58928511207966139
-0.66205043281087206
-0.71878271898837109
-0.21222777221330233
0.12661497492023174
-0.95339387385728103
0.27387728897693603
0.93193267981911232
0.31755396946507541
-0.17510270346896964
0.77031062407042739
0.6372803213882593
-0.022256109621983496
-0.79179935641510701
0.60761136326460718
-0.062146684644860159
-0.11103925322343088
-0.40953181397926669
0.90551310182814815
0.86511014153456245
-0.29217326444670844
-0.40769992219352091
-0.29033212463150504
0.94818145774403872
0.12907044819533961
-0.086150709233200132
0.81424002047926025
-0.57410037828636751
-0.54119546624521675
-0.6152761273027525
0.57318649189155646
-0.94648031890641271
0.13318118248588662
0.29400302473695122
0.8816988596984453
-0.013117548408167425
0.47163020548966172
0.77617999172003904
0.46386883554166719
0.42704838586124833
0.85255737130633868
0.23780864468156249
0.46539550615142822
0.045981445348695506
0.88897328087183558
0.45564483161735669
0.035812043492698273
-0.8773653589983238
0.47848461247005597
-0.66557313144244501
0.57413337539223341
-0.47684722287397119
0.22374473728922206
0.94677957245428468
-0.23140167181474477
-0.15561141654558511
0.50357566346336913
-0.84982153315158127
0.22799857982266292
-0.33629184618555497
-0.91374199957535063
0.751356282554834
-0.26431684598693012
-0.60464894078539655
0.85485635140873362
-0.26051055585401728
0.44872582803397715
0.4096627681905563
0.55083031828909135
-0.72716048903387809
-0.70427558975216786
0.68824452907645817
0.17411307209845184
-0.2171758542479601
0.9686810239108008
-0.12038156938166099
-0.28134647307655664
0.3186857323354178
-0.90514284292216596
0.96600642336560005
-0.24636413962697365
0.078334543607926674
0.83269079634168164
-0.48804985866347123
-0.26159773153913596
0.58456330569319803
0.55988148065853005
-0.58721245665657718
-0.13485930392811751
0.94607210794218266
0.29455141269031254
-0.42382278812408108
0.90466707082635989
-0.04417844756421771
-0.92069806118851538
-0.2845522179736516
0.26710506429115916
-0.17697457463438027
-0.00054207473865525103
0.98421527426064559
-0.032694675713770861
-0.20901716954192598
0.97736527512320237
-0.9724309526519338
0.1949574802867432
-0.12794382831812012
0.77357623885801186
-0.6274751558999071
-0.088626922561258883
0.89337039195263279
-0.44926565417323761
-0.0070508696408278643
-0.94782246461041375
-0.20445288120176272
-0.24460497735765499
0.19751060568706449
0.62333783628185813
-0.75659731859198409
0.26673065048996986
-0.55879308809476369
0.78524202943214605
0.29681179368349292
0.93817144404821695
0.17814909683428393
-0.81509544419312885
-0.46599970130988899
0.34418555349505903
0.043093115458303036
-0.59355031833530769
0.8036423352488048
-0.95200692149141763
0.03697582172055873
-0.30383484007026501
-0.33819268129043534
-0.38946513525405418
0.85670451075217702
0.90179504091204521
0.34812211843324004
0.25607946978232382
0.36995646534593168
-0.91366032985611179
-0.16839541382105874
0.99479047951541411
0.0086989874606475948
0.1015688411012545
-0.9920341320392525
0.10134688085515631
0.074813706030763649
-0.62918435504542602
-0.032170591004741539
0.77659004657571862
0.71943380774906396
0.36467001945754252
-0.59112669807454865
-0.85184734228661696
-0.3533834589888748
-0.38662156736566761
0.36931887832952154
0.92718944749749832
-0.062636208048605313
-0.34423975369595383
0.88988189414931496
-0.29934796882654185
0.45369638093819609
-0.37398425891953851
-0.80888526257064841
0.27017898009807295
0.87689467875634985
0.39756639833110025
0.54438567292024709
0.3732275725027886
-0.75122927142307605
-0.51211239845561896
0.84248461998393787
0.16721410358744562
0.24730402350302047
-0.89846664922244035
-0.36276493793394354
-0.71535218537352119
0.23329570016762513
-0.65866863229140127
-0.77732231057382661
-0.55108663972951621
-0.3034362222869873
0.80571172850630179
0.5528747060726652
0.21250451744010351
0.98462571275366773
0.1084586849710861
-0.13692669366735852
0.52993081793755137
0.0088539498905031658
-0.84799465550873276
-0.052620206839170229
0.29734197878926322
-0.95331991560120499
0.27780143018043207
0.45176622389890447
0.84778160179012585
0.20269332324059977
-0.19199216203078101
0.96023665126489943
-0.46199539793393257
0.56777646826183636
0.6813150037801774
-0.1295954562180916
-0.83247290098158144
-0.53869647006355525
0.14327022013590363
0.78696213711469643
-0.60013685003512285
-0.069236872421365045
-0.7552260538671447
0.65179740952044907
-0.76946149018750798
-0.022731012546953852
-0.63828858378245323
-0.60441354428399785
0.44539433762092256
-0.66053626054992265
0.5971793274417484
0.5516055904199747
0.58232990949602792
0.22458636557678274
0.77256381396632701
0.5938906614409879
-0.69655436122495262
-0.49819237115582032
-0.51634909042298072
0.24921023194102926
-0.96714270358830401
0.050291661255164474
0.70867700733184635
0.34750616236665782
0.6140165847893494
0.63896335042047436
-0.048059834553377978
0.7677343870910982
0.30268971170873055
0.41078882035022107
-0.86001830416623071
0.068289470569646918
-0.53858288799511
-0.83980058404847768
-0.51249198831136933
0.74318796852871338
-0.43014370313980327
-0.36556950397768129
0.86574499481892475
0.34182530875798589
0.38296563442839965
-0.67613904277772774
0.6294230037728773
0.46418346266368832
-0.88506421559187387
0.034569455712945403
0.98990044568465707
-0.10760975692169698
-0.092288936761512924
0.53754267688144541
-0.80988235618134941
0.23481575687605744
0.69748505339685496
-0.38136347521331221
0.6066930855557956
0.30148385121961352
0.04756035964716418
-0.95228435860515015
0.65001613412985981
0.17721673991931758
-0.73896769378859928
-0.13784919680916377
0.92039601886249911
-0.36588081037563397
0.50987486789861824
0.41834993136720988
0.75167210538267126
-0.5620557293748778
-0.79003432146242636
0.24482468827362494
0.57387927874123212
-0.6487763153674756
-0.49975180444861339
-0.22708981292349117
-0.32539600424815474
-0.9179039477449199
0.73830943219528211
-0.48107952093439493
-0.47271733294751678
-0.64328277702985392
-0.18279381201262382
-0.7434875191061735
-0.44701823615363256
-0.83465052650527649
-0.3217657457694339
0.46763187212282292
0.84675261945013103
-0.25363444882201164
-0.44298146889936785
-0.29507106714789955
-0.84658164611805642
0.15793020758186396
0.62814310809480234
0.76190175566548657
-0.49337657572073035
-0.61111060141153384
-0.61896961748741763
0.27544458088046581
0.033883973706452943
0.96071960487409902
-0.17059385467501487
0.3790922632593301
0.90949809932953607
0.44537481338535101
0.72684891327059753
0.52281156536491757
0.074006262577490406
0.4715767017265014
-0.87871411021336521
-0.39697341855547991
0.12502505649310297
-0.90927489804199058
-0.79899185589214439
-0.59831070972017575
-0.060301814667273058
0.67150897744478022
-0.73724548999251016
0.07446328421960019
-0.76451500913496173
-0.27728047674624778
-0.58192124726868588
-0.75904982952219524
-0.62523488870537425
0.18145161957917252
0.57942320133490455
-0.27353426826354338
0.76775501160222881
0.61132586907497355
0.20914030907429351
0.76324374410802553
-0.7589676631179022
0.37355413851146424
0.53331547131346957
-0.029819249836077494
-0.70670931507561907
-0.70687534709067557
-0.22363627655071086
-0.91100881811007173
-0.34648196076595955
0.61131585183722037
-0.44171230102104336
-0.65664539320643123
-0.90423177952528389
0.27794667993632383
-0.32420754465143636
0.42670215376521842
-0.15485046814732339
0.89103681432737603
0.00011157502081990617
0.98286127821913649
-0.18434667159582682
-0.41633545949650691
0.36350612697292145
0.83338351364721552
-0.18802609932997477
0.84944602569650529
0.49303918241775307
0.80442017961137313
-0.57054956707699878
0.16547315837396478
-0.15287528460427205
-0.52680925959067071
-0.83612268918304822
-0.63612823373317617
0.77126519731125653
-0.022155488347989898
0.055809925067024688
0.42827627764095666
0.90192276957288264
-0.42985907221669639
-0.89856190295400473
0.088361103392151363
0.38944595206225696
0.26363017277750767
0.88251401259335471
-0.32776998599351181
-0.90076772859378318
0.28492864967533477
-0.90598811273279234
0.41220858531145993
-0.096278875057813934
0.73010691935490091
0.54024375812054393
-0.41842629951030524
-0.53242129460733911
0.17012148832918433
0.8292082032018907
0.053119579869217885
0.074935906742445976
-0.99577252428213014
-0.36131679509036613
-0.77734236829709191
-0.51496506292747146
-0.070059025123879057
-0.12790582799546005
-0.98930876482698138
0.71997499553337418
-0.033896289384580461
-0.69317173007320099
0.85518957045588295
-0.06758750717175234
-0.51388980088905334
0.81177305032673297
0.15692380339386997
-0.56249394191549607
-0.58825894521867028
-0.4090930609109355
-0.69756310172251756
-0.99471475210080917
-0.052585840693027616
-0.08818895232189515
0.95025264411100041
-0.13032848470346597
0.28290351435595651
-0.27640602787152341
0.53732562571207021
0.79679412630203228
0.83164778592445332
0.5146194769865593
-0.20863545737250608
-0.24956919363793884
0.66867565389079697
-0.70041993652424261
0.48054742989906912
0.062193751305406393
0.8747605986302539
0.35350385772096732
-0.36347299076056544
0.86192946785915392
-0.89872127024142678
-0.41226820700287031
-0.14944900103471709
-0.17914916514781329
-0.59261677770990762
0.78530944945516068
-0.20743007134822314
-0.97538737531064512
0.074781238189011473
-0.84765846344815055
0.51198359536018145
0.13909682752235014
0.15950586923266902
-0.13327342940086179
-0.97815953233409958
-0.82039480513896246
0.48997563467331118
-0.29474775847746471
-0.51209548654721082
-0.85165145440893331
-0.11157066308454139
0.66766721364997594
0.72544564475500273
0.16717986817459732
-0.1948027727193605
-0.86178599375466425
0.46837675082046382
0.080437145833998358
0.90729096321865099
-0.41273838400596136
-0.42127660323190819
0.73797598483587667
0.52717878312286381
0.89464331323287283
0.44617309231211527
0.023300510388233414
0.15941171101796286
-0.74028870182981188
0.65311602670081326
-0.51513673094508239
0.2935923141374695
-0.80525629554236899
0.38253643202347942
0.60423480805855168
0.69897508890173676
0.00018154591410118846
-0.3409897849104761
-0.94006698358563179
-0.61790302980843659
0.080889257718520929
-0.78208233181635101
0.93467321064723374
-0.30584360954902634
-0.18123376009015144
-0.46626588010447717
0.63081647323287238
-0.62021504830859908
0.39258048413527552
-0.16557558540061867
-0.90469071455130723
0.057045231791348953
0.0031942875916854741
0.99836648484244139
0.35219534352610748
-0.77212131464718792
-0.52894906698662902
0.67388873526388871
-0.66037441019834453
0.33133006328980324
-0.3871651310529996
0.48772080673487977
-0.78245228351292573
-0.85252754885719306
0.16134956747668538
0.49715500149815756
0.47263702245111466
-0.76131462884131351
0.44386290780009729
-0.3744818044384971
-0.49806892935888764
-0.78210659104228153
0.3394952253416551
-0.9038209532355469
0.26048162404017328
0.14468096762153501
-0.97671246103729337
-0.15843038238472551
0.48251897919884662
0.81332490747768205
0.32508157374622626
0.5990367944496745
-0.20869512992434341
-0.77304673962272163
-0.7566686793406916
0.54886580263145812
0.35524476126543908
-0.57892011803673882
0.72956143767589698
0.36413130267611821
0.59034517918420315
-0.79506616761022075
-0.13914869218058576
-0.88724246321138811
-0.44998334294067821
0.10156673939100498
0.20198277887961269
-0.69767554510688989
-0.68735128631280928
0.92328782501321904
0.13212415230682445
-0.36066993298521899
0.14879383472859659
0.98886817070257005
-0.00036839939191858639
0.59901134909216114
-0.58728422404963576
0.54431851322659075
0.084211473652994195
0.96741972291075151
0.2387624497873895
0.94883781438765158
0.12149624489879036
0.29145405206234115
0.49536733510301917
-0.4845575070002302
0.72098212579970034
-0.41496483214732188
-0.016478110040863473
0.90968822129915805
-0.65184899033512833
-0.75748070989643601
0.036274893988336096
0.53916346785301705
0.72280840085818054
-0.4322623862673553
-0.25868240676785492
-0.67863333940325721
-0.68741559705841226
-0.30397576875338522
0.18633333931794499
0.93427973255840879
-0.7126960663904226
0.17293688798433121
0.67982141017028364
-0.53540681798328216
0.81615031586910447
-0.21734350959662385
-0.023659236193608157
0.66631884861140001
-0.74529150842332381
-0.69456425063764182
0.66953310518410369
-0.26326018080732028
-0.26640815343838609
-0.20125930393898558
0.94261412484618778
-0.60442731039545172
0.37889988153240517
0.70078706196879059
-0.3936861187666123
-0.56042876778408202
0.72865000935325352
-0.83215092152985737
-0.26263923646270682
0.48841117438823561
