0.11467815451992162
0.83713162903443494
-0.53484535759980034
0.81343199244395381
0.58043076844271613
0.037795723483715939
-0.58555222032032073
-0.22420488020372578
0.77901268858137074
-0.89203583414126608
0.23562605576607928
-0.38568436894955432
-0.70772842047386864
-0.00048800757024276121
-0.70648442636916953
0.4809889596010079
-0.87438493875455425
0.064035924457561316
-0.48429591669306449
-0.6089671673032484
0.62818504775351169
0.64275668678261566
-0.49820924095885977
-0.58193762021322459
0.64226052545855705
-0.75098542562151782
0.15336984039166959
0.28716801138619769
0.95778795503358627
0.013295353665003633
-0.74762783461204596
-0.2423326981857826
0.61832635743861153
-0.39987133782629891
-0.8862443629335186
0.2338243835735864
0.51156532091249718
0.80654565787391763
-0.29628537629188401
-0.1870025560743398
-0.61372400071276167
-0.7670546883832895
-0.7928673475576935
-0.587591703587102
-0.16154677047974317
0.4612934692070656
-0.22375765954443699
-0.85856906831198254
-0.33553898489242029
-0.0133656904681778
-0.94193149853674241
0.16156628597164924
-0.82789487315621679
0.5371093131188277
-0.047633098846425172
-0.53015005638427171
0.8465648265844975
0.48661250687356783
-0.46159019290827041
-0.74171609256178861
0.11979432617607744
0.37798901397247087
-0.91802702832331617
0.60820032831464699
-0.78786241535415735
-0.096773834843250583
-0.92567639701113802
0.30185671349486376
0.22804765408694189
-0.89304725699908538
-0.38429045379347104
0.23406717815537015
0.22070909130264557
-0.91665156423794758
0.33322275852120986
-0.30709395675036139
-0.7484483460868121
0.58780811066820315
0.31517305506180798
-0.38668690322180205
-0.86668286255108296
0.32247706259580811
0.8447487381905161
-0.42709262862417785
0.7325039226836878
0.31752638969139113
-0.60217521960187026
-0.16784753298303212
-0.96496309651114143
0.20167654311579991
0.36299293421711615
-0.02087025383472705
-0.93155813678660027
0.068047299917587845
0.21751161668514657
0.97368283418212709
0.58455282974007194
-0.051173155320256694
-0.80974026540455768
0.78191840776139176
-0.34923112828577568
0.51637314283387536
-0.6394464310232012
-0.75783489494598877
-0.12959372613630984
-0.52160353940676085
0.59128593911776572
0.61506965937197833
-0.919942923327844
-0.011872993284973501
-0.39187249182543499
-0.63842398687473312
0.7668795151400446
0.06565532911760219
-0.11430367439255358
-0.011892086625838277
-0.99337467669356483
0.37614232408680059
-0.91817351710602779
-0.12439591840461375
0.11527007129323608
0.69524486094793758
-0.70946979779940955
0.61361198336268419
-0.42924099893965906
0.66274617969702143
-0.92958770940847835
-0.044192493335286111
0.36594222774846463
0.94120016408685736
0.073753132332231325
-0.32970096541268623
-0.13061167508632351
-0.68817399509375299
0.71369261086818614
-0.81660921266716191
-0.13217658638806898
-0.56185295567249205
0.38078178303091237
-0.78499745780675256
0.48865552790154199
0.45216135831918525
0.5450315446400924
-0.70603875346200651
0.31903733123344458
0.71431362307305801
-0.62287336527715043
0.6636292489240897
0.39404966405819719
0.63586247115871708
-0.97870141948915179
0.20527705775740726
-0.002204778533423748
0.2511842939432824
-0.9191945727148827
-0.30329488615490835
-0.88630210047883073
-0.25515059468173779
-0.38647996160262732
0.86457634970708208
-0.400324464750415
0.3037236547413964
-0.008738225253713594
0.55613127436618282
-0.83104852390895956
0.2025720727425635
-0.74270307855316264
-0.63824500973563159
-0.76719242188122483
0.18674378240597694
0.61363062793567424
-0.81978924544429244
0.54468639292418053
-0.17681155623183337
-0.44973908254311445
0.21099432379899721
-0.8678802641827279
0.47057547074347955
0.8720613821958606
0.13441604077340574
0.67637091970400842
0.13270389227977886
-0.72450814760950122
-0.34589275979898454
0.41236999420829867
-0.84279842583816555
-0.96794367188957431
-0.15038449850609745
-0.2011704517517362
0.092277410492777337
-0.69541548030250877
0.71265853623483577
0.86409829361104329
0.25444239063408869
-0.43427319607234932
0.49238467288703441
-0.27766591234408661
0.82489937266799651
-0.99916683447048749
-0.039980215203058937
-0.0081987368870095768
-0.77315919930387378
-0.5776374844648835
0.2618392428053406
0.059496660009032344
0.99085675015901897
0.12109107362674233
0.11824802602248985
-0.0037709649163131446
-0.99297693032888967
-0.12909727486931163
0.38933477575531245
-0.91200456468642632
0.31328883133881119
0.92614971488834108
-0.20999241360250742
-0.0038684525842327985
-0.93053308274855639
0.36618740691764917
0.039687526883635887
-0.61028523767667309
-0.79118697466767451
0.89525391245243935
-0.31474262301172989
-0.31536885308840529
-0.30294315986324
-0.95266319679083211
0.025656877681193107
0.18803344832762672
-0.51986494242901216
0.83329698423989362
-0.8928203742201718
0.16824611131315656
0.4178097957268993
0.91802280241856404
0.32170066890700455
-0.23182496385064305
-0.43268873640158434
0.59515103004822822
-0.67718218289004994
-0.12578083306541651
0.99195347078947771
-0.014404645850514562
0.24112928649720783
0.84531511291484962
0.47675887728609984
-0.5039508374651126
0.81917768545194758
-0.27382745128237557
-0.24376890593079148
-0.88102484401845194
0.4054281005598494
-0.7434064498160059
0.33955484041110501
-0.57623724343828331
0.96036121917935746
-0.24065806750218
0.14067701746360034
0.056758797050502109
0.80623966283765236
0.58885995366029831
0.67493484355440492
0.64929570537383474
-0.35053964674382465
-0.47345113333244204
-0.71111399230707195
-0.51977005905623674
0.74919049169838614
-0.10895262365427631
-0.65333217657450504
0.60768100124164504
0.72981581343303537
0.31319750828036363
-0.60961253726683395
-0.75124773801028399
0.25298100826252712
0.017987387741578528
-0.96362690663336992
-0.26664515501774416
-0.031793719642261249
-0.76742186916678312
-0.64035367892741113
-0.33237138851828468
0.58905704207160592
0.73657386681871739
0.24432654080207711
0.93994324902301718
0.23835106476738296
-0.30974926608305314
0.87201812111552424
-0.37899840185304301
-0.51999740091212066
0.74015374525445587
0.42635095453210986
-0.79720547108965079
-0.4649722902283806
-0.38505091375622319
0.27722301940295768
-0.32285401504893535
0.90493794399389016
0.56330377627940365
0.34987417434615253
-0.7485164779448491
0.79674360381865439
0.22477922118022889
0.56095804789634029
0.91615800821392435
-0.18493821213828804
0.35560140842885957
0.82673452921083668
0.073934525929647762
-0.55771292264577699
-0.34127647275372863
0.75379608871180626
0.56153524002288246
-0.82495631234500022
0.50499921838113127
0.25381661126999733
-0.14200477732680108
0.72909098418488938
0.66952294956683511
0.76729739476169423
0.5837166019515021
0.2655741640259997
0.43488529347342902
-0.85556898176711393
0.28084960202662451
-0.63652287346084635
-0.62189765522925922
0.45615999164930826
-0.53414457188852893
-0.0026901941580216916
-0.84538886861456386
0.63548390070752225
0.52203742248052787
-0.56889115081132968
-0.49603327342316772
0.72270105787840466
-0.48130465673888068
-0.30473673063242884
0.93929435159836205
-0.15767576243313711
0.11089289101746097
0.4560110565296765
0.88303832478804556
-0.68004412465844144
0.68209016307914261
0.26887357242429605
0.47613462645504234
0.35875617499116025
0.80286351542228473
0.85468297413374927
-0.49179266858123782
-0.16630389308622162
-0.68131421294798944
-0.017991981112042841
0.73176993095557397
-0.64239577538084958
-0.21104458857428668
-0.73674137212888158
0.092606024266391612
0.9895328946538855
-0.11067418247936067
-0.90692278225660017
0.42033251385302861
0.028489380862717437
0.46935928388524623
0.71299990479067821
0.52089634131870477
-0.30211661792268019
-0.56278118183899217
0.76941724086666297
-0.13971468743531612
0.86832279213524555
0.47591526007610102
0.22222172216870764
-0.20055880330584297
-0.95414551962103866
-0.81944687830481189
0.1228340466874128
-0.55983802176244979
0.5874435002118642
-0.67510633663947994
-0.44625280759683128
-0.82565168049838467
-0.033407213985507882
0.56319025252921429
-0.40750608957044004
0.19089375677534862
0.89302763707916821
0.24405562312153775
0.54040164821915393
-0.80523469338124021
0.97283655065062913
-0.00035102053006731476
0.23149281306937647
-0.86648480663520699
-0.49773208242592237
0.038299529948849553
-0.9210827892095188
0.33934671785142356
-0.19091961791675416
-0.68674909742843493
0.56231892514136217
0.46062251747943583
-0.32029212462120332
-0.8622715959583156
-0.39230173299277554
0.67405843147488254
-0.21253125481675414
0.70744306957071623
0.087112304096355161
0.6492569114512543
0.7555639677802285
0.36125456904983677
0.35854460262847454
-0.86077924246963922
-0.1071969419589819
-0.88795288404261474
-0.44726780719726023
-0.62381571492778853
-0.54482144471706229
-0.56037803952826792
-0.49196463628658182
0.84386659907634753
0.21414938619274626
-0.10165086115360111
0.96211743916765191
-0.25297655163317212
-0.54490451518597438
-0.41136964172920093
-0.73065319214626512
0.78937590403221858
0.4643390496673212
-0.40159049924938034
0.27968326920644071
0.29955711557240455
0.91216380296300881
-0.49669816305526032
0.40443299054041509
0.76793547318773236
0.68392652624597761
0.71749862533054121
-0.13206146048675077
-0.20708065024494576
-0.95414128722395086
-0.21617587355843462
-0.73934136397238226
-0.34864849174416029
-0.57603695777613062
-0.25642836397357777
-0.7601771544683078
-0.59697168104885912
0.30550850634056365
0.52170582119352504
0.79654729218442988
0.78561622338379289
-0.31346166319324598
-0.53343128448218191
0.15092401483757364
-0.98495787613347874
-0.084142284185389077
-0.77313706796673642
-0.44250888328685917
0.45436214889448562
-0.51893970968238168
-0.7938968662840441
-0.31690589047718865
0.80522928647815595
0.41095012322345809
0.42746437561568162
-0.10030189241981612
0.87840475027444387
-0.46727360836269743
-0.96720682796493185
-0.17134337431695812
0.1874897330940907
0.50723490566118246
0.69853454806162285
-0.50473977022148309
0.91614365707617906
0.22709380146755376
0.33031682508479576
-0.60150547301912105
0.19623017121574471
0.77439323720748154
0.95227418071274328
-0.29395733960732695
-0.082237261863804784
0.41265050167618905
-0.48547153337007692
0.77073792806225372
0.65737961610315976
0.57538116599894484
0.48660924173895087
-0.33671894425308002
-0.42301200218362922
-0.84123789654870418
-0.13899861543385439
0.96115326663396639
0.23846128186002657
0.13399831583075814
-0.14807557816694342
0.97985614990418157
-0.7922876312865369
0.6084098856304383
0.046018695956377684
0.99839455340713401
-0.055796794693641849
0.0097485090596036734
-0.028607368768883888
0.0094726716186286641
0.99954584034176586
0.52058830953786317
-0.62049811605950345
0.58648947129434226
-0.6324118560462928
0.53890042125661097
-0.55645447280216032
-0.29640014404716752
0.75824080525312676
-0.58070460292467818
0.24603454278984582
0.18188762254896074
-0.9520419615319895
0.92615734513870707
0.37656496446799331
-0.020770160828470507
0.11323617119744181
0.93601324734580416
-0.33325181218667987
-0.72789934076100049
-0.68279402342699802
0.062887767427956515
0.88665580518896892
-0.12365209544359676
-0.44559134015048951
0.74013674154646647
0.030995862222371908
0.67174166190438933
-0.64232736278581393
0.20845897526821205
-0.73753672088022071
0.43714820657278514
0.13167678041950445
0.88969807855729977
-0.22666419373288671
0.59312688883385811
-0.77254374440654716
-0.23287894794280142
-0.22582322157802259
-0.94592350018443738
0.099730783663770931
-0.41808568697665188
-0.90291645745056126
0.039811013440059974
-0.3481832603132175
0.93658074956008652
0.57021408600635337
-0.039631457345230998
0.82053960520418034
-0.44962018353066463
-0.22123420489892709
-0.86538841981193093
0.49618750891377594
-0.81700449213252369
-0.29377136659861641
0.26699318947579531
-0.58004827502737311
-0.76958341679853726
0.9765073943286694
0.18772661053807088
0.10579238402323571
-0.11935233862652563
-0.43022627270524016
-0.89479627487967073
-0.633184363329928
-0.43742574516074206
0.63854230831249026
-0.9019290758298989
-0.38823552209508433
-0.18920127260719422
-0.079067127467598156
-0.99627464650522324
-0.03442699645503626
-0.2815049995089926
-0.025149397255471429
0.95923013040100469
0.82123134206088
-0.13707496589464682
0.55388585154512426
0.82416050804535756
0.53554734310504049
-0.18425118797866702
-0.0072129805409676031
-0.21985231132523597
-0.97550650131952843
-0.3185124426706894
0.94269093293996242
0.099416441380358364
0.27553696336937522
-0.95515092196197471
0.10847164649056079
-0.532365715052035
-0.84477782490342535
0.054195682379437206
0.49675676577049294
0.54987636712591936
0.67146756923744344
0.88637222910479008
-0.45714766455508121
0.07321396221787671
-0.9787577859063652
0.082441514315657133
0.18771412638640408
-0.42143745522228482
-0.894708794221446
-0.14794135621445065
0.89147703020104008
0.046116397069781961
0.45071274948156975
-0.67300305845395703
0.7241280456685264
-0.15068329963171226
0.058134358329116863
-0.98716284656473752
0.14876125417549596
-0.30145299579605134
0.39378189806906533
0.8683673808237562
-0.97417740419308918
0.098110382494702997
-0.20335372631539808
0.9708728041530893
-0.11121028556587033
-0.21222221971385266
0.77114321628600524
-0.59175994766282314
0.23485805142291444
-0.67020023242836313
0.39406592690759235
0.62892264524616093
-0.45819380002555316
-0.41045303350317131
0.78840773011569842
0.43888375730848989
-0.65030229233409742
-0.62007094445377853
0.77168919890569498
-0.5006069197928017
-0.39228623752032116
0.50333559119441607
0.86030354343083004
-0.080815195336803911
0.76884346441182883
-0.63935746919810121
-0.010087309443860657
-0.40593197481312476
-0.59173695289451422
-0.69646723569988012
0.31090632018386716
-0.66833944990940053
0.67576596523095667
-0.11654592332007419
0.56226212743334403
0.81870528751902016
0.22668710432679945
0.063534882645313998
0.97189313991774673
0.70566467693501345
-0.54348024233241921
0.45460597215665544
-0.068667765860305624
-0.82970742372783246
0.55395877910064506
-0.80372521563289268
0.45143209671530804
-0.38760139294264806
-0.23873688557382178
0.19634897035594984
-0.95102669852463673
0.89167045184245031
0.40716474050348628
0.197840034881238
-0.95820206395876306
-0.28609226247821923
0.00014824054829780134
0.63440380874250579
-0.29054638267484056
-0.7163201846713293
-0.088806197297132711
0.36760599100870417
0.92573176174101923
-0.54747943287762146
0.40722330069557505
-0.73105092431827157
0.58839997444375081
-0.71562910408943148
0.37637807515150384
-0.46479793286471843
-0.77398056554793371
0.43001972717398124
-0.81409068544364538
0.37287209282089451
0.44522214485497208
-0.32481812322128478
0.8774284450258778
0.35300497260870428
-0.49727364612516817
-0.018235239319056146
0.86740209644452537
-0.21952728796170026
-0.3874799278405523
0.89535862946690881
-0.67631921986238774
0.64371696187301197
-0.35807930105175095
0.41676716178677936
0.84098757370161814
0.34502903317787303
-0.0025128787342510177
0.19624180369144359
-0.98055231371120422
0.11680912111204925
-0.87196684336038732
-0.47542554969748124
0.98434477981940738
0.13463614867635293
-0.11374736002158904
-0.093039551486803124
0.74490627252691888
-0.66064989745642599
-0.37557121159759543
-0.22262891870413282
0.89965695105175669
-0.67538299178035655
-0.64517021892165438
-0.35722990220640721
0.48103680370870033
0.1588552066498099
-0.86218827224566419
0.6607105857582829
0.74506600880672558
0.091313549858512172
0.051384825520480258
0.92933648617427278
0.36564093749399168
-0.12604205871913415
-0.19485808222963549
0.9726991966808809
0.36004715452757385
-0.80373648169687562
-0.47368102612003093
0.6242952587916053
0.19750116348534807
0.75580997629844537
0.36986475952192799
-0.10589444200611813
0.92303110826017087
0.70674662066534899
-0.66199432699485328
-0.24954503642577325
0.28463203671012888
0.70114914706339915
0.65373884483829747
-0.87181047100935649
-0.24922827514045354
0.42170104281227289
-0.48360890511520066
0.87393279999073303
-0.048619831279368371
-0.1889136323418967
0.17465496597896718
0.96633704387976183
