0.11128910241017871
-0.90127129677025108
0.41871802600653191
0.18423681803774278
-0.91359952049256876
-0.3624813250845843
0.0048521120214690483
-0.48141069149022103
-0.87648171865010305
0.99264765415864076
-0.11065465318577206
0.049052853349055466
-0.85386385373697959
0.29155785421999508
-0.43117344181206924
-0.33696914042023163
0.90767890235502835
0.25014157715985774
0.68020091098821323
-0.72955152997365569
0.071283138286014514
0.20575325482301804
0.71256190021116483
-0.67076160928990858
0.23310643527419525
0.76499248115846175
0.60037312864982373
0.64274374181351146
-0.37144948950891193
0.67000429782437565
-0.95829158892952326
-0.28572457553576791
-0.0062207332232303682
-0.34766641110830615
0.41007289022777355
0.84318935672084394
0.4158107087187301
0.099509093933120379
-0.90399081562781203
0.82742195953089936
0.41665536567393457
-0.37652517464462648
-0.64986181295632039
-0.34995032755409095
-0.67469577759602795
0.38697405395252771
0.92060679125645017
-0.052289745266630272
-0.85862855036245089
0.44828887999940997
0.24858417602766025
-0.7336925768548398
-0.11182250081715628
0.67021707750482007
-0.30466834703339263
0.23670158861328924
-0.92257766950207798
-0.5427505532957444
-0.72562653746000605
0.42295149252717595
-0.40956357911519692
0.81758698596128832
-0.40473348644396323
0.33575726956816387
0.16220438216081137
0.92787757508195057
-0.46634180136871256
-0.85159377126577807
-0.23940211577493214
0.81096978007769971
0.42785800605502639
0.399080872074
-0.092583499017997797
-0.38812994756756031
0.91694244067486974
0.7215727458417025
-0.39555029796453933
-0.56821891400993496
