-0.084122556920728467
-0.25954401309091896
0.96206044544289415
0.55413807451462294
-0.6782905230033891
-0.48254840252249848
0.65166815711726489
-0.35366280513885695
0.67100762533722558
-0.19758646110556305
0.71222253934941648
0.67357155880459274
0.67699157640496277
0.38031367061015486
0.63011420982529365
0.40228265138159713
-0.86654868528937345
0.29540149698444429
0.90954578060193381
0.36315604245951322
-0.2020993859821526
0.52886200302914221
-0.22235168181289217
0.81906331339340421
0.6854202813555812
-0.2916249359230853
-0.66719857213148481
0.2095597371875228
-0.97585701924691504
-0.061545061023792744
0.30693677714376372
-0.79273986354106452
0.52664345015341618
-0.58660589155589571
0.032666052842024652
-0.80921348047572395
-0.75818473273868436
0.45701429017921757
-0.46507402595066033
-0.93256203313990849
0.3388889126408729
0.12442812879348032
-0.0063287439343636606
0.84254307597936662
-0.53859178616039116
-0.26237341470209674
0.51571587683772169
-0.81559630065067212
0.12293126817276639
0.36501944965167155
-0.92284814822452033
-0.60247190813818152
-0.76215008058626954
-0.23697015543456396
-0.70350824432116166
0.59677020525828828
0.38592936178546622
-0.47015428217720695
0.45430166129620508
-0.75668021745909519
-0.9454596325643887
0.11276790300192824
-0.30559692937554028
-0.48648216000949002
-0.37619600394718511
-0.78855036275856893
0.040491678121587486
0.64438003692012624
0.76363262896612427
0.40168398247792897
0.91576581828676817
0.0047900186050432291
-0.68232792088570948
0.70574098179486322
-0.19067845970378372
-0.036315057048705558
0.99788283423130397
0.053954293416273016
0.86069245094753022
-0.4566419481762522
-0.22513692733030277
-0.033162980142100361
-0.80827563606491704
-0.58786963936909375
0.14876182852145653
0.26375482318084142
0.95304948015504198
0.21388285207932703
0.75720742371107763
0.61716370847875135
-0.35455291832260444
-0.54886517822193748
-0.75699355627662068
-0.14878231911041873
-0.87988061974128751
0.45130246678232705
0.84709678102525121
0.52855668649861443
-0.055270903143183371
-0.69639616183589259
0.44161043791571142
0.56569656787374178
-0.66977636442975041
0.71817562093485177
0.18874162006856429
0.68769004384788834
0.33559804107521374
-0.64378285036102711
0.0063734311113204422
-0.05611358492627333
-0.99840404895142087
-0.57333298060215254
0.56656430196541763
-0.59185655786878888
-0.48586308060513872
0.21291863911052189
0.84770438244957058
-0.10588767066492451
0.35719917021300901
0.92800676398412851
0.83675178449559617
-0.49686198243747676
0.23016216359718134
-0.76213499524938966
-0.58074322706649517
-0.28616001333625618
-0.59479898944817933
-0.39522917945828301
0.70000575558787881
0.3384395282894701
0.63638215951223076
-0.69316407346727849
-0.93123117239457931
0.20619129218734503
0.30048902573426889
0.41905819739494604
0.67750373351795812
0.60446581232136365
0.39386001197368153
-0.64127309108352681
0.6585158415864194
0.16083115594023867
-0.72909686562018683
-0.66524514265174906
0.41102885192024502
-0.89722969120432072
-0.16135105859747112
0.39034414160780501
-0.1604306501282223
-0.90658339804559718
-0.0037055875754866355
-0.95602117901649109
0.29327422984749035
-0.2943072947430202
-0.32433927487167868
-0.89899235315811155
-0.87672996525135527
-0.36844297164618856
-0.30918335122526108
0.0064135945103026733
-0.060307361875658279
0.99815924977383041
-0.98809647042070758
-0.13412646636000525
0.075335623472021496
0.69490083484891518
0.15607796750934727
0.70196331655182087
0.81187766045765053
0.16202068957630833
-0.56089567710852395
0.7439638592480774
-0.66038696255929374
0.10201390010394223
-0.33142252869348066
0.88523359389998013
0.32637492505605298
0.82284450725323455
0.35798138939174617
-0.44133461424676029
0.94682402919581188
-0.29875194924419396
0.11946351141751528
-0.21281824191964577
-0.037908611999737975
0.97635615071677828
0.5957815236903673
-0.56251581727598243
0.57325415946464608
-0.32738471682170595
0.30622242809656336
-0.89389432916996203
-0.53352844498432506
0.76050307453623855
0.37011143188712248
0.92502449629457251
0.17974664763684212
-0.33469512084625541
-0.40966293583490304
-0.70538883768756377
-0.57844867245842624
-0.30619206494208168
0.90035049208771678
-0.30921741665680769
-0.046517913216844085
0.54406463226688406
-0.83775280343681968
0.82854825336638649
-0.2156660148907317
-0.51671651982945244
-0.20276549355874174
-0.69563217686681389
-0.68918940004139462
-0.60695751334773052
0.010829855196037078
0.79466048802439682
-0.70258689405068731
-0.18860129533193631
0.68614955199819527
0.19770065262670083
-0.90747672951403324
0.37067564978224665
0.88875471281739182
-0.30920402453998475
0.33839020620158616
0.46380928185799958
0.061842759207482327
-0.88377396612254422
0.20971565940696121
-0.9650462885891552
0.15717825256631579
-0.21606596442606707
-0.095833785874841412
-0.97166423444599859
-0.41918442404698342
-0.011971722746045211
0.90782217228424777
-0.8214150532678588
-0.46028135494328615
0.33677646081122314
0.16028250159090232
-0.22199001407056571
-0.96178477495576553
-0.0027568516617942408
-0.99813117406252938
0.06104554966147533
-0.016894075573504801
-0.92115412497886873
-0.38883115647402972
0.93902798302363899
0.34155306885505304
0.039597326352316602
0.81914063402812365
0.027139308308381578
0.57295032911112476
-0.106516177863468
0.3437804741651313
-0.93298943693707259
0.71670849038602269
-0.60345008994792815
-0.3495381649411492
-0.87024453360978238
0.011358497146110331
-0.49248902146634121
0.20307496714026471
-0.93866052282364321
-0.27870590344200674
0.32625698746700821
0.38557973398614726
0.863067000219638
-0.3353664100482675
0.39525605153569382
0.85516198742445881
0.59750608956144624
-0.80130581386681055
-0.029924331241270131
0.50448176379119114
0.83673611554481897
-0.21300427917085701
0.79560531539178092
-0.23224056638221161
0.5595323953506306
-0.64045595182930304
0.65390588989337295
-0.40276948857774403
-0.646871362482214
-0.54646446897251322
0.53191542988617391
0.060457299197251402
-0.84498043810789847
0.5313689623874901
0.92830044499694153
0.10895249479229187
0.35551039042061167
0.71179833593566688
0.68528820869396856
-0.15402337479820152
-0.60026350111056703
-0.66504080041160152
-0.44430222036625094
-0.086297228448453098
0.93415412809841891
-0.3462785776203865
0.4165072016459076
-0.90667108041288869
0.066852845264958091
-0.0015766208668615016
0.79539062592027976
0.60609509688231922
0.63465992393989301
-0.49824274415425424
-0.59072916708272294
0.35540036562915134
0.42541437282665034
-0.83229393335718449
-0.1694379407480533
0.86331012189731215
0.4753802874170398
0.75091470136829408
-0.64811635718113725
-0.12677657048216054
-0.74713715260919333
-0.65982088701057373
-0.080140328521953172
-0.1503928457965866
0.70318107520017703
-0.69492328167469464
0.13378446412177397
0.9646512320373668
0.22704562908904452
-0.40588859977018177
-0.90045914686165518
-0.15629385595659689
0.45317002974931242
-0.5405309905316138
-0.70884636728413863
0.5495961427999253
0.031915560817198006
0.83482062552213432
-0.99298837181188893
-0.0097871792620028552
-0.11780621617074075
-0.53586155634636945
0.42196989878425639
0.73129597082853592
-0.39675476693910711
-0.42715508011963771
0.81248027203070017
-0.50662431277012421
-0.72839787992890759
0.46126818037370831
0.075547244223159934
0.90078428612656924
0.42764504411688575
-0.69081530807371017
-0.71129334345740436
0.12975357291501391
0.61677015227210463
0.57966524125787577
0.53252491711063932
0.082092962922518928
-0.41015440099713524
0.90831388450319472
-0.51931317498609075
-0.21268896830208844
0.82769392232180794
0.59163131001127112
-0.11295134480070566
-0.79825709312354964
0.59102096909703528
0.80658740493670444
-0.010534338378559242
-0.50623325525317275
0.82327740396311844
-0.25679214824352425
0.90821053609968783
0.31279751366127817
0.27804916393479812
0.99779533876636417
-0.065369927332286651
-0.01145576434325099
0.7611554275165453
-0.4489375550653209
0.468078504969067
0.97452234596760934
-0.089835791478885249
0.20551332749763299
0.58599739042675714
-0.78387554790062164
0.20529535751334288
-0.7660009969800422
0.02994489415430665
0.64214155444081689
-0.83165607802293273
-0.54085728426418578
0.12578380637380721
0.58394445189044808
-0.76992196240888899
-0.25735005130523964
0.78973191261674003
-0.4198172601658432
-0.44729964706173231
0.97235219065246303
-0.039249646727200597
-0.23019705159959356
-0.83602560378042068
0.24159719494525023
-0.49263778297870109
0.29641388858416889
0.85256174329640799
0.43043847472292923
0.15129228240971287
0.91229616677982917
-0.38056057252701569
0.39855231456796064
-0.83257949905451911
-0.38466534846103234
-0.26236268900895882
0.95911481112375641
0.10613481285153178
-0.36895908597764049
0.65693616622580975
-0.65749833944967429
-0.88800496280694641
0.054075037733464698
0.45664327031541602
0.69128277907389524
0.6469904197664017
0.32176313661817663
0.091110262071112946
0.46461729655795442
0.88081194808228569
0.78964089418719519
0.53401233984578289
-0.3021557199850417
0.52831964939308773
0.49626883164232444
-0.68890898876812967
-0.93990467232479458
-0.12925677495016735
-0.31602514626450562
-0.59162046015795233
0.80607078299893975
-0.015333750942581017
-0.47465705903177663
0.86550505379483256
0.16000524418564621
0.84256571542439629
0.50393957556212743
0.19007345783574855
-0.53920235628060864
0.24626867644728104
-0.80536486016112219
-0.89248613036151947
0.44643093186592392
-0.06455950887083807
0.9828914554917646
0.13280155194138119
0.12762497609496737
0.15537996400980489
-0.7079433597196737
0.68896535922579771
0.24270066807136495
-0.53637147983137101
0.80833286543429517
0.054758662487832468
0.98349328325797292
-0.17245999730081171
-0.0066684161774962008
-0.59238471459221864
0.80562763243522073
0.077125748123885132
-0.43888490982696898
-0.89522715268388964
0.53332746008644838
0.28077895733889596
0.79795049810963847
-0.95994494683678344
-0.25196605998930299
-0.12255122870045834
0.89626464356350166
-0.015904056033850218
-0.44323441845107353
-0.27723240707733798
0.18612742142107966
0.94260212998976678
0.87430913809513033
-0.48536934424935585
-0.00036153326354683413
-0.77509785020215349
0.63182845138021881
-0.0040162966118543987
0.35168578157293667
0.90882798908836859
0.22438537672723907
-0.96049020703383348
-0.044268556763890743
0.27477055350627677
0.32937795389133662
-0.33361057834045388
0.88329731433402658
-0.34517885185013647
-0.87077599623986846
0.35014386273057291
0.066448111280644193
0.16085230111882962
-0.98473914603412238
0.98166105199258091
0.1591852493170334
-0.10488868099415469
0.9568376739891763
-0.27291362541139375
-0.099899042536914187
-0.85152207105899547
-0.15980227931568136
0.49937300089703696
0.37611586681120363
0.16246071749184535
0.91221892657677939
-0.25191103270278875
-0.61119759685705255
0.75031881836908398
-0.56144485930474741
-0.53524281532465967
-0.63110601217513729
0.69205590443009857
-0.63287168729398957
0.34717726389424874
-0.39032982860049259
-0.9162722122489092
0.089932518952824669
-0.46107687110348861
-0.59549823186536477
0.65786774869926656
-0.98991977048221746
0.10542886338316319
0.094570623209155394
-0.82589279390445891
0.53256229983516878
0.18514451050723216
-0.39476023373292907
0.91572373643479499
-0.074929275940858034
0.18983061543116511
-0.85482057584308957
-0.48295560930619058
0.51815740305393521
0.28095658268674051
-0.80782195086874831
-0.42784644084726497
-0.82313292056319087
-0.37336258267191097
0.6548759435611935
0.11939928692316405
-0.74624480489118095
-0.16397879790771963
0.12860838806770672
-0.97804439385713227
-0.21892866637097821
-0.93466336601156719
-0.28013323843655574
-0.44828646665691718
0.75983418487926901
-0.47084100851679578
-0.42169858572321955
-0.13679003680513707
-0.89635862724128779
0.50081501440799026
0.76004827810923581
0.4141387886768278
-0.6889789782900565
-0.33748165487722948
-0.64141569991364933
0.47015350028004682
-0.45430095302095969
0.75668112852024261
0.90408553847236939
-0.10304996453503479
0.41474093592802463
-0.17091319652550979
-0.44476058042082772
0.87919093794076442
0.91693548607651898
-0.24504482693216309
-0.31493228981386456
-0.54974988092247146
0.61468556828544196
0.56562949053893175
-0.3118369942572754
-0.24099085809699661
0.91906533789837885
-0.73187013817582924
0.13967306887491548
-0.66697641238469285
-0.66613724258507656
0.23406512177104227
0.70814877872623494
-0.80577478488013488
0.53472715518114977
-0.25454639177023713
-0.67100330260009133
0.35808302047739998
-0.6492542786501696
-0.072745622569935012
-0.28004733229007467
-0.95722597440422874
0.24349244015528093
-0.56681334520097981
-0.78704133518469144
-0.047677275117875562
0.15384326682548932
0.986944338192279
0.17103509316257576
-0.20565381753788103
0.96356292178506164
-0.38340617235738644
0.088223023955807986
-0.91935651683248054
0.23998924226548501
0.79278667184082696
-0.56026284594677822
-0.76786401521200465
-0.35916574888162417
0.53045717920752145
0.24011776557117931
0.001454946762569589
-0.97074267537129644
0.55285862471630043
0.80708223844517823
0.20728145470138232
0.51370124796594918
-0.73260342534040868
0.44654590919381043
0.36935468045273573
-0.7155844524242414
-0.59288785742023431
-0.17795802493674417
0.97595089065690188
-0.12589996182133331
0.078824581914025735
0.71197948009746403
-0.69776206919423744
0.67614764156363849
0.53090732956055608
-0.51084417802966942
-0.31015700243312377
-0.76059557903095043
0.57034813842097576
-0.23426887739039301
-0.83935231702925406
-0.4905158315323449
0.73436003278501016
0.67202182172394054
0.095404472509600449
-0.91451210766088786
-0.26233687178108156
0.3079723537036354
-0.52847430534980722
-0.81382554005067187
0.24166691735997095
-0.23498278398047126
0.82313847555713349
-0.51693920463654663
0.17451923211082604
0.55204219576039693
-0.81534805557104695
-0.60039361518205914
-0.1869468430526508
-0.77754638750447869
0.2690081416820938
0.58297298918892348
0.76666623349726193
-0.75400181024346014
-0.089340686629140478
-0.65076840109382894
0.1913483633759058
0.98144543046831212
0.012274805343945372
0.75838802410351358
-0.050637712142435128
-0.64983338403420632
-0.83775347666875877
0.40505688326370337
0.36619398363449657
-0.093969007354327158
-0.74676836252996293
0.65841236195955533
-0.93190380479580481
-0.34839961624681676
0.10086132066443283
-0.896506826524894
0.33446295371677892
-0.29053406441467688
-0.15775555403690272
0.54555934250870564
0.82309063229511903
-0.20057608560280593
-0.95985113349383777
0.19609955485632954
-0.0070608053609795014
-0.98553400955627102
-0.16933062639580021
-0.20926864529762354
-0.97673222250545688
-0.046912680746766189
0.61625456476861085
0.70053563570869137
-0.35983348163292084
-0.81011498832303341
0.25003632397869219
0.53027874027307009
0.38592712103730126
0.83186526216554524
-0.39882382432611641
0.51103168527102194
-0.33884490620189528
-0.78995616725872075
-0.8374791312948584
-0.23743478277489016
-0.49219247106619807
-0.37346789107988043
0.75865869930897178
0.53381524172242012
0.82385002825370612
0.25044926292005204
0.50847448082393476
-0.96895704273438921
0.2281374946214626
-0.095265591287040804
0.30785326737853136
-0.37490857845017789
-0.87445407173208889
-0.74208602063892015
-0.47143056465501926
-0.47650976976484105
0.37544531006910431
-0.091534713712263682
0.92231351249601023
0.19943442492185628
0.044269992670020124
0.97891065879634021
0.48810808786829335
0.49189966575327748
0.72096131199210156
-0.1013584066543526
0.95629237176207893
0.27428338103164157
-0.15613305059045124
-0.49168286453035814
-0.85666237879373519
-0.37810795354044507
0.58443860142852522
0.71795953690282988
0.69087531525007229
-0.10052695352694076
0.71595085752634269
-0.0022006500890502357
-0.6284396114677141
-0.77785526409319494
0.30371733309004934
0.2189253472963639
-0.92726882504041663
-0.68829858184077386
-0.64207625013004022
0.33761390856261481
-0.5671950037176543
-0.8233705893142782
-0.018726996822456599
0.78356742855250994
0.45740430190991666
0.42047995137213034
-0.87751980643029481
-0.46915182638885722
-0.099275138471511162
0.28971837377793735
0.93552231410430609
-0.20214169215773253
0.48911483701715996
0.68432412865521142
-0.54080233278894307
