-0.77172170475550039
-0.62144058828303927
-0.13511922751294358
0.33839046165061371
-0.74220219807668175
0.5784702175860279
0.46304429942764469
0.013625594596309756
0.88623039890282407
-0.84426503014333787
-0.12811698100043842
0.52038696952979357
-0.8250194193510697
0.09762775163888697
0.55660738389241604
-0.64155295752578478
0.37884199383448219
-0.6669996599680037
0.55730123247594898
-0.22385096195977214
0.79956618432151882
0.82906117615028796
-0.4595644419113149
0.31852486548312503
0.36127714458229704
0.89044437896202022
-0.27674470686429414
0.78079463359937562
-0.60899536836943013
0.13958646584464804
-0.84552231143045919
0.42727227112288318
0.32020372765285987
-0.12641836977574439
-0.99137071374908114
-0.034677135174069312
-0.99790598703389732
0.0023675834784629857
-0.064637725751881481
-0.46353430169797238
-0.73579503995537121
-0.4937019448274908
0.26523096974583327
0.62658385926519611
-0.73283367826268597
-0.45116082632012139
-0.59360409030580286
-0.66639934931418221
0.37060099529931584
-0.18408869583920917
0.91036600021495517
0.61022737173462949
0.57184421859642776
0.54828527651550829
-0.1513888639916251
0.60500701856904526
-0.78169554133404173
0.57878514321673225
0.40406770060750929
0.70833399700801236
0.11133162903061584
0.9743840246477119
-0.1953996952114217
-0.32390129481904967
-0.88427894896306025
0.33636095438580349
-0.7122249758514787
-0.22103504177414338
0.66624251896832831
-0.5421700676687996
-0.099969827736483621
0.83430069595221301
0.12807072426210228
0.23642573240296333
-0.96317223934491736
-0.25987782408924731
0.87012478550072114
-0.41874380497383157
-0.17010219968266554
-0.19662134202144724
0.96561135532097142
-0.042407170515911398
-0.56660789978829984
-0.82289557040144923
-0.90254570203409312
-0.31109395911226384
-0.29771094092028749
0.2212539799464488
0.42786610119333346
-0.8763431267531413
0.42236986724892184
0.57339380440647791
0.70201370378960104
0.70946887320492791
-0.46916181788592243
0.52587175869341618
0.17503503618024466
-0.27943529683789664
0.94407555364520312
0.45295253731923008
0.63907554544120504
-0.62162403923520992
0.71315204481656658
-0.26026033943515198
0.65090607363201758
-0.52760741478887718
0.19777359120338558
-0.82614527928344028
0.19058011519964493
0.9468899141927426
0.25899557928766009
-0.63868442320025409
0.76653633030269952
0.067113798040562972
0.57147784900949472
0.77338984742157324
-0.27437421889951091
-0.22086980784007851
-0.44458985812695379
0.86807625588731652
0.64767084053192092
-0.019403559089886325
0.76167314789174512
-0.90744948482823529
-0.26420357461345823
0.32669849042571536
-0.050308278922065769
-0.73933196498047493
-0.67145909974473472
-0.41524812806355793
0.81644615791100161
0.40122894134405945
0.025049866136924875
0.7430969396510636
-0.66871476915628658
0.040463633026755895
0.65892924996883595
0.75111579529243255
-0.61497796093205781
0.67880312920951147
-0.40128346507577856
-0.36199337830863421
-0.26823456349774472
0.89275473283868756
-0.957039462856345
0.16343299584906185
-0.23951017181622822
-0.46511076673941965
0.86850065785499686
0.17140181436760557
0.48971606846524124
-0.34569521704912765
-0.80042050773096984
0.99597119852765814
0.08908325646564462
-0.010273515506210154
-0.1837769296197749
-0.3973053928041152
-0.89909647145803884
0.67678660612899222
0.076471821801361486
-0.73219666090114166
0.066765076597879891
0.58090565972645225
-0.81122810543314783
-0.95856477896339565
-0.081421772266687995
-0.27299095137349944
-0.023263301697017683
-0.36901663786361877
0.92913160519594007
0.98149197979978309
-0.18907146755217094
0.030421599996891934
0.83587202792737281
-0.46332557916490053
-0.2943592373615796
0.83711718808141899
-0.28318777574530674
0.46801655642411188
-0.78434756343469925
0.33392910654779295
0.52277170116049987
-0.5091257174976046
-0.7568453650028667
0.40984887123941988
0.87074882710899915
0.46287176159281035
0.1659705166837491
0.92938354696563918
-0.35212961124549541
-0.11068405266190669
-0.1245098885180617
-0.87695117665676081
0.46417014275106322
0.41731794596131594
0.78490192400521663
-0.4580116828985229
0.49709877083277026
-0.86723081630205245
-0.028346486424682991
0.93421509506102007
0.1245814798294774
0.33424782877922626
0.35807892477766312
-0.83584672426947382
-0.41610063345068682
-0.081846942335405029
0.95079599458170838
-0.29881106859975048
0.58433188095168476
-0.13946637110669366
-0.79944066961457261
0.56917343394089359
0.27751095856551572
-0.77396981205469495
0.52249001080400725
0.21395888349261136
0.82536403167609851
0.38806567667427649
-0.13237731241554956
-0.91207525881638296
-0.10288386062983061
0.2791199118965309
0.95472874996240387
0.00048252499071611447
0.92939795184352214
0.36907887270704004
-0.71311537156300819
-0.21553749904768177
-0.66709073846428357
0.24920747008665586
0.85399318760635889
0.45671793524552834
-0.81409651102660885
-0.57399573494192468
0.088180309609245291
0.49145090507160416
0.069603776151573829
-0.86811941704453455
0.8707873589703985
0.4244994704343365
-0.24805155725841793
0.74420464956659349
0.37825910676637603
0.55052655495604119
0.75829219291552197
0.53860253126464841
0.367287712125906
-0.24876431808394672
0.42184241980576281
-0.87187458209346125
0.76206691045701125
0.46350115777935469
-0.45212907529123075
0.90794416131157174
-0.0797778999986304
0.41142786319357982
0.048701505658075621
-0.99424935383757818
0.095374974391580547
0.42805485700354606
0.843554707293525
0.32432159224851048
0.82487563291777033
0.084532339096023576
-0.55895838294587064
0.37522885924592925
0.38950145491337773
0.84112538887454869
0.82395327107324501
-0.5606478547862852
-0.082310327488329227
0.07045067394518191
0.1355438664581162
0.98826340760257536
-0.52629041693552336
0.12165843640536243
0.84155666588366784
-0.92106148698330848
-0.3719690229410676
0.11525963373342953
-0.69988360275484307
0.1663715438536171
-0.69461028785259504
-0.80841353047439657
0.26052927008525217
-0.52781821034781262
-0.13071699030264944
-0.96368637491478581
0.23285540416708322
-0.2195877046500043
0.010723994462304799
-0.97553382099715791
-0.62322791820051004
0.45430750990082497
0.63654665848087699
0.924873370287567
-0.23826324536560681
-0.29637792569752164
0.13783509307770489
-0.92743327942904163
-0.34766219139238297
0.22647894446932185
0.78465842867885249
-0.57707749740853331
-0.77402407427750231
-0.37192305070597848
-0.5124060663110982
-0.084637512105693119
-0.95876228199681324
-0.27131416875058684
-0.075272206153815288
-0.75427572452889624
0.65222866110524935
-0.48050528836729117
-0.63813944110427523
0.60157520025196343
-0.43217829732773172
-0.0073868410371252212
-0.9017579242226792
-0.20821782302714725
0.59456186954772772
0.77662186516589027
0.68469201483802111
0.72613163932489844
-0.062687217105137888
-0.24908615596382369
-0.59796379559435608
-0.76183685003126278
-0.25561734113132084
-0.6412761583599732
0.72348093522360946
-0.50308019277978921
-0.84163719851843
0.19635973544160942
-0.28783038908262648
0.95687563473788695
0.039277051385125904
-0.70248543787834161
0.0016144800899067706
0.71169628566047327
-0.479559291908015
0.87487092620131779
-0.067998147271316561
-0.39404677792427867
-0.41926662578042495
-0.81788913265441499
-0.64314020383887083
-0.6790757262521776
-0.3538740400498081
-0.11263076268631374
0.21587396949628365
-0.96990346972810482
-0.070631112480093725
0.98379461444351513
0.16480109994098843
-0.77513722710287469
0.57043998541176288
-0.27158884771414005
0.28591589862497335
-0.32803558344544642
-0.90035812591828113
-0.61252915730623614
-0.77442912356739624
-0.15832739504061463
-0.14435938512725202
0.047635354949169678
0.98837808599975963
-0.46344382056013395
0.8319559390354857
-0.30507235320200599
-0.66162565188279665
-0.74779318289679098
0.055288808847280276
0.3654017602596466
0.25488338859394255
-0.89527426625477247
-0.46737364623624472
-0.88345719805084222
-0.032638229363626689
0.87145846995978071
0.26156500617128581
-0.41490225678100795
-0.54047349627211727
0.65243436302202851
0.53124175454818467
-0.62315251125609716
-0.030704006453281679
-0.78149741631238712
-0.042618321144929291
-0.58263668291604964
0.81161454793723986
0.14866777012033452
-0.68147124133970438
0.71658554364037363
-0.12826767941687575
0.75399664925539733
0.64423323053739079
0.24628484676291665
0.71482933051912534
0.65449431050586349
0.74591307684482255
-0.13600944124482167
-0.65200852270822462
-0.54521352429862024
-0.31196039333438524
0.77808927888291435
0.61072227743035368
0.70866918354963693
0.35327933443292864
-0.28975824673337025
0.93761765885464499
-0.19212830154336416
0.036796902879755296
-0.34949572532142892
-0.93621510665044605
-0.19114205299132347
0.86507351552196698
0.46380225131054215
-0.67638863269298821
0.2326814005951556
0.69882600365240177
0.36850199508704967
-0.53390136014030054
-0.76102274424434979
-0.26283612357936054
-0.87603067488114617
-0.40433578719803992
-0.093170902451542734
-0.17562641844280877
-0.98003803195657491
-0.6390497050880154
-0.5551940818148563
-0.53232979058538443
-0.45567251547900434
0.41220560076592583
-0.78895443552478906
-0.98602688209821754
0.069223760777730903
0.15152246936826011
0.2299541095852651
-0.95030991482194926
0.2098384456574813
0.69741474964377315
0.18934031747170593
0.69120395771365994
0.21123859977260387
0.53721180392812262
0.81656704053396734
0.26430206572655313
0.05428415453536227
-0.9629110284024468
-0.67172527479161237
-0.58236833388779308
0.45785617708062942
0.11811725107579558
0.99167169288783563
0.051337788453261091
0.73707752218484135
0.28581743046991664
-0.61239294797493304
0.37623089986480079
-0.39352405777494487
0.83880219714737525
-0.42107591437923197
0.74209110258390965
-0.52153223274836136
-0.78907835710084528
-0.36447723791160108
0.49448123260580995
0.02213340265450453
0.0306387422989483
-0.99928543467683562
-0.32438548076868334
0.19362303135056849
0.92589642055528365
-0.41699827134108353
-0.49218902361312611
0.76410889716931418
0.56033263359689689
-0.43968151560869095
0.70193126768823322
0.93793447311161648
0.042897642922160625
-0.34414926468112272
0.13968193803329862
0.34756827665181228
0.92719213178960447
0.90288703810992033
-0.41762381870100335
0.1019085004633422
0.83019038466572603
0.55536447446418613
-0.048520363886639356
-0.87384343837203937
0.34777903119041681
-0.33977550040929477
0.15331897610527526
-0.15205928141110975
-0.97640732612100323
0.28688280820024642
-0.95796415905655774
-0.0017100649704081369
-0.054237484797672778
-0.87122813162382906
-0.48787276815792252
0.83524691509443805
0.15606642360344328
0.52726261222360071
-0.59475126754272567
-0.40558833316589132
-0.69409583902803729
0.44166539247185505
0.72694275185775292
0.52581928132597011
-0.97032197034319911
-0.22677688535360363
-0.083949497548290314
0.95847880069998548
0.2037458799205363
-0.19951442309799025
0.80591224948492557
-0.33408786483079861
-0.48876450843217434
-0.027269787729075023
0.86724246223260471
-0.49713868324436417
0.29646943393837849
-0.86575400692506987
0.40320698683609563
-0.77874829334097817
0.62561443008195217
-0.046450839516072338
-0.94259832178797953
0.28212347664104825
0.17864699183152385
-0.97904720071396067
-0.15353000840745437
0.13377262534825476
-0.55542568054823227
0.57342000365629586
-0.60223899972880079
0.16643220992911156
-0.68116236812199615
-0.71296433834557704
-0.97051705733977123
0.23832830735359131
-0.036003601577109495
0.060335034629272831
0.82556097809483908
0.56107820759977589
-0.26001331187119558
0.92870138480908093
0.26439897031468912
0.93416299388547219
-0.25060297790616937
0.25404261122790256
-0.42803317356519982
0.54334482025985309
0.72219388575679
-0.034653124395100175
0.48151058827670828
0.87575493966467355
0.9832148380121255
-0.028138072166228066
0.18026877491001614
-0.60392348671370899
0.73418847908619134
0.31023168660319289
-0.93737042030385365
-0.032108593092827799
0.34685116893125234
0.67757223080907614
-0.73350662214514617
-0.053515486596219512
-0.26243456383710567
-0.75740380789986883
-0.59788591845134365
-0.89501672179798453
0.42415547231017098
-0.13797537103166252
0.74275465787623463
0.65086201359673768
0.15714374775967979
-0.9062055371546851
0.19140873059234148
0.37703344982006159
0.61201796728983882
0.47326697553302444
-0.63360269695151805
0.8680015905771451
0.33999429723122149
0.36190760783077502
-0.20623090467392372
0.7601937270320489
-0.61609602444626921
0.028649205403555162
-0.11077286011848153
0.99343273375247521
0.54133267961535958
-0.624885362931627
0.56256307484073576
0.37174091922463681
-0.70533319035354325
-0.60358411142086421
0.95842647838619277
0.24169044305167683
0.15167206488251267
-0.7597663584928892
0.61791692843260726
0.20232090860528104
0.50344790704223874
0.86085620011868502
-0.073937863182593558
-0.52047494195509902
-0.2261051280144637
-0.82339680949248228
0.30589907867760308
0.1905621087277577
0.93279785397556725
-0.27808203979671176
0.40715159032091963
0.86999882852889288
-0.36120222809682562
0.60302023267154459
-0.71126615932901305
-0.02569470271198156
0.40937013244458231
-0.91200651144322864
0.62376357506215452
-0.76278639884079713
0.17051660379320369
-0.70973607605118805
0.55406611775239467
0.43506946515499312
0.70178637790181941
-0.53309903085366683
-0.47254767282711907
-0.34290373143992536
0.72140343890288705
0.60165946290544114
0.168664397285789
-0.49602941670530148
0.85176706842376815
-0.45352994577666633
-0.84110587043869456
-0.29470579057320845
-0.79508152822710176
-0.50751979021321314
-0.33206780333840308
0.23263518147329224
-0.021337904050654468
0.97232996775354696
0.50521622791522214
-0.77015680433917877
0.38937778542333196
0.42842863873134762
0.4583758167363548
-0.7786786963479122
0.29523070961888531
0.95228080590140707
-0.077460278915688477
0.16237262430866817
-0.8224637998238381
-0.54514991411028368
-0.89852838856681061
0.078707143716761505
-0.43180078794217086
0.98451815139654708
-0.073484603145937605
-0.1591352339088038
-0.31587115856834236
-0.20990184599914111
-0.92529272461791567
0.7045391029413437
-0.65607232894260903
-0.27054343758891591
-0.30616782018138144
-0.94663425569985793
0.10072165517383588
0.8725837321779405
-0.12036637580840739
-0.4734021186192196
0.43863161193287958
-0.87770873594843268
0.1929499516791032
0.74340262234280541
0.61491488632155245
-0.26312016964496004
-0.30869773490860902
-0.77815965542889953
0.54696732912036916
-0.49021073167464263
0.33998092440417721
0.8025624023042025
0.93515606684232622
0.35236175439252743
-0.036391272159833427
0.11225978343656454
-0.82959126784708925
0.546969898015087
-0.63882241787680283
0.74846067567076757
-0.17808013755748667
-0.62748151408801878
-0.456140156069828
0.63103336480601457
-0.73426305839892947
0.48276694906883677
-0.47727752299623094
-0.08877151536638124
0.99367935674332719
-0.068709199105532873
0.17125683209724171
0.90121833639647564
-0.39809120513116841
-0.79424287620535217
-0.01020881679009073
-0.607514636578244
-0.33130036825344128
0.21617114320220865
-0.91842806078744377
-0.86698115239606188
-0.16822592031148248
-0.46908818054322293
0.3300142550750203
-0.91974261378996069
-0.21251850702019001
0.37012139039640707
0.92043278643614912
0.12575230425092276
-0.29397445062046729
-0.9408684253861741
-0.16836160041332374
-0.89247206990351124
-0.4387295000390285
-0.10492869120334176
-0.82094871348431031
-0.48559552686372037
0.30040005678827991
0.060090068152202393
-0.93414488873137513
0.35179896328231347
0.68426179174415325
-0.63356773716421133
0.3610785548654219
-0.34970181288250829
-0.03509348948270774
0.93620355108417219
-0.68215314018494644
-0.68208046287679058
0.26350205975969165
0.54912734456928036
-0.70411791735980767
-0.45019675465198289
0.79586831791800061
-0.054396872521722234
0.6030212274822736
0.66351981410375249
-0.35031282459679774
-0.66107668330892966
0.61565317341332493
0.64113633124609903
-0.45816522655303588
0.098744144909623507
-0.98637176619844003
-0.13160673498205633
0.54868046026483197
-0.54475780097666349
-0.63418348354292697
0.57666242719056793
0.80495387900357573
0.13967711961441526
0.3653779013934319
-0.58215858226689376
0.7263541658628605
0.53402031356912871
-0.80918749282466851
-0.24502633766935428
0.16686123103962883
-0.50577136644383425
-0.84637618968250539
-0.87966020773089182
0.46881677311121556
0.080054682464121021
