0.75931492279589652
-0.5774669579574534
-0.29995459737571328
0.29770107433043191
0.31147443618022042
0.90241772253691954
-0.83297832662196247
0.05355509216007532
-0.55070768968827821
-0.94009479092261161
-0.26996178495183848
0.20818842125773646
-0.9671689722976422
-0.05171524224110325
0.24881662473529936
0.56439848611008625
-0.82291030030851553
0.065368084894628892
0.81436445282601588
0.55195247955404814
-0.17932930125197558
-0.26840019940236426
0.94303562659615792
0.19658367157819295
-0.012730861456302624
-0.67044146143191208
0.74185320108470421
-0.11970380307434821
0.66762296904718421
0.73481328970709292
0.71811732779484694
0.66231381926649535
0.21365371124653232
0.75480338107053002
-0.55599448676651897
0.34805457418303193
0.20146872296301332
0.51282628749480963
0.83451755674877415
0.44818478679083296
-0.59965637311982989
0.66298011362787246
-0.71322048129368409
-0.5563680369898838
-0.42634628235652405
0.26140887287735554
0.96218608074157952
-0.07657249642103349
0.57853803796300318
-0.069916914179073808
0.81265328630455602
-0.53612181827489114
-0.078574604031229983
-0.84047571503938179
0.76305007723796492
-0.016788459464207466
0.64612129453838174
-0.69379952966797342
0.37847515399571546
0.61269794388460153
0.11339479275838654
0.92493158522357233
0.36282665782862755
-0.1900797512053744
-0.94996516275817022
-0.24786261865708242
-0.75802738252859414
0.6195233228918986
0.20392483843276363
0.37684135428532478
0.75968149225505299
-0.52997605986076213
0.61896207976590079
-0.59173566058546534
0.51646379524934161
0.82746750269542835
0.48116806950685126
0.28943880332471195
-0.66665421201292829
0.68465120895189069
-0.29466062459401721
0.9777180728646031
-0.18969287455112718
-0.089910974516225206
0.20275686584510105
-0.95540839143495881
0.2146729114917291
0.40081485200316608
-0.83820836234182883
-0.36980291469093285
-0.32611428951406973
0.21939731531852841
-0.91951850889786646
-0.0058036111544171112
0.11433434402994319
0.99342537509005213
0.73518756306980959
-0.66956791446681341
0.10572632133975274
-0.047057018816405075
0.91010055673091006
-0.41170695114146411
0.11033640130703679
-0.48308503626089333
0.86859353341331302
0.39481783289449152
0.91223672501851061
0.10928419993759265
-0.2617858242588012
-0.95477134604620395
0.14099595379392893
0.939721921628493
0.21295147360299985
-0.26753388551950413
-0.020533810311082944
0.5094792824665817
0.86023788766331677
0.065319077858200514
0.13141679578531854
-0.9891729089766228
-0.032552180346411268
-0.98167076456865543
0.18778409289896261
-0.39726290640696987
-0.86408453302889787
0.3090956210840245
0.21836878437547327
-0.03306698381593301
-0.97530592564163932
-0.21934796946208315
0.7847648055510974
0.57968152313249488
0.78229358087265066
0.22148023123153796
0.58220551397171605
0.50827089586832774
-0.52540868525829532
-0.68235358126733492
0.32568876755434834
0.6660585557005102
0.67103861816372379
-0.33428872458940506
-0.49664006006763078
0.80099918810720971
0.63645885317974804
0.077575110420475824
-0.76739965497279905
0.33640443597910041
-0.42211272915532955
-0.84181524061911772
0.27693303153291221
-0.94385914170482244
-0.18010557089170501
0.24323788054560883
-0.29779779989241251
0.92312068758473764
0.55921584939574032
0.6182423408045401
-0.55231697585817863
-0.35760310599620065
0.91586961716702597
-0.18249072012624507
0.92132649415856815
-0.38842878856346774
-0.016750145569481959
0.52128415118765237
0.77121186766472094
-0.365369797456853
0.99619661294133632
-0.039553521697834861
0.077639083492196365
0.94176235430798072
-0.10828432538873917
0.3183679834458778
0.71882664503614602
0.44591713989046922
-0.53333494048110353
-0.44881136633215968
0.10990748682179834
0.88684198242504086
0.88215902187262896
0.276442989234089
0.38128038742118342
-0.45500336125296287
0.73398996784027759
0.50421291966621984
-0.49272960218074952
-0.43416004641139805
-0.75413698572265575
-0.65491511627063437
-0.52341295054746573
0.54509180298314686
-0.85789188885651391
0.51208086092200833
0.042363886879953398
0.62216892826272274
-0.7298201917337247
0.28331662930750168
-0.4844727793016656
0.83619932546137021
0.25701520230069841
0.57847719639397555
-0.42465401974114908
0.69644317554977142
-0.33848398098453025
-0.93667163036180201
-0.089860177454908222
0.98389030729694027
0.012687428638912542
-0.1783224393105512
-0.7545225529784193
-0.32129276333169488
0.57224704217462918
-0.68199257684138848
0.21691268046092538
-0.69845186962918149
-0.11438585188411435
0.28309894482622966
-0.95224517028285371
-0.50987293191635086
-0.097837200660876741
0.85466804986840794
0.65441294483434853
-0.56457577450661145
-0.50298895859998338
-0.64529315074174654
-0.21868266425125443
0.731966284716559
0.70858884114000387
-0.15314433650697173
-0.68880234204574675
0.64456131519138316
0.74111793821350347
-0.18784278697070061
-0.36237759924928753
0.63272775370853129
0.6843522961525581
0.48637544406175609
-0.85982854325182101
-0.15535058295088922
0.8166328316853565
-0.57158778810937338
-0.079988866086413798
-0.75503802090599414
0.4932222055049939
-0.43202944689355277
0.26486340737476571
-0.87336682702797019
0.40875146590675904
0.64927974601561644
0.63442433915754703
0.41945389412712147
0.87116789865177924
-0.34392509910261154
0.35040265205318022
-0.33542159799312432
-0.78740282550018226
0.51719352470237712
0.30563623353862429
-0.61571292345192552
-0.72628099840392824
0.59354185289458816
-0.72891057710215468
-0.34117068961307717
0.50011293201113438
0.29010684274541693
0.81591977242098546
-0.48904007910006458
0.45393457480837529
0.74483770234014202
0.66909915657143937
-0.73280274120779521
-0.123719283677725
-0.62408990565025557
0.69276664092892593
0.36136708605171519
-0.21175859054955753
-0.31011242090427205
0.92681637109481196
-0.53987617435851099
-0.71161402815118557
0.44959892270607416
0.53559915252702095
0.79585943180564223
0.2823850431916276
-0.86481787634683238
-0.47353317593133787
0.16690228291828615
0.22593825406383222
0.81507756157388644
0.53347959095859954
0.74829891187742736
0.44388949028272734
0.49296131582467867
-0.92763652601901103
0.10726937018879268
-0.35774817653578689
0.086500633666340115
-0.67322337862126957
-0.73436225587449988
0.050593825457060988
-0.97976955978090297
-0.19362818635817544
-0.2534706955202361
0.49939005164284322
0.82846978389839054
-0.094442156581589165
-0.096011223521528299
0.99088976380731564
-0.12748969661841664
0.96810245550268526
-0.21569425793426963
0.33047950261235126
0.88475029401592886
0.32863386251544469
-0.81297504379974517
-0.57933893929440272
-0.058634218473846991
0.10587966677711269
0.68511600940719863
0.72069796018659782
-0.14681031968478286
0.055322147962572822
-0.98761641844334425
0.35946183002312743
-0.20064229726917748
-0.91133411068771653
-0.75097923278205037
0.50826122724325695
0.42154562838589787
0.35846821420045011
-0.93290527757732555
0.034471473370215319
0.10769144830095261
0.3569822309165927
-0.9278826643345891
-0.026030081224395225
-0.9197712358621295
-0.39159074114705816
-0.98178457166010347
-0.054168799190858111
-0.18211204255734337
-0.81489625146158284
0.53738986299662539
-0.2171548629488386
-0.89013817426188391
0.050688782096876418
0.45286275856075342
0.19418597803704529
0.86907462645505795
-0.45497373505049493
-0.36679111572553053
0.31157723237636331
0.87657509985711235
0.097159833902566994
-0.80230517334591578
0.58895362762988868
-0.45271404110566799
-0.62029343763706135
0.64053575092275117
-0.20706359519054465
-0.18964499851989089
-0.95977051532288526
0.69802549189519814
0.26320411452007808
-0.66594594883081026
-0.84196954582994665
-0.47794310304067339
-0.25031514966291102
-0.043240905085953213
0.98327215582315119
0.17693527548298599
-0.054082621413775886
-0.35277534252200893
-0.93414379394689195
-0.70039468919854664
-0.0082729677878476161
-0.71370780950361778
-0.58859976440389294
0.63156308277268336
-0.50465670492161918
-0.74388201113464736
-0.65395917489821309
0.13775685491735298
-0.43092301087640839
0.90166339868952261
0.036172837335076251
0.70065140681688209
0.60901901967576988
-0.37173033209396317
0.83920186392710505
-0.17615117849672074
-0.51450072292999649
0.9547621092863221
-0.25358147034394524
0.15532466825760721
-0.15277713564462911
-0.71961124495037221
-0.67736164857865844
0.35362239444924543
-0.4602432857000967
0.81432629830551428
-0.27358435450266999
0.87790050706533385
-0.39299147658160116
-0.62766965972194455
-0.25071945514374039
-0.73700105364711965
0.031764975090328856
0.8068020699431705
-0.58996729256199132
0.22110082506811782
0.10718411552582331
0.96934307163828448
-0.11509235340150278
-0.50362668446855718
0.85622071504940356
0.11386048911067762
0.96090304127124582
-0.2523908363929791
-0.77042683315570026
0.16211369374476575
0.6165724978087388
-0.25144412865517501
0.62588680490796511
-0.7382692988381262
-0.78924858278738319
-0.08447034915996296
0.60823633127338039
-0.027167755768866864
0.66337839148443278
-0.7477907613483934
-0.73546806406131382
0.67510438739763845
-0.057626320916422148
-0.87469279486365004
0.41337763937754241
0.25304434764733846
0.0058038032006765029
-0.11433539007423575
-0.99342525357722811
-0.48340949158220553
0.80141258858618836
-0.35221176343759197
-0.88686350375625389
-0.18377132099742433
0.42391181545699175
0.25911003672147193
-0.776899593162793
-0.57383709449083575
-0.20228898132084369
-0.84484518173061729
-0.4952936370909034
-0.11221784544074738
-0.99326608362673585
-0.028803511616517296
0.84126526732896367
0.23641249906932454
-0.4861911972359475
0.93155726779097603
-0.18450098655335398
-0.31330566989228104
-0.58590503614930523
0.57099178745523338
0.57505101275761528
0.85666672018441914
-0.48792927650067724
0.16747283857986001
-0.10288032355696446
0.91499013002057139
0.39013933535309159
0.54675451379295315
0.57753594218315574
0.60622746319648535
-0.92055522253885869
0.37324699473415535
-0.11517275362842451
0.96430310498696825
0.10817093595670813
0.24169933869736179
-0.42566287809897679
-0.30100122011345409
0.85335184988298196
-0.14210972930853843
0.31968575032001884
0.93680619440638857
-0.34866225367645104
-0.01210575126312358
-0.93717025328785031
-0.83138855819900104
-0.40393461144220455
0.38161485161720549
0.47191051190833938
0.87315003130402935
-0.12210442901132536
-0.6555043635527793
0.034306797417428453
0.7544117397112966
0.16153261545085934
0.54712519096453227
-0.82131677174987039
-0.18441135653305277
-0.91404308118725219
0.36127233123414498
0.34183893429751377
0.41079058502760152
-0.84522023062100271
0.92572624876936749
0.36369464427940251
-0.10371652742872749
-0.83591614427658911
-0.34179362476579539
-0.4294430320860026
-0.29642331841890779
0.43422229743517449
-0.85063753309364487
-0.78906233450624685
-0.18171757193719917
-0.58682140069428335
-0.30850034582632274
-0.098728054533888207
0.94608683949888706
-0.99697221535687031
0.054835907284066128
0.05513098111540983
0.79601730358385958
0.044707938839608441
-0.60362045409329479
-0.4111845149964114
-0.25495004885390088
-0.8751729927371843
0.38865152406678438
0.58776325459030565
-0.70956631078002674
0.88478884019923953
0.054693620207501334
0.46277134328681391
-0.6971267760921035
-0.67847001792276973
-0.23171683761718026
0.42928032273258693
-0.86930022544258501
0.24502147367134292
0.41619361867541327
0.4875486233698309
0.76751495856696328
-0.097458274958925367
-0.55857650295714456
-0.82370757856547461
0.93798853445849451
0.31144621660330385
0.15224573356220433
-0.64333649479373511
-0.76526754219557069
-0.021994165782334135
-0.20395080658175554
0.97892665038717364
-0.010328681251716328
-0.8044783164078646
0.27728118257758361
-0.52529019048326464
0.91364796561365591
0.026427504871675663
-0.40564637545069415
0.039892241929376911
-0.91731371860733946
0.39616177338130804
0.55484937846680626
0.43777999622256125
-0.70745377384135377
0.0099368644178190867
-0.30071549065683018
0.95366212696350883
-0.23240564182463086
0.11552583072624889
0.96573360720391799
-0.84471659586904335
0.29361656134465786
0.44748540486540334
-0.72141222319949472
-0.59741503229043802
0.35022804486759412
0.21160720134029551
-0.63227241726231775
0.74528785224917826
-0.69064867183528911
-0.4085296615936882
-0.59674779236315378
0.19259760972812714
-0.89985919472165166
-0.39135609156101381
-0.077133017192205486
0.48868422108992521
-0.86904443483435301
-0.95615193512620633
0.2809703565055649
0.082638584931899906
0.68971289963777205
-0.36900122403450009
-0.62300418356083065
0.31012704311578049
-0.74914094807434761
0.5853281618430215
-0.26732750731009197
-0.41852478774506824
-0.86797062500888722
0.0050651111067201004
0.82145330458121846
0.57025328849737666
-0.1868770389062096
0.78717367629751722
-0.58773682518104864
-0.11879903239440326
-0.81847824577815198
0.56212111781187557
0.74311029720025956
0.66914351807892325
-0.0058342444158318765
-0.9368565363502227
-0.26940432048165597
-0.22298238137503401
-0.47163018811113205
-0.8786855680892427
0.074004311319970748
0.1308736442471494
-0.098329249573069016
0.98651074394548177
0.15811561547607167
-0.27803493612818619
-0.94746821922153068
0.53265571489567842
-0.32752229214638873
-0.78038902961032797
0.46656823357828348
-0.69828412422176755
-0.54287509178030946
-0.92495119109116186
-0.37897383295538029
-0.029053881567675618
-0.9859862408674861
-0.16628938887996969
0.013378040436845024
0.42158723500079409
0.050019286610790373
-0.90540724221276958
0.9859859486889293
0.16629110648724202
-0.013378224517504162
0.84543297144306329
0.40970258421999334
-0.34261769259688252
0.47981616532197602
-0.27221636612662986
0.83407115854016123
0.34074014185820994
0.89221865787930732
-0.29638154844472792
0.81011356053615324
-0.3882918355716013
-0.43925558558073308
0.03168703541512724
0.99870650655250492
-0.039764878426720725
-0.33261471073842597
-0.59251054019538285
-0.73368843111893822
0.43840901847619951
0.095021217505366698
0.89373849684487294
-0.2331566905138315
-0.67287927065696507
0.7020480359553668
0.63709911328317281
0.38009936595452609
0.67054395221697594
0.27787384871161469
0.21076247147007868
-0.93721145149961704
-0.64781912507941319
0.43468422221418163
-0.62560371493413913
0.20910771846148096
0.71051059149773499
-0.67189929412775307
-0.56402163127799176
0.81549600692060797
-0.12979161046483989
0.88969441698283303
-0.39114954828758824
-0.23546947841279225
0.18144536366954117
0.97245916149124312
0.14628998337061988
0.74539372351960786
-0.39821503184906409
0.53461480090530922
0.58585121174596899
0.80812269035825768
0.060959617977077898
-0.94522614987063247
0.17652703245056617
0.2745646233857113
-0.58777694359320387
0.25192782379977346
0.76879817649090576
-0.51806033959967945
-0.83473965349968138
-0.18660974092768207
-0.97636335729367785
0.16301257742341269
-0.14192073187520518
0.48036654789185645
-0.75530886953504561
0.4458211426885812
-0.52318621784981567
0.14097357523782988
-0.84047762167512174
0.44612026491237838
0.75018472523418944
0.48805695083649125
-0.3717135265375654
-0.86071253981110907
-0.34785482316753441
0.12868361985622553
-0.99162074572344383
0.011350005796453351
0.68618570290202707
-0.22847526794251868
0.69061438811499232
0.034908643177291934
-0.81587150553255716
-0.57717854524536794
-0.49967073448764543
0.35598903166831919
-0.78968409280447682
-0.45934965148713741
0.55608496640359928
-0.69265244373968193
0.083137188309582513
0.31872222407561468
0.94419508143194142
-0.39541054528913994
0.73175455389123867
-0.55514482212624405
-0.58758803591181219
-0.77392340789334413
0.23618395112295731
-0.90894378013155497
-0.11909740811269097
-0.39954600728952211
0.83911031454098828
-0.18316494413151965
0.51219574702668214
-0.55447478321527699
-0.42544767525180699
0.71522862806322607
0.5019687912552292
0.25214757058181048
-0.82731429049391814
-0.38122350693941653
-0.73410205454683197
-0.56192776338861627
0.35624516832204534
-0.10381711133784594
0.92860722990975197
-0.5472354125425245
-0.58778065049083039
-0.59585846487902572
-0.62442518461518914
0.7742736124542462
0.10292503036355664
-0.5536303819096251
-0.72828829715149512
-0.4038434801489042
0.54588211993645075
-0.11369670321448111
-0.83011190258413037
0.64671537497153353
0.13883643884390623
0.74998911127067114
-0.3158618821730092
0.86210970178305657
0.39622989978250434
0.86346265869629146
0.50021640145341884
0.064929105600831372
-0.88639980839113408
0.32625240881067469
-0.3284124623539631
0.12498307431599272
-0.49186426921649556
-0.86165467085291536
