0.61898914471557687
0.77301473149776323
-0.13892682826480865
0.098932753291112008
-0.85562715342694629
0.5080496871810285
0.57792234486195904
0.38647021578211993
-0.71878128496961902
0.041132946152761009
0.88604842510794102
0.46176430037902633
0.76873655873574454
-0.058773934649730276
0.6368592684957286
-0.43202886768417459
-0.13619720671749025
-0.89151633656926521
-0.83648645232001262
0.52265788640635236
0.16467892658844852
-0.95326598592620637
-0.26120814371840428
0.15183631229492914
0.9933054721858966
0.066527411337951245
0.094436976159890829
-0.27486552898610467
-0.53110069204790722
0.80148674092677474
0.82838034828935536
0.1354412208688168
-0.54354546659646652
0.42887424451700323
-0.8996914798723149
-0.081376430464437224
0.3822006232096038
-0.88185866417424408
0.27613036783195066
-0.41645154525433459
0.81263772029458259
0.40766168082087473
0.62604945804304712
0.54823160582830599
-0.55453059650025061
0.14217577466093836
0.42670528202088898
0.8931453696879561
0.76106595573407865
0.50258157456545771
0.41011019486215988
0.26711473404028413
0.85187510077600936
0.45050919140063289
0.68558593909839416
-0.5998189891019533
0.41253981677322238
0.30840692126133468
-0.39122139923423022
-0.86708188061988467
0.91266616604243189
-0.40361604579145122
0.064300520535071723
0.541019277161366
-0.80337419766520224
-0.24877306981581787
0.40012432073687593
-0.5597558164184937
0.7256541558762819
0.32541770588771779
-0.81756167978205929
0.47507495876620598
0.48583042483003164
-0.67481569817115494
0.55551109062848403
-0.50605526384404764
0.65687638791567604
0.55894676037578528
-0.37467999676550118
0.31434326560990195
-0.87224034038188503
0.59296629497722442
0.6130445494248481
0.52207983435626792
-0.53600325959989403
0.3962889083686445
-0.7454231058950862
0.26521178524313466
0.73813221711901522
-0.62034146969158543
-0.47048986518989816
-0.76012437088732332
-0.44816317066080141
0.67620565955192846
0.17786217110942903
-0.71492024315876079
0.083440525060436463
-0.95061352656105624
-0.29895083525019756
-0.35721818228720853
-0.79339726240267805
0.49286504669671843
0.77819276982239094
0.60282187983578162
-0.17613004907570354
-0.41314194483079369
0.91060174074461986
0.01087212832418206
0.64402330989621526
-0.76361426979533309
-0.046121830788288132
0.16582780689849833
0.75680353716457271
0.63225749864626013
0.23738498439754649
-0.20332498115642061
-0.949898584702766
-0.53497170981725661
0.73525678589207699
-0.4161763189981541
-0.6869242178048498
-0.40435101785033495
-0.60385045612021648
0.6618832902274514
-0.46751789070223759
-0.58595011049663104
0.52547749651135356
-0.8427140804458787
0.11707424686248241
-0.60474750573494485
-0.047477124549372217
-0.79500086600700404
0.49508689627795521
0.51329009597501429
0.70101515141102466
0.4295826106666823
0.18365097210336176
0.88415558645426662
0.86327707430675082
-0.18435566311439242
0.46985708726593584
0.27896453880699545
0.58486774774212402
0.76164854344983512
0.36894550382752295
-0.56056730181899028
-0.7413794678414235
0.063602243833045954
-0.39469185782186283
0.91660956352665679
-0.51861674326033247
0.83123198478759608
0.20022502609843748
-0.765516971123815
0.52376009509872623
0.3737099539798121
0.95585151125383694
-0.27123621083748278
-0.11304338266471217
-0.18077356552029855
0.66810886552864779
-0.72176967365711731
-0.042509544534952731
-0.18128219084521427
0.98251193677521809
-0.55805608786942151
0.58237741631091156
-0.59110908279513319
0.37519786081156786
-0.0053397734000516306
-0.9269293673535538
0.22872457723871722
0.5834808227721453
-0.77925297383077741
0.69186720863189455
-0.69750612848209292
0.18656089180166543
-0.38058789609965793
-0.31563830213137001
0.86920959242869711
-0.85916068898439713
-0.46433435298592279
0.21502678703129099
-0.45691676874358411
0.25432911665203839
0.85237536734933617
-0.82076083975715053
0.52038399560885562
-0.2356950169929348
-0.081294903750791722
0.43919500843432258
0.89470603171685659
-0.26786522645513489
-0.90654267838024605
0.32623395398288807
-0.082224922888067042
0.96005495989631218
0.26745754062008004
0.87839212732354321
0.29176643565967209
-0.3785493596328896
-0.75216396357749682
0.033574267671510727
-0.65812015654112255
0.52390706354142325
-0.40547910341290416
-0.74907148221439479
-0.49825345906073187
0.13626088609758241
-0.85625724023445038
-0.77390781467136827
0.63221408096448795
-0.037041196265980757
-0.16111657946417104
-0.97929603378620012
0.12255907160379149
-0.87918683404071962
-0.29479068432394623
0.37433803344741162
-0.36740759070812884
0.72722105103867685
-0.57979410588264024
-0.16085459585806763
-0.36523483467212609
0.91691292636398281
-0.70697738124047194
0.40064709931101766
-0.58280775923801142
-0.67127933910046367
0.70401983867177587
-0.23181914427719544
0.38736145457098675
0.70063338731380009
0.59921945904137663
0.88016013029936369
-0.32068210101912481
-0.34997304913002497
0.055423810413042118
0.18937354804850404
-0.98033966590096722
0.0074538832478293184
-0.20156840288867478
-0.97944607742409018
0.2154259324040553
0.21804425673861641
0.9518657309469376
0.41887095769649807
-0.7904718751830011
-0.446879553507529
0.29037254021557907
-0.41176849973522212
0.86378845240866498
0.74612549864389965
0.35075959956836594
-0.56591911399424555
-0.059030955225768525
0.77354520963013296
0.63098585957484554
0.32269218311937908
0.9237584349689929
-0.20625253641418759
0.89405758669236235
0.37907301456648895
0.23867274939821562
0.064536269446376096
-0.99188934922495098
0.10950154711257822
-0.76327604304016228
-0.49484992341155154
0.41537120196341737
0.65074028560678199
0.6953566057403473
0.30498569071624831
0.16235024735868811
-0.58014351946974196
0.79817034146843246
-0.18950197293557186
0.8779293820717966
0.43969194028155578
0.14284403431358961
0.98445370275723842
-0.10220806714042062
-0.28261385612580597
0.7544954233634531
0.59233948412148418
0.94976206987362188
-0.12754964389004131
-0.28580255242544095
-0.2592131527305977
-0.83511975903715052
-0.4851634049649618
0.77111243658273299
-0.50054964212368025
-0.39349163385934444
-0.73887873366004142
-0.19007255189625355
-0.64647555403168933
-0.12921423749659763
-0.84666094253665025
0.51620628552074388
-0.82086069410284213
0.20206614263673117
-0.53418816429879146
-0.93734582584049997
0.28034471383189485
-0.20685657883157654
-0.058394659818981225
-0.58272995942130545
-0.81056514734934737
-0.60722481432824171
0.79427049267785932
-0.020307863632174711
-0.26431464894252843
-0.9613065369456375
-0.077637029695716731
0.028696473688168557
0.99607136291440679
0.083775607307261205
0.78232778491194255
-0.28687061407042364
-0.55287293995784559
-0.56953248666984091
-0.28298127526355626
-0.77172167552679161
0.99478390771722003
-0.028671945908432493
-0.097892269688067746
-0.0060463545620327947
0.23888940402523498
0.97102795749709414
0.56562619432341921
0.81297744124884663
0.13832819060366505
-0.84306400664121028
-0.27550672124261327
-0.46188648741461846
0.043634350969341845
0.72766136933826187
-0.68454727739452004
-0.3843795361191335
-0.91280196160756155
0.13800344596504638
-0.94313053590354468
-0.14193880236638334
-0.30059635498303933
0.48532921917329719
-0.02917988283208232
0.87384442748955238
0.28432658951082218
-0.0048037875051989897
0.95871545002818714
-0.34820040855958573
-0.89525304114648396
-0.27799004981637276
-0.5960825251332218
-0.59578844433570044
-0.53825807270012027
0.24997180249812728
-0.71766656471698609
0.64997599943625406
-0.65635942346293863
0.21769341421464333
-0.72235855683930972
0.89787152568609685
0.39896926894114404
-0.18614576493353285
-0.58128127457868028
-0.67007118686158684
0.46164562638683093
-0.7022190274591672
-0.65820959208109164
0.27138270093494204
0.72279874302791169
-0.29813382970023716
0.6234406119796343
0.068725905060936121
0.85566759020820249
-0.5129422238818353
0.45994728637800908
0.88719587300829539
-0.036496255568954541
-0.49053447772851733
0.84507886865449311
-0.2126443789834401
-0.23274834345523418
0.24125493668080847
0.94213813432319116
-0.97411498090581061
-0.21191330786592988
-0.078694052660869193
-0.42926674943270393
-0.64564058541430758
0.63156812166016596
-0.12171723360925459
0.92449449708567721
-0.3612406952446125
-0.13791702192929922
-0.94471599100830883
-0.2974736818532725
0.017041238608572797
-0.73381619524864317
0.67913429288874161
0.95736616852546652
0.28498363720927633
0.047268868040600168
0.39859093627733261
-0.22716754874152972
0.8885494754465415
-0.30341844194017387
0.42878861136455032
0.85092747978582639
0.4699725190613066
0.71809007102753453
-0.51329570543580472
0.060766671345074436
0.61591640421363592
0.78546444520053538
0.10259139601574725
0.94323097825243696
-0.31589607013777682
0.61726108008520819
-0.17112243746016692
0.76792308886354865
-0.20989999057008088
-0.70786231819614287
0.67444268284018216
0.78133749985012146
0.49399371825141619
-0.38142091926912142
0.28240552847145445
0.19981141960529902
-0.9382550368018675
-0.98434827756987286
0.17572865269956467
-0.013338255718813306
-0.93572456668951698
0.32538983149494421
0.13616531442848287
-0.046389480286486977
0.37491306908491606
-0.92589859420353293
-0.99617437153740029
-0.045832913690076749
0.074404069208233156
0.65008299469869679
-0.23023940271674564
-0.72414219421340875
-0.76292694422651908
-0.30373343830979133
0.57069122669417116
-0.3189372216327776
0.042817040692116511
-0.9468081905452308
-0.84355878372713688
0.36634596037461414
-0.39268207969551544
0.18974859795851015
-0.97641899948737609
-0.1029631342415863
0.085337680905953742
-0.40306375013402079
-0.91118444540361487
-0.60594046061369933
-0.2910020844028734
0.74037419259752757
-0.31018973660483518
0.92139819616284524
0.23411042568172433
-0.50157245114070437
-0.12463329285331723
0.85609089387123205
0.80113422469442697
-0.59834555898937336
0.012905272602848766
0.7972428470498284
-0.40810605903905706
0.44480702265532351
0.17074584473196058
-0.93592342712548915
0.30804739093920014
0.29057663813301343
-0.95261082653134632
0.089987946673878924
-0.36260427477991269
-0.35198729748784879
-0.8629154549076834
0.18885058160156659
-0.85989659392351703
-0.4742502562861553
-0.77940348256855041
-0.47887992321869038
-0.40398543352214661
0.3852049844195084
0.89091329889245752
0.24060468373438829
0.98062148882170908
-0.17331952660746949
0.091333659499976336
0.87890612263193224
0.05463321821404888
0.47385571545321581
-0.21939239576474084
-0.17960834281647331
-0.95896184484646085
0.27665221773897725
0.95861589276403325
0.067224404499562865
-0.52018141494327652
0.44307900821325308
0.73013169225035757
0.31856686834947723
-0.90529427602246726
-0.28099363727843363
0.15816512850104397
-0.58676216327525854
-0.79416242411410209
0.82155703914786327
-0.51723924545608557
0.2398074110335531
-0.90633917689988874
-0.42240878951037308
-0.010959514624916785
-0.060208644770083967
-0.56847526097293577
0.82049423931963261
0.95417710210922713
-0.069037443466042875
0.2911698631557027
0.28887558140456238
0.85520470009727212
-0.43032060071499151
-0.040958034281065162
-0.99482270702699993
-0.093006564345227277
-0.47793033524097894
-0.46695517494550365
0.74399963659134916
-0.94754025450733048
-0.087784055867790492
0.30734577534689456
0.97066988949841282
0.18922783762578382
-0.14829966651550186
-0.81246705056059132
-0.55741745267046239
-0.17083054531244288
-0.67819467733863836
-0.65554806274526256
-0.33212756142854749
-0.90062870195362699
-0.36074169382314852
-0.24234968858022285
0.68725426753935959
0.40891094255415461
0.60039438105999221
-0.69824451664719556
0.69496564411833495
0.17168968654905301
-0.33648679064827675
0.85549066725830381
-0.39358907245141478
0.49170914412860983
0.19662219277676299
-0.84826990450443751
0.43811464077025725
0.57667762591964611
-0.68956397622441756
-0.47697488742013411
-0.87730395214179513
-0.053223418970763443
0.86696934619341481
-0.093059263960373589
-0.48959588044847402
0.74464206639077379
-0.041118742917224692
-0.66619624882025974
0.47770864510026495
0.77968979757921664
0.40481881125677588
-0.89170445634383388
0.11358534975046476
0.43813414710407173
0.0044476013133340139
0.56519510187740607
-0.8249452804012799
-0.19876190449311185
0.97893147520921109
0.046764005035803496
0.14990030878485694
-0.0064460240824257189
-0.98868010306657494
0.17389965353613948
0.39712811933679426
-0.90113715234254521
0.91333133867081062
-0.30149056674204172
0.27373217561577901
0.86640775020326499
-0.47002957332304823
-0.16855210051930586
0.73235999569658916
-0.64707400681841432
-0.21200015661139232
0.50704451782668603
-0.62829259649970481
-0.59004598983940437
0.870172083396207
0.49267051639492554
0.0087354194554155919
0.72093972562174802
0.69215207659646427
0.034225938754705101
-0.78745427482543717
-0.61287611719065871
0.065563938536720365
-0.49343507540306997
-0.49016865282016397
-0.71850992905765199
-0.77148878459497394
0.095719086061400643
0.62900151971814833
0.94479637623425172
0.1653522505267653
0.28287530945694117
-0.987400066798089
0.016659554173409755
-0.15736444116086856
0.45918681238737952
-0.21053475883369102
-0.86303104616946247
-0.038582594913933628
-0.86783957389330912
-0.4953441807010423
0.36206151013389609
0.39116238982367912
0.84611077742042184
-0.36655981892480155
0.59395912530577466
0.71613298807959958
-0.16364815794223994
-0.72943084326821162
-0.66419118128076449
-0.65984441956133322
0.49620201029219524
0.56425960953780063
-0.38212896078341785
-0.67406115039556858
-0.63215427140689928
-0.13967768330364752
-0.38854379109161713
-0.91078200860089453
-0.68099328962283057
-0.72689221324512299
-0.088745984767098177
-0.38587601343269101
0.55802343015932787
-0.73464927254473711
-0.9664644671045961
0.12170198060992488
0.22613062981350071
-0.78445212964554512
0.31257813223756492
0.53565825629914832
-0.60529597042435634
-0.78755332155878877
0.11565705291834021
-0.54433676795480745
-0.80229483393031231
-0.24499078044131942
-0.28922382548362879
0.93992699170220484
-0.18134726091744233
-0.65052130194429847
0.2708668599325838
0.70954434668099275
-0.27637396043339441
-0.54858110708627561
-0.78909834807985535
0.3843019128822836
0.40000509644298105
-0.83205045674806233
-0.70592991784492021
0.56864450939950217
-0.42226339294481091
-0.15486454978877312
0.816837682958377
-0.55569161494295627
0.48363790223929687
0.81957620302679601
-0.30722829776853594
0.62244849598282692
-0.66646637163168265
-0.41034186397785022
-0.90001417768497027
0.43289250064523233
-0.050779551506137811
-0.14811245412698815
0.039300547627841603
0.98818933807678389
0.54670826648762261
-0.75860149330180138
0.35444865032099587
-0.075722805039994068
0.98648526834766093
-0.14530269140631349
0.18139112100972629
-0.20713769622835018
0.96134865476581721
-0.59293491566300938
0.071851157751613146
0.80203840114888059
0.8443284112662035
0.29324237212141802
0.44846231181816426
0.7951920507813578
0.57252853944289239
0.19970146193137156
-0.4973487090978142
-0.81012029999823632
0.31040193473866312
0.059413940638554416
-0.74768614992922433
-0.6613889966289217
-0.8507487790750925
-0.10074449044234704
0.51582658185455266
-0.047197596493598087
-0.94485717773080546
0.32406372918888093
0.64713831852041326
0.67293526720384467
-0.35828776542866009
0.75882705096240488
0.18889694400203247
0.62329724151033505
0.15738183321256113
0.94956708931320244
0.27120711913205026
-0.92881549323198709
0.11725303609323157
-0.35150178528585013
-0.26940975643539572
-0.14603090055668611
0.9518893629093792
-0.19319434514477943
0.21750962530025969
-0.95674735845249159
-0.15588949759696505
0.61859090020920426
0.77009334675565921
-0.089373431399960929
0.0087014129028971047
-0.9959601775037441
-0.63562382045540899
-0.49421257974378874
0.59307359146454952
-0.37888253266987526
0.055396808721074838
0.92378526726787635
0.52267192539026253
-0.3766310545246116
0.76482880906547623
0.28216122490169299
-0.72847415138120242
-0.62426793440910733
0.57648359933349091
-0.015775505478296092
-0.81695642057970719
-0.87046666142096851
-0.046791944380916634
-0.48999827070683238
-0.87957948887494086
0.32888417907464373
0.3437660825399963
-0.70549889078866335
-0.10258863631931972
0.70124666615543207
0.93667900922849467
0.083804437272787441
-0.34001360261630298
0.072261644246354007
0.019544270333666323
0.99719420188243069
0.62001625287730022
-0.50003042386875063
0.6046068320600001
0.57529759401789926
0.30283361596015651
0.75981871480091423
-0.22346303018584715
0.47462154182070398
-0.85135108279716021
-0.61735734821339738
0.69131760283272081
0.37543291893564978
0.63747187539227046
0.08170418734398692
0.76612925401287235
