0.53334376491662638
0.079877394482329125
0.84211877444649874
-0.95132453123113936
-0.20599821600584448
-0.22922995284269082
-0.95272761601329958
0.0069413907570210391
-0.3037464514689403
-0.017707199055476068
-0.017993447298248831
-0.99968129469143063
-0.72084155508702052
0.69156466278709972
0.046106069490807547
-0.37151330602178573
0.27141173557573617
0.88787022319735998
-0.087572053712628259
0.79375978366789557
-0.60189412793285191
-0.2785531486907884
0.69402401204302155
-0.66388162654358462
0.10001077881960924
-0.78539221195389752
0.61086571152918656
-0.94535184812246287
0.32557482644557473
-0.017632800015244147
0.16534435416865323
-0.36871502176695375
-0.9147187968266236
-0.91598941371491349
-0.078155890167018627
0.39351626496805664
0.98960132769114972
0.077603435659315767
-0.1211070559702614
0.21984111552698815
0.97075301990425977
-0.096480351733445754
-0.77962941253691831
0.3401121371917375
-0.52583430207833393
-0.6018378462864945
0.78698831202769703
-0.13579618370569158
0.37261584299609329
-0.032804332833525421
-0.92740568754761155
0.82438617441292883
-0.5401299975807804
-0.16925430910379283
0.61647325848937384
-0.51985344794424448
0.59136546587366279
-0.49964222621892634
-0.62606715301761862
-0.59866314876682425
-0.4326151765294346
0.6398966006880884
0.63511924035116063
0.1480080822017053
0.83536974980971235
0.52938737112423795
0.96962082020997431
-0.14293273906135348
-0.19850868273139979
-0.60409279656441184
0.49750319127921822
0.62254515322664083
-0.23733095662537973
0.2954590557462779
-0.92540691774202766
0.76238999661804641
-0.19893273060860778
0.61578182966805561
0.61597366150385557
-0.33666105377364247
0.71220487446068093
-0.99662156298631366
-0.041482697072930542
-0.070884737668081663
0.23649379499563095
-0.90013122632185416
-0.36583392451887126
-0.15199748682725422
0.77849079343494476
0.60897360249458155
-0.79976418687892037
-0.083101800031199158
0.59453455426701141
0.33592771887644907
0.59623362565862625
-0.7291488403093257
0.17967860707963929
0.094054164537364801
-0.9792187765209055
0.79178370004145393
-0.16453173354720049
-0.58822434581086303
-0.27476749413761548
0.83780615673094816
-0.47178773607317648
0.62859006989646804
-0.50049533747551289
-0.59529735527115013
-0.051671110391863888
0.88962380914693862
0.45376158337805889
-0.29500091364430114
-0.79494285438246404
0.53013236009065545
-0.77276463616639191
-0.56270554376094284
-0.29359374671699967
0.71410028654325131
0.00062695136400149349
0.70004313273600027
0.43715889034308275
-0.61682754287536601
-0.65453486304729636
0.67789127516743675
0.56748703569818193
0.46735627027606763
-0.078931336619895404
0.62533131306621559
-0.77635725861118832
-0.86720941265119944
0.086263820105788647
-0.49041450625967176
-0.54006382259194607
-0.48929756425613646
0.68477657753488264
0.31172619917645772
-0.80913215526610238
0.49812842928448814
-0.71154287629392488
0.11718804107727211
0.692801341095584
-0.58459170275891836
-0.43210204828573961
-0.68668796475014504
0.93663814160869385
0.29482658035409748
0.18917261747018588
-0.24370462685745589
0.62832400398983979
0.73879428859354612
-0.05086958576329953
0.42920040576420637
-0.90177563558576546
-0.89671010719351119
0.26187947104044529
-0.35683347139047705
0.78684751773483308
-0.36528213253124303
-0.49743335984628029
-0.25924617832518748
0.51125866142153542
-0.81939367836543919
0.57679048955894974
0.73231693896156369
0.36197324771909956
-0.69908922285249453
-0.4824132927960913
0.52777994791875893
0.73337693222898159
0.64268714986016029
0.22161115197352224
0.662320866534856
-0.70622624353596897
-0.25015107973700917
0.16944113550194695
0.93640162157215834
-0.30731369106638096
0.11112596004849461
0.85535125710599291
-0.50598937535337463
-0.29318118630762574
0.076990451986256786
0.95295186777622998
0.049703546253330649
0.96059071094877002
0.27348682514662287
-0.85271717186475338
0.33467760985176692
0.40107894767849039
-0.32229752226876879
-0.94188033792789616
-0.094793122979701328
0.53758364578445617
-0.1563574557636796
-0.82858685109782027
0.48780337501107229
-0.41356619446217913
-0.76877231357917564
0.40672080531933669
0.89132547259296335
-0.20029250716719449
0.57891966767841496
-0.14054640067871138
0.80318038299710282
0.58275380259928478
-0.80062564974305461
0.13927158550682711
-0.25760101656412021
-0.90913299797379177
0.32729025078715274
0.53784317010591043
0.50748851327680045
-0.67318655160551699
0.9905976152421091
0.090816667247370197
0.10231665371153846
0.83988228404959975
0.047435434624502532
-0.54069180545076889
-0.96890889133100055
-0.24706861115224843
0.013140079262718873
-0.11212570128681394
-0.98243990124548197
-0.14912970043458126
-0.016912351802381185
0.98250494480952344
-0.18546699377880635
-0.65307778097144131
-0.73025502185280933
-0.20054180377210887
-0.24939100805847558
0.9333670437266407
-0.25812804339042428
-0.6824730338191457
-0.73069228433554068
0.017870190883151494
0.8211680296424988
0.472816647089987
0.31957391215122494
-0.20835229654184115
0.43165445441086903
0.87764671281387241
-0.033722906231514131
-0.23433845454532662
-0.97156999455345894
-0.42878722501093774
0.37117178304615744
-0.82363403471308516
0.35275490191892023
-0.92038750850085049
-0.16867368902045643
0.17666029501792865
-0.034356029772967277
0.98367210155743323
0.55413405439303975
0.31005009297825736
-0.77253115769275327
0.10933867848060413
-0.97474957634139003
-0.19470058246034017
0.47259869337506483
-0.81998858160398558
-0.32290741871202866
0.96480130238788597
-0.10582324888202119
0.24074859689454597
0.69031884206117533
-0.028353295067422766
-0.72294950512061185
-0.13200833126995185
0.23709235735081963
0.96247650078386537
0.5600406407403149
0.75775896208758398
-0.33489675438129435
-0.46867145555214573
0.82747377174082826
0.30924783561351077
-0.045709936252984473
0.031828523622377869
0.99844756838392257
-0.036755949314066144
-0.73566663038434177
-0.67634577630748183
0.38571308685123179
-0.090512753697179274
0.9181682068389474
-0.73019442704509252
0.52400804150707636
0.43844232362787172
0.47735883212342795
-0.68265124316067705
0.55327734962217545
0.33126130709918278
0.13785035590216171
0.93341481978624508
-0.57894107067963996
0.21247419609003401
-0.78719880124159614
-0.018986968173923372
-0.92970784486383173
-0.36780812693333997
-0.22065857099745734
0.063315707022877005
-0.97329384889125525
-0.57909353552081333
0.30987450837990171
0.75407457600314209
-0.41354508973108811
0.90589163511276916
-0.091328003328770169
-0.85168862354319408
0.12355843770998036
0.50927379767446135
-0.38458207297584546
-0.51602484149870398
-0.76538551861257398
0.87148305262593573
0.27938872979981949
0.40306231112152391
0.17376463844013218
0.55733038853669759
0.81190435917126602
0.42645100825821869
-0.31317044811220562
0.84856573580645422
-0.16868562973061757
-0.58708962961822275
-0.7917518077763529
0.95581273576412717
0.29218119473281479
-0.032437071316624204
-0.7711998025232748
-0.60992472841455647
0.18232578055911691
0.10243817100143929
-0.83894037846438307
-0.53449552150033708
0.81377152445295753
0.13986060881094739
0.56410541221702593
-0.19785230309278368
0.97926831293138472
-0.043451552899760743
-0.51385019741141258
-0.85712148483639261
-0.036065701880178887
0.88541384908330834
-0.35986127427014297
-0.29418052133366923
0.87195383932488746
-0.059137222383432254
0.48600338580647856
-0.11410444036217093
-0.7329168258239257
0.67068107406860478
0.8463809716245223
0.25437056799582436
-0.46790476061845232
-0.88250524604271108
0.42304278843495707
-0.20547333126289197
0.93719932746872059
-0.31496850425358347
0.14984078857386679
-0.77152684734215105
-0.074735163892004408
-0.63179187958402616
0.033678626332530395
0.99886314976966695
0.033736599718607568
0.90207506587578823
-0.15684272331501017
-0.40207080927160516
-0.82110028215050401
-0.46140961186031076
0.33599925109333173
0.71581847854096425
0.19203292449145157
-0.67136224327151406
-0.77588080098634249
0.50532810040812515
-0.37769365046120018
0.10712888899244442
0.70548732050387108
-0.70057907601605751
-0.74154444243294426
0.15888119552857433
-0.65181945782879513
0.38764963439705147
0.51394955039489654
0.76523435665207562
-0.33213793112186951
-0.64518772507126776
0.68805319135038279
-0.04631880624254113
-0.96202685846337666
0.268996081353153
-0.76212994081686747
0.62321537227552937
-0.17538686686850691
-0.66313068689233878
0.70060771682520462
0.26345117047883654
-0.92019626105546959
0.33819765443796268
0.19713241152127858
-0.52945078460449768
0.11381039141322553
0.84067179177610696
-0.66028369158067679
-0.64684472285670647
0.38159841606723693
-0.44816394989684283
-0.30163053227652964
-0.84152724020761072
-0.070058085778649901
0.9162567619753591
-0.39441781241655599
0.54201112938196927
-0.76206805539731648
0.35422621948274075
-0.69571351833238537
-0.51366511237074952
-0.50212633145725294
0.17968532668456991
-0.96105303246875651
0.20997678956700652
0.68820929910811235
-0.60324549340669908
0.40306678764893189
-0.34849539324454692
-0.26962458317126148
0.89769345827907876
0.7321592817095347
0.63677615495304429
-0.24178278410547527
0.35379895567908592
-0.78140043065514897
-0.51404247483290311
0.83736444605132376
-0.46445955024400493
0.28826742909370834
-0.81238194901248151
0.53394974030251863
0.23437841997409845
0.93672408230251747
-0.34138622727925377
-0.077481852446520214
0.77005074301394338
-0.39234163352792734
0.50308040687777844
0.18124267546464451
-0.14296051819376832
-0.97299197469875709
-0.5516488564738693
0.82915552351570798
0.090469094029202654
0.56675036498487941
-0.67739471726000156
-0.46896739845936908
0.7568095986344302
0.65348084822272612
-0.014213107362529382
-0.75650789441396826
-0.30649587972344866
-0.57771626375054863
0.88788507317507415
-0.25559374739542345
0.38253357123951598
0.0016668778735806928
-0.99906080089236227
0.043298240593197229
-0.51119860329626776
-0.6616760128003828
0.54850783228002553
-0.042935796755024042
-0.43898426366088511
-0.89746829114744864
0.24229062675366952
0.96156510476885293
0.12918127371325369
-0.084843498703145434
-0.87072515057618338
0.48439580188301795
-0.56631917766427575
0.68286777341136451
0.46149127082303953
0.60060473026807348
0.79138587589970322
-0.11394013079716066
-0.41059366293751443
0.13586416767329226
-0.90163949109275277
0.36931514660230352
-0.88120692412707047
0.29509435670752249
-0.70439194655837001
-0.29130358473212048
0.64728216964931662
0.38652540321213286
0.78957846346479865
0.47661720772991983
-0.53884966507566245
-0.290952339820645
0.79056168285639705
0.28290388494925656
-0.66868924894946369
0.68761913892795334
0.2949639232297922
-0.51495418728689746
-0.80487170964606536
0.28922200769479139
0.75505759164201847
-0.58842048194190932
-0.85339023689689752
0.52104060557064291
0.015549627507916171
-0.64185607469955397
-0.087706615699799803
0.76179283859443581
-0.8798024649777223
-0.1550990045750745
-0.44932384913216528
0.40668680311451216
-0.91035356997568029
0.0765651474564773
-0.28638119012387386
-0.70508135939154037
-0.64872651447417418
-0.8930454994695981
-0.43914993850252049
0.098066647695985804
-0.98242051130292107
-0.074269682745559715
0.17127157731562243
-0.45021780934794187
0.83636102418275782
-0.3127365686546883
0.54578121604208374
0.091927382290360099
-0.83286987014831226
-0.351511373650369
-0.46860386804002663
0.81046293502686229
0.44618347113862605
-0.51364616749685688
0.73286282802341485
-0.84990334960762004
-0.36965377935568516
-0.37552680294994417
-0.43844206850991824
-0.086134655947701241
-0.89462247546410056
0.11199562701336148
0.19185037867823304
0.97501303156978492
0.054808297029457137
-0.42777356991459398
0.90222271278174704
-0.9277737326863813
-0.27420252859193389
0.25307879059883454
-0.46260715208722269
0.72023730033675082
-0.51696504141129129
-0.44746665859720364
-0.077997084202663811
0.89089283547446729
-0.83771794994947291
-0.280191323419891
0.46874455582189151
0.54901843837468889
-0.83066470811464421
-0.092600739831985149
-0.14942191868019505
-0.35911908244446233
0.92125272039879302
0.81696610283783266
0.45014735943547346
-0.36046323197690261
-0.62784810624521326
-0.2173401687937776
-0.74737541203400037
0.36739163273861275
0.20208539271575554
-0.90784628778476317
0.36172455717082913
-0.27387395154497646
-0.89115004539342724
-0.59179053438544971
-0.77856486678194414
0.20885571963582253
-0.41661674845990049
0.46618927185959763
0.7804473382014433
0.60669390772772713
0.78650978418056594
0.11543336482273979
0.92771885196645976
0.27465418665894425
-0.25279005015377454
-0.59167707829111638
-0.69519046477214719
-0.40820148543920576
0.35392415936277072
0.84408515356299041
-0.40281254071081141
0.22611578912714012
-0.26459069019713827
0.93747715522481534
0.86710709539435038
0.47849235561355952
-0.13845703570479834
-0.35482027908693053
0.92545600693038033
0.13279212621668671
0.25565806070153629
-0.48187865885521552
0.83811211310792333
-0.24693287224548144
0.90257666884840571
0.35267479844059196
-0.048285710557372782
0.57965445427156748
0.81343051565521007
-0.24241768052473717
-0.15804817942488908
-0.95721180579299414
0.21576447048547423
-0.97643593896966496
-0.004307013414365588
0.21866278993447383
-0.70558203849860568
-0.67404789981589897
0.86856042813272216
0.48730431626888565
0.090206906762267863
-0.38707136484905874
-0.79412634183119224
-0.4685500098428077
0.015212434597472414
-0.20116669262002837
0.97943889223061609
-0.34645817295458486
0.7898529329268883
0.50606232693193376
0.16423980506180888
0.32232415905698453
-0.93227271917688703
0.36071642086665284
0.41114135872740032
-0.83716572245938203
0.2827443436688809
0.6952064425356308
0.66086582479366152
-0.20947381554587421
-0.97301634269332005
0.096746666363078937
-0.97130182430155121
0.1714327713208485
-0.16487440985711568
-0.45659757415942581
0.56004993073300491
-0.69127616070401565
0.030141722764805388
0.39422843196095753
0.91851805642696771
0.65433662686545602
-0.29342310860894866
-0.69695513347460036
-0.20040307766942675
-0.12420276092038006
0.97180876752598622
0.08181581945490228
-0.59075314132525947
-0.80269352663470572
-0.62809723250180793
0.69611869385740777
-0.34772493523736037
0.93950586732434327
0.088965513284210915
0.33077766355848526
0.24399899464656222
0.90479273377504343
0.34901948300825608
-0.45892307449718628
-0.80326918236665201
0.37966858225834305
0.7338688946678007
-0.65094427055522697
0.19418548367574784
-0.74178525513234395
0.31985715460906067
0.58944553260978971
0.14345077686205093
0.52723341561404158
-0.83752420865168153
-0.40869169283280649
-0.89923034241345134
0.15606374176099314
0.58179859305675696
0.44715731736009429
0.67938260991027877
0.047992434375894677
0.72665297973625043
0.68532632612727207
0.46881038176133388
0.30246795226046985
0.82989756223774414
-0.14143645179179001
0.97409037889059513
0.17647567497342354
0.99186755997138643
-0.12603938831099765
0.017686607096835678
-0.25006539300876901
-0.37233416723829749
-0.89377545677106918
0.74344843593238996
-0.5477751755870317
-0.38370142053461254
-0.13934677208574037
-0.56084139699722491
0.81611237248523927
0.74422114912743187
0.3730227901655645
0.55406577155473336
0.49097883554457183
0.68300378608625867
-0.54078240655473653
-0.90296641730009686
-0.40294926808586728
-0.14927671143648297
-0.46418470634732939
-0.84593884972790012
-0.26252622900251527
0.25916286628720031
0.35845380066669152
0.89685309918927447
0.074780750055169681
-0.62502627106153952
0.77701351333428748
0.85657390438803238
-0.51302062188661424
0.055596653141294507
-0.98837066599741363
0.12884839595023659
0.080755912829215057
0.65822269987689241
0.22775243630957853
0.71754561187552812
-0.81215615244152972
-0.57956850626740819
-0.067102388886953759
-0.25028922067819892
-0.91358307104532099
-0.32050160422640633
0.93904497658674957
0.062427780883562919
-0.33807884305461156
-0.63056702954459554
0.56350976216084769
-0.53370588267390318
0.43773030093868942
0.86494523256955391
0.24548305093290024
0.70953975360809673
0.39683028958309241
-0.58230495388512737
0.6687973088891731
0.5828178710250832
-0.46155551002711415
0.49994339643864288
0.63584379263960933
0.5880129860122747
0.72178794697076265
-0.69149943139200232
-0.029166693200789091
0.12989914187338236
-0.90082515125368645
0.41429489474205672
-0.029812325977594215
0.21048758417592378
-0.97714185363619999
-0.61421866456784846
-0.0027196231164898677
-0.78913119045352209
0.43110965999756995
0.90211808049110165
0.018095024394283912
-0.62317224530492576
0.39560790124088274
-0.67464860568847362
-0.94396699116132909
0.13025658795728176
0.30324831556260023
-0.1557768645287825
-0.84034567237466862
-0.5191846679157115
