0.89317582228060499
-0.4190174288554564
-0.16328302057693495
0.54957457866048842
-0.33411543674762612
0.76572492281307503
-0.16259567158469065
0.56134566226857496
-0.8114515974684986
0.47165495577979705
0.66865087904215292
-0.57484572247213772
0.38036106033088646
-0.87133910454802832
-0.30998972348999604
-0.074164992004538563
0.97535489392038366
0.20780371716243246
0.34554590354844
0.91329226372098726
0.21562761782361445
-0.32246790847119722
0.65437151146603245
-0.6839681081657768
-0.343792138988402
0.81007524388839358
0.47495796067540447
0.87455530531566728
0.074382663551396305
0.47918705878520962
0.69484670190755515
0.68678901712913476
0.21332816691424084
0.75945114955738613
0.21928333492047816
-0.61249389422435729
-0.58840733141496349
0.80241737149935055
-0.099514693654729328
-0.13114392214116047
0.9021484483519967
0.41101027824315778
0.52825593905006285
0.10257820363220294
-0.84286616671801851
-0.51162753346473577
0.54719554473733578
-0.66243060226743822
-0.46180726184950244
-0.75581895991898929
-0.46418935008253093
0.99235181659008453
-0.05006588081455382
-0.11283297252408948
-0.84600437212845203
-0.27578488639212945
-0.45631052889148177
-0.12885107200564289
-0.75922066140155542
-0.63795092957372623
-0.92629760670947459
0.20671649939447426
0.31502544767430091
-0.59232746858172725
0.10399111534020092
-0.79895808268886293
-0.24923174196189363
0.90880216497524369
-0.33460747710556349
0.70172752052108289
0.71241529791212399
-0.0065521175289369816
0.035944655014156918
-0.96454475155991259
0.26146013848030364
0.80901072253588513
-0.51623021130208369
0.28108365260358198
-0.72183059776770009
-0.26395520893752922
0.63975638785483802
0.024383002556474326
-0.20545339661842121
0.97836310795342474
0.14326169647147086
-0.7440275287450181
0.65260947188475393
-0.80304117943828379
0.53116205587246812
-0.27016982534639772
0.82549010743099438
-0.41888202281053716
-0.37829080546547528
0.44612289536993016
0.51639353242291375
-0.73096653952047308
0.41453842440444794
0.23634973478102561
0.87880412923541529
0.93949857154832961
-0.021128389368937694
-0.34190060722572962
-0.1997212009517268
-0.52097800387152815
0.8298755095629935
0.95756508365832105
0.11969243011504412
0.26218854424171167
-0.59895339095202638
-0.12489037223662058
-0.79098497481916008
0.36620337279430992
-0.060994722050092584
-0.92853364701345298
0.6620827655343704
-0.59044404575040377
-0.46154332453222124
-0.52643048738052234
0.5393453251549305
0.65724999976403797
0.19849293430305279
0.57186616240029053
0.79597088347082678
-0.41160830700634604
-0.47641102187807532
-0.77692415320702801
0.22213855109042327
0.75578620587472978
0.6159883725598464
0.56193973322858071
-0.12731943409664404
-0.8173209271273445
0.93454512910488241
0.35401883772797221
-0.03600089165665904
0.8689266099120021
0.28671492397796228
0.40343661082646776
-0.17169323194286373
-0.29883700573891198
0.93873205873988108
-0.014800616521067058
0.99984049220647198
-0.0099965941658238886
0.010348591997380096
-0.86846314416539194
-0.49564571406402125
0.17271679834449188
0.30750311328414448
-0.93574074555412345
0.64375237885172076
0.61455872988384075
-0.45596100956804519
-0.25576262914561981
0.96378953496695863
0.075466613947452188
0.5948311145222962
0.13046635620666355
0.79319258386240543
0.21722188491169919
-0.098799556221467646
0.97110931434409054
0.73402903264933927
0.43063002879524814
0.52512775353020436
-0.64838882885453908
-0.63503528542980436
-0.41990726699561437
-0.63345429290751643
-0.47822931024387788
0.60830287326356058
-0.68845684543376029
-0.6940881383893116
0.21040158773796239
-0.17847747899509078
-0.95895746408801508
0.22033241150915595
0.20348603962595527
-0.34083935975010776
0.91783547682712774
0.27121612323276639
0.67385687132676464
-0.68728358882217822
0.051885740213609748
0.85056548999720671
0.523303179035153
0.5259358180573126
0.84014935935338364
-0.13244081418688172
0.59771127198098817
0.28947116033528081
-0.74762803765041841
-0.97256304657911774
0.22444529136082689
-0.061199931492596699
-0.05049136003516351
-0.029654051039478869
-0.99828415785223557
-0.69775751690851795
0.6501868008309295
0.30065191105812133
-0.68603950907673417
-0.59305174794046456
0.42147291283131488
0.54196143359140792
-0.54635890579806523
-0.63856851672681669
0.56543372011577053
-0.091591074058653923
0.81969249313923986
-0.81862856913904403
0.56111786994569324
0.122449997210981
0.16434914223606784
0.98039555406019963
0.10869184433646775
-0.495918912992381
0.70707081092515101
-0.5040985023525707
0.16847094549298319
-0.15859007423626534
-0.9728652161930943
0.0045923305899103119
-0.43875025238451487
0.89859731055255088
-0.36114428574023533
-0.3769596065691696
0.85292218865051939
0.3613562360254598
-0.9275069993929117
0.095668368663156242
0.34460353704117375
0.90149233627162428
-0.26183958811119673
-0.26738262983610606
-0.67894081308822152
0.68377328229833068
-0.15269629184293237
0.77846368314453074
0.60883342260627371
0.25948456526952984
-0.95734103315764829
-0.1271452186262996
-0.57493657207771631
-0.77622240785881125
-0.25870197452936933
-0.95576305867833311
0.10953619182665052
-0.27298131501249734
-0.11094667398617505
-0.93943685981986491
-0.32426720762851857
-0.46735058257016709
-0.87908107975572514
-0.093807719228397299
0.969251779777897
0.15699543712215552
-0.18948197835203845
0.37902018181869779
0.62305223706889967
0.68421459474170876
-0.36306823718785919
-0.88393724588745648
-0.29468016641470601
0.69506994635147668
0.037359009553085645
-0.71797080308614769
-0.36202150690738738
0.2596641956714888
0.8952736643187843
0.75672132446339746
0.23004713584983524
0.61192413940753221
-0.70894553352480794
-0.4418948570670207
-0.54965913600425387
0.011947287027031437
0.4911437348725502
0.87099660965364023
-0.35709994168336501
0.48117967525513722
0.80059087664742834
-0.068520218894040696
0.87698305187551495
-0.47561087700537386
0.83983515452263913
-0.15299292738976172
0.52083594096091923
0.88919374466000967
-0.4496136113705792
0.084747182418151545
-0.84033154286644463
0.44373053090776493
0.31136170927719076
-0.022461112855587519
-0.45371397227638177
-0.8908642600141029
-0.91248182874059258
-0.31927039493392184
-0.25581893428157665
-0.9108780741751773
0.32411662142559317
-0.25543991407487343
-0.24787415424008716
-0.14177266743739497
-0.95836262157256913
-0.98153956559585165
-0.13641767413474354
0.13405334517860223
-0.64610828311159907
0.70656628227733564
-0.28863155621547326
0.24626323015486348
-0.92364230977418804
0.29366529428704286
-0.4592724901590351
0.82753762949807264
-0.32287807535946089
0.14591573052196785
0.065382680771243831
-0.98713408645502976
0.74476496554085381
0.020058070037742997
0.66702535178903954
0.99100330420985649
-0.068302667702956343
0.11509646662607023
-0.86763010815598007
0.16264607877586001
-0.46985556129525469
0.19380975876689052
-0.56605138573522573
-0.80126375564725905
-0.11096753009356609
0.74284137902581648
-0.66020670465541065
0.26584689397513978
-0.8271447422858903
-0.49513331969539176
0.93858438911500308
-0.22730471120486154
-0.25959952383178814
-0.65982281349824456
0.7437687522093086
0.10696680804936039
-0.81357664030585264
0.37533804145505506
-0.44408828512506904
0.93542521460502825
-0.28174492742894536
0.21354030942469601
0.089560343019805352
-0.87775568188445297
0.47066326378604678
0.80631777188908982
0.49667219422422537
0.32119835338978142
-0.97028214092007736
-0.23387806547729137
-0.062077512032546987
-0.42699504033663133
-0.015523129991096252
-0.90412071537112693
-0.20348563483280099
0.34084444347771964
-0.91783367870603638
-0.36561302383436489
0.45205871571703793
-0.81361540935933263
0.15339859381881238
0.90891677800438675
-0.38773594375107345
0.83038958304243959
0.54712528199960864
-0.10539006675893205
0.93763768423634131
-0.097529251851705079
0.33365194159956224
-0.38376149890562572
-0.17021839470499875
0.90760829109355345
-0.23183920202547609
0.099343974338859498
-0.96766800048712498
0.33504455085194412
0.1559604735128291
-0.92920475657740442
0.53836717528580769
0.83748147077155821
0.09373137515841784
-0.75873975195402921
0.64628917350019266
-0.081389759928237992
0.89918481138114037
0.35296365990750245
-0.2586181156960275
-0.38009010735416388
0.042734627456204148
0.9239617210186144
-0.36468751175951908
-0.88085152894383278
0.30183373357522986
0.21542317588273127
0.36691334445788482
0.904968205491954
0.68781754071894119
-0.5581764114139024
0.4640540102406675
-0.084728444580900453
-0.78877779372670831
0.60881087605472972
0.57585229539237848
-0.33995714113124897
-0.74352086459305011
0.50126040541647288
-0.70231927079843348
0.50545588118733942
-0.85646882796484325
-0.15705014044725343
0.49172797369076521
0.026586971576084903
0.69580258638869097
0.71774082628565927
-0.91970477987998078
-0.37887887123628311
0.10292676423863792
0.40846424009143489
0.43949467890954186
0.80000086985998042
-0.6528809291323413
-0.75707826216172946
-0.024062363505409478
0.44652094109113366
-0.83824831574535785
0.31298372212809883
-0.55059739706424882
0.32545820844009876
-0.76871285985407778
-0.75384954422715922
-0.00094476759947627125
-0.65704640025091632
-0.53641711194304664
0.68734389980055
0.48970914369822882
0.85527497842585676
-0.2145333980694753
-0.47167799650971037
0.40413609156793079
0.34273793894812143
-0.84805938748285248
0.056068376384352005
0.63683434857853172
-0.76895926396668113
-0.23646244499287505
-0.36613209195197266
-0.90001822389930741
0.14866614139395234
-0.93150487901955148
-0.33195939324833701
-0.39975411604719507
0.21929109160589902
-0.89000453023881787
0.83774721636911753
0.53517040436231877
0.10849995281320243
0.55982779222561396
-0.8207531972058929
0.11382896084959843
0.21558088479000895
0.14296910218842515
0.96596310381535422
-0.89017589205205172
0.45092376730163519
-0.065227580760249815
0.45580282182158094
0.7300433848478789
0.5091958796566759
0.34479312687094593
-0.66804960649388945
-0.65941445459279635
-0.82207953280594037
0.29992114498133521
0.48397577267323161
-0.34453948503213039
-0.68408296637213351
-0.6429020441508152
0.78564780330108164
0.53171674017550319
-0.31628284396299655
-0.43671307923774721
-0.53604446270597939
0.72245278075798358
0.72954168450258938
-0.18186725861987199
-0.6593126957788823
-0.80028249449514777
-0.49045934813721126
-0.34496022499622436
-0.32380446584706302
-0.79868056169731583
0.50720807196293527
0.80505771900136369
-0.59033922521711801
-0.058152113000081031
0.30453482195361087
-0.81177555804169144
0.49827601345417288
-0.79693179641803802
-0.38875811445038355
0.46234926225409007
0.56941894407330584
0.53792894340525033
0.62160640117147492
-0.16703951836462319
0.60202416065937547
0.78081029020299764
-0.73498820598495462
0.21144881554409897
-0.64426837223940714
-0.1905801484872825
0.97255783488835557
-0.13345585337421259
0.17075429714761622
0.97517762346229386
-0.14096656590857415
-0.18001986069754369
-0.075525110134098072
0.98075930150759694
-0.3291177395082765
-0.94223743466345722
0.062210370998648699
-0.031282483667275596
0.21275320653964347
-0.97660507848500677
-0.58774532031770621
-0.35756305052982607
-0.72574382762820799
-0.028762642656120479
-0.64142448174020872
0.76664681869276752
-0.31404817211407698
0.90787354476385151
0.27773975644427673
-0.56541184418633672
0.10819791147915102
0.81768126944754915
0.83802745786470978
0.00089703995270778525
-0.5456273226151116
-0.29183282073716371
0.80265685223091854
-0.52016880174357238
0.63043869085486026
-0.70926115110335608
0.31542935280146694
-0.43040405617119754
-0.25401620581771267
-0.86615709638226368
-0.85839509850223517
0.074764133753965387
0.5075117527420987
0.67319076647179066
0.70334113003447285
-0.22830997949926274
0.029896151195520151
-0.98755396631241388
-0.15441302977506191
-0.87687906322088505
-0.46925517192222993
-0.10432014239398578
0.40172269694385915
0.01671712401116247
0.9156087660813147
0.71873633321996622
-0.39380752266094987
-0.57300411726719991
-0.87648038861064914
-0.055065008095739137
-0.4782781337928188
0.46983693799304921
-0.87684614732464317
-0.10195138851063219
0.51555161632161228
0.79834921835010397
0.31119938378465867
-0.0099619482237426338
-0.63664768880248845
-0.77109044860511478
-0.017126001563739932
0.96385264076540245
-0.26588491299808498
0.019412943554877934
0.2691673496732766
0.96289774924048877
0.5795684175641671
-0.75963529597963209
-0.29505027785803573
0.35501885479761219
0.93469532779472664
-0.017500198196031484
0.14719858160454902
-0.98689395905228716
0.066127839520970205
0.88936479082468378
0.18746907183044625
-0.41699594236442816
0.71461433414101228
-0.3839607482369396
0.58472258144655853
-0.13677072546133573
-0.89457646387229228
0.42547234803512829
-0.74487962108380334
-0.64013210933356812
-0.18810962945635329
0.0037853959703768687
0.44396788787383529
-0.89603470095426163
0.38677518086295348
-0.27218372173340583
-0.88109079049311456
0.84636720797466103
-0.34268667475513431
0.40771116272484587
0.31758110047569316
0.81009334590190984
-0.49283974631323751
0.23041292332452953
0.50222494367421744
-0.83347464911446068
-0.72153474279599705
0.1687748463999546
0.67149286381985196
0.37158652301716222
-0.4577959366564901
0.80767960002269634
0.50621774871807423
0.78146859184404061
-0.36476078578171867
-0.34738438194862331
0.67172815221581184
0.65429762394410707
-0.52300952159171654
-0.84099279561190954
0.13853576452767974
-0.53681986066275078
-0.76095374798664761
0.36438143561808722
0.17721381426049795
-0.56187991005033233
0.80801375651474916
-0.2173108737318101
-0.5711678193072699
-0.79154488586920635
0.70212010731338959
-0.1941763030002096
0.68507146945366582
-0.986476844544389
0.099811487763611123
0.13000423873151101
-0.74007143956932731
-0.21904864846024799
-0.63585529324015411
0.54193523435513291
-0.53068226942698293
0.65167670717946802
-0.53260387872134796
0.32658493731395921
0.78081712781586265
-0.03797644485870981
-0.25022050772253557
-0.96744379017644733
-0.39854079747899462
0.90897649223601285
-0.12217597680035434
-0.24613093115795415
-0.8434062199903235
-0.47758299049374897
0.12907779622273999
-0.75159417768126724
-0.64687333736822117
-0.55451460706569822
-0.32492334453110139
0.76611903169774975
0.74996726917999168
-0.60536680863987169
-0.26660855604403011
-0.70347885580346248
0.52748560905240205
0.47631547495338378
-0.57644858209093697
-0.10943183249395785
0.80977262626144808
0.65352142150433967
-0.75223449349323779
-0.083982250707630796
-0.17352220053993359
0.15336125543518145
0.97281569233391996
-0.46988847828207941
0.87757923717731856
0.095181408126940051
-0.95492971668956228
-0.10700263039367072
-0.27687483322257328
0.5972380709601085
0.34068248124465844
0.72611440804382277
0.78726960621832531
0.38783089014271271
-0.47936809215461351
0.64810478938424043
0.63146093797514313
0.42569621303079702
-0.51922667634740904
0.80026681707412617
0.29996113091410703
0.34819301088393795
-0.65172739102726762
0.6738048938352772
-0.67822477774174383
0.37788228270584778
0.63025084789643881
0.39230397778379228
-0.226051587819041
0.89162675411828252
0.92425360687867275
0.3332583426753169
0.18626364972550355
-0.99747977274327815
-0.0063801529181671136
-0.070663969721202438
0.9884801436209899
0.14658501464833038
0.037680753012324458
0.10645725056865936
0.7966338779288582
-0.59501371273054759
0.29060872430270424
0.85737401454299245
0.42480156372780359
-0.67601968830895398
0.41518352852218549
-0.60878569190030429
0.022734560531044879
0.030425912813102696
0.99927844147011879
-0.80207337991042205
-0.5949233140379967
0.052388392350969253
0.11094672484696512
0.93943705400367516
0.32426662765481695
-0.67425486845647742
0.57698555145996533
-0.46094256233198722
-0.17635591527360153
0.38572488692326462
0.90560195602485583
0.63288130238830154
0.46309513745902059
-0.62048702705946879
0.39119831949363498
-0.47209398162655769
-0.78999439702907981
-0.53891999563079274
-0.5760071259946854
-0.6146389420730265
-0.82436226002000945
-0.50057852440977435
0.26428773175165604
-0.49738804544337833
-0.66442870411678834
0.55779891483912136
-0.91287838583907177
-0.27322306204656066
0.30331866252136863
0.96650903346007089
-0.25586341312437683
-0.019854522518162145
-0.93087782085238202
0.34116034195071454
0.13067556667255087
0.18583929114382408
-0.36953582211173552
-0.9104433173149028
0.47726031488545839
-0.72998434018423453
-0.48922945017774716
-0.22679216813477673
-0.96426506960850089
-0.13696053448216422
-0.73911444696997997
-0.047084820324148784
0.67193217959501184
0.73485554603897907
-0.66536254577147103
0.13145344856739594
-0.078486459291365829
-0.99640277767891683
0.031959041625867386
-0.94537454836941748
-0.028627426916150705
0.32472670620612709
