0.41317444825165073
-0.20530533328261216
-0.8872071885628855
0.013968040762122751
0.28427387066894055
-0.95864136166356084
0.92073129810030807
-0.1909750185406589
0.34026815747571282
0.14311199390202425
-0.39973897178044349
0.90538815523580862
0.4856504730581257
-0.37333580204644906
0.790420139500983
0.21005388876813127
-0.80331698012340902
-0.5572783803977972
0.93202725628194161
0.3544984850185105
0.075206500165456117
-0.16810868358683861
0.53578641852480591
0.82744932426527584
0.7247714735766243
0.30339515973937703
0.61859331400871642
0.8078143838742361
0.50175201810262748
-0.30932318622409954
0.76669008510312986
0.40316037564245782
-0.49964790094264144
-0.06654612140241753
-0.98756810116032434
0.14241088194687285
-0.8644237458620978
-0.17732952570634555
0.4704527892387308
-0.81189729433592006
0.56099567853306131
-0.16157546879784207
0.22586720005798164
0.95675775764284321
-0.18329921202287366
-0.38064429558339075
0.091039938604683776
-0.9202291289774952
0.37711828160903882
-0.048240086919803631
0.92490793903513191
0.61685367481911613
-0.62164173048704252
-0.48275573821470763
-0.40223878559248416
-0.13805121473225301
-0.90506674973508594
-0.61111409024676799
-0.45956452730671093
0.6444687843047362
-0.68291435375336873
-0.7194383327264563
-0.12663518800631807
0.07547883933965964
-0.91208397824695231
-0.40299598191191816
-0.5484507642033134
-0.46694693577469187
-0.69365864689732448
0.7427912739550866
-0.18208446217977631
-0.64428749170605604
0.88924591845817336
0.44215977151522595
-0.11720252966161894
0.20427484614787253
0.31181122404198591
0.92792539990707301
0.18985697238798305
-0.95986111986502298
-0.20644844539771329
0.92825243751631692
0.25410312854472689
0.27162292301791802
0.002712450273403973
-0.15809336043007877
-0.98742044337832069
-0.92781208572091212
0.34992663539023999
-0.12929069353467348
-0.39655711502983781
-0.91793008479379778
0.012116680637172195
-0.39238611625065939
0.57764957078823842
0.71578915131614562
0.13864594495743038
-0.96813751779920265
0.20853548517329024
-0.75862106310140165
0.49215434207143177
0.42694049491601938
0.41947167585281103
0.0186592115335255
-0.90757663422004275
-0.052211234875710735
-0.50340938625128728
0.86246911642496271
0.31026137357377731
-0.87443169407968357
-0.37297063216431375
-0.27721165644185858
-0.86597539220514519
0.41622147665384357
-0.46007232724502389
0.84634229497981139
-0.26839927986426071
-0.050006487037813893
0.6457697105726693
-0.7618929269661372
-0.0377906975883757
-0.81772423269412242
-0.57436829860342442
-0.18572797824207127
-0.98180761529286587
-0.039483219866779898
-0.57162744960070222
-0.0031881862188895905
-0.8205070958447771
0.93158204850918636
-0.32435101664790389
0.16416852589610165
0.52557407935664491
0.39604087297358564
-0.75294323427648591
-0.20608496754233085
0.70313101283570811
0.68054078859514933
0.98789990268543193
0.12282847038642539
0.094693976242657532
0.68107106718348387
0.71497053133468769
0.15798525490863025
-0.0076805343245142715
-0.36528415958218147
-0.9308643790321065
-0.45324108672853136
-0.61971657780392464
0.64072137508915061
-0.17856551056805592
0.76060974700791806
-0.62416918475051342
-0.27033887026179976
-0.94174759030408584
0.20007091588239714
-0.66002549850904835
-0.54701429055718076
-0.51491912689674535
0.83639119704180231
-0.42401180645408681
0.34736688601322246
-0.50515204282756931
-0.84556692915747278
-0.17273674172663736
0.57041508176852174
0.26331273999808991
0.77800580682004505
0.01138010396931108
0.96705186881526128
-0.2543249422580463
-0.62287797655349775
0.75803486613951054
0.19340674249227843
0.14561943926743018
0.89828671948839389
-0.41457924272473956
0.59744937172968759
-0.086288687251215815
-0.79725059465155845
-0.5886605737582864
0.17088237175389259
0.79011261471155469
-0.84904773423238167
0.41403394465669341
-0.32816739275387707
0.73562715163026526
0.092972756212041471
0.67097597601306047
-0.77904671586390251
-0.41621523156229417
0.4688828164021514
-0.069553447913474134
-0.69218827938777427
0.71835764335151331
0.098218351991778141
-0.69741300164984976
-0.70990721961518732
-0.63218689245267712
-0.72049816668285727
0.28499495577583284
0.54452574490906958
-0.16713133274942749
0.82192385945695901
-0.19935620955178512
-0.038326424175739282
-0.97917730106607659
0.19848727953700626
0.076901972403243979
0.97708182180536407
0.59659468107096092
-0.7967367801542925
-0.096360207903516126
0.27893641435178856
-0.9599233777230719
0.027232070235224812
-0.52321102015870957
0.22639638374239343
-0.82158073602832815
0.53587169010441427
-0.68421696173655833
0.4946601672023247
0.38155258854988827
0.40509922816413163
0.8308503099305582
0.21016154692539335
-0.3058915527091387
-0.92858089694712009
0.81033545580209576
-0.27666034334600181
0.51654187002573371
-0.39665832727179406
0.20425328264919018
0.89495405911866366
0.20234007285889186
0.54070331676174699
0.81651602443448978
0.41386367803445262
0.24915012724463736
-0.87558041897804906
0.091257183809827211
0.99577475236019142
-0.010235671209008526
-0.74730171268711687
-0.59063025384693024
-0.30446026580756363
-0.73372067462395185
-0.26863017134969508
0.62409278370287713
0.65803148194218475
-0.74049357956987161
0.13661561912450021
0.34491138669776183
-0.8105701331139531
0.47329926540177042
-0.73407498786263758
0.44428758925007877
-0.51355861421343318
-0.38643052898636021
0.67847319929430316
-0.62477641129181138
0.41736608535973468
0.62258405127283312
-0.66196272545529089
0.68438164304671301
0.49958596202943256
0.53107027143666008
0.011820705627824861
0.20101306321991336
0.97951723789497835
-0.48483306097017526
-0.67413594369197039
-0.55720519776185395
0.70616058990656039
0.61589536485530749
0.34929947153204527
0.74580797159622347
0.04550490866368357
-0.66460497499720572
0.94628880102243429
0.087155282485317606
-0.31135423843980076
0.68284639916580392
-0.67769427998955278
-0.27285757826334472
0.48301622453348791
0.73151804307014512
-0.4812241468382904
0.69380248288414903
-0.40557637621498199
-0.59510160292181469
0.21832333812247545
-0.091094814254524953
-0.97161548713829837
-0.88786710599713092
-0.44441049658707821
0.11912729582889882
-0.18622712674064201
0.19479278121186255
-0.96300323449803238
0.15107104180085185
0.95949747895779436
0.23778588730797695
-0.36328767367734449
-0.5878454517263324
-0.72281380108487647
-0.70842429951049923
-0.32404599187010097
-0.62700016508449241
-0.85451864330431682
0.03534098460463362
-0.51821704241806321
-0.579330062480368
-0.26030791313654222
0.77240952160430509
-0.019583140352091511
-0.5561546296980534
-0.83084807785742121
0.53743438351019168
0.7737168735364196
0.3354496728662113
-0.4598207039669765
0.46630073978155218
-0.75573046801256549
-0.94886795905232535
-0.0081504799471914958
-0.31556800528650775
0.21897943121758962
0.33973995754035508
-0.91467194663119444
0.66136448945792969
0.62911843147895774
-0.40842014061197823
-0.52868868545239267
0.72698261606607517
-0.43816041561549895
-0.24976063942362786
0.96425010669827682
0.088551424195559891
-0.4087026152170613
-0.36297256552553991
-0.83738467205373557
0.050588970007183487
0.79400636810522585
-0.60580082826120396
0.13011793869918084
-0.61515190412341225
0.7775972330725055
0.69879917111763656
-0.6323426152827103
0.33439876695754495
0.81923297357366143
-0.54972148160507428
0.16329001093630402
-0.25651074786487998
-0.57937816576410461
0.77364279694547777
0.85912879736208747
0.17103134122011907
0.48233389872952143
0.82367909206506884
-0.53018051471961769
-0.20115013076432592
0.34717362430340293
0.88875692222286817
0.29930186733292219
0.84257047973093768
0.18147592362529222
-0.50709119084275622
0.66264743592675401
-0.34051506917340518
0.66704412397196733
0.57113143315069126
0.0476907679207886
0.81947207195996807
0.31534762787531595
-0.50676574605167035
0.80233680722132239
0.37315178384666764
0.61747309613943901
0.69244835313258213
-0.81397240996568643
0.24522845298391785
-0.5266041413260697
0.80500587379227939
0.59284142194353528
0.022463116166192829
-0.99052882572845447
-0.097322679500892184
-0.096855260341272606
-0.56175005554373592
0.82665398940535406
-0.032864219096495846
-0.36425359517852463
0.92663362493448242
-0.09310984663450228
-0.94550534071066661
-0.32020302848420762
-0.059073439354315707
-0.40030893464546963
-0.22814302014353036
0.8875266301372583
-0.58477974482634298
-0.80899891602613705
0.059610434567887845
0.98649170171987044
-0.10141505738801337
0.12864333862590821
-0.77382126682577346
0.59157354352071356
0.22636561049439805
0.51096948809400344
-0.79453729445560628
-0.32805589456084661
0.35931751859279515
0.78388675469441593
0.5063718758451865
-0.70533451215348897
0.36561337032912178
0.60731383106412129
0.55897958754314081
0.78506026856131494
-0.26687486849933267
-0.40838227480655359
-0.010201180274268081
0.91275399399007651
-0.28004790877901359
-0.77333087021503721
-0.5687992035516175
0.27712550973360378
0.78336527830353742
-0.55636345369130036
-0.70497823574228102
0.6053687813399965
-0.36950551512613222
-0.21124792574036397
-0.13896704686120692
0.96750321640657544
0.96863287150978972
0.22051067386242565
-0.11456615094973861
0.57677986173762763
-0.30929217401824327
-0.75608421633108558
-0.230129511423634
-0.37549253267190763
0.89780051563783125
0.94881625341391662
0.03229832205721981
0.31417277993146786
0.39334427232278701
0.18108066351654076
0.90138231441007666
-0.20664417936392912
0.093359607937548342
0.97395182978459227
-0.17028185449835126
0.31369920774427162
0.93412895099617721
0.22219896436030467
0.12695841914790948
-0.96670015001792153
-0.23427288189627435
0.832160573061135
0.50261814277896666
0.29640236780846602
0.95307376437396329
0.061611979513548992
0.16376751586442764
0.87400004114280871
0.45749768177550687
-0.46016235723011473
-0.85242138432503234
0.2482506566634215
0.97221875375689781
-0.22644540842698457
-0.059272015704890997
0.89877242589961748
0.30090979801165074
-0.31884388014058568
-0.57824926538108212
-0.23078407491410682
-0.7825384960832783
-0.70879999552984929
0.12700149321091866
-0.69388268969551525
-0.44443569624958862
0.88380293297439949
0.14618237775119253
-0.049590228044851928
0.98480505842098887
0.16643258752687953
-0.08824322606460111
0.88817569703439792
-0.45095128811344298
-0.57276531185241253
0.56728830879983294
-0.59171266019718882
0.32154884760783342
-0.63570884044251119
-0.70176962657649422
0.8551722357700825
-0.050156042011139781
0.51591163838178244
-0.95283171954591273
-0.068637492097019179
0.29563593980741038
0.71785154006876362
-0.12418110051732152
0.68503154722626547
-0.5949678528947201
-0.044825658097287238
0.80249854479493732
0.94903679780931605
-0.1293918665660217
-0.28737936820586152
-0.54153688255034238
0.38255161603469562
0.74859339157308846
0.32869953683262848
0.49077276859257785
-0.8069068744867598
0.329928441500345
-0.27179525014912365
0.90403239183423545
0.84565881449956737
-0.26854461381324429
-0.4612428426014672
-0.018952150285258991
0.80718458522473169
0.58999479775260988
-0.1550656396369253
-0.67981003948530683
-0.71680747597871564
0.3366432941950131
-0.90417033599879448
0.26295873435456923
0.54296984895704226
0.47063145376795079
0.69547809300353369
-0.99527112275163332
0.034091203027140082
0.090957034323164848
-0.033435981452864354
-0.27526966057530283
0.96078543344028766
0.16144893481242989
-0.15581378279303484
0.97450310750641356
-0.92127807098969439
0.20587456448987138
-0.32994299448482528
0.99539357929855388
-0.0057939370544466172
-0.095697714625911923
-0.25225249014706708
0.918828520468153
0.30351743144160409
0.52335556521846338
-0.79556261263421257
0.30525248849679915
-0.97234233383380608
-0.20034541547753593
0.1200504074618688
-0.068171787333237144
-0.83458909371287182
0.54663850218157817
-0.22093620642766512
-0.47256720759514786
-0.85315146779166739
-0.84800729442226952
0.27599247398712412
0.45245086242495863
-0.42453100687308032
0.71868911259316715
0.55068991605383
-0.74932762395808361
0.15834580154840169
0.64298889500933631
-0.7473495086482207
-0.6566988822401395
0.10107071775650145
-0.26397450957945839
0.5723925066716663
-0.77632742872992111
0.4284251499889753
-0.73064416175794333
-0.53161170015901293
0.14348736829968081
-0.89410422070445872
0.42425112569904216
0.89874806027012732
-0.43810569878631861
-0.017757276019572929
-0.73310342118692318
-0.09683083203211168
-0.67318880250045565
0.7761293727107168
-0.48027470247720516
-0.40860666535936641
-0.58539803691062198
0.55622176284828606
0.58985293837967356
0.18901088714121719
0.65902963032458572
-0.72797996599929182
0.47882962611218899
-0.87414055535179569
0.081243329858613433
-0.85173207608957546
-0.18047088767055783
-0.49191740085459706
0.86944356327860306
-0.045822089682000168
-0.49190265944654177
0.083205497903392864
0.50441516720431789
-0.8594429499465851
-0.87334659237415313
0.4847203162651284
0.048082684911394204
-0.0686244816158533
-0.93295133073698155
0.35340132285979164
-0.58793369902022141
-0.72638772931665496
-0.35594217543667644
-0.27196094724622649
-0.74585815297388869
0.60805662467842114
0.82575420453253989
0.38836653707688407
0.40902497060172449
-0.78616759004927117
-0.54401472766003933
0.29323795191805302
-0.83040069846048314
-0.55271323375362613
-0.070304773877391286
-0.87628228141877706
0.051939178028759365
0.47899027657897181
0.52162540927566892
-0.54377933414871404
0.65742753832705558
0.83967785411258344
0.49845548544681806
0.21559969930606049
0.5872953809336956
0.14214967866586425
-0.79679207098786886
0.53373276236586853
0.65787637122256948
0.53134547948046296
-0.34769499633212908
0.40727037256783677
0.84453480280806448
0.43026494925102737
0.89582843338514762
-0.11119123789545111
0.012238285608241868
0.64795993348499792
0.76157609532041393
-0.21386060415376298
-0.26144900959602685
-0.94122688942265365
-0.0544085406919603
-0.97226223087656949
-0.22747717492242506
-0.96163204039551542
0.26355178516971633
0.076185795386106148
0.18843774561193069
0.73408164350918081
0.65239202684547992
0.69852698447103256
-0.49979456208579337
0.51211858751199024
0.19305120674531673
-0.50956234806844536
-0.83849713476263577
0.063956186062632953
-0.99740864463326884
-0.032948473032109217
-0.93257033650747279
-0.22027470474168434
-0.28599234590684935
0.33857405963640463
-0.67752692648757573
0.65293557877146158
0.60674343522690311
0.52531495555012864
-0.59657908217136102
-0.75517265724615024
-0.055445882710644434
0.65317686107074091
0.010177425367456583
0.061417859090279539
-0.99806025198765247
0.90786461747924463
-0.33670747852490529
-0.24981975549316637
-0.98429728289942631
0.12915170323858402
-0.12032745500250294
0.6941915250921884
0.28066555886057487
-0.66281594018223688
-0.22932260995658102
0.93268191119029287
-0.27841622276929984
0.7334491215440716
0.65653097959852802
-0.17612341960576022
0.49197851536499954
0.86165165812710054
0.12455344421600285
-0.44922677738054123
0.81798367659285576
0.35930211147713548
-0.015290172974659686
-0.028432212915261698
0.99947877410135433
0.02141254165893185
0.43694930709048041
0.89923123060359367
0.52071457139829114
-0.53561541258315426
-0.66481009689750614
-0.3977353611771306
-0.83058860637551268
-0.38978089926070164
-0.88533813773774084
0.38811935048529406
0.25600732732861914
-0.16793838139954451
-0.89745593615508112
-0.4078842270950277
-0.64914092425560621
0.73216530482424436
-0.20627657857400752
-0.64142346048768517
0.34469820799930484
-0.68538973565269501
0.39397213253721264
-0.4243189060815476
-0.81531553690938563
-0.80602336966122645
-0.39318993656389689
-0.44241157460541297
-0.29699730874014219
-0.92965793112095718
-0.21801084767739079
-0.73586787840218015
0.67701136936412776
0.01241254557224334
-0.62098170811632825
0.67283276103132283
0.40209177294231485
-0.041363442197427221
0.92075703838757117
0.38793754898092658
0.14030541167912541
-0.77561260178991387
0.61541813704036363
0.35896376829798105
0.86833361203857706
-0.34225977159659221
-0.46786618443126354
-0.75521936872352102
0.45906964457539234
0.61956311286963628
0.78383073217753785
-0.04184414493463888
-0.1333328928461063
0.43786058865379257
-0.88910091923754253
-0.87415578305578767
-0.42319644020558334
-0.23823610126814276
-0.89945919475994585
-0.31738035264900161
0.3004045084784599
-0.33350465029094023
0.33835707163750989
-0.87993700928373642
-0.63868493643095625
-0.60384761322498959
0.47691677678465955
-0.42950988130282225
-0.43970887957148719
0.78878220256875908
0.40506673581321934
-0.90165662064528063
-0.15144727790276069
-0.12053866515496149
0.9891193055882207
-0.08434114959695585
0.75916350154306167
-0.65011458057440108
-0.03196576370819823
-0.32023442091789883
0.82957367535608562
-0.45744664477463781
-0.9462977952100784
0.1611084602940567
0.28029367956167517
