-0.80179791017048707
-0.27329762064484292
0.53144004534482259
0.88080322566703728
0.30578039690247738
0.36150245714891865
-0.60622638560651676
0.26664411186839582
0.7492599595603473
-0.43490763597332166
0.37921288380552109
0.81673308793509591
0.12347126164002468
-0.97052689888511534
-0.20695986589061546
0.80549317116380936
-0.54163500276974641
-0.2404418328475455
-0.34676369342944319
0.92001203176745971
0.18257273159560797
-0.87821905221077301
-0.31891904231080043
-0.35640137595914717
0.85985750848267406
-0.36105730272380165
-0.36094693412713846
0.33726563727382097
-0.92443999963791357
-0.17793981281247206
0.053993055171440235
0.99588422961677281
0.072796642737565573
0.16498511373915067
0.94505915369080351
-0.28221110585818909
-0.65649791190676154
0.68647987336933591
0.31265935956066021
0.88097024354218278
0.47298997967070056
-0.013111411988708946
0.99071544600764827
-0.12498349264295941
-0.053497958920261011
-0.12748237313244526
0.64459220383721483
-0.7538230132417042
0.45187941153739775
0.69185021231565291
-0.56315919698376682
-0.95535475790036606
0.28575056705996699
-0.075125894217907246
0.85991227549826399
-0.50987773163923578
-0.023991190587902875
0.52813871719306082
-0.67428903832231646
-0.51614318575375362
-0.9952558671861067
-0.09145127968341131
-0.033202745005455163
-0.62204829488149749
-0.71683258614044898
-0.31497136740062148
0.088775014766504109
-0.25259960488927025
0.96348971782940762
0.44394763743857851
0.60386609433362648
0.66200924111900139
0.59408636165117934
-0.74949281490639386
0.29209915320615709
-0.4517079672229854
-0.048892487746681659
-0.89082514389144807
-0.31563317451734552
0.53347116614395651
-0.78471919438555227
0.79718248526868762
0.040629723806077683
-0.60236974585737679
0.12870217024083289
0.12392809389510767
-0.98390933470458797
-0.060925710991844635
0.91074829412015113
0.40844289992283223
0.22965465875542465
-0.49455121718667261
-0.83825880925350871
-0.81154252364384349
0.21970598567084412
-0.54141297747485184
-0.95028489834371099
-0.29114762942509453
0.11041589496096431
-0.30202263536944618
-0.45609077420255373
0.83711620066261394
0.0539207390868819
0.71674699276989018
0.69524549782910761
0.80861216103616118
-0.23274209109593719
0.54034941663401437
-0.11470227937076345
0.11436197768921461
0.98679517893338076
-0.52828707522877116
-0.76868148109516576
0.36061273794414528
0.39592912527453816
0.44258177408496657
0.80458778328231073
0.59416038538685267
0.79036031261854756
-0.14934528005417114
0.11260487631726583
-0.65353814409194488
0.7484704643781408
0.63023075776904425
0.0077621459928051773
0.77636907528020627
0.85263671541618125
0.14454084557854749
0.50211410603939877
-0.54670836272872114
0.82469183775464239
0.14489078253412674
0.073553505166377334
-0.36284299491145966
-0.92894286310914842
-0.12957330827577332
-0.1336957723607968
0.9825152407140163
0.30738478825740218
0.42953024471286461
-0.84912800025959512
-0.78450134279799288
0.015094609132803758
-0.61994338122386128
0.74587608306010134
-0.65775513376546513
0.10500977442169898
0.95440126407192194
0.10646028081322706
0.27889861194901294
-0.27436391571763113
-0.64550094714723771
0.71277834491804515
-0.16510808784514755
-0.42398626292431191
-0.89049141948678834
-0.74718650883912652
-0.65942843636043647
0.082864095530137044
0.21182388460995591
-0.95044752536926635
0.22755250696967891
-0.2376752592494786
0.47459364547454458
0.84750890426937431
-0.72309124266775993
0.68310774250939155
0.10248349574891294
0.78306364862028
-0.027836838501464501
0.62131830218635753
0.95116703508408584
-0.29933449498389719
0.075366647013678525
0.10842158639411917
-0.8253676499613406
-0.55408754001608473
-0.31296126010194142
-0.24385715549409342
0.91792643353905801
0.59972818904925873
-0.2900964281865549
-0.74576816881193031
0.619105426071618
0.57990162293793168
0.52954941140806988
0.907215869810026
0.26722882429417183
-0.32488170313391401
-0.05498202780676377
-0.94621421343126888
-0.31883481447122675
-0.18495067924803846
0.65567304731282849
0.73204241767345601
0.20968236119241337
-0.89816601741734325
-0.38643383982441648
0.6292751423805294
-0.7115171370792408
-0.31265981325479841
-0.051776467256828829
-0.99573591673568851
-0.076349077014334077
0.41697145037727551
-0.87051692925574709
0.26140980365972522
0.30646142647003649
-0.54285392123953957
0.78191496614453315
-0.47407110915333939
-0.54185884559213782
0.69400689832283258
-0.28104045949684525
-0.8779471336393655
-0.38758881647981552
-0.089129783836339335
-0.2257216546302343
-0.97010598197530817
0.92828516827354757
-0.34015477691652468
-0.15027100220674924
-0.75153552628116405
0.58013411701008799
-0.31406808022818794
0.10802964669664954
-0.4608902040547338
0.88085743184750565
-0.63130999156276379
-0.01732722722098113
-0.77533699882686857
0.08988047989576789
-0.81643542131930424
0.57039872207857967
0.48822131162694093
0.093325207983851785
-0.86771559651076935
0.53646111459306112
0.7613965064691447
-0.3639846596577283
-0.0074542713817613388
0.5511343427415385
0.83438322735360604
0.95476513384254591
0.27132115094114523
0.12168965547900042
0.32643983146687167
-0.76669569559044282
-0.55282433629044181
0.11485187447599794
0.84720901523507408
0.51869637692369275
0.59381415160035822
0.4155108982377988
0.68901048381339203
0.27827000027857141
-0.26613038362581015
-0.92289784150584242
-0.30804180000148235
0.0022354058255901945
0.95137019735360739
-0.53662260982722965
-0.24412234678508571
-0.80773786244199008
-0.6345382439681162
0.59241800526897637
-0.49638908526979791
0.95211531081909662
-0.14501600033606665
-0.26915942218392569
-0.61259749877525571
-0.59000253089854149
-0.52594801837027216
-0.9765714772007269
-0.087838533719345704
0.19644984579282687
-0.28155480478665473
0.24914099110072205
0.92663674568565357
-0.5835593149945304
-0.79975984971912295
0.14086414966328487
-0.86217762103017759
-0.46660278797628552
-0.19731089186231177
-0.66776798307066165
0.40647305867764516
-0.62359087016647374
-0.75457853785077766
0.64730155406229972
-0.10775865776592655
-0.99235378769490801
0.11046090241768793
0.055066769331779328
-0.48447631412206499
-0.11573506234783418
0.86711481154345482
0.75552779396674674
0.37140264267585688
0.53966455280769643
0.75578303960020465
0.64954398316695572
-0.082973555933687784
-0.33167399598869129
-0.27033754199627258
-0.90383072185686808
0.78396595436709171
0.44334682434413641
-0.43455836861952668
0.91024743994148183
-0.26606154198818555
0.31727094722783433
0.47165434859143107
0.74669167056215435
0.469034886301533
-0.30660447074646979
0.71625433743087108
-0.62687592283460791
0.3897819836400066
-0.60032295315698325
-0.69834257864069837
0.30741571316613714
-0.019929238324285174
-0.95136659850888672
0.49964981947509368
-0.39149050538458274
0.77271291052513846
-0.87229659141755533
0.1375464877485611
0.46923301280850782
0.53370907473080731
-0.83370887460832455
-0.14171850955082235
0.62635781813253955
-0.60229899036490486
0.49488565332777695
-0.061056214229609274
0.023356948005175189
-0.99786100819895318
0.062292500186328106
0.72293343851078418
-0.688103835117572
0.66282365553746858
-0.41735667876542687
0.62167371212706046
-0.59216437250658738
0.47359511988805553
0.65195783479616054
0.33034744747892675
0.26436594622020987
0.9060801346587678
0.11477014695230352
0.95090352319817317
0.28742008095790378
0.18012093512885999
-0.98361989519806203
0.0069534522978557051
-0.24818237304445831
-0.95238490311167623
-0.17711156380932486
0.66434311150613212
0.39170017866506962
-0.63656829973546714
0.0011920686096532128
-0.98888073477506788
0.14870598966804086
0.58139267713015164
-0.81009530916596306
0.075684509952418849
-0.092728650079005312
-0.85813202958738677
-0.50498595747877784
0.39649838882218907
0.89465999018839371
-0.20584588802672624
-0.66540706843403952
0.20290173609542736
-0.71837616801191206
0.2841800452691628
0.94636529298807026
0.1537349475507131
0.25031810879124611
0.76795552298241598
-0.58956353273585183
-0.86723068147444593
0.49741863175299006
0.022037465697109931
0.86811045287805744
0.45314817776688437
0.20258571171335354
0.99634144516179868
0.077541501337234808
0.035931048179342763
-0.16703142322625211
-0.94368090130341586
0.28559912494646256
-0.18468331161692481
0.9827926050045166
0.0032817615151152996
0.97847798950376486
0.072036324596463738
-0.1933690564576015
-0.70072340868856453
-0.64662540568116422
0.30143372280411584
0.43332292782954335
-0.82620626741572978
-0.3600200604135832
0.29309962815211549
-0.72277106072766484
0.62585509644940818
0.44397388134885396
0.89598968911945409
0.0094694071439396232
0.38954165640971045
-0.91992470085306344
0.044674855142249364
0.71133606542706196
0.63450711305093777
-0.30232718288389343
-0.86668364534604703
0.34101402248191881
0.36410011722105912
-0.72312314089212726
0.52464961460816495
0.44926128811395366
-0.45989550399341289
-0.75565766611972884
-0.466344954986252
-0.086592874094088571
-0.73135224388233988
0.67648028021841999
0.22760095696293359
0.97136261624646547
-0.068209032747715323
0.11359093234380763
-0.12421420496355741
-0.98573218034846366
-0.0063587490046578699
0.9896486438822224
-0.14337059661302201
0.090709784183056474
0.87039510343602688
-0.4839257163739612
0.53560148179322153
0.23630499840058206
0.81073485211368979
0.0887765885689248
0.54806689305183609
-0.83170992422993917
0.28421567554458033
0.74463654515485289
0.60393531557161217
-0.5039064646881326
0.38140155072457654
-0.77499105281957681
-0.43700274839174807
-0.61423280702773708
-0.65707431594065913
0.85315632689406473
0.46974033181062408
-0.22686626578465247
0.46577535754458776
-0.15689769976253753
-0.87088255701525907
-0.59183143041369335
-0.42557768654710271
-0.68455766060113432
0.30728411956598051
-0.34620149138336587
0.88640904622329608
0.63109562113145323
0.58326033834902236
-0.51139582976173092
-0.95131110576597144
-0.28490335340097706
-0.11763188031823077
0.74652098604671357
-0.1679857653396134
-0.64380680334639728
-0.95399962376713721
0.12830861035861066
0.27096423815699899
-0.97936314635791355
0.083784195645481632
-0.18392399548717889
-0.59599254301200077
-0.6156061220173682
0.51557927732680009
-0.1082400363719949
-0.35617909496534383
0.92812744105314426
-0.66080627746569343
-0.20753100475924952
0.72129463170437458
0.63214544927770733
0.70731855137257782
0.31637414218245385
0.0050359082981111403
-0.55858478050821625
-0.82943214467019599
-0.852625812778668
-0.15737719449027082
-0.49825860959735269
0.71063723359293673
0.19800332681717259
0.67512177035014198
-0.80015081101672436
0.40909792816380347
-0.43863146809293302
0.63209057078643172
-0.037410902464308782
-0.77399091383535545
0.71190376362912666
-0.69429045699677983
-0.10561151761946772
0.22719587227195484
0.59564252867531187
0.77044922847379493
-0.81808547202743931
0.52278659757825163
0.23964626817498488
-0.2854388082282448
0.13368762623102337
-0.94902703088476525
0.036436734070415269
-0.92443008455294118
0.37960687978976843
-0.32926679591023045
-0.85355554568226633
0.40376516385896766
-0.90944120617177993
-0.078440002643165821
0.40836730831710588
-0.76293617588164797
-0.47318714030763936
0.4404796496758569
0.79461459938976431
-0.42211814365995337
0.43635296633541926
-0.75135815935523109
-0.64450146296174449
-0.1416996140096729
-0.054665119661433267
-0.72279650762719683
-0.68889544435591155
-0.30772268447582074
0.3392493116344853
-0.88894131078183247
-0.14723522482630599
-0.84614048084240745
0.51221877674498284
-0.39697292407320189
-0.44876650841197818
-0.80063794469191485
-0.12582411660945178
0.8016091770966709
0.58445788460234616
-0.91386139234824781
0.25287376195006045
-0.31766683190497863
-0.48950721143353837
0.17225813354283168
-0.85481566748796844
0.06024932525582459
-0.030261384098766112
0.99772454487130113
0.16365517851055056
0.41866960940101711
0.89327081039888434
0.33152260893595753
0.85134738540467902
-0.40657150555457378
-0.4213276901969894
-0.90650044015449516
-0.027201644674099221
-0.48856897244000635
0.57713222642795214
-0.65438425438516723
-0.46815194117465619
0.74626471217096113
-0.47320475414221486
0.17415894968280368
-0.67725411708574113
-0.71483950725725554
-0.87416557314302745
0.44308689719220151
-0.19876758354447449
-0.22252243795413595
-0.97289275734319769
0.062955915656093875
-0.65127493963766359
-0.4171458496146831
0.63390085435279375
0.7610593529023163
0.52902514019223812
0.37539454232112968
0.4508837149088249
0.041588134146876364
0.89161331457543802
0.50325898618305753
0.31550007706826683
-0.80448125782762581
-0.27486937973073078
0.8771002813152835
0.39388059180809332
-0.39247685504135554
-0.89860826184929155
0.19612524058122074
0.66627558483864047
0.18328786336954461
-0.72282944336084887
0.66298827010857186
-0.21391127137417684
0.71741795466626457
-0.22780084235184772
-0.6007190287604115
-0.76631809629483261
-0.71068106058956804
-0.20881979399432546
-0.67180854695028547
-0.54642290708029373
0.65349468521627907
0.52380025106141082
-0.87472226344062476
-0.48428246202775893
0.018206010371372726
0.58152999537395056
-0.49515627085724928
-0.64547899416721166
0.86770832626703864
-0.45611788925694652
0.19758221485407604
-0.089534195702480723
-0.55533199193292193
0.82679502087018097
-0.46806161833416826
0.13661733005316373
0.87307160449274968
0.2853632583596889
-0.14014093265081731
0.94811831000888314
0.42633733681098174
-0.39960339283087293
-0.81151315681199809
-0.088595470572260693
0.2466299576417787
-0.96505155644022145
-0.59195189608341403
0.80259646642201454
-0.073701185948038303
0.28538044603331253
0.61263579041458127
-0.73704503887138983
-0.93369791341740005
0.3248750460631456
0.15054703891296728
-0.07231263906960668
0.9315504243679138
-0.3563491112529239
-0.75305850621756687
-0.3824528332339025
-0.53538090791951798
0.90642078728597575
-0.063890622437799638
0.41751568202928896
0.61911167937944644
0.78128307154152743
0.079356729888510294
-0.84463688512040702
-0.48219475067134354
0.23254409198923376
-0.27910068597955517
0.85931738449886852
-0.42857489401942944
0.74647369752916182
-0.36683545537835849
-0.5551655316880667
-0.75522346437378818
-0.5399200283407396
-0.37165021438953638
-0.49573283348985292
-0.33879632335691034
0.79966618603012196
-0.39313509289598414
-0.72784046190105489
0.56186569636642281
-0.47478139159643779
0.80224927161639548
0.36190984565871215
-0.63099889617090743
0.012906804483969169
0.77567635482146102
0.4799122422692918
-0.58607837714877042
0.65283717384867446
0.48870958525245145
-0.18055965053207854
0.85355793821047121
-0.7541046292258039
0.34118477447169671
0.56117658348233868
0.08839866621257958
0.21899704914981677
0.97171290424461765
-0.4021357790475889
0.58080904517537124
0.70777656661708011
-0.90789124264460153
0.050859809092647097
-0.4161090858756879
-0.604574131380615
-0.7923164224042154
-0.082004917254759196
0.45617628016640632
-0.75339873128412449
0.47359640318842372
-0.10865603519870425
0.45505116156302194
-0.88381123910880555
-0.74966920658246594
0.14006452118116924
0.64682146733724433
-0.24950833083535146
-0.079279027792420506
-0.96512197601963523
0.48894837780791611
0.51602807598143752
-0.70330968188835807
-0.40175031679354423
0.9150930609063509
-0.034660825687398679
0.26101469413481815
-0.86264961902002357
0.43325161771228904
0.30144381983935825
0.87015426366701376
0.3898245514366353
0.81004256928546681
0.24576509281931846
-0.53238196353455802
0.47163445150311434
0.84723375989333638
0.24445019994337688
0.95472315184649703
0.27808229669386003
-0.10570685689092496
-0.45484313211755195
-0.85537580336669916
-0.24789102480781625
0.10883999877951978
0.34750533190212418
-0.93133984074840737
-0.8990692398004646
-0.28778511624689468
0.32993064257715743
-0.11154557696957967
0.81303542727628009
-0.57142889168487121
0.70904205784792895
-0.5488584676329733
-0.44273439296078915
0.9778509085799747
-0.097185818603442872
0.18537129565198823
-0.3464147982430093
0.74733191287338985
0.56700246874176419
0.76107008567702594
0.63249995920516422
0.14393097753100187
-0.27154850749058707
-0.75530731295748177
-0.59646648780345013
0.86976613728491137
-0.15998644130929193
-0.46680960254655551
-0.4335164859328462
0.8637672068476272
-0.25684561276978241
0.31616836279325022
0.22112958550085812
-0.92257209625310821
-0.23580323945402526
0.94915988370741566
-0.20854818969128705
-0.79553153233797924
-0.0680065906629993
0.60208361934400922
0.74265996962184111
-0.59275444614469497
0.31160605914677247
0.91160931332449957
0.057183343243722304
-0.40706083711836649
-0.60625478453256776
0.73973006661094731
-0.29198384335975425
-0.074821720622515145
0.35364329581162729
0.93238303794662425
0.24878124484482506
0.072837011223340992
0.96581709552560224
-0.95377320170146018
-0.11973216341559043
-0.27564631098559617
-0.12609234519936427
0.96951178356487366
0.21011335514664889
