0.12667417062802175
-0.96858016522185642
0.2140236389619242
0.75775272769967095
0.12159454206630445
-0.64111275997549289
-0.44224250093667417
-0.33114726329068933
-0.83352448097243226
0.96144133895344974
0.19278294852450772
0.1961256905904849
0.39137361063159953
0.84078551476231456
0.37404065964418182
0.7700667867630252
0.3614615651355409
0.52568306122057507
-0.82850061660555963
0.44182127837276697
0.34406494483056749
-0.14072208834196454
0.80587247026302911
0.5751233394019406
0.79894427583962224
-0.54599162660084166
0.25215310385729656
0.74286443351240117
0.32927234723036508
-0.5828654688448317
-0.39137292336267826
-0.8407830896784878
-0.37404682991471416
0.71298644464572425
-0.42814339976882548
-0.55528691591450363
0.28037644896116004
0.91136709780679215
-0.30132882355187152
-0.1603053742278065
0.75597027385998983
-0.63467403604821815
0.76010522712105477
-0.2350154432907966
0.60581167463006202
-0.697770550857436
0.049536466307536879
-0.71460646293038277
0.058636002236668705
0.93810461301330261
-0.34135253666094723
0.82018254580386085
-0.071894082435050591
-0.5675665885775163
0.24495396273093711
0.66259200984130795
0.70779190772208367
0.53558337879668316
0.82044749654391003
0.20004087025295503
-0.6697511004850456
-0.72103399385199118
0.17760473841910002
-0.60992860568760865
-0.54414001235453124
-0.57610653781985532
-0.17109845829779124
0.25407542578007303
0.95193014217577632
0.52390919270546354
-0.76561764709697122
0.37329448998399006
-0.24805213002933679
-0.48549915260125309
-0.8383082449859206
-0.43012912149851501
-0.3012026453050704
0.85103813386953697
-0.024271328284720613
-0.17098701005888872
-0.98497428647372143
-0.0053862641821999444
-0.84772268613731427
0.53041232599393462
0.55271662093675267
-0.38860635873303739
-0.73721735932661525
0.24489479917145096
-0.95931569775555359
-0.1404988589937666
-0.35172164054569033
0.78137203343566564
-0.51550910073097744
0.98128343365705917
0.1874440381117827
-0.044131116081065132
0.37938610941500828
0.51072159859303645
-0.77151126285590721
-0.03518818884295067
-0.38836426538139401
-0.92083385512301996
-0.82495966284542421
-0.56099846391230979
0.068718834143143712
-0.65503302996411328
0.75533783947724431
0.019911753058977265
-0.53558339385268894
-0.82044531207314464
-0.20004978911869847
-0.60754954780657722
-0.21671367216376872
0.76414575262662965
0.98761662246806847
-0.026817264442230142
-0.15457762241864226
0.39864169086961337
-0.29578787213704288
0.86809811484489241
-0.13690583364234574
0.011386058466966381
0.99051862697643456
-0.22794409452372164
-0.81962597002755977
-0.52559942829891138
-0.24495005170881035
-0.66258647940938442
-0.70779843844962576
0.17625413110198709
-0.88979325736492365
0.42095420228025093
0.07803835696609146
0.22879619757029512
-0.97034133933343647
-0.69136753317712896
-0.67850026680917874
-0.24829080129647269
-0.35594242568724171
0.68704096720768537
0.63346641503256562
0.8837537538481679
0.18669535143281213
0.42909689851203842
0.15912102720110369
0.56276416606209123
-0.81115780961469175
0.80302987532733971
-0.59514876644283343
0.030675154984632334
-0.42029105243674869
-0.11532155176990713
-0.90003131664347713
-0.96638045493894364
0.17922518571231952
-0.18435603900709327
0.65533577400080967
-0.031227886356257561
-0.75469188575767809
-0.97513314756110681
0.21815910960760798
0.039012144555054432
0.4301322111534096
0.30120309485387936
-0.85103641319201129
0.5744017140160983
0.43063085248147559
-0.69614634943124276
-0.94860020665861544
-0.0044091867226072777
-0.31644621501872505
0.30690846498609781
0.68879654230289178
-0.65678498569277444
0.29062342886521386
0.1451283354340476
-0.94576730163860534
0.6101198649248698
0.69121160948692484
-0.387272851274852
-0.0060501120568839132
0.43145649610423537
-0.90211345634213602
-0.24490265238676728
0.95931236749608795
0.14050790875597191
0.24401275024106717
-0.46489507774270367
0.85107599214782004
0.7814389735288515
0.55343085471708742
-0.28821419065911563
0.84169519248928104
-0.010180504951923011
0.53985698130093307
-0.33707875167065543
0.095923012290749676
0.93657711422243339
0.69366267306243357
0.52042920136733561
-0.4979814678921663
0.84856169734220577
0.36299740251114626
-0.38493626949649146
0.1550400304814033
0.98486768563598548
0.077448245547223946
-0.37938463802806405
-0.5107185268513843
0.77151401980720147
-0.051071121508007362
-0.75286260814645212
-0.65619328997090187
-0.69366239176988043
-0.52043496661841948
0.49797583451907956
-0.15912019146444215
-0.56275619358092721
0.81116350463678122
-0.84856110406897978
-0.36300426015040715
0.38493111042612488
-0.29061849614803908
-0.14512501995678304
0.94576932614628362
-0.56741492426625895
-0.70633819915548834
-0.42323356687968083
-0.2394920239680644
-0.28981506708699745
-0.92663412269624479
-0.9280356815467421
0.049338605284391594
0.36920925747422018
0.66974958160722742
0.72103285605571987
-0.17761508501553397
-0.87790086937113054
-0.37122419075828905
-0.30246101195570096
-0.64015838100059341
0.45164315642855096
-0.62146255437150366
-0.16377863300776607
0.27882479060969656
-0.94627337250477805
0.35171816903670095
-0.78136828598249652
0.51551714930761139
0.93502238705137375
-0.24343406813453369
-0.25782356405926549
0.42265110067700679
0.78198993624916469
-0.45810237578683416
0.10884781445819398
0.98448178412416332
-0.13765089907217765
-0.08374885157624247
0.60845645072312093
-0.78915580048117406
0.21972878463210108
0.079431354376663696
0.9723219225883929
0.041967405476485677
0.58340163568361669
0.81109880308089022
0.56741850723296483
0.70634197114482111
0.42322246803396713
-0.48443353486092616
-0.060089690495494827
0.8727619259559295
0.65502721510894124
-0.75534309226688356
-0.019903779322702417
-0.30691033569796805
-0.68879219022092131
0.65678867570355293
0.16378554929788364
-0.27881509464120358
0.94627503234599142
0.17110288892979819
-0.25407522139773819
-0.95192940036095508
0.48476469265264999
0.83975827821860038
-0.2445592503274279
-0.84424790729377197
0.26085811977963769
0.46818640772145337
-0.88374981861788615
-0.18669255589449255
-0.42910621956158479
0.36291041095271853
-0.32697475324077224
-0.87257294501105476
-0.89022241974227045
0.35323474601793353
-0.28762694170376824
-0.32811560825619879
-0.94084268742053734
0.084588327480603492
0.88647416635262943
-0.18549033803608969
0.42397746034980183
-0.32713907115770835
0.82165719708386642
0.46675419505598015
0.051071011195200765
0.75286332954917456
0.65619247087697574
0.029259409239043882
0.89168137749579812
0.45171695562395942
-0.68913697796612117
0.60062934801572621
0.4053820567093781
0.74821808842773041
0.53184879828257126
0.39661889505536396
0.0053820597589076613
0.8477282464871142
-0.53040348183306074
0.60993378345035409
0.5441455971908038
0.57609578098073266
0.6913694030847567
0.67850308398238801
0.24827789572294995
0.69777630287143466
-0.049529433392017493
0.71460133387710478
0.87790376750317034
0.37122630097033443
0.3024500098720812
-0.417943595469004
-0.70129327992515433
-0.57750401430488829
-0.57440028625279604
-0.43063472882551518
0.69614512961169306
-0.78299317192450857
0.41216373459201916
-0.46587846978236336
-0.3175535790754293
0.62976356855344529
-0.70891295103081231
-0.21971919732919884
-0.079420597552852829
-0.97232496780107447
-0.1550459212482265
-0.98486724140756599
-0.077442101640775751
-0.072056462314748104
0.076948426530545844
-0.99442787867856786
0.48443507617372172
0.060085448401187937
-0.87276136249434677
-0.70299317891878632
0.23654900652779864
0.67070497083618741
0.17254954631906072
-0.91998309009063117
-0.35193432343603537
-0.19699647572802517
-0.93056553538013032
-0.30861006612459824
0.76522062607271346
-0.61537894693408057
-0.18906650973450168
-0.61935847394241639
-0.35729705977346221
-0.6990950520730066
0.024279193107242275
0.17099406124732075
0.98497286856045374
-0.17625881234780946
0.88979674926986208
-0.42094486106677437
0.4179478080398305
0.7012981423117971
0.5774950608834013
-0.60283974098330806
0.76168255275809782
0.2375372297453299
0.072065902238775723
-0.07693841495596461
0.9944279692559812
0.60283334361758367
-0.76169017787710414
-0.23752901454009731
0.31681927198211685
-0.11134051445620188
0.94192825562319216
0.84424537646856002
-0.2608681830224075
-0.46818536435694663
0.94860225218191108
0.0044084616964275769
0.31644009325759753
-0.34862441563655783
0.8903988684590548
-0.29266170208775782
-0.52391317195339582
0.76561881749191429
-0.37328650465294638
-0.40745175893304519
0.87166988295408876
0.27235028785219373
0.035193534972068605
0.38836930012304605
0.92083152738060892
-0.36290985567632261
0.32696771679984998
0.87257581265107487
0.82849664243186405
-0.44183096476264394
-0.34406207587590837
0.5207847795354249
-0.72771530036510945
-0.44633356922682549
-0.76522582776583092
0.6153707526353922
0.1890721272981557
-0.98128279803513896
-0.18744864646001852
0.044125675299485335
0.19699277966547232
0.93056587688257353
0.30861139567656559
-0.99731676529350277
-0.0020185714407152163
-0.073179198095106701
-0.82018372227711711
0.071884088403176338
0.5675661543345385
-0.76010248355563703
0.23501993876542582
-0.60581337297491877
0.6712251316176342
-0.71227967323459984
0.20521815168668958
0.5109421269396478
0.62016038931891593
-0.59526400398327406
-0.010930050020940359
0.97509136683644781
0.22153410646572619
-0.36808518278052765
0.52143103559466997
0.76982009153833819
-0.80303425416765783
0.59514311950171783
-0.030670082216348312
0.30187232013305032
-0.95032778677783258
0.075830073291773228
0.64015893089794484
-0.45163860510123593
0.62146529555061247
-0.44357850979948721
-0.52694625289625041
-0.72495913829861269
-0.75775255351674597
-0.12160419908563981
0.6411111342065362
0.70299128795653099
-0.23655885707795918
-0.67070347859183466
-0.46332935043863144
0.47045298658827428
-0.75099926793059435
0.33708180825963752
-0.095925557741368087
-0.93657575342970556
0.16030237465903893
-0.7559644635173729
0.63468171438726972
0.96638022529897594
-0.17922916729407773
0.18435337193057291
0.22794742310965035
0.37328921629980588
-0.8992747818614435
-0.31681094069991689
0.11135070023357671
-0.94192985376318006
0.50838314756770209
-0.84842927295412685
0.14735787750808518
0.67013608026189109
-0.60556219728186467
0.42919932333868871
-0.52079051092372797
0.72770634815434965
0.44634147755688458
0.44358432243267898
0.52695345367736879
0.72495034764419164
0.010922650541160601
-0.97509307649637678
-0.22152694615776805
0.52319649036784588
-0.18166826744913284
-0.83262360828215709
0.32713260955068046
-0.82166452937740853
-0.4667458161907439
-0.96143948012366842
-0.1927842033872125
-0.19613356924271833
-0.77006173571439096
-0.36145632961237034
-0.52569406024007248
-0.073505446716581477
0.99729359230969006
0.0015620630683933912
0.7555995384744455
0.1697590206826021
0.63265410166542724
-0.61012140246473345
-0.69121438859783457
0.38726546870304379
0.6075509251398461
0.21670746389970827
-0.76414641820260698
-0.42265384844480391
-0.7819888514227793
0.45810169247152871
0.52426709102614721
0.85120183637127467
-0.024483688961245996
-0.93502480184766046
0.2434248494259372
0.25782351058757852
0.44224981505940392
0.3311563376090092
0.8335169951124638
-0.39863654813748312
0.29579636100051626
-0.86809758397767955
0.32811152383301317
0.94084425431616436
-0.084586742745174942
0.92803462512666435
-0.049347873544902901
-0.36921067419917275
0.42029980745240192
0.11533170985891934
0.90002592660239078
-0.74286334047705793
-0.3292806165358203
0.5828621903581126
0.14071804863124576
-0.80587663840634904
-0.57511848732265325
-0.029263940782966253
-0.89168277225818326
-0.45171390882704937
-0.6967090774480339
-0.71647415697314776
-0.035513994299807894
-0.30187900380131233
0.95032642545455925
-0.075820525892973625
-0.46840203716900708
0.88100744595413516
0.06652376830348497
0.16728082642735509
-0.46787084936354989
-0.8678214064112566
-0.94960014997990705
-0.17305972721784685
0.26136160003608477
-0.89196515490707862
0.4318990098938536
0.13364657752557846
0.31755259789945711
-0.62975764869204054
0.70891864940991511
0.94960040735304618
0.17305263368362392
-0.26136536176412123
0.23949969885895891
0.28982485786665207
0.92662907682040874
-0.74821448087898901
-0.53184470920760052
-0.39663118370958644
-0.12667980769478016
0.9685815379796433
-0.21401408974037758
0.21976183631591906
0.8341332886973043
-0.50589168009177099
0.82812394989424098
0.53811092068205524
0.15699477906692164
-0.1672789970165762
0.46786850681783793
0.86782302198384609
0.90920549061147804
0.38001791379122324
-0.17009338917109029
0.40744439445884562
-0.87167618352523557
-0.27234113993105075
0.46839505672001835
-0.88101186362996442
-0.066514411848168239
0.5217234834809239
-0.081187730661603966
0.84924269745141112
0.68913202936477136
-0.60063900532465531
-0.40537616035751356
0.61936499726989391
0.35730434362665603
0.699085549973956
0.0060542634505787929
-0.43144742145778636
0.90211776859315784
-0.084451364930613823
-0.72156159690386967
0.68718034665937144
-0.75559344534307959
-0.16975276954057944
-0.63266305612693852
-0.10885302297831273
-0.98448007838256324
0.13765897957033094
-0.22794280314386764
-0.37328169143110707
0.89927907644804428
-0.52426923834038985
-0.85120071117562024
0.024476826267020985
-0.71298969778079602
0.42813326537475782
0.555290552718121
-0.91228651916251147
0.40202554505358479
-0.078158608474797789
-0.84169103098022113
0.010184302210540119
-0.53986339786647608
-0.17255724935969771
0.91997865932487843
0.35194212887947141
0.89022145437951139
-0.35323689105101075
0.28762729523298664
-0.28038017062637821
-0.91136463394514056
0.30133281254049171
-0.90920501921412833
-0.38002226704202657
0.17008618282528221
0.78299295459707907
-0.41216210960387445
0.46588027266479104
0.15923539124544739
-0.65225743658985902
-0.74108321164909385
-0.60016977518610537
-0.14566207723448577
-0.78649780686839432
-0.52171633381201254
0.081196816586791315
-0.84924622107485614
0.34861914121525261
-0.89039786141843746
0.29267104872162003
0.89196145253376213
-0.43190731189291492
-0.13364445789967339
0.13691295617736712
-0.01138097158636793
-0.99051770096072722
0.35593891289197782
-0.68704928721212921
-0.63345936509817424
-0.219765562599578
-0.83412890137697748
0.50589729529117611
0.083748708470215844
-0.60844875561494771
0.7891617487056708
-0.35594975290910846
-0.92352427423633121
-0.14283797919391791
-0.78143931469314343
-0.55343482417037759
0.28820564333026827
-0.87427812483710377
-0.15091653962706333
0.46136965493876009
-0.55271833323982211
0.38859678511259549
0.73722112198494971
0.92568865767635722
0.37365683377107806
0.059000674788657337
0.22794434542239006
0.81962830473698045
0.5255956786960313
-0.058640412219751727
-0.93810107491692085
0.34136150236137536
-0.041964322439966971
-0.58339883260197822
-0.81110097876947684
0.60017737498399182
0.14567064372163144
0.78649042086668186
-0.98761727304921931
0.026809852425288459
0.154574751456238
0.35594681785106574
0.9235256517947964
0.14283638660613415
-0.5083888463934737
0.84842742829911033
-0.1473488370244945
-0.67122956071085882
0.7122776032209035
-0.20521084956159794
0.073498530170827331
-0.99729411596793605
-0.0015531640161158019
0.69670867902909006
0.71647515225507985
0.035501729064939896
0.54989216544357311
-0.57191868277713354
-0.60870980497626825
0.87427836363487299
0.15090763557958151
-0.46137211489610991
-0.79894704653617865
0.54598948919733714
-0.25214895303599422
0.59716779697190547
-0.26990897614821657
0.75534082827180904
-0.15923599611449918
0.65225368100299541
0.74108638710980657
0.46333063672707064
-0.47044678231465997
0.75100236090166206
0.50840067170077763
-0.63550381475928897
0.58108833961850359
-0.50840222922269174
0.6355078653481141
-0.58108254697769124
-0.59716392471001767
0.26991592619986488
-0.75534140612612888
-0.48476728721354195
-0.83975796621345955
0.24455517869932225
0.084448734382105928
0.72156876622744326
-0.68717314184000666
-0.2440100485821548
0.46490310864582629
-0.85107237986106776
0.82495964885710604
0.56099716484002604
-0.068729606422654632
-0.65533654243640971
0.031218890175556461
0.75469159068039071
-0.54989559167488411
0.57190890125064819
0.60871590001149589
-0.52319703370949899
0.18166001664148426
0.83262506704482364
0.99731711410538837
0.0020137705629266638
0.073174576463548496
0.36808406436995716
-0.52143929964815727
-0.76981502865255391
0.91228394255611567
-0.40203115460602173
0.078159829071069734
0.24805790163346977
0.48550709711352141
0.83830193611228265
-0.078030800247263124
-0.22878717956251543
0.97034407334749095
-0.92568751834861651
-0.37365820876079064
-0.059009841545773337
-0.88647260777641868
0.18549102988604016
-0.42398041640374412
0.97513149428660362
-0.21816624601072526
-0.03901356112896022
-0.82812252239362805
-0.53810960066943492
-0.15700683288250919
-0.67013824552583268
0.60556363696714488
-0.42919391126469025
-0.51094292916732553
-0.62016158803380128
0.59526206653986202
