-0.54428404727979607
0.61454302976222686
-0.57104442948634704
-0.66111381675887426
-0.39485644875807258
-0.63797876623338912
-0.84688487467459217
0.29538529898364729
-0.44219173917175514
0.0034616440836617722
0.013226347212929406
0.99990653601206203
0.39994150236674919
0.20481546233767106
0.89336298393879832
0.19118598503377038
-0.97231838439635865
-0.13433122679229079
-0.57037584992435864
0.10212781757581565
0.81500999914127836
-0.79976045930315776
-0.35750450254488342
-0.48225899514196474
-0.99608486250488615
0.019989926277915154
-0.086112423819245762
-0.24708418243824024
0.44963852827337991
-0.85835575414916121
0.68960296238520424
-0.59630107702741786
-0.41094133377587122
0.94859340111569612
0.30935103516941614
-0.066876725393566303
-0.20332113964316845
-0.10391643029976122
0.97358198919657424
0.85920118101348086
0.51078898574719145
-0.029460865302888932
-0.52428811028785105
0.76142627015636655
0.38125059019830754
0.25446205312587344
0.87913493395701758
-0.40295264165327843
0.90121735735047825
-0.42933043440587026
0.059014005990842756
0.14246203940055463
-0.77191191540317416
0.6195615886967476
-0.32335016534643041
0.43225328863315748
0.84178486861920754
0.78313538979401853
0.58345677443319877
-0.21512125329724613
-0.80154491651877513
0.59283313336945931
0.077939866450095763
-0.30989484745442963
0.63715786737824531
0.70568763313466254
-0.65471781702738785
0.65425104243910437
-0.37855006740751895
0.82795774090835705
-0.48277547347667243
-0.28533107345556374
0.42173525462837769
-0.20819083071314354
-0.88249416599233588
-0.25546960684248915
0.96194685850896733
-0.096920180481017582
-0.84585983410104881
-0.5282938543939123
0.073666440555857776
-0.13227716197480327
0.55946886052841638
0.81822817509477586
-0.97399059014901923
-0.19870608979742718
-0.10889545527055727
0.071359907695179595
0.9849155016112664
0.1576363481547419
-0.72320906909100779
-0.18449227404169774
-0.66553079808784299
-0.94847629334877448
-0.083890854236381387
-0.30554057918852556
-0.497928871171475
-0.72993832780302759
-0.46824873396307287
0.6199089770900329
0.44354342689203208
0.64728825772144338
0.51335147709736251
-0.6864450809428615
-0.51503729167052004
-0.67359733896422813
-0.41227011744700082
0.61343294270893756
-0.9484202585837177
-0.30735201220230235
0.077677240573992598
-0.2962331194253105
-0.83614214571546874
-0.46164082479118046
0.47239465657974233
0.73664630861162272
0.48393750055536844
-0.71373794128157242
0.23682608912033815
0.65915973381806947
-0.17836518628837875
-0.18721378751873688
-0.96599009212475939
0.066973916522239593
0.66274701247471579
0.74584240423933457
0.40488268998343269
-0.23155492132299127
0.88456335316521162
-0.33578934654525033
0.8775468260470447
0.34228216845385306
-0.65344530147737923
-0.69448426785767547
-0.30116580097236428
0.42045151175166723
0.0056594485028196124
-0.90729735859219907
0.59375002664710541
0.79700809817604368
0.11063000180045052
-0.093894101557456464
0.79597258726355191
-0.59800630265715859
0.58340737269089549
-0.33147280307320237
-0.7414591143904703
0.91300822645282842
-0.24767878362593049
-0.3241468780831312
0.99504001227642402
-0.013187442052334025
0.098597491555567393
-0.90474392735780962
-0.29969302489636751
-0.30269211542032598
-0.31326035700969224
-0.65775691501134192
0.68499911640886257
-0.3110858423323315
-0.93941944888629136
0.14393296271028566
-0.85809594565461511
-0.064978609965533382
0.50936149078827986
0.083811365888460929
-0.6965976721299395
-0.71254988466145985
0.21188936577698694
0.1208355943916662
0.96979464620023503
0.94275740888284976
-0.15989772410734293
0.29264515342268571
-0.11993982729164104
0.7389222688905579
0.66302965119735147
-0.85035180891223394
0.1531699393429603
0.50342901263372319
0.64847743051434381
-0.71259039311377903
0.26775353173294358
0.54303041426840049
-0.83393115993671374
-0.098370674827901433
-0.8256120058667773
0.49037239371187075
0.27910523329727532
-0.2479086411999365
-0.81805077857252562
0.51897420869951338
0.38883542387432174
-0.43770437545019003
0.81069223065984519
0.2497384831850343
-0.56880228518393749
-0.78364191464339694
0.2831442002035337
0.85022487363229304
0.44378714058437141
0.11788217482156915
-0.83188668364492147
-0.5422806823348878
-0.51593905786010197
-0.8484552573910118
0.11802781358638417
0.26967567198154613
0.93568074707370497
0.22754465824733106
-0.74165095211906495
0.25221706947720751
-0.62156288103876811
0.73680226194683229
-0.23100842726484958
-0.63541917922160018
-0.50693774062496588
-0.58823313438371472
-0.63007611186519796
0.077705142695572188
-0.94745506375214861
0.31030761023389802
-0.40503217900068389
0.54933547175679842
-0.73087582628220338
0.21541834952588712
0.080651818685994192
-0.9731856034848565
-0.34380676176991348
-0.31044953211870574
-0.8862381161790337
0.24712326066968812
0.5604053428728758
0.79049095232995281
0.72814948569441218
0.22400356778227107
-0.64778138913045091
-0.31267926498793835
-0.53583536622627048
-0.78429085009820265
-0.80339310644706829
0.36963257631052082
0.46683109905336917
-0.13331079200214682
0.98767946871279966
0.081960355166155283
0.86387872915257646
0.10407660113818948
-0.49283019632856451
0.21729277368586317
-0.35573025611429498
-0.90897735691752102
0.86878631549296126
-0.086702075716698065
0.48753778118067992
0.23547787740524262
-0.86575378296544003
0.44161131839407292
0.82368654215256087
0.32090100732093102
-0.46750724462533144
-0.58761678211767254
0.41705086822214421
-0.69337947091677554
0.021324745725514734
-0.28518717944543109
-0.95823458917934168
0.32129761707535415
-0.91590432270669564
0.24059740835862731
-0.4820050014605371
0.50462464855378963
0.71625773478475763
0.38030529819735037
0.74082124245051073
-0.55367117217451922
0.3381714820069851
-0.83046154772128555
-0.44268913078317884
-0.32801853080720611
0.77827615335278066
0.53543447084538831
0.15408507311608938
-0.92468537117676741
-0.34815909376963472
0.051333589137082143
-0.50573119299656089
-0.86116248353988378
-0.026302536204912883
0.35173442455002751
-0.93573023418913337
0.77915226931635562
0.37480211191457008
0.50243916858018889
0.15869318767928167
0.79884057263742347
-0.5802328943557935
0.1257280384634489
0.96053424502076346
-0.24812582390095111
-0.039846813015030368
-0.97022354793248222
-0.23891106824475808
-0.85541684682124985
-0.14247742669229457
-0.49795803142185829
0.59049561709401832
-0.14240388371266588
0.79437778172372375
0.47014800767699394
-0.56258062260764274
-0.68004697921816415
0.16082489335717887
0.49904227221767589
-0.85152343726785995
-0.18691922353867343
0.12314050643036641
0.97462691300198168
-0.22677767921581637
0.24505120522957108
-0.94261433843593889
0.042487425817379798
-0.63541809843419184
0.77099848172982066
-0.87680285286834958
0.47383996562763669
-0.081807360157403877
0.81747141825719027
-0.57037721041085676
-0.080064462631727104
-0.59840877159498818
0.20050753517559289
-0.77569560422628769
0.41050338146142945
0.9103101046256098
0.053127085608410091
-0.88020436242421618
-0.39837084246976606
0.25795532993002451
-0.60422329468660807
-0.79004146538255948
-0.10367590430875791
-0.73392770451904521
0.019871118910706191
0.67893686243467577
0.64397232869260401
0.58598914058965701
0.49184994356939815
0.97061448864073085
0.20480355517224177
0.12634483855505527
-0.46917465409415071
0.77667847024810244
-0.42029239561131887
0.68673346569990679
-0.72629600998156152
0.029853860263927362
-0.15041202605134776
0.34387640362101923
0.92689009135485012
0.20627268107446137
-0.095869224748333703
0.97378676967214284
-0.36898839080176743
0.89078786980973168
-0.26522544835170425
-0.49059423478326802
-0.41867893207598239
-0.76421544647640738
-0.23555431703062668
0.86494912415189673
-0.4431446449604256
-0.003875291531537635
0.99632432534504733
-0.085573482114974592
0.68585882343476579
-0.45080616242554378
0.57128931220164891
-0.83386814430020229
-0.27403258757766852
0.47913469804098341
-0.41596293912900112
-0.90637799043630085
-0.073849656220024831
0.63827550183206749
0.70415225879482246
0.31108516550162219
0.79392519352935176
-0.584982994421686
0.16576393852952159
-0.80365302368229308
-0.51060449881877534
-0.30565481071354811
0.29024141887927474
-0.63690962824263941
0.71421708479899049
0.51982085649776288
-0.84327923984589948
0.13662503721812544
-0.11874741549434295
-0.62542120157481873
-0.7711986591884894
0.66464873512234546
0.44116064750966028
-0.60300857538605834
0.45808885666311683
0.84205854864620111
0.28476657116475546
0.18561391428524263
-0.49871895922217963
0.84665629067293691
0.89564476651549108
0.41601224848479357
0.15733487001945284
0.69498152227883625
-0.68854967263957068
-0.20712322901821442
0.085122868190631057
0.81504192463687375
0.57311496088936731
-0.74930177514546414
-0.60834424769070095
0.26165650396176171
-0.77113974290690235
-0.47145226914129545
0.42787411096139033
-0.39279459220290541
-0.8577656383650093
0.33158787368723436
0.40151927327808112
-0.41388437121329796
-0.81699571629942747
0.48447898977097636
0.55419416721336145
-0.67686699838091002
0.53462329779167095
0.83631316483619667
-0.12148341360047052
-0.98997904590549812
-0.087976760146184455
0.11046075476032399
0.45705721195498605
0.81647549093709226
-0.35279806929597712
-0.26045634507782395
-0.92809392596909746
-0.26609050506917503
-0.44799094230553815
-0.73189478791818541
0.51345314784349139
-0.010859290641342579
-0.86865702856390692
0.49529490461066761
0.45775316051888981
0.5990323763929859
0.65697964661619435
0.016926777680423295
-0.064915083148320382
-0.99774722058104681
0.40953867782548103
-0.016055339313304148
0.91215146628424137
0.97063963205682025
-0.22651806281424197
0.08092139333627249
-0.7143465802168294
0.46813388391988225
-0.52015346779446447
0.55552103056759594
0.33464599924097399
-0.76118883320049191
-0.72140412953857869
-0.2001753847670418
0.66295240946696332
0.1986528985488806
-0.30352762477374773
0.9318841166675903
0.5659903300010134
0.28067468554831565
0.77516234895517078
0.72875969322782908
0.21570754481381066
0.64990735081000439
0.8007650690771515
-0.36840426737554732
-0.47228550679154985
-0.91474886097880626
0.26198476370941465
0.30756869951622029
0.59220143024508298
-0.64946774267303031
0.47695819234276338
0.89751760895335075
0.28781823806015266
0.33409999021043019
-0.58791905586942617
-0.010623656604773322
-0.80884999948441993
-0.93544297275528776
-0.18645915043308814
0.30029890100118767
0.57407801854236806
0.6501513437680102
-0.49773251734553065
0.85974569602681039
-0.12096743590146311
-0.49618969922278811
-0.12299673953294296
0.95379089456140853
-0.27414363300287242
-0.15028455861557963
-0.4191564757740906
-0.89538952431797225
0.65251970971036544
-0.47627341687246899
-0.58939092359835676
-0.36995201120186499
0.22192350204529271
0.9021560112572814
-0.69395672543096709
-0.71528301199147881
0.082427398269794047
-0.65308488019920397
0.7572102005519914
0.010623155614252883
-0.95127188049305211
0.12739445298495269
-0.28080680677625536
-0.39083559723236599
-0.093625233054416321
-0.91568654662582327
-0.96920492324120744
0.23993434920225543
-0.055437576046354929
0.9844995646375736
-0.12830269466322453
-0.11957853390380507
0.22950493734797556
0.34964790881985808
0.90833574386941429
-0.51400662018761611
0.64882663978729527
0.56108928514598388
0.74980268609069833
-0.0069226929813201348
0.66162527782201619
0.27870731573151658
0.63656692826845807
-0.71909997774481427
-0.68720627864122752
0.68666743501764638
0.23713996770338369
0.054994788750793111
0.68583355090018727
-0.72567755488915053
-0.91975037954152361
0.37500596126953573
0.11588687736553487
0.46585474100052704
-0.80773578960403258
0.36130631668998248
0.50126992579806329
-0.56285179304247879
0.65721101676651072
0.633755503461498
0.71697457533807141
-0.29034706843888647
-0.53935956879112157
0.30961359632766222
0.78309046509487445
-0.46703948077399648
0.88285084836392946
-0.049482349797133535
-0.0060521433680120638
-0.20999256732407778
0.97768425027167938
-0.87132128119876384
0.077383906548186179
-0.48457296244991471
-0.12403294323567239
0.86480392485507906
0.48654907311343942
-0.43069843911625233
0.33614109149113164
-0.8375607566940888
0.79093660612650152
0.5131304156019495
0.33334135907994067
-0.011514645294504015
-0.42543513731703231
0.90491566285471026
-0.58488766754886168
-0.75138062387994609
0.30550544087959419
0.94940657573626897
0.062059357684811974
0.30785676876183921
-0.086778533178421685
-0.98312050792633143
0.16107002537428761
-0.68821082417151447
0.58280948075792305
0.43208676285191266
-0.051739262563622546
0.54068141298226524
-0.83963483632164382
-0.39176075127743398
-0.22197352465241885
0.89288928099284648
-0.10763613580992169
-0.78300663629512091
-0.61262963508608381
0.39957904567906516
0.2212647516425596
-0.88959456829207539
0.22522472799167012
-0.13877732239771684
-0.96437268557814226
0.73646849711913975
-0.22609206910917365
0.63757080315601689
-0.91144816618962454
0.33368344436364605
-0.24066075564408942
-0.57512932306934506
-0.11379958505166815
0.81010858296148491
-0.17192968567683756
-0.92276724544353528
0.34487794061031818
-0.98204815200149254
0.13465403975229129
0.13209737593473145
-0.36162060134146951
-0.45338982404649925
0.81465833828453404
0.60174196130349333
-0.10787286005191311
-0.79137226263677285
0.53649588981299379
-0.77936072978200166
-0.32368041814022369
-0.16550166767206737
-0.55622266671400611
0.81438660538550378
-0.21181178520036756
-0.97581922448664293
-0.053968590610836087
-0.55371849007102125
-0.21856242801563661
-0.80350874221341129
-0.0030225605219344033
0.14825478791162008
-0.98894457983709672
0.049765939654067386
0.46532947974399741
0.88373741944738782
0.19277184770971764
0.29527125444485303
-0.93576380621882571
0.082300464553385119
0.92287496200951902
0.37620265553319232
0.85759613008561886
0.13717467544640741
0.49569343961600226
0.70513997789962946
0.70704047567213091
-0.053585234244488723
0.0026745136366613468
-0.99949238943974172
-0.03174603012729954
0.88720976472434931
-0.37653623474318038
0.26660700910364926
0.014157429426675415
0.899335117271165
-0.43703079300535375
0.9277557463924998
-0.34724353007435649
-0.13671578495987635
-0.52352264085441569
0.833952514963618
0.17449139605916067
0.27742738087154795
0.72311846659289092
0.63256124732321295
-0.20497859771211743
-0.33084118083617992
0.92115573468490985
0.99071758996317583
0.094859860871828822
-0.097366645895470019
-0.57739135398467256
0.78791877936877652
-0.21401687190911847
0.37046010843568111
-0.89937128623763218
-0.23214348483015948
0.74912782416775336
0.00085743298177837852
-0.66242491488950617
0.93632186777720849
0.19418666766117876
-0.29256263948913008
0.029657753271279161
0.24078989334623041
0.9701240358496489
0.3039948781818852
-0.71812766299740027
-0.62600301411181158
0.76688308287723317
0.62531280825763347
0.14447916467665176
0.74044228211920082
0.52537284036886256
-0.41919995879396682
-0.1024257763933379
-0.74282072492782281
0.66160889575936466
0.57490913435366431
-0.35353657405877587
0.73789659034278243
-0.34095768692226169
0.73203601020566755
-0.58980601513615372
-0.41390716242477765
0.12241317790716959
-0.90205092692604461
0.36543072739086307
0.43386014387787014
-0.82354463086881857
0.95037979820114582
-0.02203974690464397
-0.31031031037902779
-0.20009494726248875
0.65321769752130809
-0.73025245752752044
-0.077126702692121421
-0.89754812199104639
-0.43411846360433315
-0.54414935699252487
-0.33337263459821154
0.76991178961337448
-0.39336427060697043
0.0022624283403809291
0.91937991713320055
-0.94520489674349495
0.032752223555657128
0.32483071748878606
0.59086530002824378
0.069819101926882454
0.80374342313244285
-0.65799392846616733
0.44597693527080012
0.60675247284879241
-0.8025070194862356
0.50475826641127641
-0.31812195171789315
0.21056872120021322
0.97747375015771332
-0.014348568037367119
-0.33586410769546188
0.93292300601040912
0.12980741896530068
-0.50390884457175034
-0.54930133079126731
0.66659127233508397
-0.67338341332127294
-0.56183330808550547
-0.48051858714256751
-0.31538864187232363
-0.70403179560895313
-0.63629335636132855
0.36418260409538256
-0.93131182394612277
0.005414559303580058
0.75951309473531359
-0.52847752541029502
0.37927742361205408
0.4158115488302212
0.432295056441311
0.8001385755204008
0.59154441715229866
0.11576446243125078
-0.79791841172763445
0.165130091183185
-0.98020440397200126
0.10923085379015665
-0.77114694031371145
-0.62604726861183457
-0.11574633431976387
-0.62293035273783759
-0.61593704959720696
0.48226478885711827
-0.74996153654718112
0.032039876752124261
-0.66070503252018575
-0.89813036207190033
-0.42432927795438569
-0.11535387551056439
-0.20354351796066447
0.031105126577726381
-0.97857166697017162
0.88009251407513533
0.39721966398517133
-0.26010325875008755
0.34151593518506373
0.92177590086641892
-0.18356485120134841
-0.46560726923097839
-0.83858612620013284
-0.28281297668941208
-0.12975073840433296
0.94771775331339403
0.29154040189679226
-0.74686446027401809
0.64673491192569355
-0.1546849432752431
0.83188966489906357
-0.30912617589071884
0.46086938801932148
0.38509489726257112
-0.74025024207537926
0.55111840761280351
