0.87968429911946788
0.16680728188769314
-0.4453435354778717
0.27740993665353714
-0.093841560921235162
-0.9561576692626309
0.27717049810854705
0.94852244835168797
-0.1532373321067001
0.25474595817201329
-0.62957772858900196
0.73398663506887885
0.093925820879268623
-0.64326342002740255
-0.75986190365539774
-0.88164240620060474
-0.10053408418991971
0.46108520417044618
-0.99762849636598172
-0.031670912720341629
-0.061109218011776989
0.7839559564583134
-0.19429362369246375
0.58962958382868003
-0.4209317977999904
-0.84757042773644842
-0.32317300572220076
-0.20557281363282001
-0.41207515271046602
-0.88765640132527179
-0.01209167448448229
0.98029732917023082
0.1971571399414011
-0.00029082795166673837
0.90578251832487577
-0.42374278155049283
-0.32077228769645871
0.72104064786398614
-0.61417059810272867
-0.1860295232914195
0.91988346398525755
0.34526428884327276
-0.98303166732003699
-0.1390872078886293
0.11959719749113469
-0.41159627124006731
0.90901143595529199
0.065473038754674653
0.5179671663100377
-0.73087524819676164
-0.44444503169466509
0.30304043977743417
-0.63842943730609769
-0.70751278818161201
-0.51088894887299507
0.16989526309258532
-0.8426909762766821
-0.38011880771922085
-0.90370618677609127
0.19704014819506854
0.83663268549380487
-0.54674815879450511
-0.033349668937530073
-0.72032580475268249
-0.64404825441924207
0.25755112305506989
0.36717973552902983
-0.29137933276547001
-0.88333296454620147
0.84677177503965551
0.26666802607247136
0.46028874075606363
0.77583656470067197
-0.58223592183035955
-0.24306163046398668
-0.17906031891203675
-0.94068665942767948
-0.2881770479512773
-0.65337385440726414
0.47462450758421776
0.58977468848487735
-0.77960902886643124
-0.3680507415392964
-0.50670347715632846
0.85921684530106535
-0.47916269457356359
0.17930288586603124
0.22070734375381898
0.90318278330991897
-0.36816997208583097
-0.18260948487656262
-0.94157134813889076
0.28301443849568525
-0.82041810962005191
-0.56786232025486749
0.066682161349336702
0.25268339140776658
-0.77603731265850584
0.57785568533019882
0.028139502092077464
-0.93687785915397026
0.34852266131355564
-0.23624171631153648
0.55384907414331375
0.79839905720433657
-0.32586296968916723
-0.22862979948407847
-0.91735584141227711
0.76735940572930617
-0.25916585534225844
-0.58650882505166257
0.49008719907500825
-0.11129127225292709
-0.8645396405157707
-0.24620740052729784
-0.41230635598405535
0.87714615928061845
-0.23200121779242869
0.18138654963183184
0.95565388847400656
0.50088488253063945
-0.85896103021598957
-0.1063027893451223
-0.81506201518638344
0.24785862451030458
-0.52367930420837849
-0.11489337387871611
-0.61404978347574102
-0.78086002334103455
-0.89188194755924777
0.42426830760859358
-0.156662039999686
0.96199016566583717
0.27252760094712902
-0.017424921354696612
0.58606034982960431
0.072295595771542182
-0.80703569511493101
-0.42914331182353388
-0.035486126467784082
-0.90253905884756125
0.89664262357686841
-0.13744786391914804
0.42088013767491306
-0.92977775370278559
0.36099802100110434
0.072067728926951555
-0.24356386978625125
0.85499482779618108
-0.45788697926073907
0.052350239272624007
-0.69885521084927493
0.71334483016064143
-0.62956137818087243
-0.38498793365801864
-0.67486055006996049
0.7303430677545133
0.21262948628302439
0.64914382454579633
-0.29810340882207631
0.94784552252020282
-0.11279726542368741
-0.88877656195033961
-0.33701876368330846
-0.31063576074416849
0.60323187810436263
-0.73235217681998765
0.31586641218355122
0.80278417802030488
-0.41734228702092419
-0.4258673255656133
0.38935015624928732
0.098142903379934088
-0.91584628969320636
-0.70668193635951659
-0.54014774293509704
0.45699130913539737
-0.15434151556654027
-0.73356746231258096
0.66185910495278633
-0.89524242604670801
0.05312295087685865
-0.44240134572143797
-0.50107104247087231
-0.56793653318425674
-0.65297465852190695
0.2011064679427004
-0.89462866977389643
-0.39899339815365392
0.76938183576494845
0.33171532804757564
-0.54590890442751272
0.4432931873723881
-0.77031635378465091
0.45837088162442124
0.041404699909726908
-0.83900856355767128
0.54254058014334594
-0.65925979209573982
-0.40802435313564944
0.63157949125515211
-0.58541829183210214
0.80006030596246636
0.13110656128366846
-0.92688455784618762
-0.36388392372093453
0.092051651173319704
-0.70815564904645156
0.57868995678198742
0.40451639106871851
-0.62919375720188453
0.14552310410888492
0.76350392406895362
0.98857420366122617
0.10316667034876906
0.10989850765465937
-0.34111018588983538
-0.92935992987162286
-0.14118768300108239
0.8474212871194795
0.39366878551386303
-0.35623313917827021
0.31356491945786769
0.94675086046645696
0.07307427380004787
-0.47680502583795126
-0.7262384560535855
-0.49521174489764991
-0.21269996124916671
0.47967427278323049
-0.85127628800201038
-0.78468688827690769
-0.52816799407422865
-0.3245074073143932
0.19875937856006926
-0.96112901852829957
0.19163955535651425
0.69464887803537345
0.5377636650676707
-0.4777794227226439
-0.07999786822067477
-0.25421543411115943
-0.96383341617720553
0.15015600418632305
0.80985657318661808
-0.56708509526633211
-0.3729643980813156
0.33213556093277657
-0.86636223770874954
0.2076642947078941
0.50839975336549037
-0.83570642661246852
-0.095867176489283376
-0.56534123616136622
0.81926721597260987
0.49738002193028619
0.63493739041593933
-0.59115786727102348
-0.6950057343263768
0.71759961722947485
-0.04492013585870902
-0.4445843985469507
-0.38491741308906563
-0.8088159850481863
0.063816254782524381
0.97470534336820058
-0.21418912025359763
-0.73132119929817641
0.65453974856691755
0.19169512514154705
0.56506765130166936
-0.81830573514624527
0.10523437308778089
-0.76212596100174779
-0.20740176560074963
0.6133094872842374
0.43498774616703123
0.84869070607411057
-0.30084837727326069
0.70087451756476371
-0.014601975492531319
0.71313511548659236
0.6927464876426308
-0.71913527814802181
-0.05428402694868438
-0.69482980625074664
0.4264124512032873
-0.57912344263063142
-0.65876715894575422
-0.55559011595382479
-0.50729227605883653
0.85161448962683284
-0.061708406573519226
-0.52052361484930376
0.44960924878617647
-0.27063651454972032
0.85123874465293758
-0.47362018841459108
0.75107176335733483
-0.45997295943721611
0.88892292057690681
0.43432486296024869
-0.14552647418110348
0.60704984663810291
0.74540971718038662
0.27541756884721696
0.71742020842032805
-0.40893875662769419
0.56398345532287419
0.073354055107394886
0.67671641742888
-0.73258042082867814
0.25247276469973723
0.84605626924006216
0.46951708420935928
0.44531558589592368
-0.629677419653487
0.63655351396147086
-0.77061544778163305
0.59964117281495333
-0.21582932030986943
-0.56073129497051555
-0.70331803954513117
0.43694868130145648
0.39308588428237606
0.86639865460534138
0.30795593658183773
-0.53607036440878364
0.59012794663690538
-0.60363695297814868
0.44974434716376877
-0.45766193002066813
-0.76699125158243653
0.33740471643361891
0.70769287019958782
0.62074862770449879
0.88573921356931795
0.45487407450794892
0.092496604727648424
-0.62926127170591917
-0.69918983604573737
-0.33935796012674335
-0.80801176307132927
0.44787213526346331
-0.38278916023433596
0.42117634478410254
0.31942919240685252
0.84886717313877136
0.76655965871057641
0.61440533181841195
0.18679501564718431
-0.48661170224734623
-0.87347755846062725
0.015684581652098979
0.69354776321040157
-0.096778409451030584
-0.71388054995914918
0.94463727114385088
0.22382353715860737
-0.23992384245778509
0.40945558957236511
0.5331371839757586
0.74034509739063237
0.99114917017052684
-0.13035582095619419
0.025113391111368295
0.31395717136741202
-0.11751857760872257
0.94213601908843081
0.94729965998456389
-0.0036210520548695347
-0.32032833495516067
-0.56864161200836938
0.74549880834137405
0.34767548641529838
0.40759371451914977
-0.85785351209252858
-0.31297718075763248
-0.72595120182296025
-0.18729367107083397
-0.66175216913026413
-0.36452591434309095
-0.72823701879613223
0.58033757609451353
0.93116768971446096
0.28476196176723689
0.22767819123119434
-0.30774167861954488
0.69742531064883462
0.64721943365971446
-0.15685687762044104
0.94814067491421228
-0.27645104542466142
-0.14715819538563113
0.29787351661647271
-0.94319448346000223
0.053800218840669788
-0.082280830546323666
-0.99515596836742282
-0.30253907874149971
-0.71476420923766626
-0.63054122072002405
0.076057330534875525
-0.17219676318279287
0.9821219665709946
-0.49599784949945874
-0.044089976538099498
0.86720367115273567
0.75973783330989519
0.58910656258730687
-0.27523059886966306
-0.94964961502193745
-0.13365654685726633
-0.28337525680778364
0.48544495582553165
0.74070551068826906
0.46443357038394445
0.65198597905224831
0.25596714689468497
-0.71371920447041082
-0.78250190922094676
0.028043171124306904
-0.62201635237256125
0.75281003167876004
-0.55174505293947096
0.35896302422484222
0.58539392076282193
-0.28255456745716906
-0.75991899169781452
-0.0074061074501936934
0.18602274049147816
0.98251752635384382
0.19296188036956435
0.94642044894254651
0.25894796108027357
-0.090330456648014187
0.9946412434801386
-0.050291205692894234
0.500264512890503
0.85704845428386511
0.12330192274277503
-0.8438761898210736
-0.46206735763521933
0.27270264623042023
0.57686100352373337
0.15999224113148758
0.80102051496282856
-0.55094095975318413
-0.20111128097208036
-0.80994957345010632
-0.19309067350928769
-0.063311935122629545
-0.97913614511709135
0.47702271115289024
0.29098959726145829
-0.82932164286841115
-0.66688254469851593
0.60845334641250726
-0.43017693663869644
0.66188060229958678
0.74880665137934788
0.034679491772279976
-0.2156569081424867
0.96794434844641219
0.12874717970143557
0.11506138615561726
0.99324018331794384
0.015323695979930777
-0.4525734719559244
0.5360888074371879
0.71259107700162361
0.41027880374246956
0.49254114921597375
-0.76751190188078267
-0.1417060091452613
0.8306255926974746
0.53849840457339548
-0.52202730836937161
0.84610720425496455
-0.10765727204641921
0.58590508452205858
0.37953241114703123
0.71601004240172517
0.065452509523328872
0.37675909607729069
0.92399596996963218
-0.24155125128429389
-0.96912750299971684
0.049445686692834404
0.8921509526251522
-0.39611407323854803
-0.21716426665637178
-0.92860629645897097
0.25735044498736392
0.26732208034795685
-0.52452294114686038
0.65606228772709096
0.54263980579473059
-0.17206701157081336
-0.85804876047978784
0.48388559409036869
0.36584738618412238
0.78503486677705636
-0.49987593257384855
0.82922496473845764
0.45113161330436419
0.3299488222920417
-0.88157945590648656
0.15307099469491908
0.4465276402494377
0.2336194111503769
0.23963532643870089
0.94233586425242688
-0.088478500334954413
-0.99155057734705054
-0.09486309894373196
-0.92382766902281443
-0.24303987171431948
0.29576013711276317
0.72248528247286103
0.42399549880488907
0.54611613563719519
0.33041879820960296
-0.77575558278326162
-0.53761202885568293
0.97004617388826619
-0.071882378513336218
0.23204168630657981
-0.39716887854917116
0.87531712246513216
0.27582026218418826
-0.67190431362128644
-0.73930690143805144
0.044383542255832104
-0.31886423845748207
-0.55327078667153939
-0.76955638782923885
-0.8177146415606783
-0.34580211627848362
0.46017785839239772
-0.29917436527698948
-0.025902685179856031
0.95384681687448314
0.50311933458934377
-0.60451786482626579
-0.6175994545563237
-0.082590395618074353
0.70508052383889641
0.70430127179689062
0.48038552170834664
0.87228328982050096
-0.091387159015496724
0.015197822185057082
-0.45891455243682111
-0.88835041496165446
0.23432718273008074
-0.47542552571363195
-0.84797484687560187
0.55759524997706778
0.57916978940115438
0.59468469986038275
-0.908297959561849
0.26909692237993998
-0.32028372269196909
-0.74392617705462383
0.26686875254946202
0.61266215160199555
-0.97085529473832466
0.22348387511200551
-0.0865734037882432
0.17205107087618884
0.64625046495999994
0.74347748153480786
-0.83180490558026765
0.55483346837920378
0.016137577851247413
-0.74707421284029096
-0.64943605567759488
-0.14182006238536063
-0.95706491665444671
0.0076211058173390961
0.28977347024070044
0.24350364307842395
0.46636133832634896
0.85041935415534375
0.93591645400932877
-0.28199708557213626
0.21104036306693866
-0.5259956705687362
-0.5812814993068095
0.62083844364421648
0.76862741027660586
0.097963917904187139
-0.6321510697296493
-0.63011342557375938
-0.0009188011227275251
-0.77650256066300194
-0.68103942610861123
0.21760168447446371
-0.69916722391680353
0.84587961359287756
-0.35363557327290152
0.39928631409542487
0.61291120408305622
-0.60299143459127569
0.5106282265200518
-0.052832999815437418
0.10951393887037891
-0.99258015863888638
-0.57134221532123974
-0.80424092868998287
-0.16359890467754371
-0.16847952531469781
-0.21221671239820644
0.96258958883245305
0.63616470364446343
0.7482682009510242
-0.18812009271332375
0.24155047333548946
-0.88628419384115364
0.39516287348223572
0.5299687073127578
-0.063610668845437937
0.84562808141539403
-0.54681221430846638
0.39062832271150105
-0.74054433748336168
-0.4410612265232266
0.16973359124484427
0.88128060370176953
0.060572607487808502
-0.9664868318880836
-0.2494677594581379
-0.45736881557526282
-0.43391252219748416
0.77623043590128515
-0.0019071626548541776
0.504653432189482
-0.86331991527473972
0.62024650059099262
-0.74173207025137711
-0.25520151736467794
-0.39426507913348957
0.87010879792167128
-0.29574605179979535
0.89536565722977601
-0.22582876918888162
-0.38382509930973285
0.36271902622126928
-0.46145665092851074
0.80962501649278162
0.16123041844984989
0.034304747270114865
0.98632040254737707
-0.36547456678740564
0.37196895964245325
0.85326867638163606
-0.56365871842624826
-0.79232668588665123
0.23346792493607141
-0.29488454840633027
0.13169167096456397
-0.9464145005808795
-0.96725761950241462
0.076546250902804563
-0.24197803410071572
-0.38439224193663601
-0.23891565947610852
0.89171851612267361
0.57973802796940055
0.71080142504139243
-0.39832794665360416
0.29143077760798358
0.66816445063655849
-0.6845614426538732
0.28169308388197756
0.31109311598843675
-0.90767289244400506
-0.56288570859835185
0.34816905195664
0.74962523324348274
-0.0058506177084708157
0.55482531725398354
0.83194629490517358
0.83527465505679865
0.040548019943938286
0.54833576273882778
0.1324765202223625
-0.9909231182860061
-0.022832985702968857
-0.15293378230088817
0.37966280673083597
0.91239652093615986
0.92977744930122286
0.10037044422498324
0.35417463022778939
0.73415219308063007
-0.66141735285819991
0.15345241194895889
0.59718124091330993
0.45574800624617867
-0.66005175577667585
0.27889990933215186
-0.94506570955189018
-0.17048649566373314
0.39099487787349163
0.092542441558347135
0.91572861808895822
-0.79410944994849275
0.045576519685782448
0.60606349696697093
-0.81521715304348896
0.37735678807182371
0.43934365578643036
0.68521249036358323
0.59986991310367932
0.41308586323271879
-0.31079343482697652
-0.59038774293294038
0.74488237585742223
0.93755469380461376
-0.34778508202919683
-0.0060607625660080815
-0.57829168885753079
-0.25680681637670855
0.77435714089867103
0.79315067610614221
0.60671998257022597
-0.0529421169047328
-0.15175297460723403
0.65500962414075514
-0.74022525421714902
0.14844447435589769
-0.28499069733449084
-0.94696596584354709
-0.25288644977109082
-0.84674570423859363
-0.46804930923532162
-0.024416855555302413
-0.89338897985928301
-0.44862004840486236
0.63473599865471875
-0.24108173073871128
0.73415925460067888
0.55519079007174243
-0.44615182121326868
0.70193428399501745
0.67701804777687313
-0.58655249623880057
-0.4445252885274617
0.4157832750711703
-0.8724973838551856
0.25665654742661198
-0.96261243453912437
-0.25379752009303913
-0.094679034982847785
0.070968832789277653
0.31337061376356612
-0.9469753339987127
0.96631472417425779
-0.18277529001598028
-0.18118787819167767
-0.089264396474148577
-0.77276196845124678
-0.62838746616833485
-0.87900584722969555
-0.46159056197260351
-0.11951097704320471
-0.66870625936691996
-0.063652791998370997
0.74079704423972537
-0.38251099941738448
0.54863811893747871
-0.74342555092857721
0.22370108243213913
-0.32137388909541681
0.92015034050223343
-0.078179011321939093
-0.013127494451073259
0.99685290343067223
-0.60624994987100023
0.74646590292212767
-0.27431670393190138
-0.079851831431741474
0.79828484032138369
-0.59696314687764407
-0.8457138398824382
0.47459409929279894
0.24398471662741211
-0.36332893903359081
0.80368508839379926
0.47125615195366555
0.17523615070274587
0.11333037285005165
-0.9779818597891029
0.99275659094475566
0.049709826483867098
-0.10937679958149708
-0.024800969668108803
-0.99099440676510564
0.13158646459190981
0.033839365510126534
0.90917350863559787
0.41504027339176197
0.35974796392248909
-0.93199381437392492
0.044372653992808743
0.12158267613783948
-0.50801208208738913
0.85272585120682076
-0.38009460500335845
-0.83493984724130343
0.39799942554733625
0.09083318845388072
0.79294406589374578
0.6024857178715497
-0.98758625681557743
0.11632663211545528
0.10555330411537048
0.65085953817911213
-0.44040622216309921
-0.61840457715099406
0.12449452723635047
-0.7920593870116005
-0.59761445776939293
-0.021445813676452947
-0.36792480682321121
0.92960820435270342
-0.85879752205518245
-0.1635763401168504
-0.48549932756478126
