-0.1884987264266384
0.66469870209798287
0.72294112178295156
0.2286515198379247
0.015638010906839448
0.97338272795991443
-0.79360409344664107
0.21658902544333991
-0.56857869896984292
-0.16059452208977809
0.087458664657834376
0.98313802767008485
-0.90059052667126482
-0.11619896167001091
-0.41884902360729598
-0.19686042265817924
-0.81901211829532172
-0.53894816455411843
-0.58945639352224011
0.75055669238529787
0.29867341972695771
-0.127983159132803
0.43455806504251154
-0.89150412174307747
0.012240994971633884
-0.81848912940456575
0.57439159385271332
0.54534376020817688
-0.47535576028493276
-0.69038908187046222
-0.27221862516845075
-0.56385346880827347
0.77972192852598154
0.85340832760481145
-0.48692580847816058
0.186003987625665
0.26971297479107453
0.23569812239082835
0.93364945580811387
0.38543137889696832
-0.84146638963067766
-0.37865151166144073
-0.22239962928776802
-0.82742407755158198
0.51566248727300001
0.57540140763500691
-0.71276329548533002
0.40110061667933722
-0.88558127056370373
0.28329357987503223
0.36809042479853327
-0.0012731900445775649
0.94802032156542637
-0.31820724203904616
0.19326734436259269
0.96824735422734565
-0.15857110277341227
-0.97190027345815133
0.023971604266290206
-0.23416921369144744
0.92132900538443008
-0.30627535693006308
-0.23947498736757319
-0.64971260101200512
0.29801688398042514
-0.69932787228081583
0.13582983143614863
-0.46236934910335847
0.87622191361650159
0.60395243582179559
-0.26164008244670739
-0.75285185961263323
-0.47440250562324432
0.3629289312203493
-0.80201300085574823
0.84097650844665128
-0.16050656311050715
0.51671670714167217
-0.83574946512837778
-0.047295023313661304
0.54707039063304319
0.5907409551734133
0.68326320925198425
-0.42915790889075139
0.31002658276738942
-0.92263903835663752
0.22939207239552586
0.81730314678584526
-0.41115838875064992
-0.40368842640571756
-0.1289860724722468
-0.4244164872218969
-0.89623280373037539
0.6124552080588519
-0.56536887536265401
0.55250036460870888
0.020429100092897168
-0.99978573186920827
0.0033379964268801781
-0.88786919416295418
0.43109043259322438
0.16077727757059737
0.51143577059087153
-0.84192670482486653
-0.17202580115454624
-0.79154011191294626
-0.26373359172653643
-0.55127927933839593
-0.24119798491325672
-0.56889883582343104
-0.78624274029877661
0.52222335113790619
0.85268578863671096
-0.014481622260140239
-0.45347581445843033
-0.49543958664545706
-0.74087738640468837
-0.58268688948003289
0.50468762052698357
0.63699795487497091
-0.19766098038294677
-0.35430501552438881
0.91400114486159967
0.417649360762057
0.68985999276612586
-0.59132241783629846
-0.29116446838377891
0.93447408166206991
0.20489373600142669
0.75056101731855196
-0.54232601914719625
0.37754555783070126
-0.52893222080189761
-0.84837546973093614
-0.022130706188147165
0.99310866685733334
-0.045868350216324828
0.10784836698477419
0.95533906223831844
0.092829225409575847
0.2805530450226279
0.17627083135229052
-0.90142328774118219
-0.39542970340156591
-0.15735084012574449
0.98637631337445797
0.047984179950640443
0.36058619417518278
-0.59560463448160206
-0.71779712729593348
0.033092664361297895
0.72947347953893205
-0.68320810754471717
-0.80339526805665284
0.47966625878618335
0.3528120228198654
0.79128443800792259
-0.61114362151882984
0.019297980291609347
0.4151256092092564
-0.37493292835013892
-0.82891255740122161
0.37793995234142103
-0.82319335781967629
0.42369102901257044
0.014359026507814777
0.8597861214613215
-0.51045239121807007
-0.12950682308350919
0.3077266499651134
0.94261990838092602
0.59329964770250254
0.5448289129302073
-0.59258500122039437
0.22856623611128904
0.64285925215407613
-0.73108785903598494
-0.62224383263262306
-0.68187851360609042
-0.38451827711178194
0.16755438080181048
-0.89355940164230008
0.41650585255285022
0.068691115970375874
-0.13104418939669946
-0.98899390848078861
-0.29666334919353504
-0.89952856451969621
0.32068554513480896
-0.19119059927995108
-0.98150331076428066
-0.0098694328980399055
0.32100458860423209
0.94674518103523997
0.025092155777825722
-0.74558337674413189
0.38950507823971114
0.54073211699352064
0.93805786010995174
-0.11972244115636591
0.32513687605299202
-0.75006500137795939
0.62763734991510978
0.20850383857238644
0.70242073718792641
-0.19106303235857558
0.68563840735063553
-0.9251358362328892
0.073593154959198923
0.37243486955550265
-0.20298956571350521
0.89174639401068878
-0.40445470077670714
0.43207389722561651
0.878664654536914
0.20312698541501831
0.45354103893883213
-0.14856344369617128
-0.87876585572916932
0.90277556077057897
0.42652163187572106
0.055457951796279381
0.61252817431845075
0.17426624829799678
-0.77099968247091155
0.57667125721746471
0.78359290615313693
-0.23115453386362575
0.2261055845227192
0.7960736557714938
-0.56137598740438543
-0.3936252247885455
0.79124957254689732
-0.46795651117867715
0.30353987488727602
0.4422109463254138
0.84398638810314885
-0.13565778341680945
-0.010733966253437156
-0.99069760662217621
0.62168006891607308
0.39951653735288872
0.67372132836512189
0.40765024269146194
0.5254174550619628
-0.7468318268189984
0.427694785916505
-0.68307623194761347
0.59201691821102986
-0.98470421777382777
0.0054581078330941503
0.17414882301444415
0.33043718518167803
-0.37486698353129511
0.86619051674984138
0.31040539341019691
-0.93202131460414894
-0.18704213660406871
-0.33085100678431822
0.072496491945035185
-0.94089418638094813
-0.52773182817954911
0.152961503337641
0.8355249224427479
0.24251484379754368
0.43736528249486317
-0.86596660455588093
0.75812114224985094
0.23906423377688862
0.60671296821680887
0.17507859906266335
0.80124624113446752
0.57214678642647443
-0.38495276736442013
-0.18774962678068172
0.90363789459173816
-0.1385885043068287
-0.22260468521420257
-0.96500796918713683
0.98248859151536494
0.17804571995200316
0.054917111622217837
-0.81144495885836465
-0.018076146755423961
-0.58414923749143366
0.74921165858905669
0.48409913447420722
-0.45202867014776643
-0.5015675585946251
-0.8246072029295678
-0.26163513724670429
-0.36491902378323965
0.025830417168760694
0.9306808774386498
0.94635099129312972
0.29920890673327744
-0.12204028601239694
0.44995449892419159
0.076371965626947577
-0.88977990074183844
0.21348890042366628
0.94701892561737266
0.2399534203098824
-0.14766406112460853
0.63422592953601142
-0.75891553901364417
-0.068644603066058824
-0.52442605057372937
0.84868441481480228
-0.91843757621853683
-0.14789138217521408
0.36687948657307645
-0.8209768324214084
0.57095830117416824
-0.0019128375829075908
0.26853494652244403
-0.027396287216546071
-0.96288027601718817
0.84183705387094954
-0.51008223645291462
-0.17642700129252589
0.69845437234936847
0.71307134660065563
-0.060751497127042586
0.57007636140543305
-0.7364545966671483
-0.36420813996198637
-0.55889050197267864
-0.069914872340710893
0.82628888255277233
0.013818706089989348
-0.56518335850058554
-0.82484957091338595
0.87613104326260682
-0.33590510153870112
0.3457776132022588
-0.39404951371950053
0.59758822652591537
0.69829312774438534
-0.52863225869737018
-0.060257839733601583
-0.84670947072485025
-0.047011939994982668
-0.91443521926917826
-0.40199267065213745
0.76791419197180533
0.10138460249049153
-0.63247842346291494
-0.85904308587265299
-0.35789807624629699
-0.36599719074548831
-0.64106501569250651
-0.39271931954684902
-0.65939910654309053
0.72916522840037201
-0.59720974763125978
-0.33415353810193338
0.86811416185797907
-0.20427364316149785
-0.45238267063532323
-0.84218951569065392
0.36054091524167831
-0.40090780498443135
0.95514858018673865
-0.085786034769015612
-0.2834289082042738
-0.48573332846485262
0.70047914801867617
0.52286910102767159
0.94508987999166383
0.15440150678239536
-0.28803696540664392
-0.34379320873763897
-0.68481223749591991
-0.64252504153667811
-0.65919878051652492
0.60342647739273736
0.44870196583803673
0.76694448080686572
-0.12338765261365381
-0.62973935127350833
0.83775769366032038
0.53456885253798181
-0.11134715357460327
-0.95999869148772066
-0.27793268676457478
-0.033999028952146189
-0.96026617709267004
0.22287690439664531
0.16797248172959062
-0.18358125564701813
0.78316390747918208
-0.59409781736428158
0.27862614088019161
-0.77715963663302812
-0.56426090845160581
0.62694831653372896
-0.041355501222280808
-0.77796242255919867
-0.042050172184423418
0.9710328122508558
0.23521704987405667
-0.48327916535266202
0.37897286353639753
0.78918997525250989
-0.77325435091202999
-0.57093503628464182
-0.27588202757387048
0.064921298800022009
-0.66631428628998146
0.74283948255864196
0.78316818439257796
0.6113244011468375
0.11371047233079809
0.027666975964243272
0.70103453343522992
0.71259043031200142
0.99322679865246333
0.041364529165512663
-0.10857947396029528
-0.56612066083581614
-0.29020699067459188
0.77154863744187641
0.023955678181070281
-0.074763345254469857
0.99691352066728744
-0.42893321173063798
-0.7731146927840058
-0.46723652647875474
-0.99728609054034467
-0.06628179278857782
-0.032049610910080045
-0.81363323147505606
-0.28658874063194167
0.50583382486984363
-0.89350820672661313
-0.43958150327456136
0.091712520906736761
-0.68057108524740639
0.073946266093156729
-0.72894097679856584
0.38779029061760095
-0.12319925968916404
0.91347722079686178
0.51130861577276199
-0.82843858477036758
0.22858917450354566
0.2233502364258807
-0.48339390176577707
-0.84643074591141931
-0.70609712435045247
0.45064117673608944
-0.54621367688289746
0.2126016717744951
0.90451022962609517
-0.36967793234170571
-0.30331016340345235
0.2911204711015366
-0.9073322523099191
-0.66839002574052531
-0.72831891522924652
-0.15101765198106346
0.58952073116948756
0.60269732232342299
0.53779293895101377
-0.21315900836163107
0.95817911098585506
-0.19093461819335592
0.41175846681703659
0.81620419101188624
-0.4052970312981774
0.097888859296906147
-0.97434178068724109
-0.20267181755924216
0.75141532153757551
0.019609364519047535
0.65953808637692879
0.88345344369766265
0.020993979629856916
-0.468048358225987
-0.88629957867946696
-0.43528051826284864
-0.15812630158650159
-0.95088202905525276
-0.20317296520016778
-0.23354681122108448
-0.50961735051755774
0.15557422459416231
-0.84621913042272323
0.05023684973338919
-0.81836238223518432
-0.5725026377853808
0.6251249502686993
0.76375502390130223
0.16092563505258439
0.52148895078335389
0.76723823246106915
0.3733560885547349
0.91671011788516743
-0.39932514063535635
-0.013490434519147183
-0.095258218830134203
-0.70998309180668362
-0.69774628705134123
-0.67150959436443947
-0.41194318570670801
0.61593642238977453
0.40527269521421788
0.72261688729393558
0.55998113960331508
-0.34344403682942592
-0.14562415914885141
-0.92781452771472472
-0.36571758284306244
0.66853318993937827
-0.64754461124227325
-0.70188330945417754
0.053076554496151535
0.71031169163436159
0.70179436342839296
-0.67921673295174323
0.21482388400384456
-0.29053070280345195
0.46025762314860624
0.83890096618261678
0.430965551182936
-0.90197816926952001
0.026534427726881991
-0.39955272668755687
0.87800407789509316
-0.26356490243605246
0.72754852273955195
-0.34316358773414812
-0.59406388470679106
-0.78676641996490748
-0.57885505628124867
0.21430217972114807
-0.49170948470842252
0.85981402128334172
0.13762859968897087
-0.98796656463742716
0.150124820679435
-0.037210285869471664
-0.67443780883656035
-0.73232097542281549
0.094019311673270128
-0.64108358694158685
-0.69344573806866316
0.32885383213293351
0.74250183786384016
0.45385155188751586
0.49265585312478832
0.87380007971531859
0.058894008368266935
0.48270582808561724
0.69233196122442997
0.63764124606083017
0.33777225580134074
0.19854152018544918
-0.2221690555906029
0.95457958049626768
0.51236580513914043
-0.26662608893269907
0.8163282491893642
-0.57941039622607282
-0.62206845254671139
0.52660652587229229
-0.93060316933523812
0.36386871870969717
-0.039715195678398596
-0.33265817799619452
-0.35876676862404172
-0.87213814407083201
-0.369808376436777
-0.69269365489193624
0.61920696474575154
0.10109839959659467
0.99258441390763186
0.067492924567321283
0.43628565878857251
0.099884770408289678
0.89424708921858087
-0.74735960563986537
-0.5070769323248181
0.42933274340757738
0.095206682793406244
-0.97140828542760616
0.21748938032481968
-0.96140088265630219
-0.21617875511838439
0.17022070574154208
-0.56714786893607083
0.65036144219252601
-0.50534472320439949
0.26319720621194614
-0.25167838615367427
-0.93133518165336615
-0.71616608614919242
-0.174458213932147
0.67577397748163759
0.25165393114150203
0.20198516532830435
-0.94650530475445616
0.85457396705864086
0.25079877331678985
-0.45475631950358908
-0.12853817703382461
-0.97208275917444276
0.19629836056529656
0.15444010208884648
-0.68084779182956268
-0.71595707917974749
-0.12232921579261484
-0.9698036224606843
-0.21098932870100004
-0.55159868866941963
-0.60141718333996386
-0.5779586994254875
-0.8510585274879815
0.48113594508579433
-0.2102559990497013
-0.81311976591326862
0.17515733247523974
0.55511814522794112
0.62032074515245295
-0.39121266354941736
0.67981970037067629
0.2290709376791896
-0.97324357831440678
0.017984515021150938
0.61935220038811667
0.17121938915962043
0.76621587862051288
0.051880467258175647
0.54828922184149664
-0.83467798960408635
-0.18232984104445776
-0.13608290422042471
0.97377475436757832
0.47177865713789657
0.31704755029431375
0.82274282100881158
-0.36041519196975624
-0.92658780650821848
0.10740542922819038
-0.52161506156035009
-0.27781657408850907
-0.80668189437665971
-0.49514320014925328
-0.52023140549522928
0.69583941831604723
0.22589219026054885
-0.7678447055136346
0.59948913801166726
-0.73021750323110923
0.57685765048491677
-0.36608421032864341
0.11925480964266578
0.5469354829580575
0.82863735606025402
-0.71822189508090906
0.67666139197947983
-0.16213164413765807
-0.65732887893222802
0.27503463716050225
0.70162289962891844
-0.088436536262633245
0.51445979563566036
0.85294202483426884
-0.7256532116461365
-0.49058912970596313
-0.48244141845616134
-0.2848658015761556
0.77752945892399206
0.56062413040979475
-0.17743620952482547
0.90149217492976441
0.39475087091717154
0.6896823726850051
-0.70785729742493597
-0.15256562945122099
-0.51182059256440549
-0.83030808535501688
0.22051794580284623
0.95268203280932806
-0.26437336469099659
0.1500122275157858
0.86235495262364326
0.27601710257360712
0.42445081549261376
-0.66528338487403116
0.7446060889606525
0.054403952919548831
0.76566779545353136
-0.37248889100918103
0.52440905129495985
-0.5777948258159471
0.75298784817224218
-0.31490068238296343
0.26729678888903752
0.65115006863470437
0.71032106456631905
0.0010928712698507848
-0.30150187274143986
0.95346495812158305
-0.35446918319916171
-0.92454356940045779
-0.13989562695945898
-0.36327394431228116
0.93127949016496259
-0.027396214736438572
-0.54700469247166261
0.83094488797010235
-0.1015699737635882
-0.01545404404785046
0.99374837309822528
-0.11056827522936973
-0.44685224718129446
-0.7829922650657587
0.43271951889904386
0.08559268128803095
0.35765615997129208
0.92992255814369584
-0.2835762827372707
-0.89294968505731664
-0.34960742530007943
0.58325007687457164
-0.047541816494069231
0.81090019331003405
0.56764293726792592
0.38165266552031141
-0.72946743496271504
-0.33493559716892313
0.245700661557643
0.9096424191182122
0.071696101366702805
0.90937919643781862
0.40974278045491236
-0.31853263703168067
0.5114019789156542
-0.7981259143185343
-0.40006074656317753
0.83909150746031791
0.36861475983373765
0.39282651980623406
0.89815594038027313
-0.19749235959031314
0.47656471552673163
-0.6817679916859567
-0.55504817577163768
0.92780391516916216
0.2994755067813844
0.22247318003482397
0.070318639952129572
-0.34949058210760398
-0.93429739478036167
-0.93782983364612571
0.25510378977721687
-0.23536622434959015
0.72779877957400252
0.32289233475555673
-0.60502022826240942
0.73518706531445621
0.61890339042590259
-0.27651143251887478
-0.058550465419696614
-0.9179635240209888
0.39231978227729547
0.82883356582543743
0.47996242068210698
0.28752564215050869
0.98056849634697407
-0.1838431700317176
-0.068462491953792129
0.45193332628546767
-0.50679728177875205
0.73410679316719385
0.65156614275620772
-0.54782821716771013
-0.52473403366719529
-0.1438584694274184
-0.70974271204882733
0.68961585209997589
0.066409923063437043
0.33086748449588449
-0.94133757484872238
-0.065890222267636023
0.82253146154470225
0.5648897887009976
0.45759173514015622
0.53713916923547211
0.70858402240274077
-0.68534281252234142
-0.15892198174546468
-0.71066801886820608
-0.3891564854859621
-0.39222728585299521
0.83349564248207497
0.049926263894436232
0.14987411296340589
0.98744372925092561
0.070268806854250437
0.092655729779450857
-0.9932155911595012
0.86761783342407062
0.40290906146339395
-0.29138219457476899
-0.79976675198246094
-0.59947150031004903
-0.031734251833685015
-0.53220270456172691
0.51933464087634262
-0.66861933268716023
0.62037571393288493
-0.78339348812609155
0.037797041205609616
-0.11766201105096949
0.20928727815313786
-0.97074944571639732
0.31334362392951037
0.85787280977694358
0.40727142741436378
-0.87458935994534381
-0.37514908528609853
0.30717521918181717
0.41835086557318879
0.29896519252998899
-0.85767264555287659
0.26585048870026001
-0.59996463950056589
0.75456341615982725
-0.90212226804489037
0.11961411591884598
-0.41456950776738977
