-0.47039021201152159
0.61100805099746358
0.63671203071721238
-0.15965855234986517
0.27190550181345391
0.94898711516285583
0.80004019527753145
0.25085755856571701
0.54498272564434302
0.3299233743131002
0.8870366138692819
-0.32298082410133327
-0.99822896335899258
0.058703460235813382
0.0096353758397678593
-0.39200087642298409
-0.73003092134086833
0.55981261755145817
-0.28763867840749907
0.95342278811980741
0.090823883300816102
-0.78462417087948377
0.3018650965875882
0.54151858133756481
0.080949683625917299
0.044747415856044977
-0.99571322050833
-0.55549269480287544
-0.67885690144107635
-0.48018868519204005
-0.88027010497273339
0.13449836986940714
0.45501069305431191
-0.98250657469967262
-0.18009686939916009
-0.04739143703812785
0.7768756869003689
0.48542947174400841
-0.40102667625160904
0.85603947624916377
-0.4935322058032614
-0.15369572843128879
0.13078864754027716
-0.17593391219553392
-0.97567493983096609
0.12598372493186544
0.95633297791019922
-0.26373345713750929
0.3400035689428389
-0.613389152763267
0.71284733314959781
-0.445705960961638
-0.42863436965080326
0.78588725242067725
-0.2516703471058358
-0.87727544197912011
0.40871730485503993
0.00052340716673384487
0.78361967472779837
-0.62124063890286274
0.22617561042998988
-0.69366355895432896
-0.68386801374639228
-0.25644153828087957
0.72704643116160406
0.63689969726740425
0.46150323421194667
-0.87750185167824979
-0.13040423732822429
-0.84918425561277555
-0.4541269510255922
-0.26954556641053357
-0.28827625845033239
0.94868843255260293
-0.12995020875228525
0.66053524735073643
-0.10529630554498126
0.74337465321725837
0.11575194920740751
-0.55691271536312581
-0.82246563072359169
0.70064331726086548
-0.69227706284839108
0.17277560658754726
-0.78968320713817919
-0.60185062488306273
-0.1190640906899581
0.49988459899019277
0.48924847733167859
0.71466867506631904
0.02520231715276032
-0.10401836347346359
0.99425601495310745
0.022005024348048657
0.26051782966518727
-0.96521823404346341
-0.47216274439453509
0.86805247354584114
0.15345111917730597
-0.28367963193082446
-0.093494444310157632
-0.95435038393177529
0.35208506934452843
-0.5325742484606738
-0.76967575888890205
0.74538708945855525
-0.66330647926388409
-0.066502642316332919
-0.65149629789225616
0.46124000214439292
0.60233730936620977
-0.48297135767679744
0.87368566945672788
-0.058412487104903404
0.050432583997712971
-0.98320593672869772
-0.17539281756319894
-0.70713390956478339
-0.15725332320804256
0.68937147191021153
0.31778719422400004
0.9412003429191681
-0.11468746084938124
-0.68936624998318674
0.0067799191438701186
-0.72438125740560211
-0.21701590989891673
-0.6742188786168356
-0.70592704904076442
-0.6978896182669263
-0.71511241717275054
0.039551378238818394
0.89934827585300403
-0.36576776823952528
0.23955504260462981
0.81865991501235347
-0.35362868331203307
0.45248502504609373
-0.57514584346808562
0.33983954080391543
-0.7441211898928618
0.62293736655161158
0.5791766756842186
-0.52583592088894082
0.29565753474323797
0.0083575490919432279
-0.95525743834985488
0.048393101936501398
0.31590743773814778
0.94755506355392438
-0.95447116865969961
0.28683636050361527
0.081912700422018953
-0.91373187790487553
-0.40018561445429951
-0.070324457226945802
0.51856844187255435
0.64612620526382081
0.56000687314107667
0.11124383716265819
0.99275065890178771
-0.045507559189596099
0.51454256184801128
0.74795416604607312
-0.4192976479080327
-0.48197473853780293
-0.8100307710492789
-0.3339917684086347
0.87234462257984025
0.028766146027868044
-0.48804443270950182
-0.12614179472001114
0.4719974601333452
0.87252887932290579
-0.62021606654220895
0.62923729374746429
0.46839348731624963
-0.90414158119398447
-0.25424588282936428
0.34334681041238552
0.54640634640668118
-0.71988288610746876
-0.42802889493126861
-0.066499318328290161
0.086294738539006086
0.99404781512880813
0.76867041015310078
-0.098397121147158872
-0.63203149217821042
0.92205701733216816
-0.30423981008997386
-0.23926762159749579
-0.34067335055507358
0.35222291762707231
0.87171135390096433
0.027487066697280373
0.91272575528089461
0.40764709837223151
0.83870631323839795
-0.53719718785966719
0.089391842411485331
-0.67678905372922826
0.44363330963866004
-0.58749133043079416
-0.71151214674711472
-0.50432538939472471
0.48929169893139557
0.74626536665271737
0.071986590805360948
0.66174461333576928
-0.34875509767762353
0.11977105591428949
-0.92952933036513019
0.64603448531506458
0.030956964078437729
-0.76268021487301363
-0.6061647265633795
-0.78089007657125475
-0.15091392441681209
-0.26643947035507581
-0.89012551349468449
-0.36971148056657732
-0.061250892733064992
0.46518715341285732
-0.8830907317139306
-0.31909368788659759
-0.61200891671425872
0.72361889431742321
-0.60417353445124766
-0.5163606718460827
-0.60691514797321477
0.73480286621316293
-0.60668851167740045
-0.30330479324201476
0.89586301980455674
0.36518480405233528
-0.25311955403705566
-0.46712347196616433
0.5198611033196725
-0.71522031234685224
-0.232360350914502
-0.46121996854878344
0.85632050538028603
-0.48929091179392037
0.18672155946613928
0.85189756594699062
-0.84101208672264138
0.081034100213763449
-0.53491321220266574
-0.33769058078557856
0.88500439224549177
0.32051879407436701
0.61233346024202073
-0.75901965944354766
-0.22121683942736994
-0.7795400169787341
0.48019430821919662
0.40215766595041041
0.66757405409524673
0.73889357548598356
-0.091548710555505605
-0.026506159034587796
0.79749318760079335
0.60274541828499939
-0.86434994138050136
0.47212145086097662
0.17320656590455924
-0.0017527221764544012
-0.70727751524803095
-0.70693383310571833
-0.3360558741334746
-0.26431826883195175
0.90399242376364308
-0.40368958441284841
-0.26275964782224293
-0.87635157722965995
-0.49687677012554821
-0.86767261312512767
0.01605340282355705
-0.41976493280927957
-0.60949062230509798
-0.67254634227372423
-0.18729042273620791
0.86189356672903361
0.47123431239925379
-0.061330912265324423
0.91035523525202844
-0.40925769980530236
0.094086713170801903
0.51063951884550385
0.85463148327097549
0.98224987201701175
-0.17287278324306443
-0.072802401995817778
0.11807057279310089
-0.65163687880205767
0.74928547164977233
0.1119464980041663
-0.29518500841977979
0.94885920577755767
0.036606524609275999
-0.79415109219248403
0.60661685199598203
0.48760879192794249
0.87301555452698065
0.0090281553221534857
-0.96726053442032423
0.12541484699688532
0.22063130944101442
0.48893434613967596
-0.67112883854645633
0.55725154754047312
0.5985099380752763
0.25609493224026242
-0.75907920515976746
-0.79347926662842516
-0.30892429384755249
0.52436288398551578
0.98844093733239835
0.02650509097534514
-0.14927154302759246
0.15021770069907958
0.12388030564327869
0.98086100558152967
-0.43211219103001264
-0.053858866800628492
0.90021012926438115
0.45976985362074591
0.13581754887888017
-0.87759060792495414
-0.83767218466478888
-0.53798039480074311
0.094246516375706149
0.20529725940892665
0.71438109273779637
-0.66896389261150424
-0.13455624661046992
0.66047529067358657
-0.73869276895590619
-0.20428999975455994
0.81074926556704019
-0.54859021535458208
-0.92639907695877499
0.15677866020437536
-0.34235245276534904
0.55445674406151435
-0.49132233373839523
0.6716993995341678
-0.76195554986385383
0.080898528584025145
0.64255674310103705
0.13178088583930372
0.68017206843805222
0.72111008552377776
-0.79593938010970033
-0.12843406866608081
-0.59159546414459796
-0.30758205332975869
0.55517180063500693
0.77277263942839847
-0.31390722990977366
-0.47987031167206029
-0.81925987024028724
0.76112062216893561
0.15517636481605673
-0.62977432014305423
0.333945581668112
0.67881640502628238
0.65397907975067537
-0.73118405332672942
0.63367299983036707
0.25264284958549343
0.69876480209601599
-0.32414647026708082
0.63769649298479603
-0.41948468017506096
0.77680775692127912
-0.46968320375052547
-0.41577705870420945
0.76613587995715904
0.49006657802542097
-0.83434704245565083
-0.45417751290859665
0.31239046002346177
-0.78627630375255331
0.58367163228790886
-0.2027239497927926
-0.93623625967000401
-0.043336325430672472
0.34868844112945252
-0.965106209435041
0.22382026134427202
-0.13592091495317701
-0.21015636011499436
-0.09016153670491335
0.97350151597325485
0.97190814737700171
-0.1773517934941829
0.15472845377176495
-0.65211542085830831
0.74598250424849188
-0.13511321635554438
0.63060110416946991
-0.22419181600060842
-0.74302104752058995
0.28732881793404319
-0.92430838964440398
0.2511894727443692
0.51283191787045745
0.83223885403336617
-0.21067015415226195
0.26149115835141712
-0.95254881439052974
-0.15579836426365393
-0.30452637528922855
0.1126302489195439
0.94582139634368889
-0.15257424180183801
-0.96305429013755439
0.22191785639340808
0.40074025543298269
-0.8159615377045516
0.41667015331354323
-0.6891889019955022
-0.65704781898063735
-0.30546165215787996
0.56799633256078341
0.093727738217144987
0.8176767559899194
-0.36743565572935988
-0.90950423297741245
0.19440444720968725
-0.39243595113692781
0.32983738832322407
-0.85860428692114588
0.79318509866703379
0.60800806736256741
0.034403332318302657
-0.042948741219397166
-0.90308269552616904
0.42731376138483773
0.074198728930173444
0.9796359003656453
0.18656915966991441
0.75473983122281207
0.60962433366838942
0.24233439492802736
0.38847887295978256
0.80151656860303899
0.45459361579184887
0.23743051114317343
0.91330017955264198
0.33092224828107764
0.31873142805698229
-0.79380784779240432
-0.51795692634807744
0.30735460883824217
0.54416036379275001
-0.7806552650836559
0.88136546246055381
0.43173990161189607
0.19182173739658478
-0.71461018500834361
-0.32985809982795083
-0.61686782819355601
0.68160982796535419
0.58499943063671411
0.4395266869892665
-0.59582864609715747
-0.67338110166560905
0.43765981813463217
-0.93838100937088265
-0.24227614475274534
-0.24646166220292828
0.595527539364332
-0.80304435706200861
0.021603482347274661
0.460820727839378
-0.34024340522641489
-0.81968206152966383
0.066223015037040686
-0.96926183782398201
0.2369514760820885
0.09279591392930113
-0.83161353226874024
-0.54754712245206327
0.54413321393829051
-0.27396834490323552
0.79300718248964708
0.13718876963365967
0.87031786523904164
-0.47299688681022006
0.38315801308772257
-0.92156900181153389
0.062454078383734742
0.073066085850204895
0.60645276000689285
-0.79175526330966228
0.16526230945813591
0.42091156540319496
-0.89192030091393004
-0.45040505190943164
-0.81266491638887983
0.3697445373296504
-0.74898530528804363
0.52415816884063704
-0.40531373835611106
0.25899720945164306
0.32607949279746939
0.90917138641358874
0.16927047399862982
-0.98464010015020587
0.042794623593060271
0.61033192897850941
-0.69728198178237899
0.37588931130189057
0.66246899538683168
-0.55098293385279495
-0.50749644013936546
0.28029162794584001
0.95417296428972731
0.10483585990502367
-0.2688214381240564
-0.9631238014055501
0.011295024171580612
-0.086360054696434221
0.64828995555006774
0.75648005557695963
-0.18124236418294937
-0.78108114051085631
0.5975478703531919
0.50218062683937525
-0.087273831041038891
-0.86034754398593616
0.015449202559311408
-0.36397179705679639
-0.93128183332841175
0.50957505497248168
-0.83010682596965668
0.22639770499802822
-0.93279269520660391
-0.33372570108556865
0.13610637091681435
-0.64933529309398452
0.25102943726021543
0.7178773563578732
0.33445463465178776
-0.20155970910689913
-0.92060511677085599
0.18191886741785493
-0.91407781032186763
-0.36244624753828625
0.96088849683681221
0.025224699224812543
0.27578435632883386
-0.89477275052751104
0.31139503267265017
0.32002321562697827
0.40099584439394964
-0.4310989002796744
0.80830444199969531
0.94393938569374491
-0.097211663617443225
-0.31548110655448874
-0.58099110927983588
-0.78800106954526294
0.20372443479687782
-0.51589617950850863
-0.39791386399114381
-0.75862750333227591
0.5726781700648278
0.74503204167777126
0.34200434266928786
-0.84079288256486173
-0.093516805367519745
0.53321846905571857
-0.6459997794725405
0.75830567204597521
0.087503100884088844
-0.091200364156294914
0.99548990498317491
0.026121689347140362
-0.35247015080312694
-0.7695997454577016
-0.5324293611215124
0.18708196573163222
0.81978137258637351
0.54125672213690779
0.32452166180756087
-0.25952719790276435
0.90957755280481623
0.23193875567135991
-0.38900355245625573
-0.89156079422215184
-0.16627287669862945
-0.96837420161100751
-0.18602348273432015
0.39947867107031743
-0.85428905734169425
-0.33257630382535136
0.1978090939758875
-0.47642263054257189
0.85667557420959228
-0.55927614784053259
0.76545747282472887
0.31825311900032355
0.93224184599904358
-0.36171927672080895
0.0091817981283819784
-0.4923425597717021
-0.058354290268333213
-0.86844319367747191
0.63339290077267951
0.76306166485093418
0.12864808154687313
0.87651725476756248
0.042657560866419711
0.4794766257031341
0.7821269468658848
-0.53924436393429653
0.31223861860978308
-0.55986333425989421
0.62528825683146805
-0.54366133099573866
-0.53942636983979353
-0.22289071932257515
0.81199687115242469
0.56618717192530255
-0.46285161647710149
-0.68205605889234822
-0.8231898799373244
0.30917614387178899
-0.47620219826177201
0.17314407330087717
-0.88525063710957497
0.43168557930265844
0.80901467456388843
0.55915074998676095
-0.18123381342765005
-0.26760498009138461
0.50727456379857938
-0.819182575225603
-0.13472700279891486
-0.82226537027084767
-0.55292702553787976
-0.19673664642666994
-0.32154419984719645
-0.92623108320624481
-0.98013841207299202
-0.0087617993225666737
-0.19812098337042625
-0.74263305430321858
-0.49914917991191582
-0.4464820744996767
-0.11271403348681421
-0.28956610979890562
0.95049829811055497
0.90519883996372053
0.42430996112882818
-0.024002437692597096
-0.049743651919024287
-0.99844997612261932
0.024964259942961593
0.24189540151500138
0.21811025933947484
-0.94547053338364995
-0.13386846174307113
0.95666804349805312
0.25858362187143835
-0.98167559743059585
-0.1138670418572474
0.1527982924903368
-0.076512375072029001
-0.13977625630163376
-0.98722259629484632
0.85753393252318855
-0.21708891385423809
-0.4663774845046687
0.64199101491101229
0.2704724354137017
0.71742051716891209
-0.54772762046243983
0.14377457483712383
-0.824210728765986
0.46121126753694952
-0.084281839349419602
0.8832784035924568
-0.13459886007037586
0.083883568723003815
-0.98734325022559832
0.43729333772769552
0.86947164039515312
0.22976858646806597
0.73080379921899519
-0.34404800234622585
-0.5895394635888711
-0.53134173386872074
-0.56710121445471662
0.62934265262523481
-0.6117266604762055
0.014811616392888284
0.79093053353784437
0.26200972126958183
-0.76510935767349497
0.58818243493042843
0.45963288317868872
0.30929545257346569
0.83251062198522163
-0.72430235969652723
0.21386890680641274
-0.65547401355009671
0.96930665014158568
0.22991303472881119
-0.08708969200247578
-0.50429095172284466
0.41801025938799813
0.75561766724769353
0.91172330981649552
-0.16978613100530743
0.37407656442966758
0.91021904956062927
0.22973155725137706
0.34456449819997709
-0.19385795715692736
0.29690383090483358
-0.93502257065857874
0.36750119562823969
0.1212227092895834
0.92208889265856986
0.45706586360010115
-0.64558597407992691
-0.61180842295833571
-0.84824247503090811
-0.29358335272829661
-0.44078738474944107
-0.016484263511455401
-0.48416060925350984
0.87482385284339093
0.68279694859143791
-0.52764684091843606
0.50534853147408676
-0.10309915350875291
-0.64843200248240906
0.75425890959433262
-0.8816026495145648
0.38149840394472545
-0.27791318096939288
0.33004861442509853
0.79057409178720295
-0.51581054420291939
0.30512148346974199
0.51404519948653327
0.80165978644938551
-0.91433624157564275
-0.076179249985382932
-0.39772598508645662
0.84123315617087724
0.27692844133709921
-0.46436775871865726
-0.47075087266519949
0.84074387230858305
-0.26747589996207544
-0.041314903048080172
-0.92498455250952738
-0.37775210972922058
-0.72628920270892228
-0.6345084157912404
0.26439187642310125
-0.8969552756667053
0.43746163672865962
-0.064019917559670306
0.81570320489353765
0.41946644525401372
0.39834179147105919
-0.38698096439891438
-0.90638278667468386
-0.1694578921523589
-0.78935436131020531
0.61364415059882693
0.01898812040202958
0.52578705518945024
0.46236206980762573
-0.71398129457179371
-0.61832401862930431
-0.19858020668342777
-0.76042179709663416
-0.26883920725993815
0.89989570362204374
-0.34338491994034148
0.80683088109548429
-0.14485616124046019
0.57274830585638803
-0.3393706502865626
0.67638863835525131
-0.65370174516212276
0.93620187139251854
0.15215615313632638
-0.31681944552678715
0.99748782360773514
0.028282849928915728
0.064947071944793586
0.6745209285588043
0.43877478672304687
0.59371559140072561
-0.63794579952186192
-0.37581759478706583
0.67215049826722384
0.39349396468634429
0.34879243890148626
-0.85059175538008547
0.43764895982480817
0.64164394580350959
-0.62988604904217882
0.81722064658567029
-0.42425480732993159
-0.39007470214247603
0.24218236101303381
-0.070715317194029084
0.96765027149704275
-0.62353178092331418
0.69962706586336976
-0.34889839049501498
0.70244284866535356
0.38163139086685427
-0.60077577003731897
-0.083185303173869324
0.97699245383553823
-0.19638215418994956
-0.10301263145285632
-0.53211067472873608
-0.84038480923972392
0.9626523312254941
0.23546090440266029
0.13363626635012954
0.67530275177285548
0.67054292998147225
-0.30714552332708922
