-0.28496393794318109
-0.93351756301390987
0.21757875267701537
0.054032087771595051
0.65634002462070073
0.75252794338279605
0.67969266968152542
0.3369364368877435
0.65153028500492005
0.032946210900751983
-0.63081774105622979
0.7752312717866835
0.18139118476652222
0.89487438635586847
-0.40779537850888525
-0.43518395109628338
0.023004371643482711
0.90004762518075465
-0.78426357897736954
0.61717245349009198
-0.063472839408897308
0.97877585598460703
0.17981787193832846
0.098302373690417028
-0.9602564385614647
0.020640367273288145
0.27835507439253893
0.48704655788428908
-0.72806728238920615
-0.48239370100309326
0.39382202634077434
-0.89539594106738629
0.20777468635253885
-0.36870244166169702
0.14332928619818186
-0.91843084945499442
0.89263400195523701
-0.44981375118919487
-0.029531809874826991
-0.13359230994834068
-0.90138003707208691
-0.41190669269943864
-0.51865948117428018
-0.47441798379434663
-0.71128047860217114
-0.89573119795343825
0.062249961495627636
-0.44021649595022128
0.691051376562001
-0.37834080758714866
0.61587842003602256
0.20766941961151511
-0.0058517806998234154
0.97818156229856301
0.50840555670202536
0.83280259738035589
0.21900599012592475
0.76464053861885983
-0.093625740014466469
-0.63761984560347817
-0.59541403539276305
0.56071096686520228
0.575400154757014
0.74708128180362388
0.53899046004262829
-0.38904863752709667
-0.64351203135769608
-0.50034560262785888
0.5792637943362734
-0.81255158101834024
-0.57314176494446534
-0.1061529343020662
-0.40999863234008677
0.69855772914046943
-0.58644541138742723
-0.19820584716588324
0.96838267514778553
0.15149071464242642
0.15064837083026056
-0.3402502597226888
-0.92818900506568758
0.27119832403507244
0.37115666677540871
-0.88808456677770065
