-0.88048412915396468
0.46454489393343479
0.094581921255375484
-0.29747176760432792
0.83558930273274057
0.46184528214215759
-0.80635181622110197
0.28750370744069681
0.51685429928054616
0.73279767730975365
-0.67905477055629571
0.043499226592742662
0.62185240748248438
0.53305023327571777
0.57372208612963571
0.025876322194659383
-0.91841017187269014
0.39478243647666755
-0.31487728312996022
-0.7345614933271909
0.60105882331900085
0.82666279354976735
0.54020880870907773
0.15748990048131339
0.016113806173256962
-0.98448517586480644
0.17472631099251149
0.83923861269622191
-0.13031196621747651
-0.52791793151990607
0.85050481635736641
0.091418094178697493
-0.51796166789604925
-0.73191990574405452
0.65835743892169873
-0.17566654260864756
-0.1210590846605278
0.90735043705418728
-0.40256661858471404
0.61665671797184063
-0.6701244648624074
-0.41311946670796063
0.5306177482408253
-0.80631129596299222
-0.26135588620560252
0.23110973012497199
-0.70306816415939011
0.67252022213990514
-0.20326281680512673
0.11070062775952823
-0.97284613291007727
0.35571820854078495
0.92723643441317616
0.11703482733474814
-0.13190145539803116
-0.69968497941949759
0.70217016145562505
0.27363418775521942
-0.30959085223032856
0.91064693240950434
0.58358627774428939
0.064700725265923284
-0.80946950070934043
0.88829080071468602
-0.20616903466235759
0.41040684998188509
-0.99005836840589712
-0.11503227560769796
-0.080944442168487452
0.49757593962865099
-0.60879376578367284
-0.61789022896109935
-0.32593581087828027
-0.17218300805329595
0.92957993681277162
-0.33420719493875839
-0.57076905867479388
0.75001882143760668
0.75166283901347575
0.50649448394809349
-0.42245273602659517
0.21552258895422025
-0.85107320022770994
0.47877387303886432
0.71705503051372554
-0.27964273121636218
-0.63846066918238076
-0.75311192916808845
-0.24148727378974405
-0.61196921388442171
-0.091427769954615268
0.088952983231924049
0.99183079688789
-0.7159042408002706
-0.66552163907290696
0.21109729020027537
0.060089298112973075
-0.42869527579667377
0.90144863234790251
-0.51121177890268032
-0.63582521588395868
-0.57826361804740456
0.78100463125369668
-0.12024626932764346
0.6128397838530566
0.091424792702264099
-0.088948180794963069
-0.99183150202673775
0.69173223839774522
0.30818733218895528
0.65309040617628078
0.37340435689614232
0.785156241864435
0.49406362152287131
0.20392450394640402
-0.41102263810843165
-0.88852416267234868
0.24018368016822073
0.69451343598269888
0.67820563770906195
0.42321544308132758
-0.30908964316429305
-0.85167615983191969
-0.33311420871524483
-0.85972791392937931
0.38717287865067973
-0.11667567242916072
-0.12203194002333591
0.98564445571278092
-0.61665476371859984
0.67012631173724391
0.41311938795050018
-0.18994111428278207
0.27105892695322459
0.94363628121431498
0.6724906730805863
-0.50111387319924194
-0.5446477583786371
-0.39989328227630999
-0.29391313111150236
-0.86815922165839632
-0.82292283539637723
0.29596481675702602
-0.48497714814738152
-0.83431119425921851
-0.46865352365601909
-0.29032517269185171
0.77456849688375573
0.60073688628581101
-0.19788591938505345
0.20720283878222762
-0.97660523081832395
0.057525705027181719
0.18306927706331147
0.25297380656458163
-0.94999468050497105
0.96418241369903734
-0.048983182912356697
0.26067781053490696
0.99005849001308766
0.11502875692281281
0.080947955093364735
0.44548513881014234
0.054863949857738362
0.89360670213764404
-0.70610036365387074
0.46615056939388644
-0.53303463593056233
0.55610509606448744
0.82880511465692919
0.061880562777189466
-0.93545213815095984
-0.2985575566007943
-0.18918954153272113
0.25209725680892026
0.56906501202762172
-0.78269533357202281
0.97491370493476903
-0.16361547047191233
-0.15090807053506808
0.84903222523680666
-0.4121004548606258
0.33063196399184036
0.55170055000155449
0.29075118740665962
-0.78172261714088831
0.40760411671512009
-0.90540164247521315
0.11877183942363131
0.87196576723902364
0.4106826265665518
-0.26648729988436404
-0.61004571426457266
0.79123942000713687
-0.042242238745089207
-0.65867092164552099
-0.053140858380744553
0.75055224078620775
0.2541974072613159
0.92661339335610216
-0.27707633856883929
-0.13649095407683384
0.92470207275472416
0.35538190175965956
-0.4646841029801298
0.88051505336403513
0.093605156037916248
0.87488287909552076
0.37853201954829291
0.30214807304072455
0.40783937214560034
0.17365881452686044
-0.89638700496214674
0.43472492358792303
-0.069469173233863299
-0.8978798777017325
0.017966660598005293
0.72185347844828529
0.69181265871554221
-0.55696653075463676
0.61566103984191012
-0.55744934087316156
0.74357273540186208
-0.6186308243373756
0.2537626653916043
-0.21752510456656898
-0.89649957034423455
-0.38596806766351338
-0.88178226284985706
-0.2505833165944672
-0.39958483751001195
-0.62785106159753212
0.7561888330903197
0.18434069860004457
-0.14746285526176728
-0.84816837731201622
0.50878788315559209
0.089884184271338707
0.88655564309446511
-0.45380604349791914
0.92641612466983658
0.20530954026701678
-0.31559650921242444
0.36357462103082494
-0.51238085996688076
-0.77799701110087283
-0.38336408142079514
-0.90672826234524306
0.17571522227959141
-0.54656119223217314
0.79868316752767654
-0.25174602490149239
0.08117704224983964
-0.22226863658872695
0.97160019606860737
-0.40093878658633358
0.2309740722744654
0.88650948519890538
-0.015320775927893087
-0.99901866099660275
-0.041557054822523067
-0.27363951075792381
0.30959336246661839
-0.91064447951369987
0.59016626597807198
-0.17888316731246295
-0.78721318011943953
0.33825231277556633
0.38068517791139078
-0.86061848005986552
-0.9518702521593706
-0.079461945542868742
-0.29602165843836215
-0.45279726761093519
-0.47595523874157075
-0.75395042619427266
0.28757863827926006
-0.092858507861560621
0.95324489210442187
-0.91115057962396417
-0.32364210329747944
0.25506942236202651
0.41055659231250891
-0.57644351521973292
0.70650984300988884
-0.13396626083135152
0.59581189065951923
0.79187197949390509
-0.97975171561554308
-0.14496765344954141
0.1380976292400917
0.10455205270576176
0.4478265374361427
-0.88798663314430948
0.61109270996238207
-0.43735485507921174
0.65976240463478497
0.93842725688164175
0.3287562959582061
0.10617712281578245
0.037901537664151046
0.6347508890684963
-0.77178674662723157
-0.67196976633020333
0.30016493228785074
-0.67702115665816687
0.73814695679927012
0.67459781835564514
0.0075401351301076329
-0.27933729729569939
0.44058606532597339
0.85314394645927794
0.25572513103246097
0.043402616659959849
-0.96577475128805235
0.04062649701735415
0.96728655244671391
-0.25041208676070181
-0.52938618340562416
0.46784912622326658
-0.70771990498455861
-0.52302432136894061
-0.41585966363226784
0.74398003966518889
0.58585098977464711
-0.71899224421526997
0.37393685367767099
-0.1903729771076233
-0.29967219616012575
-0.93485544574321622
-0.91664125564992205
-0.14003139911635776
0.37437950758828847
-0.8638037994961042
0.48847518036885734
-0.12343011844645616
-0.077155650879602591
0.98408421216879005
0.16007894582822788
-0.014219255042399804
0.99902682221459582
-0.041751901535687481
0.1696192248909652
0.74962643992317024
-0.63975739082522676
-0.99676520316621509
0.074058431040785286
0.031216638973330484
-0.80533228892090092
0.4887733385776673
-0.33547060663650335
-0.67630187240409223
-0.59433241611208854
-0.43518358946665969
0.055412848614716577
0.2409557718529852
0.9689529050573793
-0.33825400202346639
-0.38068489212557066
0.86061794254038859
0.69881636718881857
-0.69133317675233596
-0.18361406174513253
-0.41151673038878744
0.10752814415876422
-0.9050368383794628
0.10778204295579025
0.56715001378470598
0.81653162405401292
0.77176355477641201
0.41108539902138708
0.485169877702958
-0.59006659419115626
-0.27393448699528578
-0.75946119799123313
-0.85466764263233674
0.41645452343909206
0.31001427474295939
-0.25143120160567245
-0.48591332390474873
-0.83706068627726515
-0.17798013043329927
-0.78156714073438305
-0.59789286473015135
-0.37339524617796527
0.65459390884798374
-0.65733005760486418
0.39495621518008983
-0.75050555936554153
0.5298594091379657
-0.52441270643424764
-0.084315790910091795
-0.84727926962337119
0.42972792730945719
-0.76483571900348779
-0.47995857261511199
-0.18075713124820106
0.96535540486108817
-0.18819086536919083
-0.17350861543130616
0.66420148273460444
-0.72713901745420317
-0.048563871834591536
-0.96472620282643129
-0.25873713288302619
0.56141198390919056
-0.41175708107176262
-0.71782497205823703
-0.23073348034893229
-0.96131273579683796
-0.15046556097947339
-0.68158031817042197
-0.27075631245405396
0.67980827381622044
-0.2962979720888067
0.046719408909280502
0.95395220455074603
0.71943052171734068
-0.52545476951212489
0.45422132228515505
0.56715753654186807
0.69878633413883928
0.43592429155136803
-0.33055799685293125
0.88594052303046045
-0.32533183116487635
-0.84968521137221642
-0.50976862998759087
0.13479979768503539
0.41078451298994101
-0.84935370086469331
0.33144286795021888
-0.24892604474264726
0.96831704729253143
0.019947936521235127
-0.65741762009316673
-0.624573711983472
0.42155634390935665
-0.20428418752554622
-0.97649503158724316
0.06874171959193516
0.94077834327351595
-0.004848968161340758
-0.33898760498771779
0.91262505453004783
-0.21538614430694775
-0.34745405262367224
-0.021349392560294809
-0.87262910895739931
-0.4879166339012454
-0.68552332978719477
-0.45788787097392597
0.5660357426280096
-0.58240822013116711
-0.79904361364607601
-0.14943215388619083
-0.72849363421540947
0.49179004038335949
0.47690626027276967
-0.96801357209527039
0.035661316344652749
0.24835054812889254
-0.65932508767887676
0.65184590281660648
-0.37468299632948998
0.018127081551350992
0.11058652285544858
-0.99370117735523089
0.030562962199119449
-0.28957128137611793
-0.95666837427805063
0.58804022821993185
-0.78984993126604475
0.17420039056808914
0.64408547232956892
0.68387353637028037
-0.34274026694627358
0.2042881972848852
0.97649382916592997
-0.068746883936301351
-0.66413505009251139
0.34618585028716681
0.66263111328971624
0.21920320524910056
-0.93709922970086179
0.27165233019904722
-0.97706312997468625
0.10626040456745406
-0.18454367088911672
0.47079649286019681
-0.17195109872884595
0.86532276172332434
0.67525753026779278
0.39241878680381792
-0.62452763235909781
-0.72467207115902976
-0.65104325018646181
-0.22581646456520832
0.075804586776460098
0.93391263261743895
0.34937209284831899
0.45285274369066442
-0.38193536705971876
0.80563625037655495
0.94224024057370359
-0.33469067033648003
-0.01286406752652876
0.75465187542035483
0.095076069699060614
0.64920034495918166
0.25778369741264678
0.14993241458976084
0.954498735674149
0.94308913095357183
-0.26865302250128814
0.19598072501692296
0.29331323180083602
0.83047078638802552
-0.47358802878303774
0.86380202995386546
-0.48847696964461129
0.12343542106866538
-0.45370136330205318
0.76831036050449697
-0.45150222909672144
0.61391919705763776
0.77634959920755975
-0.14277436497623375
-0.1369153485405924
-0.32686363412435804
0.93510125228288832
0.58063802863679437
0.19198386097778469
0.79120267746313888
-0.9437767795050459
-0.32943752843621638
0.027501005889262155
-0.91262419804957939
0.2153839938819658
0.34745763527920248
0.55696176402736008
-0.61566128146494026
0.55745383657884984
0.63781734416184555
-0.23985980983741356
0.73188544671354805
-0.78100827879974455
0.12024528171347376
-0.61283532916429351
-0.48728979263685607
0.0028215831299962971
0.87323576235777833
0.72076781167843096
0.18370955877426001
-0.66838952689524744
0.10069342220015531
-0.0019874546869508014
0.99491551638794362
-0.55053184348811368
-0.75028548435705078
-0.3660415021123764
0.28407462133512595
0.90096764095820692
0.32796176524026149
0.48426818615822587
0.82879020152187177
0.28034108820570203
0.26341032822527172
-0.20390818019215659
-0.94288729604071853
-0.40121929629136849
-0.87575242718313273
-0.26847860727870093
0.98967672297548415
0.057397062862698821
-0.13132235596136049
0.94254099545676673
0.16709539880870133
0.28930191769210301
-0.51580245773917821
-0.21526831447049549
0.82922094605434027
-0.1036603686011201
-0.64356146746852949
-0.75834238017615296
0.33035516028199513
0.51537022534199606
0.79073320336634256
0.9931949516373908
-0.10433305147161336
0.051753284075721953
-0.70083812371862975
-0.061363663428048248
-0.71067603389536083
-0.36769389754404191
0.58880090946379204
0.71980183851076907
-0.056069381363283329
0.30444485290854173
-0.95087830767718906
0.59304605367882846
0.57725658168862015
-0.56131204967748338
-0.8006789788856522
-0.48460647967469483
0.35223533699492598
0.17570443656415227
-0.97263341258255931
-0.15202695714799663
-0.33077697451787103
0.49350804174121782
-0.80438573201266583
-0.48404336094828165
-0.73661264542168081
0.47233868709514432
-0.90793319775375869
0.11228800427476908
-0.40379290795236061
0.14449498920660547
0.97913143143046666
0.14290849547563086
0.48404543632448765
0.73660930746071274
-0.47234176581759696
-0.47780605276162608
0.29957733665741521
-0.82580554327614175
-0.4124516411384801
-0.91004019943309034
-0.041357939237288546
0.29256017718402783
-0.68577076589948827
-0.66642854032797805
0.72820977146817767
-0.039914806352889423
-0.68419100912835418
0.24628704442690585
-0.51115901214651482
0.82344347471387402
0.45884088971913839
0.84036839653131068
-0.28852382229747198
0.5716009064807982
-0.81949578200706152
-0.041219740209816239
0.37625617384545518
0.66785893653244699
-0.64218045169323512
-0.140453558271766
-0.52330916325011023
0.84048814246678627
0.5226521149710841
0.42367941333876774
0.73981789747827165
-0.47498194408366418
0.81604150779774742
0.32934542709089137
-0.40760357128739672
0.90540184643924437
-0.1187721564095188
-0.76531756553420172
0.64245542794449739
0.039243432437230441
0.21973852219397449
-0.82361707128714134
-0.52284787629711194
-0.85897638655477082
-0.50523891422440481
-0.08302533887105458
0.38470363315472061
-0.91764584972613938
-0.09964541694403202
0.77375159346570699
-0.54299268166932313
-0.32629345574626006
-0.82094097677190681
-0.30637089489521013
0.4818638681390166
0.82094258968036016
0.30636730949093899
-0.48186339985953192
0.8481137553779744
0.21268965177761245
0.48524856513480508
0.41278904682363232
0.90613034901316081
-0.09237420321564048
0.057529561005839953
-0.75176616652651795
-0.65691550482272754
0.057278100597991009
-0.62369138979190164
0.77956928459972852
0.836261207761403
-0.54092680749149247
-0.089807468122096695
-0.95337681405151109
0.29466652742863031
-0.065148200605564061
-0.59016603161901515
0.17888480714101901
0.78721298318637001
-0.73814388003140219
-0.67460116351916255
-0.0075420521596715421
-0.042861973659617782
0.79484502966195802
-0.60529681151950843
-0.77176318339917394
-0.41108710634975471
-0.48516902182905131
-0.25326943096314852
0.801608704890726
-0.54155154840791997
-0.031187225869374353
-0.47665971386337996
-0.87853450366064356
-0.87640374007332789
0.052159872586325352
0.47874401518688575
-0.32740146762319472
-0.097474751257845965
-0.93984411040629445
-0.11937845698218029
0.49312236695654349
-0.86173030306223397
-0.54481572135562883
-0.7917514064348331
0.27623457454165568
0.76957235810744018
-0.3297510197941298
0.5468296357931649
-0.95458021888486277
0.26080741793752854
0.14406976248500952
0.95665743885698562
0.27215369368453313
-0.1036287204082829
-0.7508410242811363
0.11814103276556681
0.64983109546522877
0.81061903530088975
-0.36661853580557729
-0.45660445553195111
0.44444351816862071
0.63088649650353845
0.63596555542528377
0.13649539482254941
-0.92469943785431596
-0.35538705213351335
-0.22127159176692499
0.73274556771184585
0.64352374911542765
0.7350457252626168
0.57652552145564928
0.3568278364750222
0.47707068518415091
0.48997898689538638
-0.72960547814479537
-0.060358350615011491
0.84213793424989758
0.53587365041430302
0.87599435160552352
0.4800012142668883
-0.047251775178623161
-0.3078536913151495
0.92331671841646923
0.22959168590408235
-0.58115587847972427
-0.81092011636586969
0.068311124874534515
-0.91057199702934166
0.30524917570835314
-0.27871415277191725
-0.323226573681347
-0.64754959235697251
-0.69007543609705135
-0.85226136437809641
-0.065491808407127206
-0.51900037554894873
0.16158572115890685
0.8335401257679077
0.52830002219607808
-0.37340098275595263
-0.78515539308572091
-0.49406752047194497
0.66556931404953945
0.71541606464288554
0.21259666659313411
-0.80099169768730749
-0.11312844652614244
0.58788966211576343
0.88593700049797519
0.0052568070607104259
0.46377580481109321
0.13396754324693239
-0.59580696271610412
-0.79187547034580641
0.6269582678781539
-0.027124082968709665
0.77858051251128269
-0.60732260152141571
0.12100353622871156
-0.78518622116120107
-0.12103026595862046
-0.095203017186860694
-0.98807290229036437
0.042860182406958748
-0.79484557515268273
0.60529622204689437
0.8944711056359772
-0.38720146777987252
-0.22359889206224803
-0.62611809401411977
-0.45393582655183856
-0.63397034451212697
0.19955708170146444
0.38145102828978678
0.90259187020461218
0.3998912912292174
0.29391584175445912
0.86815922109069199
-0.48632627318880856
0.40020006682069703
0.77674105242544889
-0.75831458079375735
0.59821551400444584
0.25903126328685616
-0.56853845557481331
0.54394193450620854
0.6171638327204938
-0.51530775107926208
-0.58922856789532307
0.62230829695068335
-0.040180028757192419
0.43005243434448354
0.90190934633335218
0.34152494362610369
-0.88542327748627159
-0.31525597943045536
-0.44479019483045573
0.70921300458858594
0.5469722083480254
-0.16782892519966874
-0.94384662451237944
0.28458215204561144
