-0.54630945676005249
0.23660791109390669
0.80346914929094471
-0.57340027894351109
0.41975440764139416
0.70357540986956491
-0.90237175531083247
0.19240009574012581
-0.38562600842842187
-0.83195458975693315
0.52385288152945797
0.18283795857440763
0.94493729921309488
-0.078093186047940494
-0.31779703404648646
0.36258861964017186
0.17329629110360398
0.91569530325167092
-0.42258842560235538
-0.8530536347859925
0.30613480482514449
0.11323785277051387
-0.83297721756559251
-0.54159592291357506
-0.7992173082841757
0.55384638554986598
-0.2334649338816131
0.13831330183979654
-0.97603058047112612
-0.16802897523751673
0.4291325558686514
-0.45745122677592442
0.77883478646940296
0.72776059472769583
0.54842701156538465
0.41181589302387528
0.00022722901803084669
-0.97186740296329865
0.23552855331009592
0.58257571874132208
-0.76656652254236646
0.27015051073491531
-0.046446074124813247
0.99691553932572596
-0.063262703461746811
0.18496190274877525
0.30951421777335397
0.93273256806423432
-0.86539300806200548
-0.40969983613821054
-0.28851513975130888
-0.35328968119846299
0.60502909811675909
-0.7135307923213331
0.27374340297184818
0.81379719426846986
-0.51263893329531507
0.74063330291900931
0.01581896385588831
0.6717232101020516
-0.66951183492033217
0.4415834362240868
-0.59729219964280267
-0.30132342852128169
0.42111383489058024
-0.85549244852770567
0.93068636744530719
0.15257679757526438
0.3324803848246321
0.65893551070955414
-0.62826753445307104
-0.4136228933197465
0.86837191277947634
-0.47962861801965312
0.12604209563582788
0.38349750292110862
0.58671381385437327
0.71322967260604786
-0.70013686476180603
-0.6991875434051863
0.14472439237574714
-0.41650445207523484
0.90913352612550624
0.00052256684930534331
-0.73328385084459557
0.40598081445557638
0.54541211242922305
-0.91506414232683009
-0.02622566461908845
0.40245475515012863
-0.2097751404201077
0.6860789294202907
0.69662765740905819
0.22569214212238267
-0.15309921572309571
0.96209338794588095
0.30860104186256415
-0.95078543556273598
-0.027793029398003197
0.030562670543514761
-0.48491416803552184
0.87402755837997825
-0.71605485310176176
0.22348658917543621
0.66130113549588299
0.40557547282791817
-0.043358311694182007
0.91303263503964682
-0.77925371585841352
-0.55933751616903493
0.28267505961210915
-0.97452973281117583
0.13078956908229988
-0.18216994397058042
-0.5367041965118271
0.81979563659378063
0.19970908759591322
0.98705595696133641
0.10746808160202245
0.11904263632800423
0.52973757964507739
-0.38305530060178816
-0.75673425546399653
-0.98044462388302389
-0.058452714445306586
0.18791386237542737
0.45435968610379268
0.1487160895556304
-0.87831702724639493
0.77668077836685501
0.48276249590878362
-0.40460763840958064
0.33444659684740519
0.93225755139064892
0.13799033202474945
0.77262876346363329
-0.068723788220075965
-0.63112743150756723
0.74526506838472872
-0.63403742309941424
0.20634079566329119
0.9531855125716997
-0.060073898386234149
0.29635874435573262
-0.86321335754368012
0.015509102354945346
-0.50460099792044655
0.4211855192999599
0.65784120271412538
-0.62437785862701456
-0.43207760713705046
-0.84804100459098586
-0.30681492131744842
-0.33738348508014832
0.071133852059054217
-0.93867585410854915
0.31499753441587158
0.94391901049998606
-0.098961886242376798
-0.083987055350194212
-0.89905021813138375
0.42971488199911667
-0.52626205736567855
-0.27839350431483889
-0.80345833976164993
-0.99045099335175601
0.11662459127051245
0.073522340002923833
0.57051035071676015
0.5971191883866741
0.56388528495207146
0.85536013944434941
-0.19848855358246872
-0.47849903442586234
-0.021050271970755978
-0.19433101264683456
-0.98071012209195285
-0.01614886717024178
0.98143996088506402
0.19108850637084901
0.97070763077648692
0.23067406539355004
-0.067202463549422387
0.17069665690184252
-0.58453972115634589
-0.7932061306577225
-0.33265759562347336
-0.074090402151418877
0.94013272274878856
-0.060992014951180479
0.39869543471416713
-0.915052962647669
-0.011214023358243686
0.62493328257068292
0.78059761594277999
-0.14275824830828052
0.86841023771244619
-0.47485128364169343
0.70026181959804834
0.67077582392500057
0.2443218738692198
-0.13966584185842104
-0.76671705719782102
0.62660865523857223
0.1942488194725118
-0.91155499642494198
-0.36240155163335019
0.47706342182077377
0.76095155961046801
-0.43973084436624532
0.52467757230025225
-0.78246930894935229
-0.33534344436329228
0.1952992392589136
-0.22988343312987272
-0.95342111069417423
0.9363536067447652
0.3110626397808145
0.16273277871609337
-0.9432111842631824
0.15695317095924821
0.29277698681194558
-0.016923576157772915
-0.93410233488679129
-0.35660401081462467
0.86376636258636252
-0.23481236631470134
0.44583721635818507
-0.14505139453230301
-0.98769649482963107
0.05844422166043927
0.24538739051832084
0.16580322673419248
-0.95514099408366882
-0.22439083557036668
-0.93696821736251434
0.26784195445177195
-0.80515032820762766
0.41341288436647722
-0.42523256698768863
-0.13251060632382897
-0.37245532200974352
-0.91854121971651848
-0.82106802922381583
-0.39684602564374111
0.41031758835965854
0.082231602863635206
-0.40779021776543511
-0.90936521914206525
-0.83287915243326138
-0.2054272506825314
0.51391824458669344
-0.4786165187935853
0.85441198712367583
-0.20225326745761441
0.21434183418048927
0.69562243173365357
-0.6856872542122262
0.038075547531432233
-0.28301589942867611
0.95835914632811803
0.5008298463813613
0.83259908099165325
-0.23653379315750314
-0.34983421838875467
0.91358980902998943
0.20729129378938338
0.61731383009377061
-0.50640402680548857
-0.60206195429552378
0.38982912662195468
0.34518317262442971
-0.85374576389818602
-0.78047868560135603
-0.39046552553780745
-0.4882516714650994
-0.5730818606337813
0.71805802868047952
0.3949301817537208
0.48899951278478315
-0.67569088215558881
-0.55165325002944254
0.12416651090795042
0.9741067858882364
-0.18894085650127482
-0.23569801220204945
-0.15218301103342674
-0.95983684978062933
-0.17272628018782801
0.30751146039816457
0.935736252293489
0.002462268835696042
0.42861721877437647
0.90348282606937202
0.55334814415838518
0.73033777428121838
0.40051537650186081
-0.4977043129370825
-0.86173058002783209
-0.098543514899372617
0.79499492160710694
0.60630381268135702
0.019461791977094918
-0.68236034333557005
0.59802385054773122
-0.42041864375765692
0.64702661866355171
-0.76079027118309583
0.050544218402920019
0.62714759217180505
-0.18479963111267136
-0.75666042183645876
0.87710895360758456
0.049218399108367956
-0.4777629461256046
0.095029167539461265
0.53808796920629642
-0.83751465343133003
0.38580087536809649
0.73641069303035744
0.55574902227152789
0.020127321484534614
0.20279414478037644
-0.97901451765163017
-0.99654551012795378
-0.053971011164654574
-0.063120331096096952
-0.78669940815974482
-0.16596802554489354
-0.5946079848924305
-0.73447425812174683
0.066621951821038805
-0.67535848235738094
-0.17697977641119697
0.92794476585991825
0.32801931384390193
0.76500574286527623
0.17556561246367863
-0.61963128480040486
0.38649606469274861
-0.86610217611093454
0.31699812698645763
0.66976352346602874
0.72781572992378341
-0.14731288439875467
0.095487467503123744
0.91511418399015965
-0.39172461476126846
-0.91230352188162178
-0.40356377041687264
-0.069559810014886023
0.6496421798622446
0.7577962478890734
0.060908823901574941
-0.62173942414686179
-0.73622784669758023
-0.2672239626391556
-0.88761857912996689
-0.21365406795543704
-0.408025976169891
-0.70142532960228088
-0.18769714228491044
0.68758438738122141
0.682554101338539
-0.60129678025946165
0.41540592291822731
0.077216290852357219
-0.99645196249795487
0.033483292266119048
0.35955455038180428
0.85796730976689828
0.36689592621217543
0.34959744266100229
-0.81180928531847585
-0.46770430012518882
-0.15724964664794278
-0.18712451407390243
0.96966848193684374
0.009071008507578502
0.19252229462431777
0.9812506728034599
0.19199156580872206
0.8379234381462386
0.51090463930512664
0.60525577587315649
-0.34713628588852941
0.71635315647500342
-0.85324898356740653
0.37440610186867951
0.36302374980803642
-0.69918783722940037
0.6880868310041065
0.19409503154176763
-0.32041381044815687
0.87977996846303008
-0.35117260309608761
-0.95094572682915768
-0.034921369237634128
-0.3073804199944003
0.40978786714113574
-0.24646675042514396
-0.87825283653330066
-0.61304815823304482
-0.54103033808033363
-0.5757240041580266
-0.47770795031036045
-0.47574559597922939
-0.7385534795237525
0.67236963053137189
-0.71617416517921106
-0.18711933376582637
-0.082692698421404129
-0.98505876038689466
-0.15106672768290569
-0.4999426914568994
0.44367888375856501
-0.7437784302906244
-0.29731328802834062
-0.94613804375807775
-0.12817024192617635
0.82955461763945049
0.19125300225263742
0.52465362429170159
-0.19958353438260493
0.82606484992886742
0.5270514932294047
-0.058103663820118674
-0.56367992683308699
-0.82394714899447541
-0.38542199689338646
0.83085321463612849
0.40141352747450587
-0.80788450846744875
0.006098065191726028
0.58930928601136601
-0.73106913908593463
0.56315646017989585
0.38521775041371065
-0.55482155239184971
0.076295465161793988
-0.82846366667298288
0.20961494649007109
-0.71355886532301038
0.66850229612687373
0.75266869222637744
-0.1948868608849639
0.62889502398781905
0.31039525091470849
0.89639247764581576
-0.3164416442720378
-0.52562098542632774
0.7538147292748707
-0.39431704706709003
0.77804962603550765
-0.4347796567886108
-0.45343734900070193
-0.22689684476979854
-0.91441599228298154
-0.33520324415291702
0.15465329064113115
-0.91260436549824209
0.37846483557580474
0.9693743114667368
-0.19875931967348656
-0.14425039726573702
-0.6683165817336113
-0.57142958735021632
0.47625746532801194
0.90298832025900377
0.42903850537850807
-0.023195999189486945
-0.33460605890198886
-0.67301481047932454
0.65961340967384663
-0.33903933258541064
0.17528052582441953
0.92429923089157351
0.51274338541913056
0.83181261945665685
0.21256054860106088
-0.40258866294224499
0.71163291148803576
0.57576120723563595
0.18284276855414894
0.53050545766424606
0.82772729891909613
-0.4413481672536177
-0.1054585877375577
-0.89111743419948453
-0.64746636276417013
-0.11092959349418217
-0.75397740972535232
0.31190988810254638
0.53055089223846219
-0.78818016496790155
-0.66886278182606762
-0.34164632541159007
-0.6602275118628822
-0.71902384902850169
-0.57751426792432703
-0.38662898865975781
0.59928955299054953
-0.14350738139971586
0.78756438667589823
-0.39974020518490849
0.5592617412659604
0.72624656495910067
0.51922077274438572
0.26704408291791043
0.81184804423565315
-0.53857746234787562
-0.83427687495153757
0.11796784719583253
0.19294151647549207
0.068741524537929463
0.97879935330196188
0.50653888098559319
-0.72220722166008
0.4709937271683044
-0.20051685161914462
0.97693935690506672
0.073365422009693759
-0.094530370668028357
0.95457563267308521
-0.28257630921247479
0.99169647682357231
-0.099473422921488752
0.081505435327937165
-0.84983257139475477
0.19639719197364627
0.48909379834694905
-0.58399239061532826
0.58287958282449481
0.56498166309158793
0.92889891999755081
-0.27434638901294256
0.24875862851958122
0.51939754830254115
0.47362755952935309
-0.71126867052582765
0.70550515996930407
0.38757958452343505
-0.59333340957452241
0.55783394064994829
0.44212329290769631
0.70238756290769089
0.89308395616926139
-0.43497036394927974
-0.11489921548423226
-0.70125067013335074
-0.38968584538349654
0.5969861301113083
0.51821961627160462
-0.84927481994160148
-0.10089950210219747
0.95207719493936949
-0.30322268846296208
0.040062651905175099
-0.53340549787332159
-0.16445923744076413
0.82971786413148685
-0.47830348208065981
-0.71975862345015706
0.50316329655356495
-0.75697071284369832
0.65315485194450795
-0.019597940663524719
-0.43763850780347269
0.25604513605678875
-0.86192425699083919
-0.79129460288369202
-0.58449657363333785
-0.1794898516853479
-0.19938978630430565
0.51158721708863475
0.83577642490622439
-0.92922251312792903
0.33137105554044788
0.16351986009725322
-0.40736647546199761
-0.6513094321328603
-0.64019417232933373
0.82557531464593126
-0.44955252896105996
0.34106879592244554
0.35842533672020804
0.40735646239162243
0.83999523245360641
0.85436174922166719
0.35919216570297086
0.3755622312806528
-0.52886689612292659
-0.55230048534632503
0.64440979203571636
-0.32392918362234269
-0.80105066538169067
-0.50337631597971844
0.26713176920547677
-0.71349976089136058
-0.64773351703391346
-0.54801400399520894
-0.36304130186594114
0.75357923575734331
-0.92433462800868904
-0.23240765280264153
0.30264199705725769
0.84032320716407327
0.50130339823463488
0.20628090173327501
0.49202876681054553
0.87032085929788761
-0.021196568162800935
-0.49462365497696054
0.041794883461528577
0.86810173807778435
-0.16279837930267871
0.060848670022780701
0.98478125847970921
-0.36452004064744503
0.7625776887890825
-0.53441595085428195
0.14602207922155491
0.98809944835227415
0.048342864476005887
-0.97039896664792313
-0.23441683759929555
0.058091236676357565
-0.3665107544984485
-0.48771589759676254
0.79234024892615562
-0.675872112146501
-0.73433060724949484
-0.062892346745974548
-0.37883189299895531
0.37837269314206851
0.84458303436148086
0.65704330990783033
0.66840125711577336
-0.34861705120578446
0.23956870062398047
-0.3621778428298606
0.90079634093642191
0.019707217898078888
-0.056551898154788859
0.99820514343385736
0.30532322067944484
-0.042226860232724643
-0.95131205352860781
-0.26416037733509767
0.95292274644557018
-0.14885407066254663
0.8684187073640478
-0.021407664256596702
0.49536921645499249
-0.0062187153990361961
0.7819372701670475
0.62332610494226182
-0.66645700781787798
0.025285704362456245
0.74511454816379452
0.094536939325106359
-0.0099015542327872928
-0.99547211227980481
0.94726098929943059
0.14820571529215568
-0.28413321542228109
0.72298455926868632
-0.30856455815243178
-0.61812720415077815
0.64869965372488836
0.060278588131808863
-0.75865357777449771
0.42883198430497377
-0.25600090251473062
0.86635250744065029
0.8520284832232905
0.27737789575679545
-0.44396955607535915
-0.10999887514699153
-0.83848965854732094
-0.53369967207746494
-0.18734820368899793
0.74044266949478754
-0.64548067652404484
0.89473904701579732
-0.32448064354015527
-0.30684580771623671
0.99398489269978607
0.018632192422789323
-0.107920686108433
-0.19715333098486496
-0.70239275304282633
-0.68394077561912592
0.048536034043899078
0.82047943579615634
-0.56961192827653329
-0.1735743001134252
-0.58833804137608547
0.7897659852196004
-0.89721855760798708
-0.40556692398482641
0.17468351397120782
-0.28830236719789332
-0.82972064163374293
0.47795962372880491
-0.60284718385517833
0.79777178231711543
-0.011638567628963689
0.40712035880027592
-0.6387580566358515
0.65287147167962911
-0.87539908019530255
0.48232574293899494
-0.032223098726918815
0.4075368615530936
-0.56107283378346939
-0.7204935680945681
0.80628834262725613
0.55699560636195489
-0.19913563979576948
0.78865699471840023
-0.61405037419128783
-0.031020680799765964
0.0049328365381965528
0.90262448181849175
0.43040064120025046
0.30482129294858601
-0.80822039143291657
0.50384896371549204
0.74175074842239386
-0.40164357949656349
0.53711103345956901
0.46057605934296714
-0.88039902321403207
0.11299227178830426
-0.35975932087525359
-0.28960966143413031
0.88696080806729261
-0.78751798095018377
0.24432767054662372
-0.56579096765979431
-0.1541731058985274
0.56650173238274015
-0.80951000032424292
0.72530326794223809
0.39874060080008172
0.56119613575460403
-0.53089106058279778
0.61477989404184263
-0.58326697461383226
-0.16894519373468347
-0.3977208163869419
0.90181798259208312
0.79431090704410667
-0.5475446909122631
-0.26318243559280891
0.57199722337858572
0.061849337491569248
0.81792043372142387
-0.95629472986102315
0.28889834428877992
-0.045145723022612494
-0.63028320427987594
0.26269725573793479
-0.73057048546355208
-0.53020339211514689
-0.71032880022565037
-0.4629442283467628
-0.95583155698416111
-0.22563559193979246
-0.18834705817509806
0.023899744170046696
-0.71888546942503295
-0.69471755705333693
0.17510391156542454
0.3613587863631107
-0.91583756620520207
0.22984858203672495
-0.55010968030008611
0.80283807145391661
0.30137298353186331
-0.42394706758636252
-0.85407447490369781
0.3645033184709614
-0.90063948814253891
-0.23661327778043734
0.58631648909568579
-0.5384335278173028
0.60524566147699255
0.50085066865735151
-0.055615786682751592
-0.86374503875689068
0.89993305715287109
0.36251160950529177
-0.24229285094152067
0.018078111796324361
-0.66593272711947715
0.74579272242701278
0.19187972988912141
0.70130056154018228
0.68655640091772718
-0.65925879051760061
0.7194022542691656
-0.21871955485898703
-0.60252745275921782
-0.72598894855761986
0.33151276784415123
0.23757227421111601
-0.954582332423907
0.17981097060605569
0.61059456300790305
0.58110945830749061
-0.53803910368184449
0.17247710412926481
0.94133225964299139
0.29007796453126661
0.59615241353654025
0.27495768756507627
-0.75432126437176861
-0.824928994585446
-0.56392999542112132
0.03840721490266448
0.00092101126525773354
0.68789251509223492
-0.72581198627353105
-0.35358391567850672
-0.9315205406661452
0.085134581049694541
-0.90185383289124021
0.3582247567036646
-0.24152574973277585
-0.2730914431308793
-0.53122138521575812
-0.80201303205006902
-0.33653273436346881
-0.33219935290375968
-0.88112956404388687
0.06432819655004901
-0.82515058256742879
0.56123827312225516
0.68965369739870774
0.22669636427811046
0.68774016611462929
-0.20763428250273941
0.24145580268515629
-0.94793834191852344
-0.1223911078459818
0.029905889123870964
-0.99203127698472504
