-0.13073173738807323
0.43485555958430472
-0.89096007494057627
0.96573841174892594
0.25819382550923309
0.026177634376884893
0.87482771368682655
0.48312027572301064
0.035654881163764543
-0.063817031721676798
-0.40360689659772903
0.91270414674251632
0.86845097364942081
-0.18016458890426551
0.46188053354988862
-0.47008292050739464
0.22758506785636543
0.85277610469340193
0.1479611274937607
-0.33978549570185673
0.92879132298994849
0.66907346362333331
0.17308179066669885
0.72276095219282932
0.53460323960167044
0.34563082168464282
0.77119304412643508
0.67793656537964286
0.5741814169213556
0.45903999148596808
-0.24869117182078962
-0.43747290614562856
-0.86415864136563525
-0.4060072069601654
-0.11276976758524238
-0.90688539927334588
0.10064472130447789
0.88198952262561159
0.46039670073990502
-0.29024608366817201
0.14684375075041795
0.94561838168514778
0.46111694705524336
-0.54586385857158404
-0.69957401970327171
-0.86763295609066005
0.4812545331696918
0.12492849078174598
-0.77352156056633825
0.48587060004775329
-0.40693261770009653
0.3601649710570558
-0.73721480965133224
-0.57166031701896214
0.23691981181179034
-0.87864754828014913
-0.41454491755701101
-0.2973199278787152
-0.41279152684230153
0.86093206227518149
-0.0090575930719703959
-0.13853017836731102
-0.99031679259177641
-0.96387915415208858
0.19778988556165414
-0.17837078617464866
0.63599428255435542
-0.037589996543924011
0.77077770123298106
-0.77402459151900227
-0.63036576734543437
0.059371130045193614
-0.93435803112960991
0.35502498748943612
-0.030534045289228016
0.10333969513959915
0.98774141729063392
0.11699487158480311
0.84452757951241697
-0.10653683952418862
-0.52480764977951255
0.30747389685117232
0.53860388145780336
-0.78445245976651956
0.85704935142517635
-0.50788158543599593
-0.08673352521778295
0.55014352876019579
-0.64619676488999878
-0.52893462621478948
0.13133215327154429
0.66727935643114944
-0.73313718088628577
-0.23185132499003699
0.54201667227293027
0.80775175027884849
-0.32595244507575261
0.79553505845420736
0.51076312936565738
-0.73588694029980706
-0.068380728390607992
-0.67364269986466729
-0.87533405858532964
-0.35546417613940001
0.32777355805810865
-0.5874887537152893
-0.5225785062142555
0.61787431497104128
-0.77818248206648233
0.31328532219402194
-0.54432006347611028
-0.63292337121553066
0.33712252602316978
-0.69696227201830996
-0.77951188766007862
0.15039276966126605
0.6080651542641089
-0.90528377020693174
-0.35148197097918504
-0.23858273088492885
-0.45233561135862299
-0.69339135682403286
0.56089296748893847
0.22887273413237919
0.93147580718333001
0.28278983751707393
0.78794263626592098
-0.013444123607057349
0.61560186605853373
-0.50972780034327936
0.22681964478407712
-0.82989783606009415
-0.43288598657320332
0.43294298282050125
0.79067698604109604
-0.68487362418898401
0.55570509156658099
0.47131727116372901
-0.34904693090698657
0.89583926384409374
-0.27502409599830629
0.31708864993343749
-0.86977977066631051
0.37807134065285908
-0.93823404215231165
-0.13515667663903133
0.31851146746455866
0.0062210683812987111
0.7577917706936721
0.65246680419554248
0.15925154080436449
0.80380131609124983
-0.57318617481705758
0.34602353888531701
0.30176189039179507
0.88837349805386012
0.44988543846686863
-0.080692231917335336
0.88943344661850465
0.047156738318305406
-0.67490424603221699
-0.73639697223635003
0.53077077298990527
-0.83157577339935262
-0.16359743162704973
0.46206873817905647
0.84329508395147545
0.27449204465865434
0.60561260153483698
-0.79349805487414049
0.059951762052190292
0.86439471355772912
-0.39801761449695205
-0.30725194502819198
0.39894874628703514
0.21084404991286598
-0.89240387967127532
-0.1987558651422168
0.71378150531840301
0.67157432108215942
-0.56681408645271392
-0.78823764367647653
-0.23958966691018044
-0.35790279910882722
0.92519476191720851
0.12617542910973575
0.059542262110626402
-0.55586669402053979
0.82913625991234097
0.91480959713681698
0.37346596538763632
-0.15377442467281505
-0.046177618435066264
0.41440891751437031
0.90891852035275034
-0.25850813681570517
0.34957969642251735
0.90053738348233681
0.6175227983875935
-0.71329283660923837
-0.33147989790257576
-0.83951539961903765
0.10130033403138064
-0.53380908209547939
0.22469066110934374
0.97269929016154766
-0.058053404116099591
-0.88700265814311197
-0.44861053287251601
0.10942976854078969
-0.56489382977608538
0.012868604047223599
-0.82506324612770299
0.69314001888171195
-0.57646315236468515
0.43272063527226162
0.90726099240533453
0.36516140409390441
0.20864956414969008
-0.72990380305062297
0.63451880094163793
-0.25421709136842818
0.81784483994884316
-0.5086053587141216
0.26916613244673021
0.37524277691007413
0.8113601514308949
-0.44820482265014905
0.98407321102924883
-0.093574607841133028
-0.15114135139650359
0.20753763349350368
-0.97746332465223751
-0.038646858135049651
0.53286351308869118
-0.31750710470501337
-0.78437600350891545
0.35426322728795046
0.92904446477055491
0.10664871434161272
-0.2277439494065481
-0.23302622298692938
-0.94542660894918418
-0.2262720331280362
-0.96798663964923759
-0.10864084169722731
-0.96232719363929697
0.073816849085849304
0.26168195423710816
-0.39745458693905572
-0.54314060661891417
-0.73961350228531031
-0.84212720592009871
0.40420326984792959
0.3569894756060038
-0.058116385534457776
-0.52906091600506644
-0.84659142027798184
-0.96631004568423651
-0.24867947458752751
-0.066358228793421126
0.33536366195770706
0.91259787423010885
-0.23387247420122595
0.94379848951659695
-0.30671086735823522
-0.12317814347744035
0.46650500654674482
0.88146214596416839
-0.073468116207404913
0.70318291191051507
-0.70349311580124574
-0.10310784847577645
0.9705209839525718
0.1258444421401855
0.20555338987756347
-0.2620196624829097
0.72574731081033672
-0.63611047572250112
-0.45389723241066149
-0.77966066764955444
-0.43140067887080685
0.94034714051210833
0.021765311481889142
-0.33951955252503102
-0.11595999713348612
0.85932477407583086
0.49811064205086397
0.6845095959061126
0.52249679093195489
-0.50837359941116089
0.72558111954373883
-0.013354830146338975
-0.68800704027896187
-0.75727187128485207
-0.080525924136506208
0.6481164158565188
-0.43446494006253411
0.84103572637618085
0.32233386855145785
-0.60886270440836077
0.66341667057028042
-0.43493048684816443
0.079642283444751452
0.50135617834581458
-0.86156780877780348
0.1134785115967223
-0.96126952052581915
-0.25116436115391527
0.97751377455492883
0.14169881137080656
-0.15616743390181015
0.41754705789968738
-0.9086279797048914
0.0070462001619593425
0.64696346956489703
0.70996728913838891
0.27818108742694592
0.17934384243008419
-0.6876221426696143
0.70357058998572541
0.20008953038057561
-0.069560186046447536
-0.97730525443653704
-0.87836155112046699
-0.0045486260035999902
0.4779752038701659
0.37156731142064431
-0.28969024232303442
0.8820528876356879
-0.17046571355438753
0.21303540669881219
-0.96205891503330776
0.24463049079858165
0.3648598046538688
-0.89835029132270328
0.19193737844346972
0.90118780921585229
-0.38861365811945037
0.21009388792670664
0.76841226894878811
0.60448585027675839
0.63407868360969954
0.3783581131850613
-0.67438072420468165
-0.69980996016366881
0.13726276298355797
-0.70101708506558091
-0.72961377515002657
-0.27916208923535718
-0.6242854051193869
0.91207232382587555
-0.29984611353753438
0.27967192262953983
-0.25708086160992932
0.96370234585224746
-0.072022352035819345
0.96393120227081941
-0.090416111386918657
0.25032291962663167
0.50003732326426698
0.13539687623588079
0.85535393916686486
0.40191003192784452
0.0034576323526332438
-0.91567263310326863
0.80095646334769621
0.58186863102567443
-0.14105899492715124
0.020476116352908753
-0.17959131574106865
0.98352818361727379
0.5197646473005918
0.71677187995671909
0.46484705390031456
-0.81745224172515163
0.57195089164936264
-0.068146973814126627
-0.42126502948910732
0.77967584518205324
-0.46329402259169311
-0.57468983142620278
-0.42000527070480592
-0.70237252952796003
-0.69889822032002058
-0.48255702704014164
-0.52790149960734922
-0.72335533485791081
0.68389800131702605
0.095081982137400045
0.35233861564848395
-0.75617058611446875
0.55141957221176929
-0.55240568471171403
0.82556711770832691
0.11526878873723027
0.79557548957228941
0.33330920633008143
-0.50592945493163688
0.57727981840285236
0.81118430211390902
0.093423975877394552
0.13783985171487184
0.25252811978949297
0.95772110971556101
0.66746755647341205
-0.70067687035886306
0.25206940393376076
-0.22280627285866156
0.85917871373110399
-0.46061839156312145
0.52322981364494114
-0.74620293442375307
0.41159657769527197
-0.39657579816753019
0.62561556681269848
0.67181306839731281
-0.19891477903243149
-0.018598502768628181
-0.97984029636326153
-0.38725155354894214
-0.56422078880592319
0.72917154069063372
0.16757712288754492
0.44877553972042267
0.87779178785938516
0.47946161463427545
-0.84845204142859965
0.22415551183929266
-0.99424288165215913
-0.061268521319540151
0.087904838202045921
0.82009290432530457
0.46689470400782662
-0.33084280805955418
-0.65871849627258461
-0.71774296093896983
0.22568780359369275
0.65275861997145634
0.74905822868973693
-0.11321640378122563
-0.94339479986260011
-0.15385834810313531
-0.29382624169937455
-0.75060171697935774
-0.4475947620816349
0.48606171565422096
-0.31345498383411818
-0.90651425612282444
0.28280360067657395
0.46773898116400642
0.3794698419675307
-0.79826241583629287
-0.57785115811622223
0.50085593063697675
0.64438449376867291
0.34876158822576525
-0.42148508861354372
-0.837087614682403
0.099598294318858402
0.040422220345687994
0.99420632862152847
0.76900289467853167
-0.5823046625030025
-0.26373438911773234
-0.076074573975831672
0.21117012511933578
0.97448439569419476
-0.4210657616483095
-0.23011904538544858
0.87735332068581073
0.80594129318851271
0.41134169341224275
0.42574246111279079
0.80092670947476463
-0.32175925976098219
-0.50496275586224248
-0.76301302432574714
0.58396914278310907
0.27711218844799557
-0.13205412238823894
-0.98444274921711894
0.1159059199269503
-0.19964995440578218
-0.64345473811481246
-0.73898978051348396
0.43902271583263808
-0.81378675453963389
-0.38080201301829347
-0.64193660265855124
-0.65753672599627189
-0.39441456886542758
0.77990687482512466
-0.62001642503952681
0.08558562543857598
0.97734644894452294
-0.20127443582129151
0.065440967446637313
-0.013783008908243839
0.95402459348289026
0.299411261804297
0.80496302746451032
0.19732821775517528
0.55954990741911148
-0.32796942457121814
0.34165132144819194
-0.88074424840536336
0.083727974963832455
0.97101875757651634
-0.2238575409563287
-0.022043378452150441
0.59854493230618466
0.80078589740142159
-0.88881094606438815
0.27148399740683354
-0.36920392916128869
-0.5286539293189717
-0.61800302624529779
-0.58189112604272086
0.57609617143285141
0.14029459501123578
-0.80525190336381336
0.55366763649387474
0.53466740766833676
0.63842220471762023
-0.10945939810875768
-0.0041478785007032027
0.9939826131626307
-0.4578325628717948
0.63386935106209141
-0.62337708504433109
0.65928524294644852
-0.42154663922203189
0.62260854426650192
-0.61170400900010002
0.72890250743921581
0.30743997791768923
-0.86662728852539261
-0.49026443167797129
-0.092725022591540363
-0.58992546681483249
-0.20050450914027135
-0.78216742799589978
-0.073857672319556658
-0.85116154523189613
0.51968169888691251
0.71765687544622025
-0.52291092068147804
-0.45992692697516357
-0.86018410444872428
-0.11378406766529962
-0.49712824542494533
0.39130596433751036
0.66643761456449868
0.63461842722022499
-0.63727786722421309
-0.6366227549018475
0.43426764545305518
0.28062041726752351
-0.9433485281262709
0.1770472702263417
-0.88414223161186634
0.20601905234565362
0.41934313437921933
0.90773434111101381
-0.40922858098996207
0.092468018626417958
-0.60443195691864082
-0.15783985926852154
0.78086400114334609
-0.016966435612001007
0.90042499459617742
-0.43468030685677228
-0.18905300826712684
-0.23999820696757773
0.95218686228990657
-0.87424827027550556
0.43111496801066468
-0.22322599821134237
0.9080160318635323
0.24936830569872254
-0.33663382775911449
0.17891813488436245
-0.28478371931416113
-0.94174653395863073
-0.032602734838915563
0.99805015631585003
-0.05322543714175277
-0.64613315298843843
0.080852259630643061
0.75893007630600484
-0.1111721518510464
-0.95194322892612704
-0.28538542631765068
-0.78536005808025999
-0.55051037129514568
0.2831040626141762
-0.46928763111143867
0.45765485050440763
-0.75519610505854873
-0.83701201958514571
-0.32253848581108152
-0.44201787773877504
-0.030374471300988456
-0.72339063157557504
0.68977053114921927
0.69410065445477509
0.3780695242062127
0.61260731007060387
0.72106894336590988
0.19474992170636263
-0.66493010678456732
-0.28609085110181703
-0.83135271085061646
0.47645009715306952
-0.631014646555484
-0.77567041660328617
-0.012486818607721403
0.90435867811363535
0.023729158273273633
0.4261130229976553
-0.50729214793038668
-0.84803940465521799
0.15324439565673509
-0.48766495691950945
0.0082708482667006467
0.87299168544817318
-0.93819517154511645
0.28363215952689169
0.19834973700900527
0.20602481379410509
0.14727857683559106
-0.9674000190750397
0.37394873385525307
0.49676266639848637
0.78319167367938702
-0.16380539537250094
-0.5757685379391102
0.80103581890344844
0.035546904548728941
0.29830801422534453
-0.95380749956473676
-0.33205030987786871
-0.72839105056346243
-0.59932384331767319
0.33257055642803179
-0.91936041841141247
-0.21017432301673228
0.79549205683220048
0.55116050890454671
0.25182232018023382
0.70210194297612372
-0.22613432756253227
-0.6752156156125193
-0.23401561168550075
0.91662631025465946
0.32408779803687399
-0.63569648098282361
0.51143552875322351
-0.57820730192117531
0.5751714543504638
-0.2424716239718302
0.78127159788951483
0.79987671928137405
-0.38424415354191155
0.46103542642678347
0.68867975703227924
0.65089803092084952
-0.31945570208922791
-0.094119487072844912
-0.78717621330596343
-0.60950400438260377
-0.010077950343816732
-0.99723646627415985
-0.073606149538570573
-0.034568475580362759
-0.34123865520405866
-0.93934083307954597
-0.69225440778719038
-0.31165124108772724
0.65088965180565406
0.19003221222519293
0.62265164059917977
0.75907357533769337
-0.79211701144908442
-0.51692751160448147
-0.32455598580117062
-0.46188571891083707
0.88344287579163239
-0.07867825544093765
0.24120226626316379
-0.13014529786146045
0.96170872315585543
-0.34811415776953908
-0.89494759071561913
-0.27907945648634397
0.5048411085115978
0.55559714513675429
-0.66064155748232301
0.73823008958060432
-0.22218664335761384
0.63690613935751117
-0.45523847999218575
-0.88601445344728258
-0.08795632221118331
-0.42689928282220974
-0.32636798190554084
-0.84335101986823235
-0.64922621357379573
0.75540238115790315
-0.088727482493319451
0.30709712279367679
0.088790733782905154
0.94752707758994348
0.26332966600955987
-0.62757804382923454
-0.73266860578488346
0.14947680509786618
-0.48791038290459843
-0.86000008313466048
-0.36477520175897332
0.10647782740936979
-0.9249873104274895
-0.51653553899565663
0.69316987112551898
0.50269928060252655
-0.98856939854254988
0.14656571909791011
0.035341678660382785
-0.24388163609425312
-0.71858247183985502
0.65127642268127139
0.34275729903035462
0.69560402764217089
-0.63138931784550012
-0.734456838268019
-0.65720169936485107
-0.16928992608332272
0.38006087648175929
-0.20864302450271452
-0.90112253245287166
0.63634119165627634
-0.43780099360252589
-0.63513792029929306
-0.62537382655521734
0.29903697895151921
0.72075270535686053
-0.054117648710568518
0.78322496565596467
-0.61937866711023581
0.012607096022579931
-0.89318231914821122
-0.44951797059839566
-0.10429172588037708
-0.93925913306840747
0.32697938292876472
-0.13876368108762088
0.95589439957264788
-0.25886393660890661
-0.084823257321914078
0.63002798986265784
-0.77192599840070097
0.0037831735601551557
0.07755973829210798
-0.99698052869345133
-0.75143997408984609
0.3601400677063657
0.5528445504590831
-0.22633902487495891
-0.86139146165045677
-0.45472562674028222
-0.9374566813689208
0.053823287851588048
-0.3439157225856575
0.85109121356388862
0.11095124127285455
-0.51316037284104488
-0.95516770759013292
-0.25977355429436627
0.14202940141492593
0.14012693998208234
-0.82898473436368225
0.54143212952616071
0.92032722850940762
-0.1959680502989552
-0.33851782187385449
0.33492780815146028
0.8304636175721225
0.44514440714882858
0.48861752174037443
-0.43415180659141278
0.75681247762025383
0.54202497251277326
0.68532876184710445
-0.48634701331214342
-0.51591661623176976
-0.3834321057895248
0.76603515934046496
0.5691077587676433
-0.093462462594662926
-0.81693397958232283
0.89907645364948041
0.22975087280578893
0.37266079340071673
0.37467903631325084
-0.60598761461463446
0.70170836583372631
0.74488011784787067
0.66355265583182677
0.069652587701187624
-0.5445403976830836
0.79320502408495863
-0.27258309752721127
-0.83372228631045298
-0.22873371182997382
0.50258137488545429
0.52623571954325177
0.8014782110745311
-0.28409266912323805
-0.30720144007124062
-0.065355069469972507
0.94939769860303058
-0.99163394987869147
-0.023897079820004774
-0.12685045929779384
-0.48855800291776724
-0.79101491073906005
0.36824786323002578
0.54569950192616545
-0.60449210569545664
0.58034588630351114
0.074053563773314679
-0.9865376295445587
0.1458066362861267
-0.33231026843059386
-0.94017862118347406
0.075060280875629506
-0.14410839910972922
0.98126538294773213
0.1278710973381858
0.99939632986100724
0.017268238490873104
0.030146041195674753
0.10733523520620243
-0.92922604043826829
0.35357900539292064
0.26606065084062158
-0.4838497111605316
0.83372728579802091
0.1485971917420717
-0.79125680701445122
-0.59315389230760784
-0.28546420137473011
0.55687358455553693
-0.7800012824077629
