-0.87436481895142382
-0.429867892653712
-0.22516606814860182
-0.39130626485622572
0.32675141588269879
0.86029815721232428
0.46421104915745609
-0.7149123154594812
-0.52288477033137715
0.74885896513217509
0.029407457131856919
0.66207662079717466
0.58042657735459469
-0.7430691486405363
-0.33309642543722873
-0.56673283913776229
0.52450079848982878
0.6353839795166254
-0.21517572095623461
0.53806961112261475
-0.81497270058408866
-0.64112691125123289
0.76229601349407994
0.088662683697750003
0.41613211257954902
-0.87556397971384636
0.24540126794239048
-0.86835796569721135
-0.08370454392214699
0.48882306894927319
-0.61488704928508919
-0.61179151460336401
0.49761939198628297
0.082593305883221113
0.98143161096239773
-0.17311943515109329
-0.9653149805710457
0.26101530573436393
0.0061642888898976525
0.47828510530061136
0.87778462345135477
-0.027157188365997321
-0.56939029853977219
0.33621096380859827
0.75017123094909643
0.48166998812521949
0.26118839029352614
0.83652534170539483
0.98073897647877684
0.19437576437640663
0.019212554188569105
0.93091766795409681
0.30899756899805558
-0.19471208962002809
-0.011219044828438949
0.50256954699905498
0.86446398621475384
0.016093161646020038
0.82397546024676593
0.56639690240975471
-0.67090816739331294
-0.73632620485242462
-0.087783546138053378
0.67610253211769622
0.26122796660453484
0.68894507439105734
0.029812296238395777
0.9262623131825376
0.37569848837961628
-0.17543026945142284
0.88806910614821433
0.42492056112326787
-0.66720011317674388
0.67803078795149541
-0.30841248283234951
-0.24296691699595208
-0.34949235321243327
0.90488793355393904
-0.6662751259532681
0.13452626171636831
0.73347129558325297
-0.85580417383033047
-0.45470298686101662
0.24666659642978758
0.097400046029637963
-0.57145244580487564
-0.81483454346084883
-0.3058049183920738
-0.55481600596280267
-0.7737328682527973
-0.10894823354164931
0.049291149811155809
0.99282458921928829
-0.48541178422621462
-0.56328481266843222
0.66864461379077289
-0.99484786478779608
-0.099131519108323685
0.021228938891031779
0.14461943855373918
-0.46494193857996702
0.87344960458054088
0.84044551225763098
0.49871807888546477
-0.21197079685371736
0.62220905408491067
-0.0020421666428098364
-0.78284846718261114
-0.61933773750443399
-0.63166551027946427
-0.46628258602083011
-0.40359457479750649
0.23279111504190717
-0.88482750632627005
-0.38901365807247773
0.67803793052784223
0.62364488180260913
0.39354961719779541
0.59044817405054884
0.7046202186737488
0.95984808369179042
-0.25259471202202621
-0.12201462081122684
-0.49010854956117955
0.8077268253105464
-0.32767512160794698
-0.71350316865606378
-0.62820763602593077
0.3102714849232337
-0.55027437769287202
0.66967474339763777
-0.49873224009485317
0.55877681950995706
0.39599125315446104
-0.7286696051047391
-0.96988180374766986
-0.090348422915094928
-0.22620002041538687
0.69092529295646121
-0.39374267105500388
0.60629114173266585
0.40360448090527445
-0.19327530551660904
0.89428635194251149
0.20202908929895586
0.91856715966637459
-0.33973316037661588
0.72532691493391788
0.37642461940117916
-0.57637259856894851
-0.93318228948714133
0.26353031713451813
0.24438205036073632
-0.40770281149127607
0.43981172277606378
-0.80021501236283976
-0.39268798295494234
0.6226408000539897
-0.67684162264957271
0.22688207859918344
0.83883622885939968
0.49485179959605569
0.59753912737986625
-0.76975185982165129
0.22456416800375109
0.21654546239331038
-0.94710461059507756
0.23685632629595149
-0.90049110066846716
-0.26174954183127974
-0.34727936156358008
0.09741890959110619
0.12400858024770635
0.98748743185876953
-0.68915759987847602
0.66043956165780748
0.29812981723903698
0.74322968226695096
0.55108526179596795
0.37936087519489481
0.49304477883162007
-0.37910983823281524
-0.78305975290648633
0.19926824128639728
-0.26416700428327422
0.94366729405157757
-0.27049575196293529
-0.14943519267397701
-0.95105266487219187
0.59725550596930532
0.70894675050548062
0.37507381345152424
0.50713773951954055
0.21678039681914649
-0.83415680343083221
-0.48889290971592608
-0.42376610885026189
-0.76249984119303493
-0.39687742687621469
0.907117939021853
-0.14009051624168037
-0.46599655422211361
0.88198634239056717
0.070337069100341057
-0.99119919007440449
0.083931602136979547
-0.10237017025757184
0.26986870401372742
-0.80039140687614696
-0.53529849466701618
0.30315987304148645
-0.48405292405692801
-0.82084520957937479
0.55955212848547575
0.81034074991908267
0.17392321445957809
0.3615537970008299
0.92183734486242064
0.13962364230775931
-0.54705649481845209
-0.77304860113016438
0.32113089506873183
-0.11368475220767067
-0.65978058902586423
-0.7428090948959658
0.098565336152165894
0.98317863275625073
0.15376817161155262
-0.44730304047245079
-0.76785156359268758
-0.45861090945633426
0.88418272862717495
-0.05564790837682821
-0.46381484742371892
0.91415888855355043
0.40535331049046525
0.0014900177710420114
0.82065390417679207
0.19839650126667305
0.53587871561066092
-0.31298862828283741
-0.68363750355577291
0.65930105588999199
-0.34246004803833791
-0.0081296501522410067
0.93949721888145121
0.68064575375736747
0.19618395979376485
-0.70585636769225479
-0.84907641438308346
0.13631145597479663
-0.51038067117436714
-0.90249261975957007
-0.42977944916287075
0.028225810117117753
-0.94139303376784733
0.11738386656184163
-0.31622805670016135
-0.19127872588692835
0.7704382922751889
0.60814248891124523
-0.02095396282850084
-0.31849350600377097
0.94769341987544042
0.42562619659657208
0.6948260522684625
-0.5797060443533083
-0.61628266093039841
-0.24478871992194673
0.74851463875833602
0.14670000848221823
0.35497463052154465
0.92329416720642721
-0.15901701433733822
0.84275389495809117
-0.51427566701546867
0.59131574626408689
0.5550221219356567
-0.58506079374898046
-0.65405230943308423
-0.45844765706020224
-0.60169869724078695
-0.39147816573797212
0.51495728892915837
0.76260332829667365
-0.10569777582386898
-0.48277597082665119
-0.86934190177298576
-0.4857787393037975
0.13731654351560363
0.86322834946341997
-0.4602236711715279
-0.39006489734416788
0.79752338420467972
-0.0029320251416669113
-0.81179327860171346
0.58393756176979195
0.099723240974493102
-0.38606488079518808
-0.91706552820730336
0.35857286727015414
-0.40071201780340837
0.84312239778432019
0.34431093783894151
0.91990456627221284
-0.18768475440482776
0.38337899014810445
-0.85289168110245051
-0.35439572545285514
-0.06305126722297015
-0.9304734556022034
-0.36089290117882872
0.41034139036718464
-0.69058362955949792
0.59557887297649814
0.085751695397345451
-0.72995346776298886
-0.67809629230461654
0.72120665267505457
0.4180826905577541
0.55232945602532613
-0.30672750366000512
-0.721588756249676
-0.62066730649563562
-0.89602234807048609
0.42830428280955618
0.11704440646713722
-0.29010829627572404
0.89432563427132128
-0.34061537886184134
-0.50256587052597534
-0.86246063593114719
-0.059909909461703451
0.81896191627602111
0.16897250196248623
-0.54840648543762227
-0.6246250838319225
-0.77132118717504417
0.12209476181574735
-0.77731698045393316
-0.07346956188597599
-0.62480439769119955
0.23222938212552474
0.92416660052056132
0.30329129324770671
-0.18547605570552114
-0.15644944410571052
0.97011453148529647
0.13841411381248653
0.30215866326180746
-0.94315517032635809
-0.87454973568996164
0.47744517239614742
-0.084905047907832626
-0.48363475508528364
-0.60282720185317662
-0.63458394904020954
0.35512042848138664
-0.93375437620007318
0.044634585272057464
-0.88554394099180889
-0.27486328779881031
0.37451582288753027
-0.81059861954981283
-0.5782099222124133
-0.092753241663312641
0.93801353698178747
0.27958703995291001
0.20484553089898444
-0.58421344931957175
0.32013935623484779
-0.74579181962774677
0.2949753279702847
-0.65540636046637712
-0.69529278620523605
-0.36298466462514634
0.77319853515028525
-0.52000592158976733
-0.31002286401023782
-0.95053208118517019
-0.019354235419633877
-0.43592295834834
-0.88641267708500537
0.15570401500226372
-0.72349025666490585
0.13111193118634881
-0.67776951097813087
0.0026869566801698353
0.68345216158968791
0.72999035821179314
0.59128371471479291
-0.11741368883215982
0.79787066269408613
-0.65108788087393121
-0.27406710808820256
-0.70779360808307878
0.052320773298091754
0.87607356790911917
-0.47933040827019896
-0.3756768672847608
0.80924327002173557
0.45165498039060387
-0.19086005598245931
0.70729401286517146
-0.68066703930442751
-0.9870275726418547
0.080637324347113584
0.13883152655959202
0.35408143942999687
0.36941785519108045
-0.85916051033389751
-0.71138788557774923
0.51160705008468954
0.48185630903502874
-0.64461907376767513
-0.4264757309302486
0.63449562698446926
0.27482319620101647
-0.94928956996877822
-0.15271386046574084
0.81956139159853536
-0.56860870366335303
-0.070733779196035115
-0.79598705527592239
-0.2709361127568633
-0.54129310972648248
-0.066577793361807733
0.94435776449927566
-0.32211148700566877
0.8325325529236024
-0.52329793606240005
0.18179333990919838
-0.33645474629244621
-0.87324781348197922
0.35247192788394943
0.0051786241185451483
-0.97812666993420228
0.20794566457530925
0.54631179432785093
0.43713231041852174
0.71446397149642826
-0.24823912937096562
0.096865441428295687
-0.96384356661547843
-0.11327168625871403
-0.68287814021748927
0.72169728467357463
-0.12242701626794569
-0.80831333296180152
-0.57588295811207324
0.40306318964727883
0.82702207718486931
-0.39188588772777444
0.9247973616940548
0.12313340795993846
0.35998333801425736
0.58466136524422985
0.69811785608774513
-0.41328264783584068
-0.93076621915507851
0.30277752787295759
-0.20493904921927539
-0.56606111289193695
0.1193375630192597
-0.81567969358331205
0.84342910870152465
-0.2536842399071087
0.47357327312434372
0.29710533097285108
0.16680408837714861
-0.94016212347029871
0.29503295655158857
-0.59038963221543628
0.75126269488172392
0.86496762279238393
-0.035758602895235199
0.50055202910374175
0.97203130226832202
-0.2051982105290614
0.11423152719902242
0.47848168038577055
-0.18347688871321868
-0.8587150358782164
0.65908145945550667
0.75174611514134604
-0.022122571547926722
0.94124162952101709
-0.11833350952973301
0.31632479412622244
-0.28439802148064691
-0.5268168605963931
0.80098799040263657
-0.77510159533345968
-0.26228660627805539
0.57482454112421655
0.2953620873182039
-0.2898328849772383
-0.91036154145526427
0.65918095947270239
-0.41480650323714152
-0.62722884782256505
0.74759562100494192
-0.59789661634791436
-0.2891719620121399
-0.26271307653888931
-0.86886157475856629
-0.41959671510098351
-0.72185335704790166
0.32852316833155776
0.60909790574920686
-0.19842644468019846
0.61535915124819263
0.76286306833315765
0.4465448648003052
0.022728242853135093
-0.89447253210888811
-0.20369447101120916
0.42417865929793996
0.88237238594352319
0.21268847359429044
0.71712583301020416
0.66369733525873953
0.39928967083574574
0.54557219629327325
-0.73683019576807252
-0.084329767079752593
-0.041178684895773414
-0.99558666438162446
0.20477313063444313
-0.76655766543904158
0.60865204388617278
0.73599049527953175
-0.18797155920922809
0.65037272681643188
-0.11917414308894338
0.96903607925063895
0.21625586865924634
0.78739283834704388
-0.45377863542892044
0.41724988693593817
-0.42638461959677976
-0.014175602711378266
-0.90443087544548062
0.18447022291782328
0.50063070552765065
-0.84577753194296645
0.89500043906447557
-0.26310455768871865
-0.36020855875148183
0.98445364522176093
0.036887072246597624
0.1717275875060896
-0.55804884760532891
0.68188000587424991
0.47288597068986676
0.96133542919030035
-0.085416894081032355
-0.26179791211744041
-0.33075110602001934
0.90827603224658571
0.25619983433432009
-0.8532629060981749
0.32944748015142167
-0.40423603364714472
-0.25550624115677101
0.1927000081999255
0.94740871199798793
0.78623509971520467
-0.43586197210316047
-0.43801679105961888
-0.78571772538801721
0.60962838608666281
0.10488511280658955
-0.29856378322100524
-0.36402437806332572
-0.88223915098139327
0.10772677634785886
0.06505315841206144
-0.99204991217091165
0.84877354053966403
0.34938970644039313
-0.39687568571689985
-0.26514685420203271
0.96294344255649311
0.049366710891204611
-0.38865225763495309
-0.88808099937095208
-0.24548230321460054
0.79316107907311484
-0.24327598528425232
-0.55831200741838627
-0.73079723706365507
-0.61912243557539215
-0.28744183423315811
0.069276615283860588
-0.85825325709936828
-0.50852934748462397
-0.41190268807359631
-0.20391901143629132
0.88811779192435469
-0.5850650618115717
0.80152505072013125
-0.1235170697333474
-0.76949593147472084
-0.45311847293916313
0.45006628503491863
-0.73535324140499925
-0.06710946762292172
0.67435297115867221
0.70750937045842288
-0.62577025641224682
0.32839317426413894
-0.57512581603067781
0.50612700438672087
-0.6427019147050762
0.58420382178636099
0.5890162253414013
0.55835990265668023
0.17707958432848181
-0.9242411194988821
-0.33826198994493201
0.31337743301600729
-0.8431165344363678
0.43697722347544243
-0.95765699665308412
-0.26832330579583752
-0.10438237556306369
0.54511064501595274
0.80828084679068413
-0.22256787144964685
0.76917485165795529
-0.029135483466282919
-0.63837384907289885
0.98012459880407643
0.1037791680926618
-0.16907292831539586
0.51490686960816334
-0.74674438925557729
0.42100324552862611
0.2264642931651801
0.97385165075487212
-0.01807999566388328
-0.56892602532217407
-0.77365888627345858
-0.27888188431883548
-0.73640804862442744
0.33461003421367624
-0.58799601267753965
0.41810609777119206
0.7304114392287443
0.54008001300764763
-0.62244718151288447
-0.079724584113096755
-0.77859071206549846
0.29464444451317884
0.19674863996906625
0.93513347923590195
-0.46989396863298327
-0.22609442097067428
-0.85327660875491029
-0.77869279133131075
-0.61742472747947996
0.11146408670752092
0.42847960759223119
0.027456419565251668
0.90313419318629751
-0.78183060899978207
-0.45575243692722733
-0.42547692659640596
0.042839243317238145
-0.98436927657382789
-0.17082718334482133
0.87659078964698567
-0.42798572279823399
-0.22003819801786142
-0.0031179262704632269
0.60875722276802047
-0.79335044101805274
-0.089171195785669163
-0.99599971715625635
0.0057498927651965263
-0.81339699612753957
0.50881849116261213
-0.2819380601155122
-0.04097897265323381
0.99916000875911992
2.6396229406872438e-05
0.80541857778998727
0.59256811012270072
-0.012804273363410756
0.025611031953490383
0.75859506994735371
-0.6510588259856761
-0.95845593375149274
-0.08995184670645362
0.27068595887236674
0.34357967618101737
0.41765655666213652
0.84113970705969809
0.73640585801845582
0.53773242072107441
-0.41054872546575444
0.24343803797298577
0.8024889786989442
-0.54474706124456374
0.90218902522517819
-0.33791630305603831
0.26808120950969783
0.71089492650457675
0.6673931772001338
-0.22184397782397255
-0.053005164631915673
0.28116363657003329
0.95819489770769384
-0.82159111022493669
0.48042006837055634
0.30689510505413037
0.48935270379020768
-0.55825502862420873
-0.66998899566261316
0.91587338372322358
-0.40051521906735194
0.027631581257759684
-0.099234141308965657
-0.28011223679957858
-0.95482444459377402
-0.56167777991877454
-0.055103653003104283
0.8255190239911071
0.089080307903150427
-0.17497362312309284
-0.98053502229908029
0.66815973928578987
-0.73246976544222109
-0.13057796717119993
0.85137499362464197
0.48717618919597466
0.19447359952221974
0.037375129080978585
-0.11122920015802124
0.99309172021439529
-0.071218613052130897
-0.51003779660703696
0.85719855062124883
-0.22449951070386395
0.3357409719078891
-0.91481034617896173
-0.92140630560930858
0.096042135200818432
0.37654525391972893
0.10584950261638545
-0.9011259010878494
0.4204378588857996
-0.52425695579311105
0.80445304487099745
0.27930260095516685
0.24018239316277412
-0.042323148164443887
0.96980470670339247
-0.95161155966833411
-0.26683479153576972
0.15242910985655919
0.85228414808544939
0.35373782597573655
0.3853326892390776
0.42422232923098702
0.83509980205054501
0.35020527694050607
0.7267355837944719
-0.68218307893662011
0.080508621025708091
-0.44083589116813515
-0.74446446119851228
0.50143432577996172
0.9982653820507007
-0.052549789062994588
-0.026547065159884305
-0.84462343325870637
0.30592506456089619
0.43934167895123127
0.27373859127125139
-0.077341123614309823
-0.95868948791926722
-0.89436246276033726
-0.068542142382465365
-0.44206081020928129
0.65328533974910952
-0.21670505056544487
-0.72543585927931542
0.91954062821204197
0.13926866363706
-0.3674905065388091
-0.030715160586206127
0.42609472650253249
-0.90415699021624318
-0.058736897141164174
0.20155492689908719
-0.977714471794773
0.64034483542718357
-0.59027928520965589
-0.49145585477651099
0.59955555135342387
0.092595450037734089
0.79495863003907419
-0.21964982542684905
-0.95781899366919188
0.18530172572453626
0.089965225065074095
-0.64979468338244095
0.75476693603184819
-0.8125076083656354
0.1208776251347929
0.57028062047533035
0.1393600792691099
-0.98985246874144628
0.027764337423604138
0.47781402692893726
-0.86292898464417811
-0.16446070391105774
0.61751929732279909
-0.58378465783856814
0.52712938706380463
0.5490901900746723
-0.83520341288686983
0.030581403922729809
-0.18614930455075662
0.97044495739929171
-0.1535741549661164
-0.71454360948768947
0.51770170731419995
-0.47054476129722955
0.55704216724358713
-0.3209126940370346
0.76597589173449832
-0.18964280585514071
-0.96200295049878648
-0.19643301509425232
-0.10760160532280548
-0.9185731055700892
0.38032268438166705
0.72304367549849924
0.66596540171450824
0.18356995135602777
-0.74618760402878015
0.65733855522915086
-0.10540438037881168
0.50035403156164604
-0.51394199131410256
0.69678509790616394
0.18644674141445755
0.55917664321417782
0.80781129869521784
0.21954010119227382
0.66679133641864363
-0.71217375523500248
-0.21353093670410364
-0.81937823940659382
0.53199984948984602
