-0.83931976266970265
0.54277259805245048
0.030663378735340148
-0.50122531164295114
0.75995779028909061
-0.41380834204659173
0.14453407773907398
-0.55855407836232818
-0.81677857581900715
-0.18388446637118036
0.70067945340044768
-0.68937276317666929
0.77002815773953293
-0.086433332465094465
-0.63212808458985548
-0.32013875194569136
0.94526786021700482
-0.06308606774415626
0.70645050728904402
0.044020476268450771
0.7063921562561063
0.84321950601621687
0.064094363888825182
0.53373474422362077
0.33297549271098387
0.82199156144299146
-0.46201427918451837
0.36173940105585445
-0.51880506639573132
-0.77458757336138095
-0.53962764795199802
0.83899947203634606
-0.069870505140059852
0.91068698879251908
-0.4093015396295745
0.055870010747037083
0.85681638729410647
-0.49849684548295897
-0.13178229588155918
0.26031288077647169
0.39516424119894483
-0.88095540555666974
-0.73004145501343465
-0.54429681869618807
-0.41325590996267197
0.5866997116761119
-0.15253583015459135
-0.79530891409452753
0.42198798989934055
0.90553267410309468
-0.04400809598713161
-0.84111404594120109
-0.15846597475136551
-0.51712251601194337
0.93919543933380178
0.085586834667281675
0.33254596744844533
0.29697082749179599
0.53853288064179627
0.78853704040234329
0.75383714050919615
-0.41749470979001263
-0.50737336635486874
-0.82137224507409512
0.25063282253576674
-0.51237761786566705
0.41956764868541491
-0.85960875772533996
-0.29160893645169744
0.98106773482604781
0.18199136947529468
-0.066221153114352338
-0.47231282075207243
-0.48809024452349442
-0.73395402618571159
-0.12524649636098853
-0.10242266493301992
0.98682466165845051
0.25234476609800766
-0.37675546986738179
-0.89127853948580527
-0.85556659676681301
-0.51768325135453497
0.0031384333434058653
0.22090156875944511
-0.97325917073869928
0.063000662636479382
-0.30660042636784196
-0.49512108582443554
0.81292760374038819
-0.81689306526742134
0.35708209954966347
0.45296588624222073
-0.06961518800030915
-0.5608984208052834
-0.82495253629394993
0.61948248198227873
0.42152995996021092
0.66223405784738876
-0.51599715634010912
-0.11179225755072793
0.84926404951618717
-0.6880842554037172
-0.44218366688996719
0.57533786786657337
-0.4230192240215897
0.85087427215257561
0.3115569114896935
0.89399815429218088
-0.12808084626700211
0.42937465801057983
-0.74268676439766323
0.6354976714373709
0.21109021669942252
-0.078526855585308711
0.19172838071362297
-0.97830146733040113
0.37061730651790015
-0.81817290813155585
0.43958606041248582
0.81696144545013649
0.4594217665301189
-0.34857658711733414
0.26866687698029151
0.32679443090112514
0.90610347595937768
0.092759044159739082
-0.064822255433119688
0.99357628540899423
-0.61246842493237896
-0.78338714798583009
0.10576863822267087
0.61240374738177183
0.59986009080127656
0.51490729423523141
0.75330156778404678
0.38148588792636695
-0.53572872359724044
-0.18893570742409752
0.95608401085167238
-0.2240684329706773
0.85266606817493074
0.50516216120334556
-0.13331079127913631
-0.098778073807178082
-0.96812819684834017
0.23015361522714631
-0.6207811622982401
-0.709902664686198
0.33266943834245072
0.75836143133924916
0.43190984643610331
0.48820264645803291
0.53519483279677726
0.74825368676148452
-0.39202412068069969
0.94678557886520331
-0.28871126497411947
-0.14227745123499205
-0.80591093639511191
-0.55223947634110138
-0.21339897696394891
0.57653152600743141
-0.47316175475974376
-0.66613013244577246
-0.7756687272113687
-0.23766283196332319
0.58468316542335008
0.007403013057015911
-0.99919145024555034
0.039517605619162816
0.1073510117177342
-0.96053591130762117
0.25660577423670045
-0.46362193614044916
0.09738803250555858
0.88066467594316367
-0.22202386611114189
0.89544131127241666
0.38586300800128109
0.20350206921832487
-0.75561601273990164
0.62260047310848798
0.63288498407671367
-0.16147685196864917
0.75721979847895737
-0.60388025103069853
-0.31029553166081364
0.73419706172555177
-0.51729845905999106
0.21572087557811087
-0.82817076022639913
0.54253947058480079
-0.35226775494975837
0.76259973228438849
-0.56393851032769471
0.60794710890960701
-0.55890398937369479
0.33793977221385935
0.19530852096176782
-0.92067979884201412
0.92671949229201167
0.37508557426077654
0.022400772029097654
0.51771972042830383
-0.81421875845793523
0.26270535673042056
0.093888611887274237
0.9932734470544613
0.067770110922361626
0.52760003799680155
0.18041392759705857
-0.8301138564286088
-0.96857478990498336
0.22448606757330905
-0.10709286542990987
0.42867377233655457
-0.52664530638088691
0.73408686010425861
0.11734163800427372
0.4687188637345896
0.87551902707469986
0.795341267472226
-0.60180277143061589
0.072565091842447915
-0.10312425595078092
-0.97920642703228022
-0.17470020347232973
0.026100470326659058
0.7842954179031425
0.61983825543835425
-0.11563301573538445
0.99328531236390349
0.0036460820181117072
-0.35156971603117576
0.74753633699392741
-0.56354960708305002
-0.41826247064667671
0.87366310095812039
-0.24853428671468933
0.014720412980332713
-0.71844088942616224
-0.69543223813843524
-0.26238332812646492
-0.88276536440788256
0.38971823221796803
0.32780820608718858
-0.38829995328628497
0.86125775833937668
0.031764577926275413
-0.38599154550941805
-0.9219552800350006
0.96720520449653302
-0.098841334564976263
0.23397538968069723
-0.41031983870337496
-0.65911228139335387
-0.63024489722875565
0.84476547864038731
-0.21998800188310969
-0.48782841770949992
0.13485655260291096
0.1975466981040912
-0.97097322943952968
0.56561174571340256
-0.69538461861005174
0.4433098073713127
-0.048972296800479841
-0.89916000708306043
0.43487124049363907
0.23032226943382314
0.9675637125940092
-0.10378879647703439
0.66236047565532308
0.046210176227447053
-0.74775879794401778
0.53105157144606951
0.0074534829067670581
0.84730671781664679
0.74381153687985935
0.57913498807950925
0.33368707374809775
-0.30146470956639493
-0.93464547802772036
0.18856526532843534
0.42048171382281313
0.74218962243547826
0.52187133729465562
0.098209779402845226
-0.83999761078237756
-0.53362801004964289
0.72531088487134843
-0.67946710817016487
-0.11067325423070827
-0.18814701057758432
0.29913098100771696
0.93547921335114614
0.157817981286904
0.94187148249649655
0.29660005941061107
-0.11727376193816427
-0.83927665867969514
-0.53090635234127403
-0.14217102847943364
0.65815923390902453
0.73933336288942486
0.71683466648114824
0.6412717683047704
-0.27371258667831422
0.40638961324905631
-0.68853696287172361
0.60063660644574857
-0.034227720910854131
0.9286999253349878
-0.36924911889405593
0.051015698159468756
0.39265858500403122
-0.91826828005977323
0.95734381625119391
0.093442216394232627
-0.27342525428521353
-0.52461776581748876
-0.15487001226746844
-0.83713289213179343
-0.27651455066689951
-0.5374170856824324
-0.79669478427192164
-0.71044646572981318
-0.1452795502113729
-0.68859252945584493
-0.18792379158645953
0.79605320602516227
0.57531203857804836
-0.21778886940776213
-0.7896464731006364
0.57360827738258346
0.83033348129496398
-0.49418401767316478
0.25754313525503819
0.5915578641684518
-0.5375896282061462
0.60087992559715042
-0.00012808213339231541
-0.2810480930536674
0.95969367664159599
-0.78237577724180785
0.59293986574731006
-0.1905530340688365
-0.91244046740857399
-0.37358719819703434
-0.16698801986523695
0.18174133820781016
0.13615878996729308
0.97387415506372121
-0.987695992544801
-0.10902312838596713
0.11211861481430099
0.63445056670237132
-0.76919840067808398
0.07619907352007442
0.63703671440418241
-0.59250484108359336
-0.49307427208649823
-0.57846058710867376
0.29222795944942254
0.76156822995573747
-0.62494504020112207
0.74365844007924486
-0.23752014909670729
-0.42277930930988811
0.02276534935956271
-0.90594668413102053
-0.0013144944878419693
-0.93333129219731636
-0.3590138870705824
0.11655068317375515
0.84883147786816304
-0.51565595161103428
0.14052356048158021
-0.19830404756264186
-0.97001475951134541
-0.17314436122702792
-0.65264811808148804
0.73761200108185376
-0.98300946993575689
0.1416910368600115
0.11668775467098931
-0.58784949969322142
0.71788518330367657
0.37292603730964657
0.48698805355223435
0.8531163341851733
0.18717680423561564
-0.43182107902274691
-0.76898422529635468
0.47137439149469679
-0.62118609692487958
0.035985762681729601
-0.78283641833492157
-0.24420934495982372
0.53671187876348658
-0.80765224882276065
0.029627858238294599
0.29377771373096501
0.95541448854997935
0.87628954337566234
0.23984807877110684
-0.41783912607639084
0.70396771348946052
-0.35145863607284406
0.6171760571297602
-0.45564406201761409
-0.83117327470037083
-0.31865259479870961
0.3190984314529659
-0.028423426017043951
0.94729525486920418
0.25536842978867413
0.72277335084137007
-0.64217260014797017
-0.85171963259221328
-0.3670861614652246
-0.37392702164688818
-0.27395943182089144
0.87149462225650998
-0.40674728406512733
-0.2009440366948243
-0.70591151552884623
-0.67919837040481523
0.76504032156731738
-0.56040514295009902
-0.31726862771357422
-0.9983356042233027
0.020063864051460097
-0.054069054915150419
-0.20808611064554283
-0.97809056609193301
0.0062462051177376143
-0.091344225687713887
0.48702167714871675
0.8686000911931584
0.82952295345567306
-0.33569108788155849
0.44632181574181762
0.62400799762627346
-0.72679593875227266
-0.28702209376919247
-0.39124315889524758
0.38483859400980402
-0.83595935737225013
0.72578732698022597
-0.52825925797103079
0.44065282520686788
-0.95693394472485083
0.013278061528529521
0.29000192846838202
0.038281781385839105
0.72833967801714294
-0.68414605066448453
-0.26648799455475164
0.098023704631271941
0.95884070735891669
-0.77729452219800999
0.053170774463921371
-0.62688602991602405
0.25499251534525263
0.7088605132129715
0.65764396897207511
-0.046422043873549652
0.97104546178323436
0.23434100151869983
0.11985619469497223
-0.44719569298235728
0.8863692823937831
-0.93367319305669894
-0.23560446067787758
0.2697126372196802
-0.70717714517271557
0.70682876120938687
-0.017134400268805906
0.38878982865180783
0.88361621702893878
-0.26089241104402611
0.9792794255187689
-0.19739910018630918
0.045226120785063606
0.68703297937625962
0.70453483873613298
0.17780985984031145
-0.036342926443027175
0.5678882156111269
-0.82230296501202471
-0.89164540636522027
0.044288439147950012
-0.45056298501501396
0.54243821187739671
-0.83279858472576151
-0.11048666695136193
-0.8878882754486086
-0.1139507125485852
0.44572373218235234
-0.56397247164227393
0.42296056282041672
-0.70925271485440267
0.32821056828312689
-0.93708435281008229
-0.11895687700076971
-0.72442632719049871
-0.68709499372410743
-0.055740165702598168
0.07479826020023593
0.64080232594073239
0.76405340084313822
-0.053323610087216068
0.10360021708982513
0.99318859620225597
-0.60683730659320489
-0.32527658682416655
-0.72521970835790517
0.23213767276703082
-0.6984714282777098
-0.67694147809245908
0.74218511254229302
0.667769345704053
-0.056968058230599757
0.4633637423035688
0.58238497704210601
0.66792348426604797
0.66151428202717066
0.58135304362514584
-0.47373778964935448
-0.37771193540675041
-0.6562461006027287
0.65320345168637928
0.82854730112736608
0.54983713830476322
0.10577566419260398
0.29593759808214382
0.94628884798706614
0.1302242458864038
0.68814188658500575
-0.28696207914838567
-0.6664184189066692
-0.71158043373597479
0.43627098087392785
-0.55074578307184763
0.40805996184111293
0.17161061472993963
0.89668102715193077
0.21567503391846302
-0.23218040968520326
0.94846008724810404
0.5928060597619208
0.21927173362428981
0.77491991995492326
-0.50258122030416508
-0.49383084399160965
0.70960778921888312
0.034056058409975158
-0.63686250824285617
0.77022485709057342
-0.68093737039748059
-0.11170248674426127
0.72377265218527875
0.46208140475415521
0.37818077698234559
-0.8021596320567721
-0.41233988585694392
0.58647175054089073
-0.6971561549244083
0.30283304628132479
-0.8100158101757795
-0.50216185970785188
-0.21708454340893302
-0.30730157131765856
0.92652039657993124
-0.65383997947807548
-0.70472076681030149
-0.27543043053085187
0.86868111945799265
0.26284962960583924
0.41988472812580596
0.78970600645098032
0.14826068612298451
-0.5953009258564832
-0.68522182206140358
0.24364860045587683
-0.68637192109434564
-0.11131198667219337
0.83232360255769544
-0.54299821569547435
-0.74969589462274377
-0.35030960130446459
-0.5614617073494067
0.91934461532245426
-0.30279533533005804
0.25123786175647611
0.48385127649040088
-0.34036149714985536
-0.80625181767021059
-0.42054074174891104
-0.31367942182268133
0.85132291455960707
0.31599617206785391
-0.91332347040105166
0.25687868275324521
0.87036477654851274
0.41426136894382032
0.26618165591274212
-0.96553698389211229
0.030944354844103343
-0.25841977408821654
0.02871283773351915
-0.003902479051088223
-0.99958008363839679
0.69282708977625851
-0.67102951363949248
0.26402654316736129
0.17131049145872279
0.5772146326669424
-0.79842093118313062
-0.57533088506146146
-0.61997057692232027
0.53350806596058231
-0.93264383096866788
0.3537399097167353
0.071018031722111088
-0.094137968996137383
-0.48023892288690412
0.87207145334411029
-0.7994599380920373
0.01149734838590368
0.60060937252591151
-0.39751007866290156
-0.33382597851368689
-0.85471980989725116
-0.86646692152421112
-0.44894374791656738
0.21836800386270422
0.99525214430425235
0.044246631815032827
0.086691434587348334
0.87155166209459589
-0.3672787822017568
-0.32481378733751709
-0.3064237552421944
0.20147794373090611
-0.93032850134414224
-0.43461205792885366
0.89447748349675305
0.10498757364642003
-0.75606721719925507
-0.63240664820740888
0.16859476379664085
0.20101650666235366
0.84384615630604853
0.49750982757808077
-0.74411948292358743
-0.54662209371303683
0.38404489555038862
-0.39465842315557481
0.76893761074589728
0.50297085384020634
-0.97674506573171482
-0.18060946361102406
-0.11553916315642229
-0.85155866610869035
0.45954529419189738
0.25232114608425216
0.2477388020396844
-0.0045602712910305368
-0.96881612800866113
-0.74972167608890261
0.22949729901522237
0.62068381495505753
-0.55761927724050031
-0.82090406910699876
-0.12319598602776674
-0.60226424871862394
0.78181857200169735
0.16136138072233572
-0.82559592880524235
0.43333693545955676
-0.36140069549840259
-0.54868274436775899
0.61762068456861074
0.56346422781403338
-0.0060353401218472469
-0.78763879835171224
0.61610770000113169
0.95466217898713179
0.236648591515462
0.1806033447787983
0.18308509925852473
0.92966652166416874
-0.31968735496785261
-0.33297099979673844
-0.80104182515888933
-0.49745583486423794
-0.69245505006963803
0.60541239795135793
-0.3924051885995416
0.46721585005997363
0.67070142769124941
-0.57608067520587436
0.99202310311664954
-0.051030948985072988
-0.11526493451391101
0.45531661077598573
0.38571094077928608
0.80244243040521468
-0.66775526410613317
0.43455483424666463
0.60437157717037138
0.3582095530633686
0.86490423831104379
0.35160570906305672
0.49451696293902009
-0.74288797123653383
-0.45118780519605678
-0.54818576628040139
-0.69583260814952719
-0.46401438241006676
-0.92967391639523
-0.1734208021102128
-0.32501020687019261
-0.47164077025666723
-0.84042199663777306
0.26691918514613483
-0.30509681440249248
-0.16599232936415328
-0.93774329132962264
-0.34864067466005394
0.65001465126166047
0.67522635694836752
0.36291450142294918
-0.1956409424272248
-0.9110530644825906
0.16348320321128643
-0.87752300669393424
0.45080662704824409
0.74852853563137201
0.24681975035794976
0.61545515042023413
0.37558898235317029
0.55999216564281562
-0.7384725389299045
0.92337219574770402
0.31647600772083317
-0.21731710622301889
0.21290338886922269
-0.91852140457081788
-0.33315248213581139
0.43652758926098084
-0.19437805125636057
0.8784422786977959
-0.34086226573218592
-0.92615845438934952
-0.16137977928802538
0.11448039283062042
-0.9819027652439215
-0.15086815191977118
-0.083817007665312221
-0.19149639110972774
-0.97790789004792433
0.78227950383556566
-0.14749811096572599
0.60521325591920383
0.88682814733601179
0.0071949720670721248
-0.46204336319173639
-0.92388720674173586
0.25744745634962457
0.28311346919223201
0.94125378501325652
-0.14066397890680035
-0.30700970218598228
-0.89588468317282766
0.41751612762259738
-0.15189113743518137
-0.88056336956917625
0.13660089850965526
0.45381532223949134
-0.91707513358117509
0.24068531148787736
-0.31787384321622553
-0.16529025565554939
0.37285457314698994
-0.91304906695571353
-0.29392147079151398
0.48841845894816632
0.82161887634501884
-0.32957116415854915
-0.11093059706483355
0.93759119577245309
0.57993523392413515
0.4906457297941566
-0.6503398283114129
-0.3920193028496623
0.29921466508509076
0.86993761293053762
0.57874248607023415
0.79243055932840478
-0.19264200855399186
0.45706468349078272
-0.009392049981623107
-0.88938386791228308
-0.61633517269866622
-0.52564032947494288
-0.58637291796601487
-0.48656130627829475
0.48170847154493818
0.72884500661978802
0.024644898497059416
0.98665883353840567
-0.16092537145739996
0.65660786363995272
0.28667039396320659
-0.69762898350853897
0.23625820002921269
-0.59608013279407746
0.76737900558143468
-0.22742666892719252
-0.91068028006557322
-0.34487466964155317
-0.94513182207859259
-0.3219861560140091
0.055233633138895719
0.43877952127979786
-0.89573091757467294
0.071684412575578546
-0.72034693777436531
0.55183804848513429
0.42020835008744561
-0.1979312610879653
0.010724776435875404
-0.98015722976190323
-0.83639572633038595
-0.35350679622495723
0.41889752207315883
0.56645237584873909
0.74205037526708406
0.35845912802061358
0.59653411317738048
0.80242681863624699
0.016070237987898521
-0.18622413505703053
-0.37102697184525696
-0.90975796654143104
-0.6420224471857181
0.09227259316615348
0.76111296524238448
-0.43898909747152387
-0.89791456445679851
0.032218119707625073
-0.012817020093455029
0.89756979781574486
0.44068603568178438
-0.24621033990829524
0.95329935006443445
0.17493089403809922
0.43956635049519849
-0.64305629790903818
-0.62710447393704249
