0.45297907632113943
0.63327920209992505
-0.62750889125408404
-0.44163285862664542
-0.84300593193081264
-0.30708535769508671
-0.88948226030990807
-0.20412494278615295
-0.40884510065124485
0.9074186044830036
0.28231188200894047
-0.31127395894081505
-0.61391091719157298
0.11119263493043391
0.7815046920462021
-0.78730532281242438
0.33342680539116759
-0.51862982378365452
-0.75946178731457381
0.0073000487864321381
0.65051095524723379
-0.66636428944973303
-0.54726443606083752
-0.50641906635627976
-0.020650375729965687
-0.8998790701328504
-0.43565034272802711
-0.11992981980536065
0.65224623953643002
-0.74845953887437344
-0.056768001246767424
0.018404732805981948
0.99821774170006983
-0.53195898081806081
0.32313411767727845
0.78269022270623567
0.14768162237981192
0.72664519362292634
0.67095223451149388
0.92696988294046057
0.050878320457614742
-0.37166952071532716
0.19543875937001776
0.25927978183804201
-0.94582117023564538
0.36979103451858408
0.36480925261557751
-0.85449915154770006
0.64847362593068092
0.52065230908464222
-0.55534055273961902
0.75523351271109684
0.043796694190636594
0.65399097154015029
0.83452481031231052
-0.404405976283496
-0.37419800549895321
-0.21698077468008339
-0.80406981031966751
0.55352604595603705
0.55866423868034121
-0.77194805062967553
-0.30329931676276223
0.8388213503107067
0.19654633223121371
-0.50768915839259376
-0.39405914119875601
-0.27887628656673069
-0.87575419498193063
-0.62480642746948933
0.45344726589580037
0.63561191402021167
-0.42885329454072607
0.51799048524344871
0.74011533490316328
0.45255542918608777
0.1838030217918353
0.87258812316830547
0.23892701866595595
-0.55644313805054579
0.7957920041492369
-0.71090880003685375
-0.70325239812251661
-0.0066889883457743821
0.41927890214825769
-0.79502224486931339
0.43834328143169871
0.4478982674063538
0.54595867080859684
0.70803691416711922
-0.33776815706592789
0.92707851383032247
-0.16259797436145151
0.87246901442069358
0.31141229148823019
0.37659023299314742
-0.024631942564915271
0.28856944006383417
-0.95714207182984279
-0.57208822839504314
-0.81444255258603127
0.096945280797833808
-0.45978007364484846
-0.45079068129050193
-0.76510786529794794
-0.82691736009313821
0.48385166206278662
0.28652268443471335
0.1588860162406002
0.0088423030785877415
0.98725733601703769
-0.18350780153118129
-0.79097336724817546
-0.58368314956085143
0.63542380835489154
0.7428345856194728
-0.21079222514910742
0.70226234169402968
-0.11117003907406525
-0.70318477361977105
0.6787509800413819
-0.15625812940072029
0.7175517431440408
0.35929360928794618
0.8879653014486788
0.28709880833608092
0.42906878197937071
-0.89883556188617797
0.089412599892286893
0.57388222091615604
0.61578775289287258
0.53987465202904927
-0.79543995170813409
-0.3825183321240942
-0.47005851637382617
0.69062718998762407
-0.70881412681004297
-0.14358488111327911
0.13885954775568976
-0.12338729929943597
-0.9825953390733525
0.78780357504927045
-0.26272879702132507
-0.55708087954561492
-0.23911998660818251
0.30131370249389117
-0.92305562383527329
0.94007203759654223
-0.27642952592685571
0.19962785708647726
0.27728592103496552
-0.19192897438308382
0.94142221494292799
0.4440311795570363
-0.52159441825761099
0.7285434609024305
0.023819108257411122
-0.78624932160763195
-0.6174501229681314
0.39693193144669409
-0.79824130788808512
-0.45305171468510785
-0.44470445085301419
-0.73340713676724478
0.51415165382442485
-0.20729309648717875
-0.96026268142731253
0.18688273009239015
-0.0456574334495519
-0.48477586169676801
-0.87344591285720463
0.50612110565317125
-0.85539145901000779
-0.11021287703867347
0.045591062595383057
0.99725942890582486
-0.058267370541769607
-0.052592697580144988
0.89827985501227525
-0.43626518339235953
0.30830531357785212
-0.7024360083703719
0.64150720008770057
-0.66060188560835809
0.49043553525805306
-0.56839962569202029
0.62742333239348702
-0.7766903405373462
0.055606446426948335
-0.096146844420305369
0.40680952129108677
0.90843920968600544
-0.86065990565373396
-0.30399867880736842
0.40847194528324759
-0.057060460895661767
0.9318908894278205
0.35822265981341866
0.83524635405729752
-0.5223912864065039
-0.17167082431371161
-0.98191601697245512
0.18746507035580423
-0.02641558270117034
-0.40324088394509389
0.77617326375011442
0.48471832455011904
0.97468384907449179
0.13733653399042411
-0.17643715817488714
0.9839117609133694
-0.060019797997507895
0.16827141939346368
-0.54650708516888769
-0.56785719265206613
0.61552271656984392
0.61141503378322792
0.79129388479252205
0.0050640254554440191
0.92537695447213553
0.33963307361034534
0.16830587465048616
-0.88196743292313584
0.16052024958498726
-0.4431328206487839
-0.19005786959644072
0.22109344787636481
0.95655407244473289
-0.7559503607479181
0.53488256458020211
-0.37741183631836228
0.70612402946597819
0.32715914018969178
-0.62797750915225625
-0.64096886639488515
-0.13499124838638007
0.75560325248872651
-0.61849772115158907
-0.3731575187567025
0.69153021273522997
0.64982907771900933
0.20718434073936015
0.73129803685177397
-0.073045213447438084
0.71175361413354277
0.69862091978429797
0.47613250895038589
0.76934162351814916
0.42592405454854199
-0.9936465979425827
-0.013811576963591247
0.11169457792977323
-0.31848744555842029
0.65234052701877698
-0.68776273803582633
-0.28599743950646989
0.48640261086430336
-0.82560157748161556
0.067496285958999119
-0.19159554697323886
0.97915034482032748
-0.76007960937395902
-0.21909155716475748
-0.61178254060822257
-0.97823705748725431
-0.20463597200201347
0.034298371994444181
-0.50164500583378235
-0.067962940447493542
-0.86239974886809578
-0.072698389196368396
-0.96893570515552085
-0.23638642829702985
0.76298107082820299
-0.50028734687123644
0.40935614826015243
-0.19022654376035214
0.79607125200437934
-0.57452974142438518
-0.81811531079630884
-0.56207192857837662
-0.12150096849343664
0.57305577481309744
0.2489735523992766
-0.78078117879406217
0.14463745637418843
0.44811856055517596
-0.8821959883719499
0.32556856040190874
0.38926278930883468
0.86167255575266777
0.97408496077395978
-0.2259967396973655
-0.0091631239298808186
-0.4452901347590692
0.29959651108171209
-0.84377640784387631
0.63771717687276419
-0.32555197730849711
-0.69809219476510354
0.28824983470814719
0.90857710635258526
-0.30232379099682005
-0.25971965796617863
-0.47964728365691184
-0.83814329475721328
0.31133577496999898
0.5533757478812622
-0.77255764631558965
-0.84487427942367788
0.14835731015137338
0.51398206242335953
-0.39142990643093101
0.91894274662787334
0.048237503785877649
-0.81496295281930742
0.5539892134335852
-0.17009214247363921
0.47605279415516183
0.81831865074254284
-0.32206881721763675
-0.27694607283118639
-0.36413569223986181
0.8892165486428939
-0.86893317450030039
-0.092948626318659536
0.48612312341453678
-0.69294514531734874
0.5719090974827814
0.43902962291575365
-0.38623036629112162
0.10934614801067583
-0.91589820617241813
0.51530959826141942
0.36140964787820684
0.77707083612770134
-0.30969725217131078
0.68409501301061781
0.6603799097273797
-0.94495153445522173
-0.017399021627973747
-0.32674741250254979
-0.39223162511670129
0.77647053839408819
-0.49320163753206114
-0.11981825325583781
0.96672895948041027
-0.22600598463014909
-0.13803217319162259
-0.99013299932544063
-0.024161183969434136
0.10214618345118481
-0.62664699481929276
-0.7725798994863291
-0.83535122139046736
0.54715830268674837
0.052972905550018795
0.029022094536394077
0.21403590458267319
0.97639456654479462
-0.35400917202036786
-0.93522795484271681
0.0051165033140677862
0.52277319225860119
0.45108088811639047
-0.72334930830953326
0.35621692504423874
-0.89368497807180736
-0.2728308308839385
-0.17323005576911077
0.98467189128273003
-0.020312909587799105
-0.75631236974425786
-0.5704002735221122
-0.32036717581194896
0.41948342873464911
-0.66748250410959498
-0.61522415404843078
0.028041066552561576
0.57388367424475706
0.81845661279137605
0.045212744014925435
0.84730669254001145
0.52917594102108167
0.029190964824064507
0.083936856446458014
-0.99604341858300882
-0.63723107345221552
0.3163018893603905
-0.70277284652580629
0.58549295628824538
-0.65050003468579698
-0.48378476930410674
-0.92052859725841785
0.37188787357703307
0.11969340464621346
0.64829611934455345
0.429584208737743
0.62862512616499822
-0.50369040407075649
0.62666655270278138
-0.59463014435079742
0.21134404809895091
-0.96984972443523554
0.1213474571058082
-0.060343440530479929
-0.38266819216581349
0.92191307827229163
-0.5007705761581136
-0.60631058945445127
-0.6177510009459044
0.24606603845365907
0.20155182982925915
0.94806559088082076
-0.72309830158402943
0.65625698504373575
0.21553564862360516
-0.1708701057315756
0.81711656522863185
0.5505669130961679
-0.31870408916470566
-0.86578688623236955
0.38579887399751867
-0.49005078884406889
-0.027544914057614268
0.87125857359504044
0.57509205198119573
0.68414318784740191
-0.4485724359231763
-0.57163968483706162
-0.71075316043174652
-0.40994879638275439
-0.76221937543099394
-0.23239357125911506
0.60416458995460842
-0.7557319385952378
0.1453650287793963
-0.63854384766830941
0.29427207987118165
-0.95238871495387001
-0.079747593297884362
-0.92022688379294826
-0.3888415012385032
-0.044550749256402442
0.75070097564760585
0.48044100526487155
0.45345836150832264
-0.8802434789565341
-0.39229033854721651
-0.26698259875319186
0.12169396477598428
0.39969095844928348
0.90853602937417666
-0.32131044238292455
0.3792829706949371
0.86770042512177725
-0.51468135418522154
-0.85073910794163154
-0.10651795094134824
-0.28646403248856156
-0.93861702291495563
-0.19218855945310062
0.85681545010744886
0.47171635434899167
-0.20820894672627832
-0.54034196687565705
-0.77527633085093151
0.3270736456140475
-0.84108534375251398
-0.031496279695425435
-0.53998465616169411
-0.10557145120767122
-0.70416797790437624
0.70214110233198013
-0.34348312799365105
-0.16602525542926344
0.92436732706394653
0.31291995326039362
-0.56224516333589158
-0.76548120757919969
0.76587086389963432
0.6365062561783309
-0.091113147654293028
-0.43209222476077391
0.86415712956880075
0.25793170552821898
0.58114248547438141
0.014510620888019849
0.81367244850621701
-0.48475322665392684
0.47286791520856275
-0.73580584668437776
0.72585138128495619
-0.60100036672563029
-0.33457186295679314
-0.94927159128279348
-0.16061002782291733
0.2703476742014897
-0.70526495416016033
-0.67406855279196942
0.21961996851472082
0.66799203169876187
0.65865701474631577
0.3463489317327717
-0.71288214091730573
0.24660526053286119
0.6564944010718432
0.57335326619840277
0.02501680543006499
-0.81892624306813966
0.79013059013860887
-0.61239127170306185
0.025895576246156644
0.99923358466273993
-0.016955087675840544
-0.035281273842588418
-0.33208960654895664
-0.65548798012984166
0.67827133296893749
-0.26382406519372892
0.89101967741517629
-0.36943307524314911
0.57646907045898121
-0.34681470414780957
0.73986686085472531
0.034432984132767845
-0.30147054358166092
-0.95285354643632958
-0.93765825805816361
0.0448433740151482
0.34465354038841356
-0.52497754366016058
0.63019810459211745
0.57205675209811746
0.32295228215041327
-0.90154114680411268
0.28796767886859292
0.82825404379865208
-0.12726014252195705
0.54571063307990597
0.63789532247600089
-0.49820195433436604
0.58726856740392397
0.78064171277175975
0.26653419054433447
0.56529465020611136
0.96947487269269583
-0.10512174666249542
-0.22151273009944036
0.08898056909006348
0.62253955101641212
-0.77751332190817946
-0.58655244423869279
-0.23965253876217626
-0.77364261181921645
0.076298767296639952
-0.99535743257551501
-0.058669238325481786
-0.91883384395844814
0.38092912740100482
-0.10313761241201629
0.36293270480735512
0.787224493435985
-0.49855536173596005
0.86460594830751314
-0.30972735624359915
0.39563306098658724
-0.075874666359737636
0.47855877401417474
-0.87477113282209329
-0.96627830937621162
0.1791072441687418
0.1850049294352144
-0.54048066816798024
0.83659801393481281
-0.089355528183881067
0.90492650928000273
-0.4253394867553596
0.013940366171539171
-0.29822449157132497
-0.09659910576922548
-0.94959505337360028
0.37298237711586874
-0.0018183841051910734
0.92783664501906893
-0.66950098513851686
0.70836525809600792
-0.22357793276871385
-0.49206935750796493
-0.27563866796057129
0.82576695993883209
0.82083521106499258
0.51108472887516809
0.2549940316683606
0.8648140909731068
0.50095529889843349
0.033769461943303443
-0.65148661908370142
-0.72859090884415667
-0.21147215586108264
0.14346586958550397
-0.95413683726906151
-0.26275547573793334
-0.72955633964051203
-0.44245273426816534
0.52152001421705951
0.24027319322215962
0.058406300259951908
-0.96894659125710902
0.42478817755299997
-0.38684913982039271
-0.81847586844782605
-0.60061578200456989
0.68163345997443969
-0.41789533217100322
-0.0041924788677903703
0.98855178586511039
0.15082370431680794
0.25854875997820853
0.83623855773200306
0.48358826833994856
-0.91496355116099926
-0.35722843844867241
0.18769534573445532
0.25606266911871495
0.96219809621986641
-0.092772480373569166
0.85163068999326152
-0.47725347508216009
0.21668938225857631
-0.413911312471549
0.18049610509267677
0.89224356621634038
0.10635985475033603
-0.71901076206391012
0.6868122780889715
-0.31388983079103511
-0.6410076699641839
-0.70041583446768463
-0.95397942951600834
0.1839810284622263
-0.2367999772514616
0.98393399696795825
0.16564442677320335
0.066601903048146074
-0.77876519583783066
0.38174991375879769
0.4977868751753261
0.83557976869844697
-0.03336754035875026
-0.54835486447396187
-0.95907465367362332
-0.20842510121915428
-0.19166320946547061
0.28853360931570687
-0.26199126984939242
-0.92092829841304891
-0.42166024926357665
-0.47917574454523071
0.76980077944264402
0.87511923647198042
0.091739803038260154
0.47513169805349653
0.0019173679681259112
-0.84245160616994519
0.53876860985190511
0.45621844932437072
0.88143368788027654
-0.12222675797812006
0.73321650987902309
0.66712534724373052
0.13167125998393245
-0.18145629267786262
0.09934199622355655
-0.97836842837140081
0.36106754802177682
0.70541693179557274
0.60993210942010767
0.11043257454046893
-0.93450010325558197
0.33839947324969372
0.01998506668703252
0.78028858633860165
-0.62510024727176494
0.74802206211424049
-0.32201214490842117
0.58031988861475103
-0.22044181189584977
0.9582777704953015
0.18195912217481441
0.95147516747964356
0.12901751774354425
0.27937338059464106
0.49837610057574
-0.65281103218654846
0.57049015647112888
0.41878396977106325
0.90432106122156186
0.082603903623844704
-0.80430643457363238
-0.50071584919119527
0.31996061893956773
0.21167743769655675
0.97029165762733405
0.11716126283469533
0.92684471552905523
-0.09697762978758126
0.36270402895011683
-0.83484295940644704
-0.54117345881540435
0.10083908271725388
-0.64072202036925752
-0.40129808432201863
-0.65454957041725637
0.72516512573852598
0.11131343471214272
-0.67951810841596649
0.024475586909736512
-0.56152164613901823
0.82709998583167132
-0.38528860473361803
-0.76652012790834523
-0.51380889888536962
-0.68947278086442987
-0.046767209229306661
-0.72280018856387429
-0.99378460633177668
-0.013369847490348901
-0.11051426783940807
0.92566575043707711
-0.32179986644172315
-0.19896674200944259
-0.19726080877914048
-0.54461603410335724
0.81515737665639143
0.89844410140786402
-0.18797392331109733
-0.39681733933946134
0.39154716440227522
-0.073883567974289174
-0.91718702369360106
0.22637704636163178
-0.74380885795838914
-0.6288893509221003
0.15663369342076661
-0.38635700817937596
0.9089522255410627
-0.71129315386192349
0.70274940901162741
-0.01432890096854245
-0.58328629523573516
0.80224416158933498
0.12720614366450947
0.72174557428688402
-0.65600357466466586
0.22077734490766088
0.53741290865325475
-0.50666654776740605
-0.6741486297444409
-0.10418995381278151
-0.92241715728068663
0.37187503476128536
0.73377845651249285
0.5916499644874994
-0.33394534924158503
-0.27136415238562844
0.028117569555838443
0.96206595360313107
0.37033752925086311
-0.36693192073991499
0.85335284611377671
0.94172014890761968
0.32816002821255991
-0.073987546417909791
0.21430235797631056
-0.83916488268082168
0.49987678385885859
-0.47913639628004173
0.82572863776538996
-0.29765841250313751
0.18058429145955951
-0.44145128807068634
-0.87892552240720645
0.62440322870888942
-0.66854345077568189
0.40394339009675345
-0.085282640273899007
-0.10865836226502885
-0.99041417173715474
-0.26126887803267651
0.8885592346372243
0.3770955580651365
0.41519703009332487
0.15951983658624158
-0.89563656018341598
0.00097495811501302444
-0.98737482036819424
0.15839827511545085
-0.57735865553870891
0.73368986849903217
0.35826827899830488
-0.14058750095535619
-0.18202233387549016
0.97319218273969277
0.23331112883417759
0.72200089705549086
-0.65136826896402356
-0.18527433211524375
-0.30038702793100336
-0.93565007097206421
-0.89226526435192233
0.28539922017200686
0.34987138087617975
0.088368690867447183
0.95851013671633056
-0.27101529898958615
0.19135054631937934
-0.86998396730683147
-0.45443686585964932
-0.58554532295784034
0.12891421196896471
-0.80032356001470994
0.15828021556948796
0.86455617991825184
-0.47695910215073556
0.24348126275686441
0.57316870273716503
0.78242859922737884
0.70474413925634183
-0.47123130102709798
-0.53035531402649905
-0.87397085898916516
0.36733215685157911
-0.31818551849590454
0.79882406277487661
0.41250348641501078
-0.4378595555966559
-0.1099285327232107
-0.65284367204022609
-0.7494737204000923
-0.23347213216828705
-0.88864685365223284
-0.3947119620619331
0.56065426033686883
0.79837373399705291
0.21969565591909501
-0.40927769557038746
-0.88996800646407781
0.20111865994717784
0.52763888863946107
-0.19850089913116944
-0.82595072264598923
0.14944641344193979
0.93441475215888703
0.32331848146554554
0.53804959152873366
-0.80430932384470044
0.25216888910459134
-0.20583711884986683
0.56060676652378982
0.80209172407607254
0.48978503035416943
-0.17909950137808706
0.85324908007397582
-0.64935473427558088
-0.62439004447927915
0.43413765262765863
