-0.8300489474392424
0.079800857125733898
0.55195159937897065
-0.95042707209684152
-0.018944361168856606
-0.31036992735335905
0.79464767402747494
-0.42769522026295081
0.43082696378818924
-0.27356837312949533
0.063711509383536882
0.95974016733455136
0.15248778423214562
0.10753114249763462
-0.98243805354491631
-0.3580581717455999
-0.92385767140764674
0.13520853755380621
-0.081367185718746987
0.64287409447851251
-0.76163789279200367
-0.65053662906135312
0.55265793020920095
-0.52093311127857211
-0.59231234995707893
-0.64578621385957835
-0.48179481740387564
0.6781187218325111
0.37737079478681496
-0.63067129500414798
0.81175945357789958
0.25571216561175908
0.52503131133776615
0.091895963374095113
-0.91708443118152505
-0.3879578301826187
0.62370029090629975
-0.30475925376205076
-0.71980535172350246
-0.52278012486261749
-0.036504593670129371
-0.85168559673720257
-0.87600728513522763
-0.46695073639506274
0.12069898992997734
-0.39803784865260444
0.6796290908953625
0.61617381464060073
-0.52396290789511779
-0.51251408419914957
0.68028830994483458
0.79186024677956235
0.61062746305004623
0.009562998445835599
0.71796164273815943
-0.66222980408864962
-0.21443592547293128
0.081365728766050069
-0.64287160680694999
0.76164014819586534
-0.84318442019283768
0.52570879782284874
0.11256239796540976
0.40092290312223078
-0.1264553713086507
0.90734219830185003
0.30152866636454201
0.89230907572359575
-0.33595383126513551
0.99035156343742492
-0.033845207408738642
-0.13438111002855821
0.23636433037903262
0.51040519830403774
0.8268122137878029
0.25311378077432228
0.90528617455566529
0.34116030856548607
0.31955900895928813
-0.91352668790307867
0.25169630565780787
-0.026986764984465932
-0.51757415070846202
-0.85521267123101452
-0.31835969958137039
0.94697513585315229
-0.043418818021263066
