0.021722713825075696
-0.36850179822255724
-0.92937320190051509
-0.82539027461000958
0.094888544414180764
-0.55653127380064715
-0.31324244495048365
0.69699934257072804
-0.64503572547372601
-0.19368803078871213
-0.93371411709006635
-0.30110279685833008
0.23598485516177942
-0.4240647863748801
0.87434558676252327
-0.045078689223437739
-0.67016803381870294
0.74083919862914283
-0.012400879285712639
0.27611096516765071
0.96104576015251719
0.012060391153562972
0.50028734662933294
0.86577544303809228
0.21926726108634789
0.5917893503129249
-0.77569790064940725
-0.53954654502022481
-0.64656018451163499
0.53930460183556672
-0.23071505166811193
0.96126857568910284
-0.15077562908648132
-0.90755131281787726
-0.28948957512921936
-0.30421439889336482
0.9672359194875173
0.081342047404523513
0.24049562860305257
-0.48422220009536632
-0.083311723559530759
0.8709695848032486
-0.71988767523234765
0.45784798529557003
0.52166747781451128
-0.50324348431007704
0.59554796315514258
-0.62615383020565663
0.34573158137747967
0.69322296740076472
-0.63238563480387944
0.57194353991688807
-0.47453122495046385
0.66910440418095529
0.90920852095909654
-0.37087296688527721
-0.18919066533284382
0.89182481072741837
-0.45237533174173183
-0.0022508226412055621
-0.16858618683635029
0.20650842374268738
-0.96381168727676769
0.87311027586370271
-0.24118221785740487
0.42368571367299152
-0.97280972905092533
-0.19548777011300544
0.12420049436338718
0.33362631275197269
-0.92956283732498957
-0.15686432004709652
-0.99909681656440896
-0.040252765745347939
-0.013611244642345647
-0.79587325311723822
-0.47996030264198164
-0.3690851837454357
0.40721330066703565
0.50157602685835034
-0.76328161057426891
0.38309115923543818
0.87314438869381117
0.30142999221736178
0.16250072495961898
-0.94324579887749682
-0.28962195581058914
-0.49830285770712701
-0.25222074897777641
-0.82950524759401012
0.55990624395967192
0.78713100562332194
-0.25870790084840911
0.80010238801248457
-0.57827790571029114
-0.15947047521105404
0.31383327911750947
-0.0094453072946624229
0.94943112393077822
-0.51762835819424302
-0.84590999017295387
0.12844131468777986
0.6208036101920239
-0.27168318734099917
0.73538501704126746
0.71971724222218036
0.22942772362305378
-0.6552633141579367
0.96733461742393134
-0.2525588575107357
0.021857754371578667
-0.11740997620515428
0.99287487228244875
0.020356460341041365
-0.044408602155137186
-0.83633385914430369
0.54641884310794264
0.88512887680535279
0.35466452006378735
-0.30126392026463739
-0.877577519129634
0.47938321053907251
0.0070310291940965794
0.85608320397311
0.49499850785022054
-0.14865404502128318
0.76151316786615364
-0.64670054894745221
0.043313914132982162
-0.91983703100621772
-0.15167579465769782
0.36179315873109341
-0.32965846969014523
-0.36724466626137969
-0.8697451629437899
0.48848945067488275
-0.872463892965613
-0.01359455959707599
-0.19812629060516973
0.94894082368656085
0.2454735955497194
0.4071494023196609
0.091183251198717452
-0.90879864595606352
0.91229186999608602
0.40766952875465273
0.03910369885322728
0.35965078616535978
-0.32044723633870587
-0.876336054680808
-0.10643003955725236
-0.17455344371675982
0.97887881883635708
0.70889877160829684
0.60472796477678303
0.36299672206395689
-0.84649030248755464
0.49385546296336114
-0.19889934513661031
0.71198740898813695
-0.64319059472821805
0.28174418946186031
0.20958986451717429
-0.016146166216618501
-0.97765606938645755
0.826722050849382
0.40590253800389575
0.38958154509856813
0.27379663015886091
-0.62264730374215049
-0.73303870324579845
-0.61346343841749251
0.78622350511030858
-0.07426445810108416
0.11452913350363998
-0.098394965961558084
0.98853503137335952
-0.42532645466460611
0.11260256545072068
0.89800783360522696
-0.1924899012697466
0.5948903882575608
0.78041851840402388
0.6156855767199142
-0.77653663775036907
0.13387352557701138
-0.67421273280236804
-0.31444610775852683
-0.66825207537476139
0.19326878559633903
0.86981460548515332
0.45394903744674203
-0.02679991392263123
-0.98231047871203492
-0.18533183219909122
0.63793221004430589
0.34477262115829466
0.68860317679170391
-0.94894226603585807
0.30534739360198981
-0.079193086511400543
0.67286164369610035
-0.6737658588969283
-0.30544520920693241
0.39231079041696115
-0.11725979771198035
-0.91232800218066556
0.18688845683187949
-0.23298392561126702
-0.95435381023484289
-0.64120202092072198
-0.64381723154320947
-0.41756357687808382
-0.61133910921914847
0.10341631721681392
0.78458241050411615
-0.21629250551009124
-0.74310839421774288
0.63325150335652158
-0.35056417927834049
0.10292434197884394
-0.93086590658113888
0.37969464173650963
0.77873996199495721
0.49939568543257978
0.19105906736940706
0.58232007697255306
0.79018969920558468
0.32399916271514106
0.21364321817588675
0.9216187486630999
0.22430045627535095
0.19915949666406535
-0.95395220016685622
0.66890126964452146
-0.56436912907164527
0.48379600827090302
-0.82133807880621079
0.29884501171698469
-0.48589651086913355
0.99824399652574269
-0.042820307464405627
0.040930974444381561
0.45475056726104141
0.76190068083653084
-0.46120415665580439
-0.87578003253602033
-0.45370192740233722
-0.16481473138834252
0.43993488932318581
-0.3583616990849276
0.82342831247483828
-0.11168104365683784
0.93807186357423056
-0.32794591514164301
0.19658124178661054
0.94764877828611971
0.25162990360936599
-0.32526870714566447
-0.23294926903640711
0.91647962672783467
0.84874266021911327
0.083331299307744536
-0.52219899586255991
0.47875785310499408
-0.1474268659467412
0.86548035060734829
-0.17621114372540553
0.59614166617480402
-0.78330373845483015
0.28467274064324471
-0.22568384188388294
0.93168032835688575
-0.0061814265376767229
0.92102256700042684
0.3894601661812197
0.65360696204543234
-0.064162784052780836
0.7541094591028128
-0.74366495736392446
-0.63100538815397655
-0.22089506854966562
0.62872279282391064
0.65164912781235118
-0.42433602722972252
0.68922402692259355
0.4856247320366916
0.53771633818110409
-0.67192946963180844
0.46698373869336268
-0.57483647730140264
0.31714359717779161
-0.72114302405792796
0.61593236448632693
0.89309449826895571
0.18385543095621676
0.41058421507606196
-0.69960185944993636
0.27206591631692734
-0.66070975127723242
-0.68093556229418506
-0.48256869811812203
0.55086678208046147
0.41512928511989472
0.30129038923667134
-0.85842400827881105
-0.58166263831660947
-0.77340704057829213
-0.25201215202939931
0.49709309752687736
0.06881221611957504
0.8649643526202957
-0.96940491274862972
-0.084336318750012226
-0.2305244032169223
-0.14957949234189727
-0.96348712232698464
0.22207778047523455
-0.81155835910612506
-0.30608149501598275
-0.49768177400197672
0.15614740924284146
-0.85018112033646343
-0.502802196902703
0.33412487275315544
0.93902176577615692
0.081232338426982631
-0.66306037202450729
-0.098017405181643785
0.74212096812593809
-0.69503766458759031
0.29047497396635319
0.65768300442072758
-0.0030319737496285293
0.6789033719439278
0.73422136900143831
0.00074820313479784586
0.98165341081539459
0.1906725497458171
0.55749208357804758
-0.74625823768054422
0.3637323458832547
-0.67700470243618482
0.7203622856773273
0.15080719562749528
0.22854421550395532
0.40435554163845866
-0.8855868887387337
-0.8161839834222866
-0.54789329679818233
0.18345746244987579
-0.76768313150291312
0.087600914584536421
0.63481390136782101
0.93066266583221169
0.151502237554627
-0.33303764718425199
-0.39298449093858906
0.64637974538430953
0.65403089731193365
-0.05264243325306104
0.036207353986802165
0.99795681356382915
-0.9748803926315025
-0.0011457698811659833
0.22272608126132681
0.1738344504586998
0.36637218043934527
0.91408588723042961
0.73525759060121199
-0.36271607731618755
0.57256730846220871
0.50995062531119961
0.50526462726335697
0.69617384048895248
-0.56791738124340385
0.63890427747780409
0.51891345357602692
0.17467985148360751
-0.86363667153411539
0.47288333557775025
0.34862145954707302
0.44522738843805487
0.8247639968669207
0.9339271743765053
-0.057341740186628312
-0.35283417889071594
0.45897571995626996
0.88417265669570289
-0.087063204870291899
-0.68746414832369129
0.07415821771978276
-0.72242203974837804
-0.79846927470794027
-0.60177407398425198
-0.017742075069499156
0.015037703618185957
-0.93624848794835569
0.35101657551219656
-0.64979290924329947
-0.75868721352600765
-0.046506850347783693
0.020947965262132509
0.65626304800695656
-0.75424133708780217
-0.53330213145329086
0.30417448342568965
0.78934575454618838
0.63813383940557022
0.76875289265127555
-0.042475793645352172
0.98749585414001961
0.052707451336911612
-0.14857275197639835
0.52215309134754839
0.84283488580745358
0.13032844839917165
-0.5396811566325711
0.39988974888727785
-0.74083226030633953
-0.92521497307193856
0.34409594746029093
0.15992258297344059
-0.43885631973105721
0.75998057694784849
-0.47941073548068081
-0.51381057124856855
-0.44486801864141018
-0.73354696023041721
0.36760455853385238
0.8821517903495717
-0.29440636427933586
0.6180559117963137
-0.4271988805043363
-0.65993030419088139
-0.56076254624704314
0.76039965015700772
0.32762438671080801
0.77034456813731444
-0.35709412511011973
-0.52825470386279827
-0.89285812384970342
0.041539138231340707
0.44841818726562088
-0.32423768694149907
0.94355815852597857
0.067586417613972868
-0.46949412768267129
-0.87948506321693898
-0.077982611201372065
-0.38783286891714286
0.87597908991339579
0.28678615695670734
0.54751680105802214
0.64789481803459703
0.52958253117253251
0.20831559760493257
-0.46063847793736284
-0.86279592282187401
0.88930426450962685
-0.26878068637329333
-0.3699930644724207
0.50918320513196413
-0.82674264515916562
-0.23922596490925935
-0.56303896211840443
0.4847190906140616
0.66935381550485462
-0.018983232153147504
-0.91106185693830943
-0.41183240490415396
-0.53079689742993463
-0.77656819707420977
0.33940608269691752
-0.83183980623904652
0.25114930664567647
0.4949409687301925
0.53201361888466547
0.58826105052794997
-0.60902417501524075
0.10212090241335771
-0.73221053498951205
-0.67337883374862195
0.65126528742717071
-0.75217550104378694
-0.10042679434260872
0.34244366479309085
-0.86059097714522426
-0.37698210368571283
0.49056315581876536
0.28588086934266044
0.82317672385522334
0.029429393210500972
0.29613685060376554
-0.95469203229614563
0.70361004497825164
-0.20753358609433981
-0.6796048228555519
-0.62103684891387889
0.64513507587549368
-0.44509995075964792
-0.46194850017061401
-0.76133427591974356
-0.45494362672740007
0.0067774291101701765
-0.13437942574347095
-0.99090677482370237
0.78202915569453468
-0.15559100316916513
0.60350794475011349
0.92454511072665602
0.30645439694339188
0.22649953824566066
-0.78966489973339216
-0.11377980910792899
-0.60289592896984723
-0.10548188027523152
0.7681878392302729
-0.63147526997684245
-0.26249984228146878
-0.95891020965639528
-0.10763383584603976
-0.20702532090559866
0.74929087404635342
0.62904984108954809
0.013619384715207555
0.87409800172701657
-0.48555864294317314
0.025491522279894572
0.48647907873514834
-0.87332026670910079
-0.32038978848061839
-0.94309865311372876
0.088968050065264412
-0.1705696061510808
0.41059822204238033
0.89572044160725806
0.30145903971388682
-0.95097381738602826
0.069074206626107207
0.44254613376701118
-0.87039231326223188
0.21580115963982011
0.95454274312548359
0.27020783591212627
-0.12584068085544628
-0.37827989423970187
0.48671453778854668
0.78740922036719962
-0.30866770046067188
-0.7157469099782946
-0.62644282384655348
0.25222584481689675
0.84510461737012121
-0.47136006290955917
-0.35946819740594216
-0.88706864957362419
0.28964085691999536
0.57635571314332201
0.37805328705351082
-0.72449279090622321
0.43219704743895865
-0.4804135185452667
-0.7631569716539337
0.32849705825665798
-0.75161658629060102
-0.57198093493540958
0.66283652039987406
-0.56308280781366127
-0.4935438164630076
0.14104177519267128
0.12914163263164374
0.98154452592418517
-0.34226258780713831
-0.13743033786016431
-0.92949944767234915
-0.80839631947454627
-0.11186385392960428
0.57791164449595867
0.68692734992789828
0.70622307017456476
0.17140534144024427
0.065920044813791157
-0.30564776853816072
0.94985998403943239
0.011429019947903582
-0.49758090405996286
0.86734227466318059
-0.67386315201820002
-0.4876640500832719
-0.55506056120794256
-0.82133430876081914
-0.29651325347583835
0.48732929705237399
-0.89831486074635136
-0.10125791540730973
-0.42752455546977586
-0.81063345744119941
0.5543950382665388
0.18846628139370147
0.78254493235892642
0.26947848076674802
0.56125286390628659
0.77278463969476396
0.51460416568990286
-0.37146527873602497
-0.53762341442569217
0.1990234410197729
-0.81935995397987893
-0.79863307596856703
-0.46933286781522249
0.37671191799214981
0.58004564486746502
0.16115352593962248
-0.79848393280485874
-0.36457458836374074
0.51037564950966008
-0.77884662540644145
0.79903764829818169
0.056880697423253641
0.59858451605663465
-0.20669213780116466
-0.5604629920112667
0.80197231545544212
0.25199744267538571
0.95809016616875953
-0.13623700809906439
-0.97943408099428597
0.11896594490729342
-0.16296007161017553
0.4902552119958582
-0.61635729333344047
-0.61624144137308012
-0.70923882619692569
0.60509640946461107
0.36171621841969259
0.72798299663671107
0.011949144616365696
-0.68549104629511493
0.65993642040420786
0.14295179942930614
0.73759657270353696
-0.68800208612868052
-0.29642684581299639
0.66240792157396633
-0.53477605180365795
-0.47181838453161717
0.70100070359113498
-0.38088187369359289
-0.62069090298852458
0.68532605469144969
0.0087451298480680974
0.9877496240033482
-0.15580180674557273
-0.5030960335859983
-0.6151452427546813
-0.60703435759956814
-0.70990661691036772
0.65940414827938054
-0.24742426012584359
-0.50790094910317141
-0.01295058823348514
-0.86131812251020501
-0.16341413449345207
-0.25819403557625492
-0.95217207512119562
-0.84245604627967607
0.40951651431327746
0.35009146603640523
-0.12948197108301526
-0.6639538512944102
-0.736477903616787
0.1275899131261409
0.99150198413553814
0.025389555406797944
-0.2302178821026977
0.84397533342064601
-0.48446399591471973
0.13375413156790389
0.93848849770208931
-0.31835384710945702
0.80267695321035948
-0.48209899573994125
-0.35112713807319801
0.36197782382312543
0.64507266277373099
0.67294376793479771
0.18362820670324165
0.75100566787779499
0.63424850691064205
-0.98517182903034883
0.1544924356218316
0.074622748680488751
0.83806952434690218
-0.51237521847773493
0.18737958226778764
-0.6455506196271682
-0.12682982574481586
-0.75311260300204708
-0.54209507423335712
0.79027244074112557
-0.28566133777078623
-0.93218310140361105
0.19438443124199214
0.30536757907196449
-0.39851119492062037
0.77865925751015053
0.48464274287012726
-0.14625687774404211
-0.4809890516929779
-0.86444112457937483
0.14020013320391755
-0.98819904605444031
-0.061697390760855481
-0.012231495164624922
0.82049294021315322
0.57152578733283133
0.7236682635002436
0.657484381032302
-0.20980594152957821
-0.27200681298157953
-0.031563448459897704
0.96177754310075436
0.900745871909992
-0.032345266221759129
0.43314045988588046
-0.20106865687204223
-0.88243530826538275
0.42529909704847946
0.047063516993990313
-0.57866874700396276
-0.81420360267504355
0.3858725083565131
-0.55124325048130995
0.73975217883656996
-0.20287978007712953
0.17640424864757234
0.96318291922922972
0.57491673046898006
-0.055130118734676006
-0.81635251150171573
-0.68153332998124605
-0.71358947599041966
0.16218008472186793
0.96265051807596136
-0.12720479372938925
0.23900401774938138
0.020908011269286032
0.086274021255454567
-0.99605203093070227
0.92035691865320968
-0.32492331936869462
0.2176418590657562
-0.92281472516071239
0.10758052636888488
-0.36991811711884642
0.50214080284742835
-0.65851219515474513
0.56055000039980296
-0.96308582719545655
-0.25262988165768518
-0.092972212778158272
0.8348374280642088
-0.13290033415882152
-0.53421341230224695
0.69065273290258278
0.45550928009981362
-0.56170285585631752
-0.67796165401623254
-0.63687524032340859
0.36709388982462599
-0.52500697789760642
-0.27784599928641995
0.80446831748637115
-0.34696735595752887
0.88378245217413998
-0.3139143691023164
-0.33071719476217826
-0.55600788013931213
-0.7625492602524927
-0.7768794955110665
0.49114817787099463
-0.39399456446564429
-0.1759216115904268
0.41037447877081479
-0.89478733437002167
0.97193104628819782
-0.16287136692187235
-0.16977325790044245
0.51487563646987788
-0.73601635976532465
-0.43952587765402235
0.98257642861470718
0.17763749806177828
0.054667002964482812
-0.20960762896225604
0.86905242743891997
0.44812109997560051
-0.91180964797504882
-0.4080624506733348
0.045696851205414939
-0.34824022297396434
0.30532034279465775
0.88628902474237847
-0.36468710171108315
-0.42671167622752676
0.82759921653942148
-0.90548859031256779
-0.33867622196524838
0.25571239604114732
0.554848490628014
0.75829705934217817
0.34224073726080584
-0.39678394755979152
-0.87331719350706727
-0.2826297551281679
-0.43578474065109413
0.89329945563581958
-0.11003518699219403
-0.090894054514950126
-0.99567726467596651
0.019106424605843251
0.11736096080346695
-0.75425251576564445
0.64601048547255302
-0.36490080657580393
0.31400436860816083
-0.87649795085631432
0.23993708977866537
-0.93011362522200425
0.27806264964019511
0.80992204842499693
-0.44166419323956818
0.38595209014215526
0.14014535782396542
0.76688642442627819
-0.62629425249723536
-0.17451160001572891
-0.018994779889667524
-0.98447188877940706
-0.077023316891058805
-0.80528941023848855
-0.58785744395460948
0.54395964721331869
-0.26987604049285185
-0.79452805172093355
-0.37823282482212772
-0.7791374392935736
0.49988476763962941
-0.15719243527437607
-0.37362910316434883
0.91416181913330608
0.079005237284505717
-0.98589496429661017
0.14754420305862467
-0.76159551105608769
0.64712221384043633
-0.034714807985485062
-0.25564916970759899
-0.84239618936353589
-0.47435446890865196
0.81953769872903082
0.29889565502910953
-0.48889605006242781
0.37652256285848923
-0.82156420728609725
0.42809229491412465
-0.5137571786182018
0.85084517219101552
0.11007295025348549
0.82910496751493368
0.52097045991006141
0.20291558033615814
0.18019326987692857
-0.60173309749253323
0.77810517597115492
-0.90535175436575543
0.30808450515982122
-0.29227065974414396
0.78928053518066765
0.61395570571315761
0.0097277030781909163
