0.8597224218422741
0.39809513842013183
0.31999627833446914
0.86808253253755419
0.11278829047770002
-0.48343719161262727
0.47003763166837653
-0.12724231747354384
0.87342659534705358
-0.32385281214428169
-0.036968828958953377
0.9453849278212787
0.24447195529080143
0.73869884349273185
-0.6281381071856672
0.11864046708261819
-0.96957237456996193
-0.2141351209894895
0.15908565109973274
0.96697804727714165
0.19911105368175844
0.92412083511715404
0.35991576469553715
0.12830169299740582
-0.11465944165831064
0.35672502850224824
-0.92714641048686297
0.96004818844284889
-0.27306463215478416
0.061181553868602551
-0.29865673310194996
-0.75479739868080153
0.58402486481105031
-0.007594125781707501
0.44126000218500439
0.8973471678928403
-0.27651648839990584
0.45586663896662988
-0.84600486944240061
0.99015523270960737
0.10192890720118856
-0.095932856803884747
0.029765554512372162
-0.1902663939913514
-0.98128115801848503
-0.76574001751536158
0.63151886081640896
0.12176269547245866
0.83670108408015531
-0.39535773768316884
0.37897698499135768
0.26022094482811353
0.93531609812303151
-0.23972662860990604
-0.55367383962948757
0.25967162718831899
0.79121168175356904
0.63484672062570335
-0.71449191982865223
-0.29405941204177977
0.71970075637762487
0.58643964075654909
0.37164414299004428
0.03436448361455402
-0.79546343353506233
-0.60502645245849762
-0.97994282789351939
-0.023320626495371023
-0.19790958147577287
0.93690711626776357
-0.23377588650047024
0.259911312523604
0.36250482168335496
0.78253242056519279
0.5061948883786751
0.29394887877449827
-0.2397686468200278
0.92525945154281364
0.15416445921708119
-0.98803903795726411
-0.0034898405105271649
0.31769770261377978
-0.93863899395480366
0.13425724852476309
-0.13190213880155305
-0.95516975131126447
0.26505201745988066
-0.81591095174604011
0.20641733610642143
0.54007518196599236
0.45014086349951876
0.84216851872349185
-0.29685920750245731
0.30559076907409688
-0.70600502108069463
0.63888276864034266
0.46549221170484906
-0.84533942975624465
0.26214165892035413
0.2288993759109717
0.70758978504743297
0.66852208026668447
-0.49530758491982169
-0.67483159406172311
0.547058238194991
-0.30265024430019982
0.94517529456109839
0.12266414380889973
0.58546134296113461
-0.63820195596346674
-0.49993327485030431
-0.88757071316405756
-0.17492317341439922
0.42616911260212431
-0.2310682726812302
0.73837485664829228
0.63356927358397563
0.63705817279010069
-0.75369188997572689
0.16157171617011173
-0.71655661053910347
-0.68295969438113246
0.14181917974498989
-0.72066311537114491
0.60702109870755927
0.334917989763798
0.18919640571885765
-0.69868482230795304
-0.68995959239622839
-0.34640581129341724
-0.91014776500003447
0.22723129134780573
-0.96119979715184056
-0.2292112112449774
-0.15348345381464043
0.071157145649496698
0.82949596885582277
-0.55396127867835354
0.31633514705054022
0.52158460745209301
0.79238978540208305
0.058447465199477813
0.025386736603659747
0.99796763846147463
0.24670937089958625
-0.8246891445225133
-0.50894233584666104
-0.91821331136780682
-0.13456158838501855
-0.37252851402042758
0.19354318587762381
0.38588843473984308
0.90201505039238317
0.59994576966701418
0.60940440798061457
-0.51835445497502053
0.52913709092007155
-0.63603504322925841
0.56167015480351024
-0.1289923913300749
0.88477071778813943
-0.4478188695484025
0.49666688608951731
-0.86720125030423456
0.03583288619292227
-0.11931661932916696
-0.12558806380048956
0.98488130380401817
0.81137010497611284
0.55756959150689167
0.17548419694630474
0.92384700791084162
-0.20067301683847635
-0.32594024956597473
-0.61609231448769974
0.76279973516894906
0.19638437833842609
-0.39036531494385523
0.37556267373836139
0.84057575445838184
-0.7535822658847825
0.40502324956817931
-0.51775470625885112
-0.32008037071362633
0.25078203496486323
-0.9135956037671753
-0.5395894748084229
-0.82178179421463204
0.18307889385002946
-0.4833204992335246
0.3491782263680695
-0.8027925393593951
0.83419807785966626
0.23395800590292004
0.49937683002835381
0.85827265180236234
-0.10073211282183833
-0.5032107874584858
0.61851921255720754
0.71071223473547362
-0.33514489865567243
0.93604693978394238
0.21828888655135642
-0.27598204385301156
0.41614839921386382
-0.19370302909853976
-0.88842537466564331
-0.28363397886451014
-0.94548564790596745
-0.16002704658063072
-0.22018933733639598
-0.47982185153512397
0.84928655147291965
-0.32318974998002986
-0.60071585011407025
-0.7312242152237407
-0.78370242525722877
-0.54554807211439971
0.29696432388116872
-0.81533883209348335
-0.37881290045633165
0.43786227895115132
-0.66969032814626328
-0.5647135881056311
0.48230014285319661
0.26591707890102151
0.85772118831177979
-0.44000280711579148
-0.13283307511869649
-0.85628689244858947
-0.499127370492992
0.23415679702778402
-0.087052259042763785
-0.96829360144598731
0.0067786970536517629
-0.40359170540748224
-0.9149140859078162
-0.1564505076825585
0.98704599943528237
-0.035544811782796767
0.38957251283565036
0.30465667795654144
0.86914760876355246
0.65340918122357605
0.7213747949301843
0.22951001531996529
0.23302210530015163
0.17497664532892065
0.95660016309371498
0.65273538993335589
-0.75462656750513668
-0.066897341830338852
-0.14724959900896489
-0.67212323470171587
0.72564999343058034
0.4058843263647034
-0.78479733327995116
0.46834929196930386
-0.10707048914579624
0.76388023942882888
-0.63641408702529101
0.59847398053514878
-0.11642384760147749
-0.79263761097495378
-0.9620685280345358
-0.14237927827606406
0.23270644271925214
-0.78794687473510661
0.41653720016058166
0.4534715905958846
0.98221915677240446
0.15113608748325649
0.11137060262726477
0.39956854092448502
0.42822199459913629
-0.81053741705427484
0.44134522338650384
0.74977547591084148
-0.49300215974840111
0.87073175820094295
0.4312225723372809
-0.23637533366896199
-0.59410800987960344
-0.28702974940936132
0.75143169719602354
-0.35080325992675637
0.80872305974619429
0.47212719203569936
-0.15075789433453135
0.086848389078113361
0.98474840167951283
-0.33573598775231023
-0.39119418416292373
-0.85688298898104232
0.77474850461689704
-0.60850046547058134
-0.17173216971775393
0.77658885560304047
-0.62680482412346383
0.063446527160386346
-0.16786289306355159
-0.29046686541444056
-0.94204620334070877
-0.031385914891211078
-0.99533161713321783
0.091268265467330648
0.013644839796957362
-0.61879240205475761
-0.78543604545896584
0.50760661289068065
0.43092232656170076
0.74608409379928586
0.26733540307666209
-0.89532073028639581
0.35627597755289897
-0.79129327437140606
0.60131492897121519
-0.11079399862321687
-0.65128267744992352
-0.72494238918437526
-0.22425299645112615
-0.64120868067197812
0.5538347454487732
0.53114828679436954
0.95009123915633564
0.010356943587394205
-0.31180021006712944
0.33176844395593724
-0.93824064167119392
-0.098153950055422531
-0.65899594980074716
0.28549462915719015
-0.69585713682379491
-0.88600108753688944
0.42045168118089288
-0.19550564359017875
-0.078204764604757726
-0.81753804934145247
0.57053970297612699
0.85966709870766345
0.51001437840205843
-0.029288448622461417
-0.6909645832259661
-0.39771177539423835
0.60364997178839475
0.066949475622084975
0.92807113277218778
-0.36633555687221497
0.038864620370292154
0.99858023602980073
0.03642874543736585
0.064793611570953966
0.6742332454138289
-0.73567065911202956
-0.99514735270689869
0.09777609250274838
-0.011026428948014307
-0.070062371522980046
-0.99127197573457437
-0.11167423256888442
0.30855601373144048
-0.43245402604891581
0.84721703343608878
0.64296146609794369
-0.22088739014774483
0.73335483497888032
-0.10804468442839417
0.85505880476218776
0.50714966880145718
-0.34899934907654395
-0.59633507008479425
0.72289967390441678
0.053613716916212861
0.98412725118161037
-0.16917187366745048
-0.94716129175971342
0.27866555254232322
0.15884268072011654
0.85839016607604668
-0.43244353649499856
-0.27596903907437831
-0.10130833269694907
0.6299343485984702
0.77001255715863837
-0.22833503212243456
-0.87525227275465334
0.42637609236853419
0.94829089030019209
0.30894001805252858
-0.072804207429051707
-0.91141000822981189
0.077652341800953567
-0.40410631115012563
0.42934655406832034
0.013097983637932934
-0.9030448379423246
0.82348646652969759
-0.32514009830368207
-0.464923602237513
-0.69088193374334783
-0.13066939518321652
-0.71106094168468059
-0.89107920574506427
-0.44005770567729358
-0.11102731539032103
0.95688273357080789
-0.019201536828574194
0.28983915397592364
-0.53140435307790024
-0.50775089007915108
0.67808439530318665
0.16900608358446303
-0.82857905409950472
0.53375433939127048
0.45627267447858988
-0.7952265509859493
-0.39928683816417743
0.60536849430693485
0.53988076092047155
0.58485703388818644
-0.14568807162434122
0.95782337310749699
-0.24768805323502691
0.87623681141342635
0.031674532045470861
0.48083861569525788
-0.4795874421155219
-0.65435482608816375
-0.5846500209015818
-0.77498098288439843
-0.43473457254407982
-0.45870505513068849
-0.28461503886071099
-0.25906673013221387
0.92297275636549458
0.36784487337873562
0.91946138853914416
0.13885569529065453
-0.43496822698630205
-0.80937639414651996
0.39460422464891315
-0.16012896169946847
-0.075333202897269289
-0.98421726471663207
0.75925587635612535
0.62339365589812323
-0.18684449150206348
0.62078269965115718
-0.0077357354004290776
0.78394451220200256
0.078495446254892381
-0.90670594689281181
-0.41439448691609676
0.087377019078055132
-0.18845780413108876
0.97818654284299034
-0.85569854784599708
-0.50828692108836238
0.097079354472331986
0.52659053574895798
-0.51859587118618156
-0.67361764380713085
-0.16187690547037595
-0.51456558675973285
-0.84203213976542901
-0.62916449616353165
-0.51325018131802858
-0.58371764419477679
-0.81406381223502478
-0.0046659370523741634
0.58075669487385295
-0.22660328942203292
0.91301368940772787
0.33920046016655619
-0.68664102093871315
0.35069592445484926
0.63681745966564096
-0.51751936022182154
0.1496661493722079
-0.842480715225988
-0.65831787546629261
0.75220226152837
-0.028448771382127709
0.70043453514553122
-0.52810772517979276
0.48009758651849949
0.77291613239071677
-0.095831235402720219
0.62722964423834793
0.26486370793118941
-0.037286128476455238
0.963564715441666
-0.20889795757762084
0.47574083407016604
0.8544192777074503
-0.47407118100120876
-0.16251414163541972
0.8653586939024891
-0.90177303617761662
-0.35020465928622152
0.25330236445249477
-0.42767898419821099
0.53569033570871516
-0.72809789912035194
-0.82198025551737464
-0.027879783881444339
-0.56883317166838598
0.055959029388536106
0.2418525087966106
-0.96869807010165865
0.57129974304411524
0.20474792738208039
0.79479235642428669
0.5998018403734876
-0.70817522446175807
0.37245886181310811
-0.10647412234017753
-0.94523958236695493
-0.30852130104521736
0.57416651284904807
-0.32234448817015282
-0.752613344599394
-0.36531281662823323
0.17273088598153402
0.91471885682715703
-0.62003230876009663
-0.70687404940580612
0.34042475581288451
0.93070230198247617
0.19366162675328369
0.3103037212277534
-0.10701337045092316
0.57823170813875802
-0.80882397976795151
-0.23872575191272846
-0.96974253616083506
0.051082569767522616
-0.31288513818552571
-0.87812273242290728
-0.36194385905102983
-0.67344188835159635
-0.32870025164880473
-0.66214210527608675
-0.14817124278633509
-0.71045206028204222
-0.6879703139323341
-0.76954958614746005
-0.2058739722116322
0.60449097762173187
0.12044686441982359
-0.96572792185938316
0.22991766742160016
-0.46882261259927704
0.67403888996049455
-0.57085631531622072
-0.61712132000967534
-0.78654270132639859
-0.022624221084662159
-0.33286861436949866
0.88736431294202833
-0.31903457756903397
-0.34373617773068665
0.93304194299544063
-0.10619874166105198
0.17729058983987345
-0.49897302993953097
-0.84828884358288825
-0.49361827966741834
-0.77248113690860665
-0.39951706734326764
-0.49166605324141216
0.86937370504078848
0.049536381313785897
0.99417051031650494
-0.061924553059264247
0.08826293755269235
0.066246617842961084
-0.72144593945197433
0.68929466998710132
-0.14459860139450625
0.14037931882612212
-0.97948195048232856
0.27391549718249913
0.89505219974652661
0.35192592989458465
0.55373695889752705
0.70021379415851259
0.45063957085575462
0.42606319527038239
-0.54826326754465238
0.71963709124617314
-0.27046392581971612
0.66338115891323546
-0.69769241276447869
-0.80422715032208414
0.19058966190824148
-0.56293362971004168
0.043997062416524575
0.024881866361530214
-0.99872175866208268
0.8792100767004144
-0.47485962362877687
-0.038703732062787051
0.84260621499454513
0.32130054413539139
-0.43218135868043606
-0.55435421125940776
0.72791698613974321
0.40351985050080613
-0.43423882324001123
0.85891535851855205
0.27147937544512946
-0.90087895645272287
0.24942851279011158
0.35524994416321315
0.19231203830090554
-0.59040619999429755
0.7838600633613404
0.74761583580354063
0.20676922503668285
-0.63112364052814807
-0.085849770618746282
-0.33911092905196089
0.93682100461199336
0.75548213464658476
0.42573901888967769
0.49798898785484635
0.48687128557138715
-0.33364413790588415
0.80724094329209051
-0.34577201045002698
0.038563901968053683
-0.93752575551519912
-0.53171962903159109
-0.057569777000556037
-0.84496151206940395
0.68923838681734739
-0.43297325434906925
-0.58093425372910912
-0.8530940494176017
0.45593529233747188
0.25368001901888582
0.71488365963762635
0.40863122024647835
-0.56741684767284473
-0.79260434186998419
-0.54766375985014271
-0.26803500404919922
0.024860060686044363
0.93167466707223179
0.36244212243961393
-0.41582484044376045
-0.39105422920782135
0.82107630089328365
0.020355428684306825
-0.91203405999821863
0.40960899639319914
-0.77401679916432109
-0.62980278795945288
-0.06516473655221254
0.987352727432525
-0.10115848204542034
-0.12207191790833952
0.23389546710310821
0.56192690134965184
-0.79342993894117553
0.60282417182090864
0.092418317353530718
-0.79250354730182604
0.87821357030015912
-0.44502162037694404
0.1752046869741975
0.72617639705168247
0.68714118440495087
0.022468490372036569
-0.43490286626074576
-0.90043441244001077
0.0087957837627133054
0.75429412138325047
0.53102498316202895
-0.38607362731017625
0.60797776624390631
-0.44192810255856202
0.65959274398833345
0.14180001672019252
0.84516241003740222
0.51535740599890767
0.061015349961543022
0.47074983227175343
-0.88015437423510334
-0.50209395794279621
0.77532148565248382
-0.3831164983173696
0.23231988891906941
0.34626900775213815
-0.90891432131030969
-0.95615290806087772
0.18664274995515795
-0.2256902751469432
0.21206259364095403
-0.29770769627794752
-0.93080587877126619
-0.97726547656340623
0.069271384079853837
0.2003837909237163
-0.095668313654076964
0.97649115485352556
0.19316469205166134
0.42372479814944419
0.22384438594667908
-0.87769640896688583
-0.52818931951661197
0.47658604997923798
0.70276723010806763
0.73362967015441927
-0.22125553612326887
-0.64252120183222206
-0.64167434227818032
0.6137830600588049
-0.45991781183893526
0.73907589717202815
-0.54420767102015866
-0.39699474684456038
-0.66693247261879396
0.70055440647169809
-0.25382001603433146
0.74992392827716836
-0.0034191973757654614
-0.66151523858989525
-0.60311148210739629
0.48535472239265626
-0.63299868372798962
-0.87306020243987148
0.30360761508868128
-0.38156034775093428
0.49619824976370908
-0.84689942888348002
-0.19117702343186299
-0.8791259447713613
0.47489845291483956
0.040112749207121379
0.7438381298849599
0.11582999489543262
0.65824634356126088
0.34141238051403289
-0.5731663121402315
-0.74492816100568238
0.38740585645796621
-0.39084510079546142
-0.83495916640651069
-0.49012346084115921
-0.46755825750208196
-0.73564139971503872
-0.015512514820617135
-0.54855501487364544
0.8359705482497064
0.4010277463500318
-0.70349001434727976
-0.58675254270525212
0.43028431185648375
0.89842912837914379
-0.087638531765907926
0.94264082837730123
-0.30223881573767836
-0.14170380001129518
-0.78195200866143666
0.52558347165972996
-0.3351314226813869
-0.66162400052950787
-0.080117053079018216
0.74554338554457289
0.24017550176891286
0.9703725640465759
-0.026321384760778211
0.47562582357265465
0.82703876401186061
0.29964472091556671
0.59062128003081427
0.29272472551985285
-0.75198320369812077
-0.31388713960558445
-0.76885147387950226
-0.55708372324412891
-0.35353736926907692
-0.17570740780059521
-0.9187699578100581
0.87395255380534975
-0.18120346746595775
0.45096811092960998
0.75661294871764562
-0.5914039754613728
0.27888740315990074
-0.34082865019456471
0.58528566594444686
0.73571497228649363
-0.47919802946230777
-0.85478935868278083
-0.19925963174241182
-0.95362715436583356
0.29746943182729291
-0.045904112936319269
0.43181624738746122
0.083864266653077377
0.89805429305301598
0.60792998760817918
0.78255190489712856
-0.13428941249627366
-0.65450943773874948
-0.63310455504656593
-0.41327474915629159
0.24342076669058657
0.12787037729547057
-0.96145488555318137
-0.69474982756591863
0.12978575950368479
0.70744493335324554
-0.88631373863478102
-0.34028339858519568
-0.31409419821853779
-0.99427947113875603
-0.10371654609530488
0.025518842804798079
0.1135330850864753
-0.39524490000996793
0.91153261466985236
-0.52255468988558074
-0.26677617252664132
-0.80979446148428325
-0.1847142619299838
0.28721506730077595
0.93988730524200192
-0.46188586429702744
0.66524704025334569
0.58660704376673789
-0.68719603657700246
0.07788356970617713
-0.72228509390868778
-0.51762275944974001
0.83759277035053703
-0.1746568920946121
0.67685607015621674
0.32297477320339207
0.66147800883090613
-0.525112251371182
0.049292617187668669
0.849604238072456
-0.30684234256442955
0.79856714760433523
-0.51782070987615869
-0.81551962363053065
-0.23626390624767632
-0.52830588684786306
0.55524654709328192
0.48114226807297472
-0.67838292270264378
-0.94938941480018846
-0.30941328251531208
0.054066252583800253
0.11129941691048836
0.59016117207969365
0.79957628201748676
0.55481979337446263
0.82839939251939754
0.077002878864441293
0.40616368784369683
0.6224611338338486
-0.6690091146938788
0.75727978558812903
-0.32001126424618248
0.56931548116589736
0.29601062351052632
-0.90337530468074168
-0.31030754045283282
0.026773050053876347
0.23803920916329213
0.97088647054726596
0.012474637327282753
0.75563977745902944
0.65486862052263695
-0.91659080169226004
0.036706523903517516
0.39813808327772499
0.42917471770537025
0.6311620323816507
0.64609871580307277
