0.3485462369546361
0.90731324400021018
0.23515568878208715
0.84243650332324205
-0.53854477204854101
0.016439780037893148
-0.43355160054809039
-0.83225404668288772
0.34552309827585592
0.62828511265708387
-0.036689678125003983
-0.77711754885123963
0.70054603548065453
-0.43189450417833231
0.56806900059138066
-0.42139616613755965
0.066812205481725964
-0.90441218499268017
-0.14094250099595115
-0.25316857680740856
0.95710024716866393
-0.90075402751054257
-0.13838014406334828
-0.41169541854694436
-0.79062871437476312
0.56167536911124605
-0.24377656930036321
0.79873541389892844
-0.56167973167840901
0.21572579262892444
-0.57722123654626367
0.53478253973800793
-0.6171088066713748
0.41379510438934597
-0.85549703663034682
-0.31128512958396432
0.13381531315976469
0.9665526992213509
0.21879063415026465
-0.93989509666160564
0.23894076619898463
-0.24393547818985495
-0.25001050411652576
-0.91931135618819693
0.30391014825901891
-0.82064383879105385
0.57143565447621048
-0.0022321844968142134
-0.42865470072091127
-0.89178145654008223
0.14484813192138726
0.32316724764898502
0.57524105937201708
0.75143905518647303
0.88344897551166202
0.45843442701143572
-0.096725300713367976
0.5231642589570189
0.34185336645762943
-0.78066345757409394
-0.02378617212432375
0.83046512841328335
-0.55656256477163524
0.36719385574554603
0.63835713823175255
-0.67651225884775079
0.9720603244255831
0.23193369761949156
-0.036131504067506745
0.41837641369345535
-0.32913386472432477
-0.84654124267907505
-0.29684385654893897
-0.37697858708827714
0.87736586992319188
-0.58477657593305921
0.14203508334515214
-0.79866287715101825
-0.22658725563255394
0.60075141068352522
-0.76665243634039393
0.14075601912113431
0.66550838951205915
0.7329981763757919
0.04286473691816188
0.99884218638300282
0.02183806380060507
-0.30981183871881324
-0.82239350248474152
-0.47716407205545902
-0.42705100917515876
0.2878204478570705
-0.85719707498208009
-0.090999921051490115
0.97614966794890545
0.19710616462166816
-0.0009779207222801972
0.92292005873744043
0.3849904009857133
0.58318811710600571
-0.10943089541657396
0.80493260537431244
-0.5267265381942754
-0.70273585301829078
0.47824834013776735
0.16230173216885499
0.9744484210760751
-0.15526887130823566
-0.52152388955892259
0.70553538558359719
-0.47982564782297488
-0.26666153738301163
0.93495058119819807
-0.23400648537525703
-0.21279839034102313
0.76333815455536735
-0.60994401945447063
0.80253178973750738
0.59462731991086559
0.048590913516155979
0.87744370529454974
-0.036008084817093992
-0.47832620863462677
0.8059031696984722
0.52060078466643611
-0.28194840676025612
-0.17223829302515131
-0.74113342347337641
0.64888767828216243
0.10992335192215524
-0.56755013945270638
-0.81596795029548286
-0.17642113908295159
0.98430437484945132
-0.0045254101365956633
-0.76087931774698303
0.38217146661960549
0.5244117026980859
0.83367234693143177
0.36351223962141138
-0.41575145171997174
0.36168550184525111
0.779179352079444
-0.51192102422933061
-0.14271936772395843
0.83631309715224222
0.5293501540644886
-0.34923686370885521
0.77625068908023986
0.52485091285931407
0.936048609007888
-0.34963215680991538
-0.039627723866564615
0.35539515973138158
-0.77027429737198605
-0.52950145160103101
-0.8429830921190048
0.39845307730057544
-0.36140649079835735
0.33266173431475349
0.053319077585888212
-0.9415377031686466
0.63356753409874178
0.096431965263208089
0.76765425538553167
-0.61383775037242239
-0.60459378057147795
-0.50761163965379197
-0.37437556448900872
-0.88615620849915888
-0.27307528422017846
-0.69859725572258935
0.56384050243050199
-0.44050625661366749
-0.62308310657832078
0.72110426346702583
-0.30294567748424311
0.47330716061105754
0.87919556129741872
0.054731131079265284
0.54638531536106161
-0.45094873744285069
-0.70576789623536429
-0.30657340622937851
0.30587408951663608
0.90136218467122586
0.98488679617616559
-0.14626398695995244
-0.092762302884453932
-0.1267810570617976
-0.57767301191775777
-0.80636248354704554
-0.098902261788422832
0.3921676428456799
0.91456157940184513
0.58111734123607262
-0.7871445455252476
-0.20665454305330233
-0.49209628474899791
0.20101246259692318
0.84701548770784219
0.92447710595082988
0.30259199983003909
-0.23190550276273283
0.46359323020859433
-0.62613247421647666
-0.62692857777925082
0.30372254984962305
-0.89821753787753245
0.31773867778737119
-0.76776414709765883
-0.50745406955749717
-0.39118867790484341
0.72159670318441094
-0.56010883110851839
0.40691067234423628
-0.72730635756283091
-0.6812597483789421
-0.083130123826130678
0.50677440182998523
0.12700121785347729
-0.85267250237919268
0.15907987708442387
0.40062096438976164
-0.90232834134710749
0.028798784664531611
-0.92567299491766808
-0.37722690317897623
0.74615582618971177
0.51291653280489091
0.42446214603726157
-0.70837980740581186
0.56667452140107921
0.42080641066238861
0.89748175006097097
0.14708555651204194
0.41580325560659032
0.64394990943841213
-0.56214579099103745
-0.51896110047413124
0.093118424283177528
0.82581297775793161
0.55620309674218482
-0.76745154243766445
0.18525996228736247
0.61375636565605951
-0.82222103375341116
-0.32194827240206736
-0.46936327247750892
0.047364959854614808
0.93789720055789783
-0.3436646647003862
0.05791905850953695
0.098643301932386157
0.99343589709917612
-0.026808122883296252
-0.64648030492608721
0.76245953328038818
-0.93923319870631827
0.051265794981988189
-0.33943013524547666
0.44684922567613117
-0.78722188153560335
0.4249793862579529
-0.97079613801934606
0.23902807357448216
-0.020504595826172492
0.96310875392588791
-0.0069899725980424295
0.26902168759117173
-0.89908179864194582
-0.33899672510359402
-0.27700747231762934
-0.61697175497158818
0.72822959704776336
0.29837477700189552
0.74548590636207079
-0.074762299473677754
0.66231515307512778
-0.93663272380897844
-0.34263471660757394
-0.072942385931785092
-0.046619668593204197
0.73138255819131492
0.68037207473101635
-0.30920297474811775
-0.80345416958527704
0.50877786683674409
-0.37295895442305993
0.92643864800198117
-0.051117998825452045
-0.32745148129346291
-0.14886329056646205
0.93306765463198982
0.30803655212102482
0.39317777091292755
0.86632829979017345
0.73861822373757136
0.66055765453646209
-0.13456115559864601
0.53620259865330777
0.80518269569869172
0.25331324431388857
0.48345797029189957
0.25343436316684276
0.83787792340379352
-0.13077943736036451
0.19229108411792004
0.97258463782462723
-0.46488857646057175
0.4154783237525026
0.78182886488557957
-0.025272580695998244
-0.42206094077202078
-0.90621512839921248
-0.77132312405227699
-0.17918741107796327
-0.61069837891827805
-0.10964758127390785
-0.87840342964656182
0.46517182062753892
-0.7779295075928826
0.59190062036005753
0.2109012490092799
-0.031920213221136036
-0.99874073958961163
0.038704458036673384
0.34944442623588712
-0.93172431722999016
0.098885740402649275
0.99849788625805014
0.025943038986496452
0.048258987415309533
-0.64517369017384807
0.07912526784218199
0.75992769491337975
0.8414473327132711
-0.50509374649191952
-0.191954925762478
0.91704200836497007
-0.31110241219372164
-0.24949798400225609
-0.59152963258982649
-0.80567137789665544
0.031405805295351669
-0.45284119943152185
0.84704767316922625
-0.2782895748604689
-0.33263118534464703
0.088329370599365589
0.93891129337426482
0.055312141206942146
-0.34336147959438784
0.93757317653922678
-0.097770019140855688
-0.47095528068879966
0.87672238875742803
-0.2438579126606622
-0.010997043398718119
-0.9697486186993366
0.65148677365537999
0.68484846981954572
-0.32641623295714117
0.23121017941523844
-0.88257720369376857
-0.4093889745155106
0.53341813841310304
-0.49713629436548867
0.68433953154589111
0.92261466234472911
0.13631148633003451
-0.36083426045903416
0.17610505464415552
-0.98419788231057703
-0.018480751720493304
-0.88050290530320385
0.24327841118640817
0.40685408736208373
0.35471586621397716
0.47212488196095548
-0.80701595404887871
0.87469987605843846
-0.04802870933057788
0.48227934841063974
0.65138305492689941
0.75664527708920903
0.056462734725603966
-0.60034081325619193
-0.76024209683382205
0.24823952574198879
0.62501074690284097
-0.71618681605273704
0.31054470011287577
0.27968851281562196
-0.18379466011047926
-0.94233426060706238
0.78540070072092305
0.32489196466104714
0.52686900706510342
-0.0025312537545004172
-0.98479214221980871
-0.1737182471030323
-0.34434375137785445
0.82142203173328876
-0.45463526773687774
-0.98832798269665789
-0.15204392391349916
0.0095101955679548975
-0.83133702214976668
-0.5238830441507808
-0.18554059300991027
0.79878665553978545
-0.45221828412521936
-0.39678520944511864
-0.73669657580307635
0.38440818342880412
-0.55633488450122304
-0.77559953475041477
-0.25673017419008393
0.57665845988355124
-0.62849815949105292
-0.35977978826130569
0.68960029544295376
-0.7704195418050398
-0.051654125326364972
0.63544124900865617
-0.15521600831568122
0.90072237118645115
-0.40571812974872523
0.38621367780944216
-0.68460798548166735
0.61818354983583756
-0.39460350696471247
0.66017959997916253
-0.63910168835835746
0.024830473089872903
-0.11290122348538496
0.99329590824770664
-0.99513356235367922
0.044733555533571792
0.087795797659118477
0.28195304208933314
0.20161335068084849
0.93800561772508162
-0.065289241965875919
0.98154709725624389
-0.17972927071393563
-0.99073929019434592
0.04883903301530023
-0.1266902037228381
0.81885929590080442
0.20152540207194433
-0.53745415231122728
-0.54858495200825519
0.83150209508459383
-0.087514663342960902
0.69933866295678904
0.53170902333065817
-0.47771429641844299
0.5668643243495487
-0.63494477982814646
0.5248904308031499
-0.03745795688524458
0.51916301637835727
-0.85385400619245733
-0.83631021168422703
0.020081060359966554
-0.54788865734517855
-0.16136109190807191
-0.24999031229932467
-0.95470804007021992
-0.90412573453628564
0.41476201240967109
0.10261154521349893
-0.27525616162823446
0.50530784717014154
0.81786186185319087
-0.96772186628980761
-0.14646528369256973
-0.2050909802439565
-0.045617749454234163
0.32939638611396316
-0.94308909534030316
0.48343013526470202
-0.33576618433144406
0.80842833558544602
0.26395292721151897
0.96370840564649984
0.039936964115363321
0.60193674879796999
-0.2519827076794286
-0.75774459118958637
0.65366605646561915
0.29584277270930731
0.69656136876829111
0.91928072519118165
0.38119553785293231
0.098045449731176029
-0.73740110771729317
0.18885328268420543
-0.64851680314137461
-0.40627857471039319
-0.91160407651652064
-0.062575773345228083
0.72643808365605211
-0.68018835914990194
-0.098140239917612962
0.42096080054821944
0.79634223519508984
0.43431676095482474
-0.43136815071245121
-0.6806191254789733
-0.59218166518658588
-0.47861227596279871
-0.26841963868537932
0.83599114042298339
-0.70437579240363191
0.70057437945593137
-0.11423783053652803
-0.52702443233394747
-0.49638229050466132
-0.68981872212663697
-0.69333825889694678
-0.021117390184669738
-0.7203027936788382
0.85720300762427815
-0.2527950207907827
-0.44866210134496504
-0.39468913605363032
-0.65525942813938931
0.64409282538752077
0.28955323455438681
0.74969217369779351
0.59508030471136397
-0.60928897551847216
0.50247316304616596
0.61342290854681292
0.97636621146370639
-0.17961479206626565
0.12019795165892429
-0.85465388594063174
-0.51843428061038688
0.028153719728810964
-0.50264544126459043
0.85447714785504369
0.13121114346515972
0.2865059190813613
-0.37660172416152371
0.88095714974674677
0.7579471857496145
-0.17747572461086206
-0.62770887423079225
0.82841361626445387
0.5088218164619901
0.23416071293018179
-0.43426652796975257
0.60211214719691142
0.66998025708450626
0.59662781368637374
0.67093031022378391
0.44032689079686554
-0.45261831879366887
-0.34578917920775076
-0.8219285255028097
0.80903694151925098
-0.24395656296608467
0.5347377138775149
0.40411337600883351
-0.16038513689759851
0.90053816531731823
0.63442773029183341
0.49182153326879002
0.59633298957033154
-0.029895131884484845
0.68942824320540008
-0.72373681581105498
-0.42052515378553645
0.48432370405925484
-0.76719563653606249
0.88201490743061328
0.33426296447626597
0.33214149642841284
0.65726792086474761
-0.27831632983695231
0.70038482332801921
0.70705029330400859
-0.63389957749305648
-0.3134504879448104
-0.87257453061162982
-0.33164950581318142
0.35863950398940497
0.96320295655973887
0.1895903359864628
0.19051396005310969
0.22555598645513408
0.88556462037691186
0.40607856396385572
-0.055761830531946048
-0.96581020170856735
0.25318229110935647
-0.69215983746703891
-0.6151186939353418
0.37754966794963729
0.28351816017616088
0.90410223434977666
-0.31971331328874397
0.76764972629112638
0.031104630567798275
-0.64011436453371329
-0.53624394994623237
-0.1001296370585648
-0.83810290652674801
0.69756860369113882
0.6715131371799159
0.24993629136078388
-0.051457795422258278
-0.081477410370255438
-0.99534593327628473
-0.67207164572061184
0.73478438941313229
0.091714797569197051
-0.22326282686032076
-0.71873670533928458
-0.65846128097282153
0.1658412823195945
0.58221710163450091
-0.79593964321606314
-0.8709093664824199
0.053472614133767173
0.48852589993867396
-0.53767952096381155
0.68335954447176372
0.49388304862130017
-0.67964822865883356
-0.67138679197942175
-0.29549629580840836
0.39352386529114852
-0.91303938871538515
-0.10722892380579846
0.24666054350387931
0.0021985904164400758
0.969099449220023
-0.20859130096843337
-0.9702948658048316
-0.12254608338531395
0.78476410985344291
0.12714710017117661
0.60661264972302886
0.71541642931879268
-0.37688110375745631
-0.5883366096813204
0.54409830879006282
0.51591087859034046
-0.66165927464514274
0.24541605551822532
-0.81640970624695586
0.52272952015323804
0.46419031968907321
-0.11050996972024463
-0.87881448195815859
0.1162551487423141
-0.81463399901652944
-0.56820435411675585
0.98320086822412578
0.069247542601409182
-0.16888111370722056
-0.50795612695975989
-0.76384487820141733
-0.39814768005038276
0.69775108904667793
0.37164695796243602
-0.61239036273560221
-0.95425581516510771
0.042986570866045334
0.29588510261375783
-0.0036529669590681792
-0.71263188305935266
-0.70152865592196378
-0.8486197754457212
0.42539301997742257
0.31446026025070628
0.21162497707870298
-0.39621094443218652
-0.89343816606891902
-0.62292095519220481
-0.26334675505311472
-0.736626072159699
-0.59097092070592272
-0.5440811768577194
0.59559133965254496
-0.15886082547316854
-0.021365539583184264
0.98706978063777384
0.21036843898785124
-0.95311310364973023
-0.21753282862362053
-0.88953898259708941
-0.1436341780216146
0.43369300356841145
0.44992137045746827
0.052674572155433336
0.89151340419194791
0.92109795228360936
-0.20343277964139977
0.33195431382392865
0.1732253853667062
0.73429914198245771
-0.65635183853508239
0.076524965482595839
-0.24697538797429519
-0.96599538683827779
0.12867829881107054
-0.5241272082127334
0.84186255708768454
-0.31094432729767307
0.93621381546888283
0.16375993724532853
0.6924741014472916
-0.71328796004325745
0.10816609858035117
0.54263517684070406
-0.72431486992189564
-0.42534107968204199
-0.24604240261739571
0.20991277514180171
-0.94625565411601464
-0.17519848149417569
-0.92681143453753823
-0.33215366457801643
0.47870550197902034
0.81272456783231861
-0.33214427470119828
-0.49592960857879187
-0.033824257869068869
0.8677037183938382
-0.43562095839825521
0.83432972167703701
0.3378287970710957
-0.25022653888815233
-0.57693153743988079
0.77751956910634179
-0.90073434242312922
0.41445237625437537
-0.13002642883919641
-0.74874840107147567
-0.44653014163061233
0.48988433788829577
-0.96208416064894886
-0.15513390481627937
0.22433800258730419
-0.63155975613516935
0.30819467060813244
0.71144101613502009
0.57502553289790881
0.80599342447102007
-0.1404287585395316
-0.25789550756201529
-0.40970870452341135
-0.87500210549294022
-0.36011005675425212
-0.18116203566638217
-0.91515084213350406
-0.59540691967874437
0.34783010899715111
-0.72422704677034755
0.49892094901711281
-0.84123038835148267
0.20834903490507733
0.1700917412154582
0.85611024618646814
-0.48800004707462719
0.47256122032260917
0.63780891464996747
0.60818227649302381
0.12082963605507355
0.4917336127872724
0.86232143259110483
-0.56033808615214886
-0.80790819931900937
-0.18249813884109245
0.34294101859780646
-0.54095665659765468
0.76795660909050456
0.15265221552496133
0.19829656204476881
-0.96818168469381083
-0.45062734099175672
-0.47470060079037035
0.75603858311594152
0.38508522699837261
0.91266461233266327
-0.13694040069782684
-0.24614630412895114
0.68079109569995755
0.68988077301756223
0.94960494605393497
-0.10114154618766887
-0.29668305321448846
-0.050225016568341004
0.12706278334204799
-0.99062227756096899
0.34524834868499799
0.27335383428990989
-0.89782028213294818
0.34302558783270215
-0.52391808164413667
-0.77964305282504553
0.55570925963808793
-0.83137559425102014
0.0013564793589371695
-0.92802716384881101
-0.34439138142983028
0.14198647666445371
-0.23991598070940923
0.41553581075332002
-0.8773655521969298
0.18446639861313208
-0.68696291764962347
0.70288981893111646
0.036521072213474746
-0.79986337741886171
0.59906993644187312
0.66408761410126838
0.19468723866734239
-0.7218618426661505
-0.63757981289696131
-0.15443268864751658
0.7547466640293119
0.91013556836128084
-0.3768742576110391
0.1721018336736034
-0.73861240481991408
-0.66056274697979422
0.1345680970685543
-0.8596507608844135
0.21565674346041847
-0.46313360740816029
0.095883817395083615
-0.90980215836060196
0.40381471766657584
0.1463266205959505
-0.97040676501680689
0.19209172422200924
-0.34071573763714852
-0.56071859444228733
-0.75465716982815412
-0.09925636939402703
-0.84081678277611527
-0.53214219052499467
-0.2341256119293387
-0.9678578705658285
0.091849552108285784
-0.82390337686542425
-0.50585788713442204
0.25552108252284983
0.49306510669528131
0.44667676392009237
0.74656993586230413
0.23708191428958331
-0.6843829477319141
-0.68950137546676638
0.14527898765242506
-0.018250153179089949
-0.98922239544787216
0.20768569507654136
-0.20106859631785917
0.95730772045113044
-0.95057752173578636
0.23651388110309993
0.20115555974468938
-0.68790362850266151
-0.41322864679553728
-0.59668306776747171
0.84010118747891493
-0.3900726664997558
0.3769261328778985
-0.23147624507681713
0.90522751081242814
0.35634520009882631
0.53776132942456056
0.66935041254316896
-0.5126234268971902
0.091787153294725227
0.30101299589167574
0.94919244349835008
-0.070072548270415022
0.57395800978490108
0.81588114390678601
