-0.12024139104968912
0.99274084439862864
0.0027611123000153138
-0.67407451493904691
0.26138004463583814
0.69087192776654038
-0.085247413711135769
-0.95210664875407791
0.29364231277838854
0.99941188949540871
0.007481958183304006
0.033464838815690297
0.56291247124255228
0.7909783710843673
0.23975563850788578
-0.39613926102790631
0.084277013562431724
0.91431453606363622
0.65475710223962924
0.75335337900668387
0.061252129807666825
-0.14919757801313366
0.91072864181516677
-0.38511481884305204
0.50179232732534573
0.64814065916343744
-0.57281597933070771
0.39374286556746346
-0.82011170598264738
-0.41519073391027667
0.11051959810783271
0.38464680797009876
0.91642362014108802
0.64248057558617644
-0.63257698797582618
0.43251018979659545
-0.72933325588238174
-0.66711340391883112
0.15176530623246876
0.60220822903567672
-0.4855344399170195
-0.63372040880516067
-0.89702796110723004
-0.15964620348028896
-0.41213338460519777
0.70558191871003384
0.35670527058397511
0.61230344268759462
-0.6669203629404713
-0.12834028931330219
0.73399318773019129
0.060792037896468476
-0.95928318943383828
-0.27582619635929617
-0.66982397373482083
-0.1932244390789829
-0.71693804498903979
-0.94560150349884176
0.3220248760155216
-0.046236087722879023
0.38772066448156894
0.22781172778720629
-0.89318223393469853
-0.89731678856806674
0.067645360421833209
-0.43617277100627416
0.22656686819880792
-0.83223953151800567
0.50600871179582896
-0.030318608004224954
0.34239461759420187
-0.93906693470231728
-0.72897567922699802
0.68257727757382847
0.051794973071118335
0.013373412242333465
-0.87209361206432434
0.48915629776340053
-0.86479062462994971
-0.49255970393581017
0.097581317939492804
0.75376459402074314
-0.35589092910458942
-0.55243151917845579
0.40128769652199325
0.88239957873664143
-0.24564032255611137
0.87108917649172002
0.0064389822249308398
-0.4910826672841182
-0.78081525583711608
-0.55894949036233821
-0.27911109522142125
0.24369974663341981
0.084394227145222933
-0.96617185216470025
0.3347380045799368
-0.94105482412792962
-0.048644488643562113
-0.56394655792111303
0.44775695380609692
0.69388615069564086
0.73820995179808946
-0.25292059200175587
0.62536168831144712
-0.343664286016299
-0.27403476605937255
0.89822035465006722
0.92681995376134652
0.15699962792067773
-0.34110979191835628
0.22914553468958734
-0.39911868067354117
0.88780437184620531
0.78056402125764668
-0.62504115452438835
-0.0065851248212885211
-0.69980524488729312
-0.51431642352577123
0.49573302867561236
-0.13759419874629053
-0.75430138768729216
-0.64194801425379577
-0.61849105118658032
-0.78546175297527765
0.022773981099556469
-0.205849257329838
0.95459786041355699
0.21533464224460852
0.47032216251516351
-0.85282056358421199
-0.22692322440633356
-0.16089301732524297
0.16624179078518317
-0.97287054841459486
-0.55359895421916849
0.47156705661675891
-0.68640564464553289
0.14715413932407648
-0.011998137957280445
0.98904079994980398
0.21783089216156765
0.96802673485218771
0.1243943046586438
0.26952630252135112
-0.92850431000512679
-0.25541205639333553
0.40887703854033974
0.55000118695723843
-0.72822953915651512
0.5796722412957781
-0.40763864237736724
0.7055571060600736
-0.94906105318440492
-0.31464970788072388
0.016693671228441329
-0.78559342604728544
0.59532542975573099
-0.16861376467371311
-0.72313638127988566
-0.48149450026304436
-0.49521391366345208
0.97605368660369118
0.2108222939081027
0.053601877380080154
0.73715784790516858
-0.63425673092235224
0.23305944853515587
0.26578591299165411
0.86587189687773625
-0.42382037073805645
0.23126917876419487
0.21160181821278248
0.94959951425997458
-0.14291371941451797
-0.044111333223658858
-0.98875166704503703
0.91066925983736502
-0.32933803629442393
0.24943527624816553
-0.42529869523494801
0.87460292868370093
0.23278903962460062
-0.085157178903825265
0.81535850356497597
-0.57265938003792893
-0.09186127455616612
0.33860571994695488
0.93643348544150273
0.1041341656136016
-0.74464342107462889
0.65928920133901181
-0.48078904228431318
-0.87004060044640585
-0.10895526785883518
0.64394121951633709
-0.75782921807293002
0.10504561886525303
-0.3186562317839931
-0.75673053947502977
0.57080390378049828
-0.13777449649763115
-0.266253640722173
0.95400586314603553
0.78946016202203573
0.14780169529217901
0.5957409768086287
-0.50884156179091455
0.24776405306177432
0.82443510296722877
-0.81892520544889102
0.43264539000057223
0.37706693622186516
0.83993287763658664
0.30867919647530057
0.44635178360625544
0.17877444913837806
-0.87661249246384787
-0.44675522872327955
0.55635979090968601
0.032918108186608584
0.83028921540168477
0.76397570014952743
-0.59542680057819919
-0.24861225781173488
0.52645746091285239
-0.59495127144499671
0.60735123812763769
-0.53002739840145496
0.11471928647439091
-0.84018476673562215
-0.9100080629430346
-0.15712804632486249
0.38366144246822315
0.34082385555366473
-0.87700231714542465
0.33868279437711435
0.6409166654961157
0.19933489529919099
0.74127688983631512
0.31699740280233019
0.94625922461789536
-0.064079063992202742
0.42752180956645841
0.68756913239164874
0.58691889603864023
0.18895985891355785
-0.65122221230812138
-0.7349855793931499
0.87259881994051458
0.3645145658651775
-0.32511602653597732
0.44730467424952852
0.21794869742823825
0.8674196756379563
-0.8984115236952942
0.40173840092921453
0.17737810267994589
-0.11490528394872884
0.53743519663907147
-0.83544011463071643
0.12199421168953352
0.79663205470441678
-0.59202599751334284
-0.75356456199226207
0.064224706271788209
0.65422904094339362
0.29349209147173205
-0.31238306280502681
-0.9034817177542106
0.065956241467505339
-0.083860058956327241
-0.99429234369139219
-0.79329557328973122
-0.52574780183263914
0.307036451039717
-0.54814819979528229
-0.59241571762436718
-0.59040424166226768
-0.18303058385575038
0.67150884245040132
0.71803598787549994
-0.02333661771910497
-0.61663800501484411
0.78690086608463305
-0.28080768646625615
-0.95461097995480226
-0.099322304500051389
-0.64118974075336865
0.25528629170561151
-0.72367439198843109
0.9705800500074182
0.055956196373885235
0.23418640143049479
-0.34637966020094735
4.0111883689402303e-06
-0.93809441474884947
-0.43844021687656254
0.89120629779367111
-0.11628203213795049
0.97586575137930576
-0.16484036743167396
0.14322600514534212
0.98378750310376284
-0.14808828564761373
-0.1011533904069199
0.7587051558503215
0.42835401014668373
-0.49079458888357153
0.80417700969717265
0.59002533317712502
0.071898840628594654
-0.78412703318149068
0.58002852385105641
0.22070728885371652
-0.49029533809169529
0.73483632462731496
-0.468642782355356
-0.95543183499339246
0.033520641739852412
0.29330253196743383
0.87407796170631624
-0.46989736835031015
-0.12322410509630245
0.44992683888700519
0.79296321194222597
0.41082257016310014
-0.18467539732370486
-0.45611156570875228
0.87054996252371553
0.17442088375897222
0.29064427161477235
-0.94079926800899305
0.50872829139256404
0.35957956523511347
-0.78223913338705398
-0.39894772357170144
0.42251362884731036
0.81383225992536978
0.60194376209922607
-0.72316159345173781
-0.33867538591721397
-0.544908511103536
0.83629210119173969
0.060747312790216758
-0.78674179447094639
0.16110800445018969
-0.59588720386891392
-0.96605467314418769
-0.023823824911597749
-0.25723684390626922
0.087108584023222177
-0.28549966477126826
-0.95441187964366958
-0.40599632298083016
-0.91022274450976215
0.081618264519417852
0.90017295499984318
0.098931636060036215
0.42414759515212969
0.7767072860716463
0.55689474349877344
-0.29426864669321007
0.22862568181335796
0.7157149197414695
0.65991094192689292
-0.80807095789012573
0.25760216728486574
0.52977584922745835
0.3192702847511914
-0.69334417486472621
0.64601883908756474
-0.3424692376013091
-0.683825419522195
-0.6442806972989894
-0.80816958445698683
-0.066184510398310567
-0.58521921819259937
-0.96787211980644339
0.21205591401100563
0.13511420737412683
0.62692732819838126
-0.060143861918154636
-0.7767527541191015
0.29950822283903084
0.43007428108388668
-0.85166362914121396
0.18825123124965495
0.56441057669251693
0.80374260484971771
0.70418107007681463
-0.45643725049505707
0.54386952194987426
-0.32968040403408833
0.94280695924076552
0.049253109577989458
-0.85889784910755917
0.5121334266846953
0.0037199557256011309
0.061360892333198629
0.84123421593551928
0.5371776566755414
0.18427782850236024
-0.58408077812219339
0.79050068092989501
-0.074234265780618383
0.92124414562180013
0.38183569495474395
-0.17592606241579933
0.11530294960566444
0.97762735762411335
-0.94287863036057529
-0.25184828711262025
-0.21806496437485093
-0.29212669977743666
0.79500226153935094
-0.53163276368604351
0.028300667402701974
0.16716863008058572
0.98552205522836567
-0.85424674840286485
0.28952757431557496
-0.43178267282751354
0.10793594803047618
-0.47903303179038881
-0.87113557244350359
-0.46388089814791295
0.3446667836844699
-0.81610006773562305
-0.44364162094836113
-0.75534332551516392
-0.48232620990570657
-0.88588858903737733
-0.44300859786281843
-0.13764007422616534
-0.41878583984680856
-0.60902252211735652
0.67357997884261456
0.7140067963072344
-0.025508334133263522
0.69967393814320766
0.73031804614277873
0.67293342530682876
-0.11745704143648816
-0.22572581755400523
-0.62585151107052561
0.74656395665764341
0.74096226767663009
0.49938336062430927
0.44898906112630066
-0.71000409218703309
-0.31652084593825947
0.62905384758714855
0.067427147774396318
-0.2399582532182834
0.96843875204136676
0.8442385712795466
0.46460105212127506
0.26722106416163044
-0.64421828148027072
0.7561807935300161
-0.1147754908633442
0.72147097032124463
0.6422919123356341
0.25872908288778795
0.44588607482067971
0.016685564979673211
-0.89493418763745769
0.43968698320344246
-0.88385784087385455
0.15959534431575212
-0.52680902475542724
-0.79591009553220415
-0.29832762404134333
-0.78227264463930135
-0.28201409540220446
-0.55544356999024636
0.8280136855856699
0.22520400765653537
-0.51349439278172293
0.30479107128143829
-0.49520014785989874
-0.81355959611244688
0.92846532258288528
0.26615175834255345
0.25906637429860691
-0.34395210496384754
-0.88989363340028482
-0.29964357280705672
-0.94181880389600736
0.20695530073660295
-0.26485249503245456
0.2747841640945583
-0.11818166317341175
-0.95421525750347391
-0.14728539218156114
-0.9460249963724553
-0.28869312338263231
-0.82358379395475223
-0.34259651787124262
0.45203690145561704
-0.49736217974265551
0.76680215147196762
0.40576510774042174
0.83153185417379105
-0.4236984751422555
-0.35921355438850683
0.094424759477645739
0.49931866414074993
-0.86125770617062458
0.47388876753378628
-0.1903706623773086
-0.85976069165281899
0.42087318281357627
-0.59869619132250917
-0.68149001055356018
0.26108827843657739
0.8347266165735201
0.48483439074259999
-0.62456599686186132
-0.40136288484175603
-0.66994413963811394
0.54048407591076264
0.83583358296735466
-0.096224660409081467
0.80067235542908277
-0.48230523777231771
0.35539476201687692
0.60598684223123078
-0.19943321591416219
0.77006904848380731
0.32199449132332397
0.39216426200429799
0.86169991247768962
-0.6828867591432588
0.023990717899845936
-0.73013020732021949
0.45020070572729382
0.88870742497919786
0.086708923124957843
-0.14541196641171023
0.81364755528960619
0.56287921954494524
-0.52289372260824329
-0.099075596082323816
-0.84662044690512039
0.023287094971086043
-0.43931739953278603
0.89803002938407261
0.84274175631167836
-0.291968853226863
0.4522615624990679
0.58239398515345098
0.15227378709445177
-0.7985173384598454
-0.48150352796087298
-0.10833989508813723
0.86972226583750523
0.55534006251653145
-0.77468925568800873
0.30241357787919204
0.44588123128891199
-0.75304023305692336
0.48385982989070114
-0.54271002404375357
-0.29719214623877904
0.78558427811178633
-0.072202659131579638
-0.99360443810391563
-0.086815877548585982
0.0053160016608673061
0.68045319722973563
-0.73277226101031712
-0.67349039775917419
0.66021205778423309
-0.33246161114104256
0.77360181810208983
-0.13799043127947203
-0.61846492859696278
-0.57729609998071552
-0.47391015993705743
0.66493486391938283
-0.20138078303661239
-0.87087418889029899
0.44835691959445045
0.86418736230396109
0.48900095012792505
-0.11856759088430754
0.29860241696869094
-0.75294765801161734
-0.58643535097679489
0.13576316921954229
0.93163129107420062
0.3370927162886852
-0.53707652201580836
-0.81570981969506062
0.21486344396489215
-0.38759099373805966
-0.45170785324446627
0.80357528389717103
-0.81076761227782812
-0.13640704788623978
0.56925301595008726
0.69390332842026881
-0.55718374267379633
-0.45611889645934778
0.34282769133702484
0.8994988642337165
0.27087075754828133
-0.59665334264034442
0.062119086784230122
0.8000912496541861
0.092484860176002617
0.99483997070147145
-0.041713107447426276
0.46570926219446929
0.7809615155228683
-0.41618985376689277
0.74736499136103129
0.075831608808545267
-0.66007206939351215
0.8721877369928881
-0.2160720036986149
-0.43886380650139123
-0.78225317119007542
0.48746160929162924
-0.38789322709978524
-0.7235075766021517
0.3823190320972325
-0.57477729973922664
-0.34581729526241928
0.87559841018758788
-0.33725038528421802
0.94455534497553262
-0.32820660081114722
0.0097789294989185944
-0.24685847145866768
-0.84000839341156253
-0.48316332028333397
-0.42403249126123532
0.64119654345218036
-0.63958067436388866
-0.23831735617137473
0.95637904639616345
-0.16894957046956671
0.5188842076771043
-0.67661783750868398
-0.52244375868448834
-0.22387447980038661
-0.5827420907030717
-0.78121179779693506
-0.29640962959025519
-0.3957243776788873
-0.86922008053014099
0.48339348270846055
-0.39016290801064835
-0.78364765429857552
0.31826582218166938
0.73816836592094792
-0.59482294002889924
0.0056854278550953962
0.98465382384989453
0.17442626834248734
0.6601146885510325
-0.73922833661882037
-0.13337939982975372
-0.96950538307962508
-0.17214006065262982
0.17443368854134367
-0.67021949373609224
-0.72092129560089913
-0.1762904301578988
0.94993176393701928
-0.07140616963522177
-0.30418876179360943
-0.01556786255733246
0.54628232485905626
0.83745642465860903
0.98396820313476163
0.083807762967496896
-0.15742564621475241
-0.21081311482237985
0.49487217713024306
0.84300614405902119
-0.90857272287653956
0.23888072525930915
0.34268295309848362
0.5208178802016018
-0.8532323495100389
-0.027263407928736022
-0.99587321823122499
0.013421607753217239
0.089757415599501636
0.94549406429749538
0.29358521863615794
-0.14088539234627229
0.38787853220312613
-0.5248506341050091
0.75768202838362098
0.23756350439322191
-0.96084884508044532
0.14259410327214117
-0.2697005572692896
-0.083272160398567566
0.9593369359673326
0.037786439636471436
0.12477117556502092
-0.99146575267516013
-0.85320172705848296
-0.37397695028523414
-0.36357675063152411
-0.018876559838638386
-0.63296651772050883
-0.77394900538306222
0.60897924997262276
0.66105410183308888
0.43835116921531087
0.52822240596429504
0.38429910737188389
0.75716265485724055
-0.49493874026857987
-0.30641392319035277
-0.8131089416901327
-0.12211202145259556
-0.24782175546328963
-0.96107909754392962
0.92749421504965002
-0.29156645817256444
-0.23397324957810847
0.18682678123320823
0.95309370682196159
-0.23813470941971371
-0.63948097134262816
-0.65344105119844187
-0.40506651293258522
-0.99038097724759844
-0.12168243440969172
-0.065870365584402735
0.65249006160068312
0.61619818224775635
-0.44108561493988618
0.64128892334328536
-0.26968854767572498
-0.71834295712408025
0.83876677648451381
-0.076289616888661343
0.53911982807234871
0.44770394381042006
-0.13451832111722958
0.88400565607941584
0.86257678164323748
-0.49040884504459992
0.12434010001610915
0.39062582886606623
0.55142725787425539
0.73711562261016961
-0.7045356733268775
0.4518260178084833
0.54725015727834336
0.61133869156132714
0.74321250448867981
-0.27184587061743021
-0.38168296556314041
0.59885958196910827
0.70404922759897359
0.60967709326619335
0.47739815746097825
-0.63275970257227065
-0.35437365489240574
0.20233942820308068
-0.91295020045599873
-0.4347707540720615
-0.50571314609583395
-0.7451366353021871
-0.52957543637394755
0.80149089861695622
-0.27778084279432796
0.02767373608144278
-0.99265577654770898
0.11776533283509036
-0.091855115160911271
-0.44412744994630765
-0.89124264149723309
-0.78660939552936104
-0.61538011773659884
-0.050526919156257899
-0.43623267784669079
-0.80620676935509428
0.39966447906303498
-0.28928064958061234
0.87047563451463794
0.39823218791875342
-0.90208519187833214
-0.34991450950967307
0.25259086014430049
0.022688163331947616
0.71088203293478558
0.70294522012396476
0.91141902121741458
0.4050509085194367
0.072450874878561874
-0.29284010800765597
0.2754884929439354
0.91561496350679183
-0.3286943906102624
-0.20023691212082387
-0.92296542546601712
-0.2358209991433477
0.37443533219396397
-0.89676453897766784
0.2115614245745451
0.63152069018681023
-0.74593792067300335
-0.54324206893174454
0.62282042865560305
0.56301222739120727
-0.2117042804743689
0.68210409879546807
-0.69993949455310212
0.12959937762045709
-0.93748313889208956
0.32300056596455828
0.58285066038362265
0.53429383874460123
0.61222152981574651
0.057844284955915412
0.90878133276338002
-0.41324390850774012
-0.10792476192185801
-0.76720589761638536
0.63225576820361773
0.68979605382421871
0.28456737252184544
-0.66573479301036154
0.34605258918214693
0.03883028143137391
0.93741123033826113
0.1360954688916379
-0.98813296442213006
-0.071212835707467503
-0.3111082967325145
-0.91148650928417518
0.26907986007344181
-0.33796271742187617
0.52046053235936751
-0.78415689494451613
-0.87413422346493075
0.054872057192903265
0.48257477835749046
-0.88399679291212596
0.41130542868958136
-0.22221051831890312
0.92849397535787925
-0.12121175920218294
0.35100804428849491
-0.98925525790216318
0.11579271323597723
-0.089252911853762745
-0.1907907628015322
-0.97652164334601743
0.10002182215098343
-0.039745728017141019
-0.88381920528335489
-0.46613720027121458
-0.54115209411592924
-0.6624450902555451
0.51799702067701814
-0.030450087225972422
0.97624041137407824
-0.21454009272884453
0.26218276114712552
-0.19144008615446881
0.94583872471496899
-0.34995680116690059
0.7488410467342892
0.56282086319087743
-0.62330822491129245
0.745813678463496
0.23505066214474415
-0.64316333778117896
-0.68486977357443091
0.34248257499948914
-0.055583087349293396
-0.060144323989881357
0.99664094873355524
0.42601205395670444
-0.33701782447408496
0.83960271311516421
0.073201658618920515
-0.78376119225718666
-0.61673325732202267
-0.67703209358538619
0.61679481980772732
0.40148685472097578
-0.62671362598321545
0.57684752795326577
-0.52390548813805771
