0.43523690808177418
-0.56688818537313301
-0.6994330697985145
-0.88392989261156052
0.36569226093233426
-0.29143972831773024
0.6269451123993276
0.77275480498757043
0.098943607207420792
-0.55095249522075285
-0.65142126416091894
-0.52163366897566787
0.96828496309808343
0.20926973812100741
0.13649324871548923
0.39228417360139028
-0.43004627487376101
0.81312565364098299
-0.51958882523829375
-0.0080746171511416279
0.85437828462885945
-0.79425309648362741
-0.44086593048281514
0.41809000235079902
-0.45013739442541628
-0.88491715466213816
0.11957405874420526
0.90321401045186656
-0.23013962132461516
-0.36227090142601637
-0.94140924873587151
-0.28615583162409158
-0.17850340731225944
0.0053332084553399843
0.99825360177011002
0.058832843213416253
0.84052710587015256
-0.40142900433428996
0.36382542348869173
-0.2346910406680337
-0.5968621936751054
0.767252003706407
0.45966249212804977
0.070139699395571742
-0.88531961228661904
0.0099647758197689042
-0.9350399320963928
-0.35440235415137283
0.61457506419879071
-0.78393268514020997
-0.088017246230001733
-0.10557607412854948
0.35699283163680517
-0.92812165729043239
0.26420468100092537
0.72448482674582737
0.63664560184789432
-0.64478640794434949
0.013724223481511444
-0.76423957881023952
-0.12074984762825196
-0.35704000628675142
-0.92625153614367117
0.18652448088875523
-0.91222121335260287
0.36477537737446797
0.77166491359952505
0.43071767755199963
-0.46799096504489218
-0.90321401045186678
0.23013962132461219
0.36227090142601714
0.67832205902817067
0.21497017996896481
0.7026144077371983
0.25833057375587193
0.79887180486741927
-0.54320268229348245
-0.59196661577140874
0.79407577439510058
0.13791008059952239
-0.35880640684028386
0.61745177605360302
0.70000804756703749
0.087183907758540638
0.12835332044214456
0.9878888557724631
-0.40219708098536222
0.75914177464630106
-0.51180198713342129
