-0.81997914107955416
0.56954075181093267
0.057074865055241474
-0.16987174517973286
-0.74529663485058606
0.64472980097866139
0.16530093781065539
0.78819943372123669
-0.59280456529993064
-0.84319914946141894
0.35662682444951849
0.40228410660948571
0.81327672063316248
-0.55719335557155814
-0.1676798741145647
0.0059970259470211711
0.97404222638307136
-0.22628693489130156
-0.6858229409857991
0.72411988375704373
-0.072782467430517445
0.56600297408211919
-0.18620725172304781
0.80309868181683974
-0.65670594184965203
-0.098271152556510352
0.74771658167689203
0.45270143677444558
-0.67962981385445786
-0.57720423184736569
-0.52599939717712185
0.82766095978296195
-0.19570889049925863
-0.72167341309770128
-0.68075222146361936
-0.12555436193243957
-0.98430403978568759
0.0046114454479005548
0.17642078061401043
0.98557565820515536
0.16921813264823504
0.0024177544372850552
-0.17118955486047108
-0.98062891495110438
0.095189639501856133
-0.26350410675899605
-0.8489365223992964
0.45811828893609219
0.67844533397264795
-0.53536545409819702
0.50308623452542767
-0.48880132176899777
-0.50875715677307054
-0.70868852344952082
0.15302506775474831
-0.6064936851064674
0.78022351833601622
-0.42509012289386872
0.68227726404005351
-0.59480763477959375
-0.39884412633651595
-0.83072652834283667
-0.38835138469473685
-0.60816156221095918
0.61580267542290745
-0.50092572222946896
-0.56465561427349487
-0.654746735776644
0.50246467463817956
0.95907986509640919
0.20101928498019581
-0.19939172358125676
0.19376883900116848
0.3357352423717645
-0.92181098065802602
0.95840353246798271
-0.073024592946269479
0.27591679502691396
-0.45927677921011817
-0.79971041728868952
0.38668861963902001
0.81207038493496431
0.24411760818915632
0.53004554831031692
-0.25788726259932299
-0.79917864284151063
-0.54296192925013542
0.004701407598687893
0.79151332363360793
0.61113382763276203
0.89127925839912625
0.22454008665177821
-0.39395816152723062
0.8114773327484166
-0.44455877872357447
0.37930466737877033
0.85276852283381943
-0.087950563675888105
-0.51483059817081478
-0.18413910072637876
0.97110927240107092
-0.15178791994207988
-0.69196787110037861
0.70760667468447258
0.14308479760894532
0.39746385319747696
0.71815717501429455
-0.57120290385895478
0.9046471343348087
0.084059470337366715
0.41778890337875163
0.37335826124642274
-0.82666334078121328
0.42098851500663481
-0.66027045584649979
0.69098507949405241
-0.29424912073420645
0.97228593300945543
-0.21576495739262089
-0.09003081490963781
0.3794224706887826
-0.91793869061224598
0.11587557556920819
0.93144547888295592
0.34260779391150964
0.12259371688463279
-0.35747184637169349
0.92227484392865655
0.14704758178217234
0.23039249630078745
-0.10397057459626974
-0.96752747623331758
-0.28975301394396685
-0.62943116318601178
-0.72101289982960182
0.16024417823713244
0.3276128012798743
0.93112386704383199
-0.69383383483229555
0.42511714583154314
-0.58126587889016268
0.46570995870041532
0.55543736868936711
-0.68891477254497124
0.71555216859118764
0.6972179727211526
-0.043268840278596461
0.20936116665909948
-0.51155189185837757
-0.83335620465156179
-0.97466587870725307
0.20338208157754642
0.093070692363398627
-0.55867899718858716
-0.70930628489194647
-0.42983993801546572
0.053737861828311674
-0.10664762726014369
0.99284365627519755
-0.83759051677412732
-0.49817930281095135
-0.22418632532080265
-0.069755615417216657
-0.28226612746453189
0.95679673254246755
0.13631124262138727
-0.90618664264663806
-0.40030615011991461
0.037689385170166914
-0.98708927218021658
0.15567362972650478
0.016129747597195841
0.99976296889816829
-0.014623175522810013
0.57743495592334693
0.81310820108625437
0.073647301403906573
0.71878921634028947
0.014477096354330091
-0.69507731667351924
-0.13419827373272944
-0.54815083875758208
-0.82554314320725519
-0.48818206906228939
-0.18350837797946407
0.85323088473015807
-0.52924292739574197
-0.093770778103860697
-0.84327277020865654
0.53574410306443887
-0.8200510808387339
-0.20123240506166992
0.26111779965993631
0.64501759572399486
-0.71817114666852966
0.67834100968188982
0.22608643508427764
0.69909827524793455
-0.058690771283058343
0.065537015424367101
0.99612262948668417
-0.5782464391418497
-0.33466532219246231
0.7440632888011518
-0.80038771741506076
0.53410732554434159
0.2722294374438215
0.50459148273834875
-0.76569933719734229
-0.39886333569715987
-0.88012774964816753
0.40973324025100566
-0.23977868156419643
-0.054753408135749651
-0.85976853492665539
0.50774021964740257
0.56883590566063502
0.7734941697065254
0.27952188082734758
0.63929054959252896
0.46105489876487432
-0.61541528541838608
-0.16956113070922191
0.85145646349839899
0.49625690294383784
0.58348290727207741
-0.090419988376169033
-0.80707615664407883
0.22073833531327283
0.96871489184299497
0.11342859271250579
0.2240306651270941
-0.31344251752676128
-0.92280228071304515
-0.077419597630861106
0.81843776110221655
-0.56935563324223537
0.93850022368997255
-0.17061666905169171
-0.30017875070627004
0.74917967035014421
-0.60444366445520015
0.27088314461039958
-0.9669151269661419
0.028678835771111136
-0.25348108730803431
0.024521422654931301
0.98000530486038828
0.19745455749735374
0.25397454859961754
-0.92839446108211998
0.27125754053235229
-0.34735522234025029
0.75051365098186418
0.56220424153756443
0.16190350747341514
-0.2738839846646286
0.94803735011445167
0.17749487780853596
-0.84929810272502715
0.4971803506368711
0.061097799658397088
0.89542943634558225
-0.44099113755577357
-0.44800132604104032
0.35904266608575508
-0.81876930560170758
0.20014065737353057
-0.97925000329733958
0.03182999070454505
0.88145180534351653
-0.43729457843957537
0.17837086792413542
-0.69692591703861273
-0.71225839065136132
0.083559865405716721
-0.22312267474696787
-0.91731848176813036
-0.32976214916265173
-0.77720682902311988
-0.44319439909791436
-0.44668587343687682
-0.072379895429240157
-0.87699851083826452
-0.47501027644159327
-0.16023934848282903
0.059585589435708165
-0.98527808700356156
0.56261782191908483
-0.4889037179671637
-0.6666590890529499
-0.80122204347653825
-0.56513349633769716
0.19664020027555534
0.89671478231589807
-0.37021646973684597
-0.24257445189413218
0.20447219845034631
0.92494907175948937
0.32040651477793181
-0.33431537097011899
-0.43967601061901046
-0.83361756124692066
-0.16424957088956713
-0.3487245344434759
-0.9227205847599661
-0.18322870052443765
-0.097888312780578871
0.97818460503378268
0.26107332311153891
-0.056644054580471566
0.96365562886343525
-0.67234902711804412
0.049316989879801633
-0.73858961558000213
0.33342564199466929
0.16170718879410134
0.92880467610405115
-0.87397352376117887
-0.19551311434426474
0.4449099930141765
-0.96927488609984513
0.21884010414164234
-0.11231742516371794
-0.63919738910977864
-0.71147267647012336
0.29194747539871202
-0.58966392616526675
0.26290740838987359
0.76365970745685086
-0.34280469209286857
0.89348087999520731
-0.29013248725729335
0.72226211685651009
0.66827183380272404
0.17818583192806672
0.081525080175788772
-0.80241996058258458
-0.59116484009197845
0.90042654827297652
0.28702084774586178
0.32688081027258226
0.36330234842465292
0.71281348598375693
0.59992360999448635
0.74117649791970497
0.53237314224778387
-0.40894527304359762
0.56624582601127915
0.81129450315310858
-0.14548846579146779
0.71825142353239746
-0.39682915034933053
-0.57152560574895772
-0.5287080437477093
0.81829810367549904
0.22551278898890045
-0.49596347561362109
0.76009650801247008
0.41984941272378357
-0.47446094592790833
-0.55175572228920244
0.68589535186522088
0.13963382612803996
0.119980806249441
0.98290742225937955
-0.72850830396489608
-0.55779615532111593
0.39766707201272283
0.56858868549804642
0.13596874559512073
-0.8113072210604888
0.49850605971136325
-0.82776570993517828
0.25747939312993789
0.678050805311877
-0.67329137954021823
-0.29483185657717653
-0.14619608637562664
0.2623545215893005
-0.95383269462212261
-0.71509810455111211
0.49984182112946884
0.48866435793638824
-0.92327888056400598
0.22281371301922742
-0.31290598906869982
0.82230205072066231
0.11986648210017747
-0.55628352829247174
-0.24915951656140806
0.42003359399984924
-0.87263469746421107
0.36878994713275837
-0.92364545032163492
-0.10427395165601788
-0.80085862366944127
-0.045108538784549068
-0.59715214528879568
-0.21368948929813492
0.7067963384333229
-0.6743706237231496
0.78190226255009676
0.35112243432478657
-0.51511347092934334
-0.34252056987566598
0.56023583896912332
-0.75419855737505348
0.5153601419626459
0.19488775296323632
0.83451943525671224
0.68207098567398561
0.42136747748673165
0.59768605422762411
0.8670030519276628
0.40248126825595892
-0.29379335705763221
0.54440752910960821
-0.52932536058249635
0.65071891388907799
0.34276777993495283
-0.88591097734734991
-0.31252518179168681
0.41729077392156355
0.023360609720446516
-0.9084727249144201
0.63425358729743464
-0.5968875161335635
-0.4913732594314027
0.98906741482972982
-0.0076791356881538361
-0.14726397997174295
-0.76621980380514809
0.19423261062457417
-0.61252012638505438
-0.55022055667414005
0.61936991711497225
0.56003414608949686
-0.36752801519475137
0.92741315594465401
-0.069483783919582487
-0.73564692181979618
-0.24346192906382971
0.63209959303386476
-0.67778713724329054
-0.17410048366289405
-0.7143483871164622
0.6590025407700556
-0.73756103436285092
0.14737493629587362
-0.23509108755808106
0.35274126180131632
0.9057073383679598
0.60036201336436368
-0.70024338386236018
0.38629607332469595
0.025037590931636183
0.69692304636524782
-0.71670871801961678
0.86610341246073075
-0.11464023161474363
0.48654136126252973
0.19249777253738257
0.83017766039702623
0.52321091325187974
0.066548300513286626
-0.93445597833458538
0.34980472874669116
-0.045293908441056886
0.26991706779975971
0.96181767418181352
0.19785634669176971
0.93574334305822493
-0.29195421215663819
0.37138146133484673
0.55355639335905682
0.74542010272604475
0.73599317149281585
-0.19610943080455262
-0.64796230034274438
0.64844262299720146
-0.35175092043901979
0.67512476969135959
0.04508397422606604
0.19097350999386026
-0.98055930659425605
0.47133399421767641
-0.69218462915085754
0.54655713796647221
0.27616149957904029
-0.7283075925892083
0.62713864234885697
0.53089479841996834
0.7050714288448876
0.47013295272427963
-0.7133113850056727
-0.61665220140437693
-0.33305694786991702
0.90985569220056028
-0.41375995926471565
-0.031069526541296442
-0.39692620754004315
-0.89999230726454349
-0.18017611559949387
0.30370522813292483
0.84455504461487141
-0.44101010308189176
-0.39559922032248029
-0.4095578424233835
0.8220484356713712
0.80335035384106734
-0.59318629834861725
0.052518800775506878
-0.78615310566032848
-0.37908027181501414
0.48812031506717185
-0.9497586822935038
-0.19427753879764878
0.24538680348958372
0.39135753578045396
0.89226522485955251
-0.22517115200261051
0.26467259181508673
-0.43141762357929869
0.86245420354188951
-0.41674618296499449
0.4151230496565031
0.80869986560403972
0.36165023201699042
-0.57360896479341072
0.73497065600654332
0.58689975000874317
-0.29585588889811615
-0.75366967329459411
-0.21528677828722831
0.54115598504188189
0.81289716628123154
0.37035378749399073
-0.22585855746405201
0.9010138645487723
0.54703367076884613
0.56808759132072228
0.61484197289432152
-0.11257747233836697
0.57368240824922923
-0.81130438627389945
0.90515351443518688
-0.2641082276006026
0.33308251142817208
0.80675585126033911
0.56282081129097261
-0.17993813057542096
-0.91901339808858395
-0.38024665036227645
0.10405219373921112
0.38212989795639896
-0.56373192915896386
-0.73224521380104979
-0.58285870022225017
0.4527399520763189
0.67476089940745787
0.12598653514531344
0.54078538522279718
-0.8316721469975471
0.83354085553098844
0.49777012134249332
0.23965506140982595
0.52712999907982172
0.35616431416869604
-0.77154451937840207
0.84195441431654838
0.53847267312331304
0.034057958134800059
-0.48758698300448328
0.77340833281343946
-0.40509071174160688
-0.83765416081001232
-0.54608761802125116
-0.011127458000384546
-0.37014467204705764
-0.9284577544740098
0.030969661158229609
-0.98267361577399837
-0.18187273053323033
0.035705388249437857
-0.53883790651231955
0.84215180138917323
0.020833960794608426
-0.96914818533587044
-0.16479616207668499
-0.18328671480765993
-0.93346420874609815
0.19253868255598755
0.30261101551269676
0.40732224324392119
0.91321392396707557
-0.011354260495350741
-0.71663482457376027
0.11086946155881337
0.68858005395291166
0.63730897936829689
0.022002391668556644
0.770294203260938
-0.14563533648022095
0.91655642465197762
-0.37244418266026991
-0.27911693855374831
-0.5940650039626435
0.75444052494497382
-0.37552298900586706
-0.71800994180695743
0.58604113182819251
-0.80011688726013808
0.57826111826160431
-0.15945860223890793
0.18076755884197598
0.51871944741876908
0.83561547648417789
-0.35606711093809634
-0.015641056324866762
-0.93432947607642125
-0.0073637776193648218
0.63505452934482176
0.77243221031867881
-0.62068642164938659
0.28454061515126067
-0.73060591587354551
0.69229291669662174
-0.7170597647376814
-0.080967964566399028
0.04969595673745493
-0.6378826158854265
-0.768528516214665
-0.66563770582795334
-0.37395313346516035
-0.64582156866404461
0.05439879328696122
-0.75113591545265823
0.65790243030864348
-0.33367782817699643
-0.91017410055068415
0.24544289288923377
0.031466869995305166
-0.23153538112116173
-0.97231743961618688
-0.06492044217642734
-0.61344019032726715
0.78706827472517504
-0.16708370517572763
-0.14538459199656867
-0.97516478395948136
0.50119222627907767
0.78143251013714976
-0.37171169529377945
0.23420540702872752
-0.69650902343095966
-0.6782499595265441
-0.33458090459792106
0.87240739017315339
0.35631582037527332
-0.41967739445907842
0.21361194267540481
0.8821795863238272
0.53145244909004752
0.39322210203434932
0.75028972592451126
-0.53232302962043987
0.50315746887438151
-0.680782456921183
0.23445751829290526
0.11158205412731509
-0.96570136031418174
0.40331583052158732
0.8923879807524443
0.20243525547507091
0.38911370740799778
0.24535382620733689
-0.88791442305698742
0.46726367561626247
-0.38255121393768848
0.79706914766811876
0.78324701365750693
-0.49291818070889898
-0.37888755947276259
0.9614071798307019
-0.24644621160283645
0.12231312013266063
-0.026601002561123913
-0.96269569849129688
-0.26927565573051138
0.45892248679050479
-0.016696831066803943
0.88831940592916547
0.17486395097736132
-0.96609169305436482
-0.18997220654595209
0.58471423606954098
0.63650894013531989
-0.50295688807831729
0.042772274701172765
-0.45319014055695911
0.89038712312052848
-0.90747780046232607
-0.11532026878302784
-0.40396197503709314
-0.8057525867250912
-0.25192495572332591
-0.5360005463333265
-0.43189456638875362
-0.6837836171216658
-0.58813863032441716
0.78742243304567749
-0.31164131076925056
0.53183230943451421
0.54151296930382631
-0.84059554404456549
0.012760697793390277
-0.29694997485573355
-0.25732704157583214
0.91956702099793108
0.6913405287983343
0.24519770166482821
-0.67965164631532038
0.69028881832504041
0.60552264362631181
0.39603494208367773
-0.39074241877000332
0.59463416297579386
0.70265964335220255
-0.55821051611517869
-0.82900759667453494
-0.03387365280475603
-0.87051069829962446
-0.38879228374304403
0.3017477162262685
0.93398098518768458
0.026766664057736984
-0.3563187688054929
-0.64362713881215905
-0.47476330080482676
0.60028652691308959
0.99708788670840676
-0.043889428289844101
0.062365569537639151
-0.66295644817016552
0.66075552787229874
0.35198136344954178
0.037457169277311402
-0.021850232016508094
-0.99905932147723608
0.78939685447165786
0.049654307469608056
0.61187176426107925
-0.16031262903885055
0.94633806176594781
0.28061385180300863
-0.10731004414370544
-0.73428447754509063
-0.67030654215978613
0.92106172936310415
0.37974759338128644
-0.086238367469292962
-0.51720372564884354
0.12989474533771986
-0.84594778876039656
-0.6261993033417147
-0.55326976559322738
-0.54933323126747602
0.8450901154349526
-0.28986649121130942
-0.44922167586502587
0.37600324671648427
0.83307919390645102
0.40571001360434839
0.21281075472778718
0.97282129586882649
-0.091270526328529403
-0.89231132189899165
-0.31220365136423922
-0.32605119979185876
-0.81184284540558815
-0.042907289474650154
0.58229731140861096
0.79053567660539625
0.4348195333119888
0.431260150563894
-0.17588423256904612
0.98226674943268388
0.064936659080572529
0.73122998135813277
-0.14768717634113954
0.66595135881486556
-0.92924811220900705
-0.35466446098517962
-0.10349428037378944
-0.18175715606979129
-0.44563980857686147
0.87656688120701887
-0.92343867324587214
-0.0031334450076382892
0.38373323843040663
0.014773704265017302
0.90998531488629586
0.41437720057162741
0.96993371454201283
0.12808513765510604
0.20693667366275567
-0.51936309335680009
-0.31108425694849534
-0.79591994719171233
0.40834402617293153
-0.38391229999827947
-0.82817057554522622
0.18356659749928353
0.6890551426858682
0.70107511339420259
-0.91375337248153532
0.40530141465942854
-0.028027442867422155
0.66944573979897015
0.68708036283772411
-0.28242339929225269
-0.010415245607027132
0.41211066621177089
-0.91107426780336387
-0.76111721278114242
0.52415022779690612
-0.38205644492498303
-0.90549853948638559
0.38218283297560046
0.18441441691680946
0.030091927830491309
-0.43488830511327597
-0.89998146533978496
-0.34043453790646205
0.20099727085994698
-0.91853384396399185
-0.24530851450201524
0.14075159701392068
0.95917293573726592
-0.35630222900442021
-0.23062771388111014
-0.90546097607597331
-0.52000932343453921
-0.83657314201991995
0.1724403711201983
-0.55020443508036443
0.05303211828532927
0.83334427102372766
-0.88033241334603407
0.091551141369091857
-0.46543875056377071
-0.18392160406948857
0.70884108775187948
0.68096780824884706
-0.29055499510326088
0.81840339266382711
-0.49577583815357701
-0.84680905046687549
0.15963971649409153
0.5073751993989013
0.35421710678010898
0.3670235308044637
0.86013020473655843
0.33458117765578765
0.4575012153791263
-0.82386168346700561
-0.82524413635077798
0.33062838363735886
-0.45788315906135485
0.41425378163749421
-0.18848598691576424
-0.89043070316304007
-0.20362098982158536
-0.97173150817019682
-0.11948375845006177
-0.73569716454714418
0.31462504016150039
0.59980060535203417
-0.13792155877345447
-0.9419338402521884
0.30616708545051852
-0.57232559245895354
-0.78531068173119822
-0.23607318648120287
-0.0012343120511248387
-0.99835734880589089
-0.057280717165844278
-0.025314134422238854
0.46127323265354714
0.88689694972741873
-0.99910574014799891
0.016103135870587152
-0.039094872022458954
-0.37598157473839888
-0.024083808364992017
0.92631410743433673
0.29694658834295218
-0.81005373299504524
-0.50560426554002991
