0.031603156182523531
0.6945679683695386
-0.71873261915284914
0.98733622685180733
0.12755322192466159
-0.094325769133755705
-0.33408044723451813
0.54261559380316848
0.77068707796174918
-0.19716923230753894
-0.96677598867299763
0.16269136902922585
0.28467955595917577
-0.92336866471576673
-0.2575807823575133
0.45608656977092404
-0.29660755090597296
0.83905244271151069
-0.28467958224322093
0.92336856581180826
0.25758110785628163
0.28431979561182291
0.80151196635541744
0.52606161389358508
0.80342394026294273
-0.54787284772470579
-0.23312081618420274
-0.47509369118228434
0.81001836382062342
-0.34373861417093116
-0.75112411366059462
0.069622779233558946
0.65647942426962735
0.7231196918430397
0.68682226749489395
0.073301324285442948
-0.87952947115898339
0.31311759855351506
-0.35830891537733028
-0.7231199560054804
-0.68682197166615877
-0.073301490184322582
0.63165690434755606
0.55024668201968685
-0.54611184213161701
-0.45608650801383049
0.29660711050590383
-0.83905263196362634
-0.98733626924535844
-0.12755291544188305
0.094325739832417585
-0.2279229094144595
-0.13605942724192835
0.96412601853836843
0.33408097706230527
-0.54261568367596946
-0.77068678501318266
0.87952949957899229
-0.31311776776676958
0.35830869774411389
-0.031603684960673395
-0.69456797661315717
0.71873258793546513
-0.28431964675160332
-0.8015120998383195
-0.5260614909721214
0.22792305181158717
0.13605947634262858
-0.96412597794596433
0.19716876128663063
0.96677608770177625
-0.16269135140118229
0.75112425865017807
-0.069622394487665232
-0.65647929918088366
-0.80342390579644618
0.54787289735214673
0.23312081833621653
-0.23936723615383934
-0.30058483225462396
-0.92322916162485458
-0.6316573059113707
-0.55024630016396692
0.54611176241192128
0.47509340141966155
-0.81001846834392388
0.3437387683536145
0.23936788196888226
0.30058442804082625
0.92322912578682248
-0.77266979545450976
-0.28284377285685536
-0.56831398658522014
0.77267008288668249
0.28284365504050929
0.5683136544331947
