-0.58645870417747281
-0.35606684010484785
-0.7275181053913562
0.97359175838797707
0.20988045393788096
-0.089829188206483473
0.62830189440473661
0.76590023587595413
0.13650479175683541
0.43222837690680477
-0.59459937909558036
0.67796032964743547
-0.14853001891542153
-0.7309319509252773
-0.66609107229984121
-0.039662352532768487
-0.98886520255229926
-0.14343119943989319
-0.57274226002997475
-0.66302663747785417
0.48203939835926968
0.4568780476324143
-0.67660522266105394
-0.57746672827045109
0.21484883076281558
0.4138569758325496
-0.88462556116957614
-0.27502259682854591
0.73650517250467118
-0.61799894992430804
0.19549346083198171
0.92815162655434391
-0.31672837715692642
-0.39588261394475494
0.18158374477804096
-0.90016903946350624
0.42782588872575339
-0.024082883932482538
0.90354027228315281
-0.89615496117156868
0.3876495731030507
0.21594928580712358
-0.45846973230798405
0.65114425345319493
0.60482779842888079
0.68031007613040551
-0.044818133488917673
-0.7315528246312849
0.28236248702928041
0.63227904335261753
0.72145314279982031
0.1119282949810543
-0.22850339805935513
-0.96708751096163059
-0.64203518930211023
-0.75060065672387688
-0.15617128360709662
0.67107649753557275
0.55443091337532513
-0.49220188616988364
0.54956912738269947
-0.83259096502500118
0.069036651038091784
-0.9389714155721699
-0.14049380388441962
-0.31399708885351379
-0.93376834771340145
-0.25100976239173772
0.25508973321681899
-0.13706113512483672
0.24407607088551003
0.9600214147920777
-0.51216607982060802
0.85831526919405055
-0.031317812017046677
0.0096039336942133763
0.95870216897670446
0.28424974170077866
0.87701539720243615
-0.2985937364056705
0.3764117076409208
-0.66878544839750453
0.011267023756089317
0.74337008157944351
-0.033401539312088932
-0.89776918106479686
0.43919794478324614
-0.16109401722532163
-0.39823193305152171
0.90302826373943368
0.89023625554614561
-0.38371173884324794
-0.24544797979423005
-0.79539809450880528
0.42591333284740246
-0.43120726356890088
0.79747326782747163
0.30359772926139272
0.5214065648684334
