0.057926519466467083
-0.92904515601566695
0.36540336126851125
0.53627787502162672
0.84401783172152456
-0.0063198495539446608
0.40900312177967141
0.67260550467217528
0.61669950661498951
0.72517131268728563
-0.03034486454222049
0.68789952496808227
0.86556236715665313
0.41343786000063459
0.2826144449250016
0.97268261883036211
-0.19492461862790103
0.12606710942222754
0.0073634732388872266
-0.96785208185160798
-0.25141226485071966
0.011105024173878668
-0.33022893516987445
-0.94383554119066115
-0.64906580918374301
0.6306149972233881
0.42548595820026663
0.25529451626640881
0.16102808445314587
0.95335967293653168
0.84371049103758644
-0.32427925237659683
-0.4277798192893047
-0.21325467591351405
0.5327817212052437
0.81894204969008633
0.59494487180925515
-0.8007100069084141
-0.07002916781310746
0.0046498598334828601
0.95613971121522801
-0.29287408803236514
0.88329172451754456
0.33125673432976527
-0.33176001169520347
0.17641300765567852
-0.49687977599664818
0.84969932266384574
0.030863307917160878
0.28933401143643961
-0.9567305190337082
-0.53628196722241916
-0.84401523267281475
0.0063197031818441954
-0.86811006862219775
-0.34605349779325811
-0.35585374161558952
0.56734879957011408
0.024498493031670617
-0.82311309275550204
-0.53050299386366595
-0.060405691313053872
-0.84552807520429474
-0.43645052889687452
-0.64586145586595134
0.62639756996044649
-0.75478353546065813
0.05921365679624447
0.65329591874305015
-0.073104995546737536
0.94384112359657502
0.32221047939827518
-0.34019659337313995
0.63623531182689463
-0.69243837692739474
-0.40350802621762866
-0.67609702638243419
-0.61650148717970166
0.4309554674751675
0.64935000831195511
-0.62659552484718861
0.36980766420000405
-0.66509877315512833
-0.64875720685513794
-0.87758105964507926
-0.40172056658524152
0.26167168386100242
-0.29726382368063159
-0.12014149973621552
0.947206545148366
-0.97711083283697719
0.19924565012742887
0.074535838748398489
-0.59051742849804423
0.79639163427014537
-0.1305738545980181
-0.82370946768883957
0.30478043787247566
-0.47813345159069409
0.62906979076094915
-0.61111433273359006
0.48042738335731294
