-0.66175734600042713
-0.67204784298792208
0.33230845873939507
-0.21905699642678939
-0.63745656228704728
0.73869016746783178
0.54331797222732336
0.62539281353660103
0.56007982451750893
-0.098970448218106216
-0.96564642360491126
0.24027449918489427
-0.031940354072474093
0.88638199333744938
0.46185146494176521
-0.59012656544273145
0.78516315310622375
0.18780165005414129
-0.92046381743718508
0.28505756522120046
-0.26737341920827801
0.53172296205514535
0.84643484860907425
0.028613610108407409
-0.8867068150827444
0.29889947564983371
0.3527181984843849
-0.1612106826762866
0.54075827473181548
-0.82558561282287135
0.82990746727290421
0.43349270182720911
-0.35119463724154387
-0.51464894032880359
-0.8244389525032868
-0.23545038078907987
-0.82668025749351925
-0.33741487713097146
-0.4502787498440714
0.1039530807665911
0.43163157013153625
0.89604014679305488
-0.46556750862576368
0.45955154681574095
0.75634599934901448
-0.96379024186357043
-0.2394715011264644
0.11731057001309948
0.71379168165137308
-0.16878802601278733
-0.67971467358003368
0.97719950230173069
-0.1511206177947155
-0.14914319152610803
0.27884714561809321
-0.55722262404361222
-0.78214270861179347
0.42992644851713591
0.29345697229466539
-0.85384205464306473
0.36315033104036926
-0.53293315864489021
0.76426702498671917
-0.33849377026556382
-0.55277640987573251
-0.76148552722707719
-0.60011629345139228
0.10645437262773128
-0.79279751568896739
-0.085375894819009493
0.98655201103686652
-0.13937749496589491
0.31111477296811008
0.78779128536844156
-0.53159428960302046
0.67837364192502858
-0.68040232439005
-0.27723974986641159
0.92076315660467911
0.28380457428342792
0.26767549954224296
-0.033188280215266423
-0.070205258322403902
-0.99698032064842557
0.47205644578806993
-0.84611766302936942
0.24748254948511703
0.84553618772369898
-0.36806710451004288
0.38677533766679961
0.093733678396791809
-0.93340124303470551
-0.34637568770840943
-0.078369470305063207
-0.10608705615892723
0.99126372002592555
0.59441724713067778
0.03216949828627079
0.80351307375399728
-0.55293705327768694
0.71403578807609613
-0.42943393957527032
-0.65855283999688763
-0.15366245382318633
0.73667903948535896
