-0.27876204014714279
-0.39808198075739148
0.87396937107044803
0.60185903462694779
-0.66380686171298187
-0.44398891065057078
-0.81629663527539642
-0.31990734520835995
-0.48095643640542501
-0.94212164945707733
0.20793040901894849
-0.26300521407281818
0.59105942718405913
-0.61717939140938105
0.51936341068311487
-0.93710801705795488
-0.32551588999160141
0.12596812981339084
0.3969906856914599
0.91424515729794664
0.08095793865629998
0.82303162372410921
-0.068852292099183657
0.56380697780600841
0.0293130246848117
-0.80642514171724544
0.59060920869060995
0.15684581473936096
0.71951680017260211
0.67653156960198524
-0.32017913243006652
-0.51164571215527488
-0.79731047176708492
0.88688377027959409
-0.46132946936460795
0.024744670343758945
-0.57508375009835044
0.097196878113118598
-0.81230009679790238
-0.59105942718405913
0.61717939140938094
-0.51936341068311498
0.39633869857035881
-0.9171745596076849
0.041309360004764643
-0.49387269375327131
0.55573313157862869
0.66876785870038513
-0.59717792772747713
-0.6804584528080253
0.42468201826451807
-0.59196545491888042
-0.76925824738515747
-0.24045508730862528
0.50433921021621453
0.25456875299783155
-0.82512829974229696
-0.70403836698308742
-0.080483352239522812
0.7055865700451478
-0.030356357326872634
-0.0036169270073442414
-0.99953259547093654
0.33818359567742556
-0.39494439077067905
-0.85419598676970188
0.99290864749275287
0.11365274132006195
0.034863621793312358
0.019737163744936954
-0.86660619915716952
-0.49860218606587525
-0.084545662672478789
0.55305012488292715
-0.82884714531103398
0.73693352494152331
0.55928770461315702
0.379639622913372
-0.67842545899426221
0.73222074158284667
0.059930644784540001
-0.1840766728314584
-0.98007631318032951
0.074606962558146708
-0.15392619990024053
0.2007924440733084
0.9674653065548855
0.36067273984711129
0.77384033073923719
-0.52065950222056456
0.29302375518894447
-0.28213314698361081
0.91353049553263077
0.84426338627487574
-0.10040093644880087
-0.52643991732759388
-0.91100534300113967
0.26207168377407575
0.31841434890280434
-0.14841435122564986
0.94551645617449165
-0.2897789009805582
-0.18359826545770491
0.93804492262589623
0.29387650477147437
0.80097441148518156
0.52516919022275732
-0.28746706556880597
0.44865489207290249
0.27787974940713633
0.84940663565131136
