0.91170857868820065
-0.38610189069893008
-0.14040227044123033
0.53745690544485258
-0.24933435848552274
0.80558826485262036
0.67578552103968115
0.71071842927258755
0.19543091834567228
0.74510469129805879
0.32142287149206622
0.58438543504045248
-0.22328079072388557
-0.28055737574450096
-0.93350589039870302
-0.54739801073091277
-0.83543613066803879
0.049009074896953192
-0.27171708131393907
0.87027034930429292
0.41085197680432106
0.28860119953146751
0.25289470419649929
0.92344659630016668
-0.38470415344533648
-0.66588524557781525
0.6392179237503276
-0.55056156647418875
0.57967747319886986
-0.60071290030035229
-0.82290125089889932
-0.44409940953093441
0.35441394685212685
0.96843556497509753
0.24706828044351004
-0.03301244144335045
0.63681047402333824
-0.46888582138259699
-0.61206086844409402
-0.96660393089772567
0.080001981243971898
0.24346770580531601
0.32532232811606859
-0.11604629366776353
-0.93845545475271019
0.9086413395182884
-0.18560168843514863
0.37406273453584332
-0.10273877523972277
-0.95339951362903852
-0.28367959298150874
-0.89786711289805854
-0.37496004768548064
-0.23073710194896527
-0.75895670296943751
0.65076024952277367
0.022267030758902944
0.47602536759073916
-0.85878688530017833
-0.18943319415171075
0.24819105023809948
0.75642933010228286
0.60515772418661296
-0.52306461450926367
-0.64002237901544545
-0.56282747215082274
-0.61902343559826101
-0.084366824897609868
0.78082791000118701
0.63324502807591765
0.67985488105241043
-0.36986223803781737
0.82332936881981156
0.09585012999375786
-0.55941174730152976
-0.68536134469141019
0.46615687714544035
0.55944400353636192
-0.23406075905114918
0.42419019136617336
0.87480183048569871
-0.92541087800698962
0.21599330441255932
-0.31138657536136033
0.17607071274632449
-0.66283843388884589
0.72776666224332054
0.62112920805146576
-0.70756773664701933
0.3369664745365229
-0.32318762784066934
0.92945961906036789
-0.17791732278470523
0.39697142053547158
0.42015930852755567
-0.81601461183957746
0.11767670883487445
-0.68680445001005208
-0.71725298162097739
0.035531810023621449
-0.96307696360790085
0.26687122858081069
0.050314647858077134
0.80749675073152982
-0.587722242023338
-0.17576083076176413
0.31461504219091968
-0.93280518094462817
0.21301067858367426
0.97704670786869208
0.0024862526567867391
-0.67764781980201827
-0.038088300576454903
-0.73439955996498885
-0.099115918136830281
-0.19820673167845532
0.97513595272107478
