-0.53157395717414579
-0.38137824506683116
-0.75629343659981829
0.062742401812401247
-0.40964682600205515
-0.91008399005874896
0.92645191348172662
0.37293281826652164
0.051068239306214937
0.10408785905368734
0.9689843455501167
0.22413178194185612
-0.17785912862019823
-0.82553925095171088
-0.53558479767871647
0.94535460329259302
-0.19985838549373297
0.25760687060197485
-0.54654476156995146
0.71611317224546855
-0.43413217818652527
0.76623791539736075
0.35383224337328834
-0.53636014072350024
0.25284089053576586
0.063527669448131943
0.96541997042094063
0.74285454709576315
0.2536359916670331
0.61954491813768386
0.58268638620052482
0.72239264434941586
0.37232437836707816
0.31644294666114253
0.16563120443389456
-0.9340397023821797
0.60354585843349151
-0.72186536282251379
0.33858941909767387
-0.26274950045414358
0.76260538757266005
0.59109705028552706
0.95197897240544338
-0.104630335017738
-0.28772995862779366
0.24186018279958788
-0.96333811906758915
-0.11611770031941504
-0.23635250156580739
-0.2427659261589685
0.94085184811412448
-0.18195577187056475
0.56246687171750964
-0.80655013192194402
-0.034259567110251708
0.95102517752411098
-0.30720903921703119
0.32935712540134027
0.67444966334894518
-0.66078857099367272
-0.50333922123857622
0.85808266946587697
0.1017042807617177
-0.89515592854471726
0.43285739917107169
-0.10644404903093634
-0.93229597373435269
-0.15576891709843169
-0.32643569324554145
-0.97729259147048975
-0.012863925144774191
0.21150345171359286
-0.35245622072711486
-0.93506971803392314
0.037672733995809837
0.63954969994815047
-0.28442709429363544
0.71419703816797631
-0.24810220983910627
0.047754181335451361
-0.96755611291435339
0.18195574821266922
-0.56246687513195326
0.80655013487796501
0.5637380211206714
0.80732668789295159
-0.17442208162599754
-0.32422292175106909
0.30439085349237799
0.89567053391377216
0.76537701299660199
-0.61899101131580248
-0.17620486907755845
0.39460599008016456
-0.70952796797550743
-0.58382889210230104
0.63971546022051595
-0.23054150584745764
-0.73322216553814035
-0.42573383349140487
-0.67290873134173323
0.60493350238251109
-0.71603940555946732
-0.12083454901357811
0.68752205888300766
-0.68922920672664756
-0.65797579656403349
-0.30336603588879518
0.22974989643003552
0.58053510363889393
0.78114913975076905
-0.7128363382178452
0.21459003652606023
-0.66769414490462475
0.062092603241406766
-0.91112400288265483
0.40742798135841513
-0.74859276080250658
0.45260643615675328
0.48451655536582439
-0.80663423396378697
-0.54421801189577179
0.23058180354457392
