0.32401148070951269
0.90525618202221458
0.27482322550867511
-0.68705817117504531
0.42486037227386053
-0.58944442782413242
-0.37681079118950167
-0.901960538096933
-0.21090475423525384
-0.060321877883834377
0.77508167345588563
0.62897509531092843
-0.64440230677937771
-0.73109397815852961
0.22415901078866379
-0.6551797912001428
-0.10209767066145525
-0.74854225455109902
0.28727107784156464
0.14315043403629044
-0.94709201299080092
-0.26164136647577602
0.96263110883514669
0.069893802668796023
0.16560174171672884
-0.97019752576813678
-0.17689777877003304
0.6344931425667969
-0.70433798857584962
-0.31831815827036453
-0.81984923423774059
-0.47682670107164121
-0.31699137254020998
-0.56962716480376085
0.69030886450467766
0.4460925517242938
0.41901819017905728
-0.061503325390869897
0.90589243139841513
-0.90868552839358097
0.26586817560185111
0.32187687660069908
0.71865401885967262
0.27767832256631247
-0.63751952938996337
-0.70729508613482983
-0.20529456462246123
0.67645236555577026
-0.74622378398967193
0.65905394584721366
-0.093797444908448893
-0.51840364883384427
0.28180061955477392
0.80736984566820535
0.91989477315912227
-0.38133111262170277
0.091543371476154864
-0.96473885859196495
0.095566283002642693
-0.24524685579173369
-0.11790121854898435
-0.23907444286987903
-0.96381674265968298
0.49075401847894434
0.49736826691424085
0.71539171117192335
0.47441295810043249
-0.35214754025821465
-0.80679889382453074
-0.30161497459255759
0.80964452612215709
-0.5034919546745098
0.77047988255885458
0.58960668658249937
0.24233180911572455
0.22709021594961903
0.65055941205784784
-0.72470855190407601
-0.41386945742289738
-0.61186571158360847
-0.67404185567423103
-0.36398989013672645
-0.63203406121468697
0.68413763625656732
-0.067454752113913802
-0.94208948509336088
0.32850762318974686
0.67001385950257886
0.68432155266811312
-0.28772459162949782
0.12014138282962396
-0.73364170309617915
-0.66883174237615517
-0.94346169439929695
-0.27370319638444285
0.18699356002319092
-0.24534668924335948
0.33922695816308956
-0.90814650411304232
0.86674262616723763
-0.21518201580001109
-0.44994879715470315
0.68705817539438185
-0.42486038242679458
0.58944441558801852
0.51006148934233919
-0.82265541028744293
0.25114806990035521
0.2005027385339985
-0.62499096265199983
0.75444346934922402
-0.1562904134626884
-0.1993941734934816
0.96737545463822538
0.86362691615031562
0.089086745023962827
0.49619764364790264
0.9794851350458742
0.18529583056209575
-0.07921063943984194
0.0098453609407089578
0.33197795182826723
0.94323576499614126
0.1910075155975742
0.9479385784673795
-0.25481087190009399
