0.038161641001179775
0.31152129595990485
0.94947257533830764
0.46960325144597842
-0.84646822244161046
-0.2509269507803128
-0.33440521568725018
-0.64496968676612165
-0.68715882798227557
0.8389369391102941
-0.18344484003313172
0.51237954961285237
-0.55819020421891119
-0.17805748172470728
-0.81038215004768321
-0.27792070724740547
-0.21553370135181094
0.93611180104979463
-0.58196553009563856
-0.52819070884878294
0.61832895522231746
0.084676990141773489
0.95358540007141868
0.2889717842820686
0.049322159564639458
0.6847924703388929
-0.72706712010861607
-0.43804318878613241
0.7530439666941694
-0.49096124998169394
0.5667397026115808
0.82091068419923729
0.070083935757612001
-0.99659324311321773
0.081420450460225266
0.013138418014853199
-0.41809894609723219
0.90467448892083191
0.082203043545937798
0.20361792474055584
-0.6907177301489591
-0.69386508629719879
0.83333033232014186
0.39231552185073704
0.38942147931282078
0.078733622287785882
0.96306069163986707
-0.2575172245493203
0.5571323141311294
0.16498511385140852
0.81386945928590426
-0.30067648772865962
0.31205740891423855
-0.90122906259667912
-0.02896407326915388
-0.19881681355944428
-0.97960857341375296
0.54679608655159839
0.66928492605770684
-0.5030623494993306
-0.50121916679025336
0.25507744808187066
0.82687051121812583
0.38081273052828679
0.66818439760425996
0.63914886768719448
0.50016178310834591
-0.26814596589235301
-0.82336864871911231
-0.74540150804243066
0.5265444436917851
0.40881235380719438
0.89315302288653931
0.42613988215611021
-0.14381404154189426
0.26010811464860589
-0.26123855011430519
0.92956881866170793
0.80690506275441454
-0.42697427434176372
-0.40816318887378689
-0.87710252576093961
-0.2838163589139463
-0.38747830096227359
-0.81160080061975948
0.57114840696937696
-0.12285616651071445
-0.085071773078654336
-0.96484588929669401
-0.24866685209839631
0.32694341971542396
0.25863103135432147
-0.9089653403322836
-0.36884903841949773
-0.89532345223488408
0.24969241625492186
0.79940372210133082
0.13438095370983782
-0.58557275241473861
-0.61174329171521546
-0.75458273664086706
-0.23743428270789535
0.21859759030557746
-0.94521584049979046
0.24245021835599459
0.49939229382425759
-0.61999043018306688
0.60516047735320755
-0.77932593599150723
0.26862646673986484
-0.56611916312541244
-0.8650003546461108
-0.47682536726642993
0.15624325775321229
-0.24680919725151323
0.72159541511443459
0.64682708434162706
-0.84506800752290023
-0.040266839111080005
0.53314036081437133
-0.052141040391239436
-0.71448270065186437
0.69770751922000784
0.77557924132921907
-0.61640756348249925
0.13608290157386224
0.99605115766155539
-0.088050643677827556
-0.011365538658393605
