0.38372192527889454
-0.90966728209466785
-0.15894313431777607
0.76980020183320574
0.60506646748431403
-0.20322947420000198
-0.090870890494425316
-0.90572431876596482
-0.4140120042422431
0.6813873309254137
0.24677319629395844
0.68906769975467885
0.34575006615338655
0.93642880397544193
-0.059648862856321219
-0.7934710728529607
0.54777734311355797
0.26522375255060165
0.19461102819376738
0.32362889242147891
-0.92595404189161112
0.24720928881951129
-0.61358376619615695
0.74993501677271435
-0.60831065611370261
-0.70072253385359484
-0.37275471319396386
0.68020430281075328
-0.21824266648753732
-0.69978014044565928
0.63730013906779481
-0.71115394370255325
0.29683093016138867
0.20562857453545869
-0.21428920538594506
-0.95488063431487369
-0.68135923480568483
-0.24679697938141779
-0.68908696411499426
0.32002419559539863
0.74623711697171491
-0.58370770038372899
-0.63729711385001231
0.71115430814093639
-0.29683655214786231
-0.76983722875558191
-0.60501608776439586
0.20323920578517982
-0.69243165228744663
0.29111903056358734
-0.66014249746111164
0.22355349215643344
0.53920702012589283
0.81196035961838575
-0.95732641169456156
-0.035075866177866719
0.28687248924197528
-0.32003108411624226
-0.74623705928140793
0.58370399737745438
-0.22353841779975636
-0.53926004440171516
-0.81192929512331413
-0.24722224861976735
0.6135338051073842
-0.74997161931491796
-0.12879600480147121
0.94037739850403945
-0.31480460214227229
0.9473205409726142
-0.26041337525667579
0.18646357992589188
0.66917453273451555
0.31967395876538879
-0.670830831750306
-0.19458331758476755
-0.32364858750051723
0.9259529817040526
-0.93627621961058094
-0.27747885160086988
-0.2153887822194592
0.69240459561162881
-0.29114587157349409
0.660159039506093
0.28828164923445082
-0.045521832556538813
0.95646299116869093
0.34902056706906026
-0.66563941821269201
-0.65962778040669301
-0.2882813578339623
0.045507640461563366
-0.95646375434985931
-0.94732080324256218
0.2604369252399068
-0.18642935314871972
0.95732612029407294
0.035090058272842027
-0.28687172606080708
-0.2056554534121742
0.21426839255908572
0.95487951618619327
-0.34581732683718336
-0.93640258454670378
0.059670563206978791
0.090891406359760119
0.90569246813733206
0.4140771732530697
0.6083076308959201
0.70072216941521182
0.37276033518043772
-0.38365584203251335
0.90969840746900399
0.15892451768899912
-0.68021978968520636
0.21826383412107347
0.69975848436112742
0.93627544243661798
0.27750592571500526
0.21535727775762095
-0.66915987759234619
-0.31965461849302756
0.67085466615107725
0.1287766663735524
-0.94040289267848109
0.3147363494095653
0.79350598521891591
-0.54772473746888151
-0.26522794608864764
-0.34901367854821708
0.66563936052238515
0.65963148341296762
