0.15587988453103557
0.62439196165430466
0.76539933356391188
0.20879741090489867
0.11975687618975328
0.97059874912585942
0.25781241221708412
-0.8101457235203775
0.52649469775910585
0.27696923440747256
0.048208114890405974
-0.95966870369438018
0.97795088044979683
-0.029592274242131761
-0.20672777445869633
-0.63731473753334078
0.27646302870555911
-0.7193039128781088
0.85770578147214949
0.4986131013800511
0.12540242247028718
-0.306884283564894
-0.24789197878547178
0.91889694925746979
-0.72157548685806683
0.11221462735202593
0.68318130402828614
-0.20333721592461099
-0.62295592564271274
-0.75536738831290506
-0.85387743584744868
0.45950108722750871
-0.244442376414818
-0.68745995426969753
-0.62499689825974325
-0.36983467717509327
-0.27564276576550362
0.2837581177241762
0.91842386527505715
0.44636221500749379
0.48671400128527936
-0.75091294699617284
-0.8119370022152812
0.50996480164811564
0.28406725526477128
-0.062451010742188028
0.92219630112122275
0.38164624124392227
-0.20879738915483967
-0.11975688507441863
-0.970598752708551
0.63805222849725451
-0.075896284550059465
0.76624350418204756
0.81564703440595943
0.4185412090035715
-0.39942855635343877
-0.50583869960465278
0.86219181230394248
0.027431528909576206
0.94117620161600091
0.013738489783393041
0.33763680399232016
-0.63937868814405385
-0.25606994020243762
-0.7249986750828642
0.88178254687103352
-0.46990454656855418
0.040611047115718495
0.19916681738305556
-0.42075301466712245
0.88504207781440136
0.069333443681538029
0.8002464386154966
-0.59564965463808772
-0.70715680709319706
-0.41226494801332864
0.57442742171776784
0.0039651558367440765
0.99236212008078795
-0.12329517495812291
-0.0039651853936678149
-0.99236212171390559
0.1232951608631479
0.24860115418906381
-0.86049998985421217
-0.44467654941177887
0.45652279921824707
0.83916325660984625
0.29562131612908649
0.51258120900500415
0.82525766243297649
-0.23708710376278924
-0.44178354619850796
0.65916730759612219
0.60854396628735874
0.51596975795659827
-0.85638109157496312
0.01966303300826051
-0.25493054690585187
-0.72353897464766526
0.64148403598225923
-0.88549257853056296
-0.45860145923295509
0.074750217101350963
0.72176793875580492
-0.064058382643591247
-0.6891643970761141
0.30402526163116822
-0.46762292779225695
-0.82999845644018966
-0.15170952347451711
0.4193169558442702
-0.895074025446292
-0.52271233037863918
-0.83106837178439896
0.189992581670339
-0.45019340558949317
0.74487569712752011
-0.49242876986679501
-0.26469479886022096
-0.91229701673543151
-0.31249130661824653
0.70332842014297325
-0.54584924907658039
-0.455387451190437
-0.94136862697043322
-0.061894737685918966
-0.33165365911232264
0.68288137883511113
-0.5208843925339548
0.51220354553125691
0.64017372676180295
0.43905187820420211
0.63040546302301903
-0.9779508761286696
0.029592287709406292
0.20672779297252544
