-0.3055883441372067
-0.46291139397057646
0.83206298154628777
0.22196893917034136
-0.65034257879594637
-0.72648766008008125
0.42115363401298667
-0.87469905768047262
0.23985657183105988
-0.07247264850777263
0.60183319091665144
0.79532667849717575
0.032872810607228416
-0.13189612058199765
-0.99071832106719449
-0.61789511948410603
0.47231668163243778
-0.62858776123103499
0.39793449664943265
0.68581455138482861
-0.60934927380377579
0.8019049825257818
-0.59641626237332512
0.035157374432100381
-0.39472270319344688
0.82009262877466438
0.41429707676149313
-0.15046217658440914
0.82712001977768146
-0.54151048586380102
-0.13443308201550716
0.44696562131821699
-0.88439215273510441
0.15375422054748825
0.90136680981765371
0.40484257906373922
-0.046052734550635917
-0.99755083181519111
0.052644881852169874
-0.46089048979008146
0.012776013282470864
-0.88736504884160539
0.52257773064854374
-0.24139314027693354
-0.81770524472908868
0.92978663462637468
-0.19014168613738103
0.3151871717931965
0.39977103584584189
-0.86691195286181488
-0.29773609939686019
-0.8028918578874894
0.54395723034692012
0.24387536999722503
0.5185872719873903
0.55733781263859306
0.64841483938594813
0.30472347165410701
0.93427721016436549
-0.18512077244479749
0.76954882310623696
-0.45829473332632237
-0.44470276169724932
0.68908614944998314
0.03241603353412157
0.72395405890574993
-0.93854852966968849
0.28017911323988182
-0.20155972305740899
-0.29353095535066698
-0.50252664279240444
-0.81320756977214614
0.78149396414044436
0.1673395023127805
-0.60105297185669471
0.98455970353417233
-0.022580428770357788
-0.173586619338155
-0.66769910530724785
-0.56502157866542424
-0.4846942545712013
-0.95272431012000347
0.045144248361181728
0.30046361800768384
0.90399287551949514
0.33233360513927707
0.26898188768972081
0.25284550913601495
0.21778357502586537
0.94267675422633745
-0.18220028132356586
0.98287815001425727
-0.027451770619843413
0.3533087492227433
0.27974186827549308
-0.89270231032321035
-0.82827564206664472
-0.070627914250581833
-0.55585174146322502
-0.23867083433424144
0.061941144148725438
0.96912307138966813
-0.35894497523263569
-0.82283387127112917
0.44057113505563389
0.61126791178907081
-0.50719572991698225
0.60753932512308084
-0.17751524326687979
-0.88350691624822764
-0.43347879688566981
0.80148239170034885
0.54106805012549297
-0.25469852949651184
0.61974472010405357
0.76439198914886708
0.17782398271376826
-0.61719668262521155
0.76086021724160458
-0.20039956281262694
-0.94387545622055058
-0.3189351311648026
-0.085904046780914553
-0.77312996090372266
-0.50778735028973332
0.38002903894142104
-0.58442369788391924
0.39552512057074707
0.70852580782155106
-0.5843622529231588
-0.81026461730489507
-0.044631909014986704
0.11788903818963824
-0.75809175450254562
0.64140398067830384
-0.68735669095447061
-0.12018351103146917
0.7163076874334583
0.22223963626638712
-0.30549440177295889
0.92589562832835859
