0.55694601948029843
0.82094668767680168
-0.12592723048466875
-0.3824019830727195
0.051142595486803416
-0.92257962164190732
-0.19615245672743034
-0.44056556558920912
-0.87602865029452881
-0.82381268204422742
0.15387306014153562
0.54557835941849464
0.45923536500491818
-0.16411339636283026
0.87302329445614235
0.19054175014403796
-0.70802730289637072
-0.679993514531821
-0.81190153441629409
0.51105651190897272
-0.28220053162228637
0.42283705947340577
0.67749566926023908
-0.60183755222610047
0.057428072044793679
0.98275879170571911
-0.17574747186327597
-0.59905521193456768
-0.35859227263457294
0.71592208728380646
-0.90188037654820818
-0.32585900652469479
0.28359776843974138
0.83784037876841488
0.12024586246713266
0.53250768282226169
-0.44750949680408053
0.079123106308567337
0.89077201590431765
0.15190762471789876
-0.096843414103589626
-0.98363887006224326
-0.082895336559997077
0.79182933927249388
-0.60509062184427431
0.54121318402158081
-0.33894676068525337
-0.76954751826134571
0.20598901393382066
0.9329324959211136
0.29530574696909268
0.77742270076299413
-0.38956528243554328
0.49381457558408259
-0.94551859149202389
-0.2272557614092405
-0.233129603545422
-0.045094195636251957
-0.29850213832507005
0.95334305836633659
0.88369126330444414
-0.46800877870214258
-0.0075851313188707416
-0.71749065386006006
-0.6766321503482563
-0.16545722933301496
0.011820325959060952
0.22981672511462828
0.97316214103910192
0.62807006393661713
-0.68285710823372758
-0.3731409445790223
0.8701732549840645
0.48118759231971314
0.10609904480246615
0.20540254289365634
-0.95581910834763295
-0.21028463446090342
-0.46014220912600046
0.86410367004255528
-0.20394605855380205
0.46723785706846765
0.34623276153138971
0.81351807586827096
0.55346264749358909
-0.81023579672300028
0.19286537153681099
-0.79768114144567381
0.09960595806289009
-0.59479698191929375
0.83313462537452676
0.38477924766718063
-0.39728028716099872
0.56017312428117427
0.20376080486364859
-0.80292440816952759
0.99903568707421075
0.0058751274907239302
0.043510674887058523
-0.28433659709263126
-0.95863145768739388
-0.013357690141826434
-0.57649405301559054
-0.74159411869566128
0.34306379866383901
-0.74299878784540352
0.62250371380853864
0.24584940015147086
0.58515196523379898
0.66740586407953517
0.46061544717396508
0.34772983285413378
-0.63818230210773252
0.68688231351499429
-0.48560868542019819
0.52067403216275698
-0.70219851671435707
-0.30699609814164375
0.90321857972339614
0.29991597651385177
-0.64730669776799155
-0.40801137379631003
-0.64383286486288183
0.88005271715806355
-0.13809926740509926
-0.45435207423856244
-0.45880381479287896
0.55774819798200914
0.69167623002335654
0.045550263715976001
0.39996150113562151
-0.91539935060319177
-0.19273214802859262
-0.70067335767443972
0.68695790625154862
0.077555709376170012
-0.93994059232523774
0.3324105817245297
-0.2987485671881101
-0.81273784903964619
-0.50020643972410084
0.037310778763829364
0.69221269329586943
0.7207284461072111
-0.98224739896733593
0.17818284483265909
0.058659364378110673
