-0.14722313828006664
0.58140214305966265
0.80018553823510208
-0.74378116012589124
0.64360699407754141
-0.18044285249423123
-0.29001339470071064
0.060191003674623218
-0.95512788356890266
-0.34955207633669982
-0.87127912921470796
0.34450838149972796
-0.91656209353430462
0.32627633332321115
0.2312091758758148
0.1783235059709917
-0.94321193720625918
0.28027124135349546
-0.10863124727884656
0.89589465494011056
0.43078070913677441
-0.59308174668240099
0.74995357906319027
0.29295677326606312
0.81184862387165124
-0.33664898714115338
0.47704221131315167
0.74569455063406176
-0.59685927352475687
-0.29613956973387451
-0.34918780666333277
0.80075960149338876
-0.48667436371130141
-0.036191543114025233
-0.79338235659325751
-0.60764677934928191
0.6496981492460624
-0.73798650225498497
0.18239582603693077
0.34234553546784308
0.71201170080174436
0.61305698941178632
-0.18773952141774353
-0.97410403733771878
-0.12599681162709195
0.32447340633415717
-0.92022086568001793
-0.21888482576238008
-0.26037462452736249
0.96498405890987382
-0.031793410513191241
0.88712578935546615
-0.11495546333893804
-0.4469821867915667
-0.15165159189091706
0.52628855396195839
-0.83667326516722251
0.56516998995332413
-0.16215149399005491
-0.80888180561374512
-0.31301389892994874
0.10010168207670785
0.94445854981681732
0.93595027440271827
0.31650919810311623
-0.15433409008251817
-0.97064725776755856
-0.18791062107043957
0.15011162339152986
-0.64357629883315792
0.40436352210016446
-0.6498458967901265
0.54403813118133326
-0.13267446097922292
0.82850467664618233
0.41991337702524772
-0.62873342938960775
0.65449754053260989
0.42434633745256145
-0.61895441560597642
-0.66092784575357466
0.081536663107360366
-0.33230605065651936
-0.9396406021806335
0.23590558561578023
0.18567426926835753
-0.95387295821138418
0.080963093621668009
-0.26989783552519964
0.9594790960985139
0.63214797682166957
0.72778419242426118
-0.26593063880951356
-0.38986936242872139
-0.43863740537949114
-0.80969074765701143
0.1406407423139929
0.9268045813326834
-0.34821466026306025
-0.72070604961450124
-0.083425561296945394
-0.68820270689045504
0.20463365114627444
0.25624181990306832
0.94470376232515785
-0.78047749084002394
-0.025846133988267281
0.62464939257948615
0.93335318402247247
0.15055768866191607
0.32585919698528426
0.96630150796133119
-0.25684436108169933
0.017098827216834835
0.31650515015504216
0.93987883939887851
0.12826635246841389
-0.60652360406738226
0.43620849582439702
0.66471893750646993
0.69799047184488305
0.33158847384915729
-0.63471126130244782
-0.94941409022422429
0.16970331611716111
-0.2642227654509493
-0.42043802058037144
-0.37421630707245923
0.82655551923117054
-0.066712043496078552
-0.70646810727496312
0.70459372453628089
-0.70592169583428621
-0.70813743660464379
0.014694564622661988
0.73102289352585637
0.6396653824871541
0.23755784051183648
0.65350327248062468
0.33246519802136082
0.68000026835416161
-0.71646846847323487
-0.51750741556329427
0.46782369384268807
-0.87706668746785732
-0.35918256120893438
-0.31897008238634245
-0.52470518570006996
-0.72755020833094119
-0.44199000266641686
0.31609808822465391
0.64017701147346429
-0.70018239952288364
