0.92509213488855369
0.15811418358474025
-0.34525997004673037
0.30259899792513212
0.35704512751552642
-0.88371523884797143
0.64665279663257891
0.52456758722036623
-0.55377703730388461
0.1286068625255444
-0.085216285222322247
-0.98802756016431215
-0.3017551435168519
0.82586792319102431
-0.47632552609037088
0.48666865449218066
0.83156224606410134
0.26768984227197989
0.087373471649701329
-0.98716050891951934
-0.13371613994441592
-0.6169418677744396
0.41881872531463243
-0.66631344509383295
0.46463561029925066
0.85766303387442933
-0.22029042186884196
-0.20452112252193708
-0.27589045063945816
0.9391781352269245
0.3906785356135522
0.60891046256879977
0.69036101453160048
-0.39031646704120243
0.19442102013246962
0.89991861992467059
0.82172686836498254
-0.19223166430399424
0.53648107240236831
0.58829425424490678
0.16577444223863486
0.79147249145052312
0.59435439459857409
-0.7291351500162262
-0.33927096343804292
0.014007002156367595
0.99503048575459774
-0.098580608182141552
0.83491268536778307
0.54913492028909072
-0.037035754765514094
-0.082967016630365181
0.59212308257404189
0.80156517466421351
0.37283875455933241
-0.2746784668761697
0.88630863864299714
-0.96522793784988015
-0.061359606834596701
0.25410632940399513
0.65207069096068659
0.013378051269342264
-0.75804013200772413
-0.37696744764885737
-0.029454942293743847
-0.92575804062809963
0.99344384206300174
0.011759395639410185
0.11371477160552879
-0.68957592541811941
-0.700457364493977
-0.18396881151406094
0.86900774209566156
-0.48507852635878695
0.097592865740216306
-0.66363471338953561
-0.262738922460448
0.7003979053428927
-0.76483188475473085
0.22414107903990654
0.60398093078287862
0.17312348531199251
-0.78538051564172606
-0.59431111758385002
-0.49191376559282179
0.67378422516896241
0.55139429189442202
-0.78652503185585343
-0.54597257049337811
0.28860409999340292
-0.00036502218880889127
0.91338095432192312
0.40710575903661006
0.45799579132455309
-0.42950431462600386
-0.77830964201058372
-0.8393122321617309
0.50262897047942012
0.20716924235631851
0.074173936643968513
-0.64333191317713667
0.76198574567414434
-0.17916474511529962
0.44174335659235792
-0.87906928112310156
-0.12989892926029545
-0.49341268711928238
-0.86004080622186641
0.55768721577667524
-0.62222064952328349
0.54938732481381769
0.067929293450290834
-0.9244733610473892
0.37514612593639779
-0.70499814099117375
0.66537098725652466
-0.24547723013808589
-0.78795258818241887
-0.034049352007269856
-0.61479375436361783
-0.58956872156074025
-0.47646842381009608
-0.65221665393422523
0.86166215948047031
-0.32487525460939065
-0.38986458144070479
-0.95351605123872962
0.22182746543161005
-0.20396008337488081
-0.40217300365258229
-0.693903856872507
0.59728913647455462
0.81736810759214018
0.3934289991465541
0.42085983334334032
-0.29749631240863289
-0.84768515674095612
-0.43923321725972153
0.1590066474808623
0.77271996919447872
-0.61450853148266449
0.50827714868751694
-0.85225074413180768
0.12378614320216857
-0.37654077715591716
-0.91710246474801216
0.13092025164938803
-0.43295301121959934
0.89564233458010956
0.1018650999301171
-0.93619672628284945
-0.29091351403802318
-0.19724354754294057
0.11483175834912894
0.1558677263511877
0.98108048556505212
