-0.8576198455966193
-0.4203550999174327
-0.29629341945483034
0.38635744453381121
0.89144119895684448
0.23677101565792749
0.62399460320064404
-0.70572195721804709
0.33554024241035485
-0.91181290597349496
-0.37158148617502246
0.17471240262823903
-0.056068634703612938
0.99519703800786441
-0.080244400071569827
-0.63539028815384901
-0.77215674488722719
-0.0072899276354662637
0.41784417796092499
0.87662101524227443
-0.23862489094761877
0.072244164588296481
0.81882776521442147
-0.56947508426347804
0.76490045481575453
0.16375859200111503
0.62298508631303873
0.024688011637206023
-0.80959338575478634
-0.58647169737635496
-0.4596358417548761
-0.74413137509128635
-0.48477148181286184
-0.13322046837665619
0.14144375819671742
0.9809413693349327
0.96959873952285325
-0.21076038109590478
-0.12433159725509535
-0.66521188781359841
0.43628210894487623
-0.60592991816387454
-0.82878251492050137
0.53690837954565795
-0.15763544948933458
0.22880459103465101
0.42819056664632982
-0.87424327149630454
-0.082345859611127697
0.58156439874556465
0.80932194429449056
-0.18813669417595602
-0.63812419275095145
0.74659366386977155
-0.8424551241812348
0.42665511520841559
0.32899054151642981
-0.31978430893985249
-0.88474611388797175
0.33906092331024085
0.026782219474871565
0.0019029488360129134
-0.99963948076580456
0.88774433109726925
0.18812874532524618
-0.42013995023921591
-0.41053632346424962
0.81624584131029188
-0.40645129309686129
0.80044206792155759
0.58738470949155941
-0.11946421621965696
-0.15867085830756544
-0.97740025082255411
-0.13968646468412296
-0.057995959954567626
0.90807887342342219
0.4147640633794068
-0.44736970641399959
0.064872503441859908
-0.89199321975014911
-0.45789980768722816
-0.22374673924512509
0.86038663564537865
0.36209712352832041
0.18496223278698087
0.91360530075901536
-0.84381908738042177
-0.044275531720709235
0.53479811617405748
-0.56590087986236126
0.27919363696030997
0.77576227496049344
-0.88183923887582372
0.045282623927010615
-0.46937089891597744
0.29646090144621096
-0.65957126884671069
0.69070737307896179
-0.17783998491296291
-0.45348320840697104
-0.8733418113539948
0.10205303238034939
-0.27471653890727871
0.95609413858300629
0.48626771581064304
-0.69429776232506535
-0.53056038844857867
0.58674625679224135
-0.27579000269009846
0.7613597734031452
-0.23803606221168813
0.51115510579397683
-0.82586880974371557
0.55934874902346365
0.067856219057623318
-0.82615041638983033
0.73333091547038087
0.57421741340751009
0.36400567379501358
0.58893365496635275
0.55529195468856674
-0.58720353805654468
-0.99689572187244913
0.078499933081354042
0.0060564196215014254
0.31628075807378569
-0.38304295777955871
-0.86789663818208129
-0.48586123260620862
0.69426943702386512
0.53096968977987913
0.97200531231318932
0.18570256963760917
0.14394522730861339
0.37427386709498006
0.62298704632535218
0.68688151272296061
0.76173446194096195
-0.63787073530493232
-0.11349684811948832
-0.62083971974263885
-0.32970346497369757
-0.71123390496672712
-0.51974143579602883
0.85062222445124991
0.079439733045181551
0.76581097712831814
-0.29575609978360073
-0.57101828057476689
0.34162132827041952
-0.93158366866996345
-0.12428489987993689
0.15354677262581937
-0.9361890257031662
0.31618585795248866
-0.6458444849149293
-0.55057248546647797
0.52891855663441667
0.88554612371583596
-0.28836548639845905
0.36421615700849619
