-0.37596607194960335
-0.88404389118319748
-0.27769751746181781
0.076630004307068011
0.44036784198275269
0.89454122665607327
-0.33236749878538568
-0.58664567327925077
-0.73849759632234502
-0.05079062804302719
0.78589757680675287
-0.61626723981749087
0.83235311180906202
-0.48322756297452835
-0.27143953220463168
-0.78866534331046556
0.30868338628678477
0.53171566019020844
0.52373031983069596
0.24962157308489322
0.8144910204174507
0.00085360386505843534
0.98417872217015911
-0.17717650574484814
0.0856049759053433
-0.99214057323651861
-0.09126264864750451
0.078503264728686406
-0.031353288012764255
0.99642069867989314
0.93602516417999171
0.34767586752229029
-0.054574565178683032
0.84172831914947932
0.33848908828733565
0.42061689677448849
-0.49812524083036369
0.60679943115031787
-0.61940753531366
-0.97163312790138401
0.22156592303055275
0.082689821115975698
0.27603981011645651
0.94049642324711547
0.19816281460014945
0.68210164220072478
0.72762900625457849
0.072755611220366154
0.53219868477704946
-0.64264421811743844
0.55115602948875098
0.53224912658921686
-0.8461884825596323
0.025998446654418413
0.4979152065751018
-0.22746473176525253
0.83686333583461237
0.034928585064964802
0.79695472964388225
0.60302831844251403
-0.21642735063486149
-0.16471773223529745
-0.96230310743779457
0.61021535550278605
-0.34431299997506754
-0.71350247228497932
-0.41733373317028927
0.61851095959444147
0.66579031835835012
-0.86814682312836489
0.16506477725472982
-0.46805417720812409
-0.80485964768950113
0.55036599527424079
-0.22203202194036439
0.16743869454378568
-0.90860971299082882
0.38261295460059441
-0.30593576290153696
-0.32075786666311784
0.89639148810750102
-0.69234847480753481
-0.10535819092469066
0.71382998048327784
-0.34518618484631469
-0.91796663054712802
0.19540666056508538
0.73886513356241978
0.50227914869245194
-0.44921483857345296
0.82592088428234967
-0.52042559928405197
0.21682225097092064
0.031304861940013903
-0.83437274628319369
-0.55031093563435385
0.47629836844805895
-0.75274020049321932
-0.45444697685774621
-0.93063556601653641
-0.20914388822289665
0.30029365175456124
-0.22297992694112082
-0.75050493378207084
0.62211116092713026
-0.6811002122251717
-0.2294517098039702
-0.69530886214319221
0.62611504429493703
0.14277619021424751
-0.76654739632683788
-0.95837637479033988
-0.21577696352772019
-0.1869626333107311
0.83407334754052898
-0.1292199570015613
0.53630574641248308
0.23573696390967983
0.0036889792148216971
-0.9718098966768135
0.13907301957146245
-0.54108701889213662
0.8293874445720143
-0.36764323067304217
0.20727383888637396
0.90657377562644836
-0.69442904159824848
0.67929859973389095
0.23732197240144681
-0.51897647710479178
0.19752437147614743
-0.83165349688728685
-0.45057417425476315
0.86878188141045931
-0.20542871276318975
-0.71389882464129861
-0.58134967322883613
-0.3903601229794072
-0.75697982713691803
-0.64885820187912102
0.077230662058249383
-0.63893884900743236
-0.5587317046594289
0.52874949592167586
0.34326768417013304
0.54097252692803843
-0.76779946738296623
0.99260135025502272
-0.098243135195155873
0.071350163692399174
-0.27064477067332943
0.92731253215914922
0.25853989210133055
-0.08434633290198261
0.37500100157537858
-0.92317925937677492
0.90894803523301348
-0.019908995238885126
-0.41643378964082944
0.17476160881210634
-0.48147179900182341
-0.85886162264438859
0.42006439559373787
0.83919579901861741
-0.3453929855454102
0.50176292931233968
0.66031190994511713
0.55876841746159167
