-0.24038905794460513
-0.26739002271234585
-0.93312146935669438
0.50616832378179222
0.21854086360468189
-0.83428623321666451
-0.93990225023733986
0.33292254521608355
-0.075804609923340538
-0.47829598603043094
-0.61289376336004109
-0.62896278473495071
0.97448481494148176
-0.067425802293833589
-0.21408668018701857
0.034433155779015671
-0.99916977542519969
0.021774243037449466
0.10574978549194584
0.88827708099735103
-0.44696846672134799
0.4448114601123096
0.051288755655306245
0.894154476864085
0.58801230416883365
0.79385554615489384
-0.15503193859709766
0.35036376928309537
0.50992598032916014
0.78563396296181531
-0.24622283084230667
0.92099811189270708
0.30188871370435399
0.088876995356129931
0.55678899585039399
-0.82588552099935519
-0.80039246904961436
-0.15392079791260818
0.57937922249473883
0.74712780323120453
0.32869598096154712
0.57771878776671315
-0.32721202962880291
0.68272392882213873
-0.6533148740690532
-0.1750552993163908
-0.89719509913640438
-0.40545850128819161
-0.53115861860242619
0.22471974403260664
0.81692812323134156
0.75793586097961518
-0.14201811327674571
-0.63668209189704927
-0.75902382984436834
0.29525782553976765
-0.58026342482179205
-0.50851788672175935
-0.85673893593665973
-0.08606947504287478
0.032985499198910875
0.12914155590477711
-0.99107740130682631
-0.8711751210023414
0.28599378322435182
0.39907576286161267
0.19792709065775868
-0.86848715290700895
0.45448314822359809
-0.98086451402225461
-0.143798687236152
0.13125068640218843
-0.79383868450313344
-0.5762625354864862
0.1942720597024204
-0.68137464739676312
0.72032064215409297
0.12987210005098032
0.5010404094544163
0.63932719823560469
-0.5832831573858126
-0.56014171622833131
-0.57683844505096837
0.59455753804990175
-0.10303255934715794
-0.64471507389278437
0.75744753297492229
0.83195033618848302
0.3331329628835043
-0.44371282059044426
0.89255955683624799
0.45074578902887097
0.012871331439330915
-0.057578707167089571
0.24101606488771274
0.96881161685180484
0.37744551499232415
-0.47989618926188343
0.79198139545326551
-0.28911307807696135
0.94061644613918982
-0.17791663592071819
0.96497310286442939
0.062123259328205754
0.25488744849175238
0.30392620825685912
-0.24042065433771384
-0.92186049318887398
0.90079925478328882
-0.40742336986603833
0.15022283537755812
0.62753133897499214
-0.64377818280380239
0.43789732809197135
0.046293458296417039
-0.21294419499848818
0.97596705145993723
-0.66289558082464861
0.6717469306861471
-0.33064408362602271
0.53307302347727048
-0.84557539207181143
0.028903424769461849
0.1880161589862395
0.9819647496287004
0.019878492063148855
-0.40394015945121214
0.2468873952460004
-0.88083991828888775
-0.13289396928489411
0.6476344015890414
0.75027253368766589
0.30896742556594203
-0.87150096073950722
-0.38082175012631569
0.20779517591980293
0.85556778922674703
0.47415706564609461
-0.66463790959442626
-0.17768817546172166
-0.72572953738361479
0.78681475268421297
-0.54976948229983469
-0.28049253339483493
0.62253810997363457
0.71176972172271069
0.32531548513593689
-0.55350939828426038
0.61418778362325721
0.56249507771974938
0.50958968499004709
-0.55834740032022512
-0.65464993203038757
-0.4067253892597274
-0.22075752540952898
0.88647649303666487
0.76008313280170825
-0.19067987001087716
0.62122042658220411
-0.30793058489911002
-0.8871054172528019
0.34383532913943587
-0.93860866554580147
-0.082988608968446897
-0.33485319730265645
-0.80074673738199231
-0.52337824018078449
-0.29134151828628857
0.022904226777779407
-0.63706403451571703
-0.770470513596899
