-0.83553121875920822
-0.11402663309291944
0.53748070609487464
0.015591310123330076
-0.19828755803509399
0.98001987499086851
0.22344687846250946
0.97451426144210884
0.019835492212240752
0.67868981860421584
-0.68937962037230605
-0.25325060540561717
0.9103969090365529
-0.26475336030884894
-0.31793572655784258
-0.0068728621952666592
0.9052574217369217
0.42480791442187854
-0.66375021272491774
-0.25588042741483974
-0.70282349275876188
-0.33128815077458124
0.56236705001567522
-0.75762224242232046
0.31203042955446963
0.65184717898393307
0.69118178960584709
-0.93118290629702716
-0.14348283726962621
-0.33512843870564024
-0.48237560512963817
0.73456443136861138
0.47720946317515972
0.34544202766235199
0.84996736985795684
-0.39777540861806709
0.6435316567559255
0.5130164894017587
-0.56805025161060241
-0.15672607253565995
0.59895795568964016
0.78529377019280766
0.56868504576959056
-0.49549924314193283
-0.65656516718739377
-0.58540919034443295
0.70819399173720721
-0.39466105701930637
0.014254155097860275
-0.99913141492232249
0.039156541953595997
-0.61981499303555876
0.30580393690604152
0.72271247850102627
-0.36268538886780616
-0.63066931509747948
-0.6860871108658757
0.86698893620696227
-0.47846820946890839
0.13927798470087385
-0.13451496416038919
0.89869802235919871
-0.41742974142314565
-0.2194752735464191
-0.59804837306962644
0.77082342191353881
0.26984784677124024
-0.89336371265160974
-0.35928180653945901
-0.53745773688383758
-0.8432090203751621
0.011735800853083813
0.17694469727058851
-0.85609489231856029
0.48558429695974775
0.87707320078184581
0.4137718579303078
0.24399887306130966
0.70831709580658431
0.69698770083722716
-0.11178119998354812
-0.16749773965238637
-0.28588465825606729
-0.94351177490540783
-0.27517237646427911
0.96108015129894897
0.024598902621672695
0.67435691736621994
0.3344165174447275
0.65833755844587016
-0.85935271850860873
0.38135212722563172
0.34071022915719673
-0.65597827497991734
-0.56815288010971798
0.49688510500658445
-0.76476175736230723
0.27315467111551889
-0.58354603942095962
0.14035063595125502
0.631136779651018
-0.76286831390471355
-0.68183656785354119
0.729399427850423
0.055456013102086282
-0.015591310133124448
0.19828755801175196
-0.98001987499543541
-0.45523228563605478
0.11156885928041044
-0.88335494324390429
0.42732615470186863
0.24333643792766435
-0.87073516954605124
-0.91803327557019587
0.3618713357616532
-0.16206184405940169
-0.29478694979544484
-0.87114674166995199
0.39268818254198073
0.54276874533207076
0.77566454276557539
0.32209719990543334
-0.8717486856241129
-0.48148811150909526
0.090683116333950708
0.99632992762529782
-0.011038996990281862
0.084881186747225473
0.30449727637927337
-0.22164539063636332
-0.92636641211091975
0.63970862382752325
-0.55880765737165761
0.52773750924441276
0.49218250502787386
-0.85928687050333197
0.13922088896813162
-0.2420074350264857
0.179977016140421
0.95343624593000031
0.24662242362477488
0.25279566158136674
0.9355595831645791
0.26991357433918733
-0.5348824200902168
0.80065439427125917
-0.71569827758783078
-0.60311512080737195
-0.3521762719311472
-0.22875762315513726
-0.9069731382271683
-0.35365191415115249
0.85225523166553441
-0.098666440934644412
0.51373724172189106
-0.49624324971996808
-0.21633760814317141
0.84079764296188242
0.52303405905219624
-0.12438322397312825
0.84318692273151052
0.92137597126201254
0.26820572344925214
-0.28130412277470473
-0.99318334446240653
-0.028978697852363355
0.11290296432445934
0.74486807113058728
-0.020150245594904737
-0.66690743301650435
0.116136322426326
-0.66496166810960633
-0.73779288052825376
