-0.090983943363655354
0.15200648816454887
-0.98418288422725586
-0.03501628999229961
-0.65786374436270822
0.75232250616889862
0.35289972961974847
0.27170794446970731
-0.89534159612203601
0.39426275996718457
-0.78408291769312732
-0.4793441918756195
0.56310029572069886
-0.083779272031049901
0.82213082324968745
-0.34279919818525983
0.75387567788936938
0.56049993042852975
0.57828903100467999
0.54624756833304178
-0.60596649305873929
-0.18529277197449268
-0.98260900657665717
0.012088376584289797
0.7052370011981115
0.044234550088623051
-0.70759033113769443
0.13053229397879121
-0.58604779812425745
-0.79969325278030456
-0.59988675579187767
0.36918897158872177
0.7098136258784824
0.068757916700260283
0.61491363319968539
-0.78559122487219946
-0.28839699951535935
-0.85822658391787421
0.42458721286349854
-0.73886016094408258
0.60566880256700006
0.29538274182277613
0.88151628559613615
0.064810060810331832
0.46768439598360823
-0.28270341021243439
0.80789739124762472
-0.51708856791611879
0.23884347046405285
0.67862143786816864
0.69456946426000221
0.28214142928019859
-0.18102316733610949
-0.94213949432731547
0.30499232825143041
-0.95094000664269751
-0.051892036712373753
-0.40342462985272798
0.90441940058750847
0.13883124961305082
-0.86409675909501593
-0.46595824361419103
-0.19031475541709392
-0.38064906746545424
0.45938907485307456
-0.80253845100612864
0.92022638442682492
-0.37847667172581168
0.099693582361583072
0.35416429568024294
0.93517175538461006
0.0046302911554981421
-0.57123303970888084
0.024828394454599678
-0.82041231412854776
-0.69643283185617799
-0.088621288364477663
0.71212890543875873
0.88825281801459832
0.29760757668078092
-0.34990950485992545
0.99804480987176436
0.060932267087632455
0.013921792829772657
-0.6806240817510848
-0.3941149891580355
-0.61759552674987395
0.62491583335718026
0.38826632755595719
0.67729569621082875
-0.91493085154017451
0.39435457669673529
-0.085941868366413154
-0.5266994729651957
-0.79729656982026031
-0.29479797307822803
0.40830583738004705
-0.57466003662977716
0.70926171859338494
0.6062257917364362
-0.41926950036816707
-0.67579832457217492
0.90312248919553662
-0.22369119634910428
-0.36651332606764031
0.554409868674137
0.74837594457948442
0.36409221783978091
-0.1401148341494482
0.49863163361562957
0.8554147106573986
-0.2623929715336169
0.086862567465046198
0.96104361132215987
-0.99844006056796819
-0.051574242359864929
-0.021390254277071575
-0.88890660745174077
-0.0049687226887445025
-0.45806151881977525
0.86386367093348526
0.4631635097750158
0.19803818130404008
-0.046408520643673887
-0.90900518584766765
-0.41419297593478432
-0.65608161402813281
-0.74148132581679038
0.14057865840594302
-0.59114577963621018
-0.55486059416339051
0.58538567480161874
-0.88779811930434815
-0.33584991764157884
0.31467337380179955
0.26534015743686085
0.85227833068534165
-0.45079512851803233
-0.73431389347892873
0.42513097482144957
-0.52919444450143316
0.61146996707686252
-0.74818363826926837
0.25753780846543961
-0.3249547066757621
-0.34124580772048635
0.88201799149590043
-0.90773021809670773
0.17250490937923207
0.38244987566237543
0.23879773162266996
0.23453106171042032
0.94232203861782315
-0.32102538199002928
-0.65384285280738497
-0.68515124458097276
0.72470651510158091
-0.65694278933440575
-0.20791016933005654
-0.2307697837833371
-0.27805038045516856
-0.93243406888708635
-0.081683842846376448
0.98471223656456042
-0.15384915007197689
0.70025284509964036
0.69345226815718852
-0.16961693523203902
0.18652602003732907
-0.90025143111333727
0.3933896346212265
0.76506516201646391
-0.37911191172620223
0.52052805520550571
0.046663911823001565
0.9331517972626493
0.35644102260943883
0.13991212783453297
-0.23451202806768057
0.96199205047463721
-0.62698574574398391
0.74855098349695415
-0.21577835790366684
