0.67968394572346869
-0.73319940437016018
-0.021174686704155798
0.0030705775220995395
-0.044676418944339408
0.99899679135820585
0.96024811361676998
0.10147545688942666
-0.26005055651645304
0.54566611719840907
-0.66303313288893084
0.51247980763450718
0.21240855181390858
0.80371739551721033
0.55580658079888756
-0.95850710862178112
-0.11162107334834843
-0.26230680263019424
-0.60799849969759689
0.49424526196670454
0.62133682120805855
0.059917197176627683
0.42153100024217194
0.90483232994700791
-0.77918330178440198
0.07030856202410854
0.62284033935388261
-0.47157987621024672
-0.2137454936462396
0.85552632005067708
0.036329559208859871
0.037389744506146384
-0.99864016048497417
0.81240976459793446
0.25067864582803701
0.52645093875094406
-0.90379235688856141
-0.41726961419113978
0.095107542827035887
-0.41282172179348697
-0.67411667654516561
0.61249076108881961
-0.6189551326336209
-0.76230007522049659
0.18919074793795265
-0.75492806022865677
-0.58260989539986607
-0.30108027776915997
-0.42725730932997752
-0.87695228799363667
-0.2200133546101998
0.85574692590724133
-0.43732307180552249
0.27648820891113646
0.095628837432232661
0.47422776493156926
-0.87519320862274053
0.40619755380165018
-0.21993816276531383
-0.88692206638744409
-0.69298761117589869
0.712576015333654
-0.10956091058371795
-0.4424483577305946
-0.593862372705663
-0.67198730123857253
-0.19908452595040374
-0.93859303994606924
0.28179506186571002
0.31917115605426138
-0.92566290142230057
0.20316979616427891
0.38183121411962734
-0.86363497489948282
-0.32914974412005998
-0.095621263422427744
-0.4742292292001391
0.87519324274913168
0.28818976854552275
-0.62382449657014793
-0.72649133152755474
0.65960661336561865
0.6710328680180111
0.33857643988302216
0.09814252707780434
-0.78957443370361413
0.60575593931912841
0.47945820996297617
0.4818567122700036
0.73343979557932482
0.48966310058441942
0.24431506872078629
-0.83698279260807407
0.75557254069544455
0.42238379686620703
-0.5007015716890828
-0.85963590977798632
0.44786605778263955
0.24584974457259648
-0.089170149612512919
0.97245970098016965
0.21533883622709846
-0.34890293669051697
0.36548442679200244
-0.86295299671607517
-0.13365761872638904
0.77518179848920232
-0.61743730066091473
-0.078964188985309255
-0.41800852338214989
-0.90500471337875754
0.89645760182378442
0.44170995378644651
0.035441287481190374
-0.73356595078799836
-0.24613814201792875
-0.63348007931462369
-0.97865362682213786
0.018075030183132612
0.20472022858465821
0.77044600133050822
-0.085092196857358859
-0.63180082072423671
-0.50179843055939377
0.81502722619007895
0.28970494586222578
0.35384110022343473
0.92741531235251551
0.12123247999919518
-0.07936760179685555
-0.82832179489503632
-0.55460236916811056
-0.30199844890084382
0.93262000493225028
-0.19752686718938761
-0.91665389120651597
0.33244066344086842
-0.22187575132706133
0.35517967910324527
-0.40055919158488673
0.84462993647453544
0.73874074685923974
-0.19401476257292202
0.64546137052005315
-0.76263346435029467
-0.38286973276861297
0.5213453431102637
0.92068687318625031
-0.34461614906069549
-0.18323588990452216
0.38460368315414467
0.70029596123326021
-0.60138637628786562
0.63260012003305466
0.749643593595679
-0.19455480131603364
0.67811828114437267
-0.52633488056784439
-0.51295924816249727
0.97968268994005681
-0.0068355674270319019
0.20043727709626524
-0.56602847842391446
0.62859067991329698
-0.53337183909468566
-0.74176878713996863
0.21097426203365166
-0.63660735715530015
0.15470274368875123
0.9468009343845466
-0.28219683156215963
0.00084572343184359988
-0.99301061611071151
-0.11802203626146274
0.44239810726422579
0.063000004057504652
0.89460321605602622
-0.2125027225891816
0.71498813437281605
0.66605897681681714
-0.41059953269277799
-0.092493741644541758
-0.90711241393173814
-0.36617857582543567
0.23614998101162679
0.90008135025377778
