0.33339598773125312
-0.036378387997511863
-0.94208477763490306
0.066492661333735992
0.7510782475500194
-0.65685629482098207
-0.7625238724720993
0.62140892012501625
0.18002304824442533
0.011675856971652387
0.51975608563829534
0.85423491254217332
0.68395210915549187
0.72361501507676351
-0.092686689104798756
-0.24400912625855659
-0.42201859387283608
0.87313220804648484
0.7013021144210182
-0.71211342588393578
0.032707995726635603
0.61776205718394561
-0.16666976123690039
0.76849933727563757
-0.6324768312954131
0.73062944462771806
-0.25720356241215975
-0.24492243474930578
-0.49392394020494484
-0.83429739436779626
-0.88468517687890991
-0.13948571127409742
0.44483241132036555
-0.67953620528334624
0.34619990648870824
-0.64682004487826417
-0.18716626462113886
0.93632194569581029
-0.29710268157016351
0.92106334524572542
-0.042500131138694913
-0.38708662195682703
0.66053304530331025
0.19996615398022713
-0.72367785189591871
-0.61633652505391434
-0.4693361076284791
0.63233923329223718
0.51131986119211648
0.63527035943866006
-0.57877765158059646
-0.098025990737970983
-0.087777777618916489
-0.99130518353134989
-0.65095872790453368
-0.39571165018948251
-0.64781557905720966
-0.96594653775305495
0.20703686794487439
0.15518705330813726
0.046256593452364651
0.99338335662797528
0.10511819222532025
-0.37950161561827023
0.67371556969350133
-0.63410240095404424
0.33127347117916617
-0.93326200919756508
-0.1388521137089041
-0.80141973202911709
-0.55699847992121532
0.21789700888225477
0.18933286220488718
-0.29381474470409785
0.93692366982789532
-0.98055239039678199
-0.19091261140655594
-0.045490487940735042
-0.40206092291808837
0.37988421782270687
0.83308762763078237
0.78849511728894983
0.52827762328531969
0.31495746180635065
0.77780629796732759
-0.47087155894526544
0.41628996843404248
0.031113138514051061
-0.80899357351664347
-0.58699350134441575
-0.22189129876476371
0.35177857726091893
-0.90940424680818932
0.4006413018737256
0.64130062849065872
0.65438524672429188
0.3080945216979582
0.17789903276540858
0.93457460902853473
0.96472927981829593
-0.25997829650901177
0.041336448874382835
0.22350102431298968
-0.47598687501518627
-0.85057850134148216
0.64475037125332935
-0.28936797079509807
-0.70750486658864842
-0.52456677042445599
-0.02134715767166798
-0.85110164036135971
-0.88338217487451276
-0.053593159645598437
-0.46557889380123024
-0.43059446121635048
-0.76965942812956822
-0.47139450003268707
-0.11570643565104209
-0.97464962479003925
-0.19149446374651902
-0.57684055584117178
-0.050358590255849101
0.81530300227847285
-0.029620819431522873
-0.96922078836892755
0.24440472673358821
-0.89996497795300356
0.35701529215765743
-0.2502061542481161
0.80798051551269523
-0.48938640963563396
-0.32812867691773412
0.90528807700262293
-0.0015078965235333136
0.42479550831543322
0.43864847175027127
0.85887034386731387
0.26444139361377123
-0.44934287207755097
0.71211486133207491
0.53942877897188379
0.22826050151944471
0.39387772499701579
-0.89036929484190253
-0.39813607908215876
0.90800868359326092
0.13041431306539286
0.67199957183753312
0.29045335050460341
0.68121467000558811
-0.76482557817137475
0.3217710005086819
0.55812656110103209
0.84296373594290175
0.40820020389007239
-0.3504065259513432
0.42791281888740523
-0.58720299892999606
0.68708315179420143
-0.018091176587498335
0.84876402773691262
0.52846223568907302
0.47193450175662416
-0.7182060988861112
-0.51132946871319718
-0.79408937520557765
-0.55477770678750582
-0.24828161477888727
0.97370740820417245
0.22515547566445474
0.034625062983713817
0.30347646025297237
0.91523462056146909
-0.26504268976530942
-0.39893720016124856
-0.80050559047010028
0.44725821395880461
-0.51197550525884061
-0.85898124777995088
0.0056831309463995349
0.0035978077615765719
-0.74197455908375942
0.67041838388559405
-0.13560774412855267
0.036290810038543772
0.99009773095342013
0.39443451623459008
-0.8558056246164506
0.33469111920938655
