0.71575522601792874
0.58573367289313105
-0.38027690025446748
0.23940479305753451
0.96223581981365647
0.12956686354396177
-0.034861054897940988
-0.9787688041389021
-0.20198102607895235
0.79786555353395261
0.0097581570046623104
0.60275644903711456
-0.37729563735234972
-0.56357501821505318
-0.7348681520373479
-0.50975542905056281
-0.16256080217699331
-0.84482151259840033
-0.022777218646772113
-0.37067401477428263
-0.92848369564674216
-0.83329807894876651
0.54850358318560866
0.068979205945295746
0.74204144368924763
-0.16852312590600751
-0.64882544022444522
-0.0020135680822764715
-0.7858564428000131
-0.61840568953825747
0.91013879604915182
0.41416538093908373
-0.010696221659268087
0.65734207746336737
0.27434822571428952
-0.70187922340212172
0.98262329407860294
0.029968399401356899
0.1831757543220065
0.26525120055741075
0.2720912364007087
-0.92499089707779603
-0.38865817531567531
0.26894247135804367
0.88125749350579574
-0.55432329544397763
0.81135272702541672
-0.185559792187177
-0.13430736165140494
0.065134869295096237
-0.98879673412089575
0.58019556270996764
-0.40701456121366458
0.70548724720700096
0.067430987523246874
0.58019295788341418
0.81168293904956168
-0.51744369996731887
0.29275553887354822
-0.8040809734243124
0.27641253978765312
-0.9533374646810252
0.12142399385498009
0.93194044377252327
0.11574999045127488
-0.34364072659043488
-0.87823275158821046
-0.35285012568086127
0.32280647893869963
0.37182905556540041
-0.56291381534725338
-0.73815390666753267
-0.49070223362574206
0.82872757318181878
0.26911322405798049
0.37880400679644044
0.88233183752500022
-0.27928131502970055
-0.03019751569311729
0.88429640566930734
-0.4659484702907693
-0.72918877168776397
0.044500473553143183
0.68286414688284525
-0.75538906304883635
-0.65443941826762675
-0.033112101167570802
-0.36037887116636796
0.64584927918508783
0.67305703903380809
0.37580447929189814
-0.14490987640206873
-0.91529892443140259
0.71170340930153797
-0.54601608238111576
-0.4419781611909645
0.11955547008756245
-0.34837163046022279
0.92970086407544428
-0.053476641603069267
0.89084353518357917
0.45115190859008908
0.044434753160356798
0.16168827782560916
0.98584098795158981
0.70949594352591772
-0.70443524067452634
-0.019659547708171483
-0.093958486636862695
0.53184113634019936
-0.84161559425029431
0.48644793555828536
0.38746793808842833
0.78309450447860007
0.86360783060215029
-0.38982447946191223
0.31971610865719119
-0.41151560896261385
0.69855846472769811
-0.58538105105769378
-0.95931501354915438
-0.25488313684490588
-0.12144666043694437
-0.56206052548477003
-0.71825223203482946
0.41012400181990055
0.78416712826828228
0.43977748266689687
0.43781009659742037
-0.95359787991046907
0.093234826465504475
0.28628368895940576
-0.37882877178017221
-0.92314333028458362
0.065537420017989803
-0.29571178980485779
-0.17158459515373545
0.93974106224871135
-0.97173805245332523
0.18024056587832288
-0.15244177847978735
-0.45409585544829356
-0.80979260222222271
-0.37152778557039751
-0.82965420316173322
-0.00084706184766621139
-0.55827697934116527
0.40922605252458449
0.75149754210888131
0.51747993404523041
-0.77306516453846807
0.46109054765295282
-0.4356211177642923
0.21037943006399482
-0.71490695945813587
0.6668197168082779
-0.75237805261781165
-0.44869268810533364
-0.48228843815691791
0.38734600245147827
-0.85809445801685835
-0.33710083877916075
-0.61657650140625253
-0.37191709425110647
0.69391000347122755
-0.16356249328952852
0.98540315762306463
-0.047200929391343752
0.4388958062632583
-0.030839715757244285
0.89800856520221273
-0.7334602586058222
0.46015901771702317
0.50028964356618932
0.64696600505101287
0.75571132097400573
0.10166310864839882
-0.082652519109357128
-0.91636223189288635
0.39172544089599981
-0.23358413553146637
-0.62564049034111391
0.74432011156071021
0.9451090030091539
-0.29247652950378422
-0.14569300642263158
0.3369396667694825
0.65501412781474055
-0.67633435024428912
0.55094077441610068
-0.73766242398387638
0.39027991407196377
