-0.28148457619108619
-0.71546578218701318
0.63943345852875899
-0.28448610818375114
0.31606240272621922
0.90508132885028192
-0.93848307292791733
0.34466228871066978
-0.02138757977182416
-0.61002065440014308
0.062802231114343965
0.78989282878899569
-0.46442069660360474
-0.78627677781716132
-0.40753189474160739
0.64837544981887507
-0.75853983626661159
-0.065012251682227573
-0.53610536034538714
0.55164080600541676
0.63897062824408191
0.15465724837872638
0.28359007197839026
0.94639199415422592
0.25393372339082371
0.40031285180044585
-0.88049263756619045
0.39244368319106854
0.9189253147626314
0.03955023908685118
-0.18097667291355476
0.33351933750625135
-0.92520932516405785
0.82700070173194673
-0.46267259241409986
0.31938051218520497
0.14816665001268353
-0.016059653807041066
-0.98883200360001344
-0.14338051117602449
-0.096243877553692014
0.98497672309975515
-0.13168682390768904
-0.975151387026433
-0.17815261095344428
0.48538532357135139
0.63766707770189845
-0.59814863176024691
0.98338751230663157
0.047947937723068837
-0.17507140231196902
-0.78558738053807553
-0.50837610714603099
-0.35271263263791997
0.13816671946601997
-0.82323647528050703
0.55062842589147643
-0.46095396947735595
-0.35817051241396181
0.81193307732853748
-0.58048656129567022
0.20148750050150424
-0.78894748830120776
-0.042581698284382963
0.99850492918548261
0.034273975017675137
-0.25690007213762583
0.89285832882139138
-0.36987343455559851
-0.730876921500205
-0.18525218028394155
-0.65688701868618871
0.18112289383060906
0.8840524320237495
0.43086633050555229
0.74589676137214012
-0.16695413469603471
0.64479790499229372
-0.73452911334904736
0.63223369056069068
0.24647016485301221
0.21465903480855153
-0.97031817106524187
0.11137390033425752
0.67738270738735973
0.70778710731647754
-0.20047463293180953
0.47545355760421398
-0.51573813009661484
0.71271179008484464
-0.98338761233766059
-0.04794728343711626
0.17507101962299737
0.6001615266081276
0.16836675117943067
-0.78195829753042811
-0.23153247556791165
-0.93761287278612682
0.25937388755065677
-0.46766452576280843
0.60485911414532201
-0.64454273976081955
0.30967167517374439
-0.8945660724817539
-0.32226541167127509
0.82823888163790105
-0.14149343550390772
-0.54221763402945533
-0.70292722841873445
0.65850943067844181
-0.26880967477959333
0.82099102088017961
0.35538884409025223
-0.44684730404279588
-0.069265509563903399
-0.79237843298932831
-0.60608473674745289
0.5635485403299898
0.1956448298586819
0.80258092628812538
0.8175751983209818
0.31778351215127365
0.48019208083350201
0.031218500127671571
-0.49468987865604158
0.8685086811339594
-0.58132781962677882
-0.81359440932864291
0.011050033355242664
0.48736918476191371
-0.26125674399647536
-0.83319637028786186
0.64516457607052691
0.69595052729005669
0.31530228884108852
-0.84303671105382982
0.27922640817220251
-0.45969741873844816
-0.81162083928603135
-0.24819156407451384
0.52884077070407931
0.21413935228674311
0.90571608832029149
-0.36581785790199478
0.53079149389366642
-0.7699754673856859
0.35411603978685363
-0.012301506642959014
0.71112142189145489
-0.70296158946374077
0.0084239395525011369
-0.43494279224191174
-0.90041868301319983
-0.64157740212140069
-0.64213199864989345
0.41957708874180438
-0.30975939542010161
-0.11759987513463052
-0.94351438055669967
0.69263102233429397
-0.55501831496912091
-0.46067009556621807
-0.046163245902626771
0.65980400439349962
0.75001842011649056
-0.28931403421592078
0.85705570658172026
0.42632488247980249
-0.46927792580913341
0.88276908821165523
0.022292717336394943
-0.84693084539727292
0.25286560404502773
0.46772548509313022
0.90583253405867215
0.42094554004354767
0.047668360138468757
0.41641418591147972
0.5968965318722963
0.68579425195207366
0.32138682935344076
-0.15513508808800006
0.93415395431485004
-0.43195372736475207
-0.5043077950573801
-0.74772296023330798
0.33943855469193757
-0.64348479386525936
-0.68608220181901891
0.91756047581231748
-0.38302687063168983
-0.1066451574201485
0.96551555588235227
-0.035420396613076735
0.25792461467057509
-0.88134935409021886
-0.46606575873265477
0.07749854567479926
-0.95975466342565896
-0.09966224423985455
-0.26256127495458198
