-0.7296110684966296
0.60226838528013082
-0.32394518181209359
0.29753865880598968
0.77653522914661077
-0.55539516059302629
-0.026544348291894608
0.61173659100451472
-0.79061605144338776
0.46392054826863766
0.24982568640881669
0.84992049704927708
-0.038039706145616956
0.99732650524180877
0.062392489119409623
-0.93345369347534823
0.28442003802807647
0.21856222021506422
0.21495234121783735
-0.083656004005801324
0.97303502711811551
0.4524132872422672
0.43062319121970311
-0.78095190934551451
0.61572432344832473
0.56476606797367146
0.54947506401988888
0.97272231554675304
-0.041416245890001063
-0.22824546307373081
0.23724478630679594
-0.50246477318686034
0.83141088703271127
-0.42596797821188193
0.8442552210466393
0.32524514335124516
0.97562096844338797
-0.061511735179838302
0.21066568863664378
-0.24253464774095768
-0.087087954384984623
-0.96622597400722376
0.66573079770206167
0.63954133214142184
-0.38443385578503908
-0.51164954677811925
0.22791653656423125
0.82841341952089986
0.66011666172645322
-0.65613678110547291
-0.36569183391439325
-0.83064117444998387
0.044168288920708905
0.55505351234107891
0.54693995446098298
-0.009576328580416826
-0.83711706477955505
0.020028613002387639
-0.56258139233480775
-0.82649926295177656
-0.8283194849083596
-0.38478859000847232
0.40721563319750087
-0.28420816497013246
0.61030189956397818
0.73943039588112003
-0.67603190015040382
0.51031387020155594
0.53156431770665713
-0.73200005723603534
0.28096652070737288
-0.62067199908489057
-0.75190431256656876
0.6518196944271587
0.098848321688742039
-0.059409150991928193
-0.98544447314677819
-0.15927882195347565
0.34894841836609936
0.92675404449227849
-0.13914719665520281
-0.85915587264842719
-0.50374231830684157
-0.089971457921766307
0.79549234466609597
0.22894888481445755
-0.56104753606076307
-0.2515074527122248
-0.93863511437117797
0.23602568355925521
-0.46053884993604599
-0.66456058203940849
0.58844133139933907
0.2207710841766434
-0.8192353680453266
-0.52925753668238651
-0.41373147034453561
0.68528572209067073
-0.59934109615912101
-0.18555546101016993
-0.46179995536822055
0.86735804147492201
0.22748174921711467
0.6317874350707342
0.7410105874141506
-0.031260510802246573
0.87135417141247962
0.48965772579063183
0.81241149725022543
-0.40545007005208605
0.41904391157777904
-0.43089370966736368
0.89179127214469722
-0.13798165782320548
-0.64903068181688395
-0.11257612550253823
-0.75238672903444248
0.36676336863653447
0.87289499215172739
0.32177471016662784
-0.58607618471608991
-0.25448319693298543
0.76925483956059637
0.79536531683492961
-0.26251027100816693
-0.54633540100499689
0.21251247470236914
-0.94352664822865617
0.25415725875581924
-0.0088061960149487216
0.32983606644544511
0.94399715051664335
-0.37244807820665915
0.31626247685851966
-0.87250242106912257
-0.90388673196330827
-0.16063775611870715
-0.39646473625006945
-0.015487004781894201
-0.80131121138644368
0.59804723491483158
0.10024231767185421
0.23600490651605946
-0.96656772232892252
0.65821269570469643
-0.73978100349296172
0.13957117927460294
0.46662413158693344
-0.48478058125278978
-0.73976327825930066
-0.24478850450992809
-0.80940469532149173
-0.53380017539460956
-0.64628771139335695
-0.73401192453662578
0.20865926468761353
0.91743102844154678
0.37256166938695112
-0.13970723158195508
0.38000103444057737
-0.91387643607957392
-0.14293030960082453
0.69116603463247306
0.71892502283123139
0.073731432357825089
-0.22313559736378874
-0.049981577594855997
0.97350518595959956
-0.50161425122288217
-0.8455581478083507
-0.18279650337196973
-0.39362587408219363
-0.46531103355657166
-0.79280786657521507
0.18387854754021957
-0.19302362555843253
-0.96381043765399077
0.88599307832058272
0.36550730903703871
0.28534307808061615
0.7909414175197097
0.083812503023549978
0.60612468881315151
0.47560978367535023
-0.69783347654207117
0.53555930828386611
-0.67760796184337313
-0.55221766423211238
-0.48569857046989495
0.59008949144391798
-0.25220291894576014
0.76693420823607583
-0.9480322576925041
0.23225491269702139
-0.21746837448822906
-0.077669714589288646
0.91619079426619165
-0.39314354113669897
0.89684080945111755
-0.4381149738466209
-0.061088723954907463
-0.98827462584354697
-0.12772628019797969
0.083661587724501676
