-0.85084852590306081
-0.081682102522135536
-0.51902294756219758
-0.22941646976242777
0.2639021612490603
-0.93686911182396226
0.87485471160733608
0.36667283689917007
0.31651266050311405
-0.24549329705154083
0.76465939118588122
0.59584314762695845
0.73896016356935845
0.12304793025760408
0.66241760507769321
0.27558185422568487
-0.91564998836664646
-0.29264268387522235
-0.63473923301077817
-0.45544272808052949
-0.62424196231545825
0.56716878566444195
-0.75432974080242654
0.33061489789310228
-0.14308854764303777
-0.97369755019982274
-0.17730975232138235
-0.6312929489112945
0.68157720534300092
0.37002935804028647
0.21574781894227488
0.72023914536788181
0.65932423897608572
-0.57175286254380264
-0.81726202492343825
-0.071982267198311467
0.46269989236937609
0.8555374654262321
-0.23230250720434883
0.60104115108596412
0.5812873829638141
0.54850206299369497
0.033934912873288731
0.94606603398376532
0.32219168367683115
-0.35889228334333223
0.92436698659543692
0.12939089245028296
-0.34562346100764152
-0.32041479760209818
0.88197436509158578
0.42993277130380714
-0.5673645474732657
0.70232135267944473
0.44411327458430033
0.86445072530134692
0.23555963759520679
-0.4865230602370143
0.44264769057783809
0.75323192569335318
0.7634097291406311
-0.34182832070834662
0.54805016614826407
-0.55837015012572067
-0.75218454219561581
0.34991597552920051
0.065443960841330528
0.84601106537010895
-0.5291335986882062
-0.8902627073589352
0.30997024774384324
-0.33369260914734
-0.40718854955062328
-0.78363188075915946
-0.46916794495438635
0.75535096356907183
0.65491790524088189
0.022966480578662817
0.1445472917366496
0.4684893463858491
-0.87156400383136512
-0.82903542933892338
-0.49699677797129838
-0.25630930452672762
-0.24203642882692605
-0.51424479653265087
-0.82278226546261979
-0.61732781920279856
0.63664503344929668
-0.46215740286471735
-0.99074526931390028
-0.097359092950617204
-0.094578107149382667
0.95667296811450331
-0.058812334531056012
0.2851630084460352
0.85961134417696872
0.03404849561039254
-0.50981274690707179
-0.94239999816000697
0.32292024113621054
0.087205282710111354
0.7720386652454605
0.4927220483690517
-0.40147388759048036
0.63866541578679448
-0.75804437744793929
-0.13219382927144155
0.24458441395774008
-0.96062782588333873
0.1318053283733199
-0.51556258678297517
-0.10426507732683184
-0.85048457526264221
-0.26464849599146562
-0.69384625932041877
0.66973020089922586
0.022741699525646423
-0.78654959514724809
-0.61710821536938332
0.43624956340967375
0.65248568848122646
-0.61963597761270206
-0.93252228304507734
-0.093572375521999915
0.34877844280225573
-0.7218390606744709
0.69014112475301326
-0.051513089688382592
0.85817092860020039
-0.49635171927060151
0.13106345059774546
0.27869508528174813
0.047697368889347488
-0.9591944591378917
0.39089115100619476
0.31912541737588385
0.86334412377088676
-0.094193007819347335
-0.139662865714683
-0.98570886230078447
-0.30239627242765038
0.10068859430352894
0.94784930310626991
0.97267452574819635
-0.18510751544196924
-0.14014091011343749
-0.68415364736384299
-0.42097259365037054
0.59558027350981879
0.074946000451657821
0.99202889145633977
-0.10130042217190335
-0.81620150020904447
0.31285322266636773
0.48573446668295372
0.066267072754133946
-0.44777722767181316
0.89168617206231449
0.22014192952392875
-0.4332307073407668
-0.87398437347729541
0.12708387157010345
-0.82709050747524582
0.54751345374437488
-0.67606568753426
-0.012842883392183554
0.7367294255593454
-0.26323887938574825
0.64196820172294022
-0.72012646136380076
0.59985357942592865
-0.22176518768318182
-0.7687625672349977
0.47488314348126681
-0.15640416565698978
0.86603910824078356
0.47031343936000902
-0.65281924674129554
-0.59382851046534169
-0.32054504469736256
0.89861326369805339
-0.29957482642221206
-0.035343093579348409
0.45138965373833145
0.89162674154279986
0.58951251079009359
0.26100350270563044
-0.76442931079162058
0.96351452535050675
0.24751786077608853
-0.10185611437423188
-0.62854274068192173
0.29196813000181326
-0.72089432942651366
-0.8601946505353526
-0.48198850756551564
0.1665900410142501
0.79383282536823807
-0.44420966286779612
-0.41533988585586046
0.09786544691763252
-0.010696619433308803
0.99514216905541242
-0.19151339649809707
-0.94893410900907582
0.25069239262672854
