-0.61119988420153926
0.32661783360280972
0.72094069958952411
0.65191817928881035
-0.0021958355119372328
0.75828613716668136
0.57462788607408477
0.81763316794289231
-0.035760246443485931
0.18468622541610477
0.93893634848255147
-0.29032659478560441
-0.88814076713154477
0.26759256421134625
-0.37363109792653459
-0.17062748745576281
0.98510291903317748
-0.021412599955318783
-0.29888044329032681
0.6243773063772311
0.7216809959391276
0.36557306228283304
-0.32770082058568462
0.87118798678621645
0.88055114439977933
0.17179241567398723
0.44172055421174944
-0.35974066967558593
-0.6378906434160535
-0.68094212501769502
0.19733171392733578
0.024218969105249059
-0.98003756877681947
-0.096279803892657487
-0.31793997597244272
-0.9432096114019588
-0.087638507374496605
-0.90039416474868528
-0.4261570603799586
0.74303845488639975
0.35770815894497027
-0.56563126468065006
0.61817994919749741
0.0014340502416891917
-0.78603530067681049
-0.99620369751638183
0.087039903366965224
-0.0014994254093658626
-0.86333881344602326
0.50439641369525234
0.015177320217372886
-0.93927663910990433
-0.29798515871043241
-0.17018883750328884
-0.28932367545143828
0.078890701806944255
-0.9539748780715761
0.055291870868358031
-0.90733270538691335
0.41676152743642425
-0.3615174609069941
0.56715651446715787
-0.7400260897811809
0.47678392924268076
0.76015655432742169
0.4414058197724311
-0.058975479032277574
-0.99820214297918564
0.010694607270726068
-0.52913856918047919
-0.25794523734547453
-0.80837901329538597
0.037937361935019003
0.84847528462209543
0.52787351511026359
0.98969155199703052
0.14301542681640081
0.0075643637030380047
0.41136112928744273
-0.89709259499714433
0.1612665412063192
-0.39905404188890203
-0.41686144340842585
0.81668990972802791
0.70886012443401325
-0.38720562472556269
0.58956689880647306
-0.63183544648222723
0.23080953657612072
-0.73993981268351894
-0.34927960098560207
0.86945690135044729
0.3493543430808001
0.3757554837681828
-0.35348562840800307
-0.8566537964237001
0.39905389059250818
0.41686133872012843
-0.81669003709084442
-0.76691795362228687
-0.64094643994442069
0.032008022968890354
-0.89201974929434769
0.20517568584190948
0.40274521078238945
0.84523191736996073
0.50182393786277135
-0.1837273557394247
0.1952374851455759
0.56474561581409222
0.80183833396314541
0.51236891090232872
0.71715124554278031
-0.47241103941080859
-0.68392524593966919
0.6123656108935801
0.39655342207739885
0.41367204781651973
-0.70486917444648511
0.57622468167409968
-0.41851741195442954
0.0027827438193782279
0.9082045101340348
-0.70775330049305873
-0.54792310441371816
-0.44594342386766489
-0.12325159660488492
0.30020062094572703
0.94587981853835246
-0.92601487579375052
-0.25774997173560393
0.27579231656987896
-0.27093139464714661
0.86341465220176372
-0.42557175394739183
0.93176333119639299
-0.33705788848899798
-0.13494100357244715
-0.74361073077746664
-0.14075610980677597
0.65362894567534635
-0.6813482279647568
-0.56187738164781464
0.46910382671843776
-0.83086684022130053
-0.11989107189584203
-0.54340263589748816
0.21413151494240873
0.96427089934469201
0.15597861066648824
0.033909983903688386
-0.6006142399387906
0.79881953392139871
0.07321250138700397
-0.66410517285855231
-0.74404586486531199
-0.4678095143358198
-0.84948046108722042
-0.2440024682824492
-0.65919154695264759
0.62179290009278443
-0.42289489689564719
0.93784183230495943
-0.21567373426932621
0.2719145783609267
0.45798608109065336
-0.68492153045702575
-0.56668443303449856
0.74929206599738396
-0.36370757110523266
-0.55342407117336712
0.80170278544150309
0.54267195447228433
0.25055896241117825
0.59071679336921845
0.42566418829791225
0.68546602310564431
-0.018697788993123594
0.39895559440625378
-0.91677959531106568
0.29959522215047335
-0.92135830232768146
-0.24767232707038769
0.28855708838387184
0.14123978492632661
0.94698792489523731
0.69189815014657263
-0.69484098589030718
-0.19614523738989073
-0.028355170624974949
-0.17949567804631539
0.98335003221717643
0.91742571337551726
0.013558713623915674
-0.39767602608440922
-0.3058235743410222
-0.75944671898257154
0.57420608008265506
0.74629571759237812
-0.62666236635675254
0.2243590437121549
-0.43265682763916408
-0.88091557755799355
0.19182235196368883
-0.57486163832055226
0.81710006025793169
-0.043377278774663831
0.091523275365526693
0.73993893970011659
-0.66641867889625772
