-0.70629805871276785
-0.24278296688520332
0.6649808141961645
0.052554824948716279
0.82473245612330437
0.56307580856526918
0.56815428165924797
-0.48221553443181026
-0.66683498002497388
0.026843118665260197
0.96649631891721766
-0.25527301561228655
0.12527094944202319
0.50773423037613818
-0.85235740187449816
-0.027055557799209609
-0.92211321078081887
-0.38597308623226945
0.92166408887215323
-0.38526388183525401
0.045902599454659583
0.55037184741800371
0.38226470484181385
0.74226984648569327
-0.066142927128672868
-0.99714283553591276
0.036486692509062273
-0.93990354732847481
-0.29630458729290854
-0.16966117195318658
0.49637130636775545
-0.65393629271949438
0.57094907940993445
-0.35223045955315474
0.79834280163711868
0.48844904999106087
-0.28614819730133401
0.52080728169824897
0.80428787415407266
-0.69342826115391842
-0.55800386179568229
-0.45583871802882009
-0.32124461250492697
-0.68258290242076713
-0.65641639243653926
0.8576746973554279
-0.25885776253721982
-0.44428231147604746
-0.13173385950643299
-0.36916485467103011
-0.91998016301182095
-0.76941028389379251
0.6030476935114526
-0.21057372673007146
0.8509095984076348
0.20525050586815161
-0.48355463515369779
-0.76602208214264222
-0.64281395221262305
-0.00062650669467352279
0.10499398557410049
-0.64559330563697714
0.75642947239645952
-0.45223821370787692
-0.87575490403507816
0.16891993997399951
-0.67665053519358276
0.51037463857293186
0.53071817523407572
0.15539663131713252
0.51534653815255327
0.84277507829163179
0.53978272395290383
0.39738392825519975
-0.74210553460168294
-0.88464512173505905
0.10264114973492384
0.4548272232083912
0.12316125284168077
-0.66789317010991534
-0.73399592581907103
-0.88390925010387866
0.43872816595435965
0.16193218944707322
0.99145077881843002
-0.0038813973655887229
-0.13042349456604474
0.44237801660072901
0.87831401836527734
-0.18129030743932381
-0.99691890054922405
0.078321655102633461
-0.0042923268410481859
-0.10446444921728548
0.17316798905090133
0.97933652358001844
0.32114564982338412
0.07829033531004248
0.94378816214050787
0.22258581517533058
0.12264865751792935
-0.96716744242751651
0.95497884366377028
0.017456295897552661
0.29615989918985541
0.62669154811652028
-0.035691911337496302
-0.77844960722219858
-0.5959150844468708
0.79059164073561738
0.1408902754899832
-0.83239868441106613
-0.1375579068013493
-0.53683354260623251
0.47145918757090172
0.72368177214027718
0.50399496736266458
-0.18893964058270171
-0.8493859936219158
0.49279330966987595
-0.91412715325724991
-0.30022662165666086
0.27246196675210421
0.28222537887431492
-0.28256720888849074
-0.91679038388293399
-0.43895539886963764
-0.85953674899589994
-0.26175319468682046
0.91612096931192688
0.3992042410208318
-0.036855712419613426
0.39263768219743989
-0.80883008717396765
-0.43775511487676994
0.81995910407502248
0.4055310958498663
0.40399455187328087
-0.28082824703450465
0.42648468605965173
-0.85979434065602434
-0.88553550044660478
0.24913134260167072
-0.39212300567840952
-0.52744622952761411
-0.28539335945695143
-0.80021941074618963
-0.64243419786055234
-0.61695956762394955
0.4545758389273874
0.22208359857377438
-0.90368378055235898
0.36610722474586399
0.70906097327688689
0.59966726262338621
-0.37098747999549631
0.73116917941158599
-0.63630797201707934
-0.24597519351776082
0.046037554483948542
-0.27725996730713243
0.9596913327242178
-0.41142743773765095
0.87274051516759066
-0.2627764385587868
0.68093309786354395
0.72169407294252019
0.12444991487981666
0.36006074305427327
-0.93182264929725334
-0.04541818543108795
-0.57942567398990263
0.18664104563802597
0.79336688133831978
-0.20645033893621367
0.034282526265889179
-0.97785631150284602
0.66159506652493694
-0.72738846174469429
0.18220316591802538
0.46918788132304667
-0.31594925984928635
0.82464464905817403
0.31172517503166225
0.76072211495186914
-0.56932352759624716
-0.15500166996550449
0.7782052605404669
-0.60858118174574627
-0.36386207184361463
-0.1590028975460159
0.91778127636471385
-0.61530340415368534
0.15969576894617762
-0.7719449347055628
0.2466818568711204
0.95028578417667608
0.19001313081557217
-0.33590149792898066
-0.54979433042151282
0.76478518416966434
-0.17887389928069591
0.97556011644564022
0.12761891457259947
0.8032005587036638
-0.37010301035841547
0.46678970020959226
-0.57602495187501024
0.57178813256310324
-0.5841691418394086
0.73155077110710565
0.0043096994165139945
0.68177334634285791
