-0.11923413852403626
-0.49627866767470813
-0.85993645359494297
0.22345422578237392
0.09995384214017046
0.96957590647737213
0.3186676642919129
0.79974138628956637
0.50878741610851508
0.32752098319865464
0.94385031273379805
0.04331965739589809
0.38556619682189647
-0.79509925721901542
-0.46814087520539027
0.67251697753165518
0.47050854693988658
0.57126405644693212
0.57937491327149848
0.56636338471264791
-0.58613754898357828
-0.29440939367270091
0.57167169604024359
-0.76584239949466359
-0.80691550618605146
0.016048398374765155
-0.59044882486640027
-0.43626380256482361
-0.66551535552378993
-0.60560978041452074
-0.63858076556902277
-0.73161376655961496
-0.23865435765083831
0.9997881055570319
0.013328228585745542
-0.015687648308378117
-0.73266585265655049
0.59894460083145296
0.32321218028703913
0.89417776479736166
0.3409416278093535
-0.29018085975595015
-0.98044225778133232
-0.12014032544152511
-0.15588226762351165
-0.91833395556242325
0.28116213002692786
-0.27858679563072297
-0.45795631836027789
0.80743482532628452
-0.3719207083831339
-0.53124032502767982
-0.83211806536020616
0.15925841379868383
0.39298945921426032
0.23350146131361105
-0.88940224449395877
-0.22345350922784404
-0.0999518971754529
-0.96957627212344133
-0.50370623414045512
0.19195730126533156
-0.84227811569514954
0.70254553690236088
-0.64582810763672527
0.29889099010331482
0.42858342247007375
-0.64526013521901704
0.63242043600833631
-0.76404173811586273
0.63646093118581981
-0.10563004066538331
0.31698504317229226
0.4840219563385042
0.81562444065103101
-0.79948005682972212
0.23047328228340774
0.55471948305883134
0.1916369767404886
0.60681442847268474
-0.77139582481572622
-0.039088016460807347
0.28194730591709061
-0.95863332075160734
-0.71562940875101932
-0.54473947740707163
0.43718811864566626
0.33934004346099705
-0.30055778630656776
0.89135478458040729
-0.73877129936228192
-0.17844212667401754
0.64990412728849445
0.60725622871965046
0.093458160155671918
0.78899014251225241
-0.67317261717732824
0.48365337858655061
-0.55939077295254092
0.70336614460230673
-0.30146214861674497
0.64373646749167668
0.16449720227920522
-0.97434958403447669
-0.15356939322064295
-0.95394483457279911
0.2632956608756637
0.14375203496271799
-0.44659555288350899
0.89273197368224777
0.059850107018044163
0.88707189665652775
0.10591850675385671
0.44931583556472149
-0.8066905117999088
-0.39691874830328955
-0.43784235224262069
-0.55323873274619595
-0.28901249668341605
-0.78128015548214302
-0.38556815450488463
0.7950987071240746
0.46814019712189037
-0.42318123752456827
-0.41569257503343476
0.80505734160322207
0.35508486926203708
-0.906670357798254
0.22773580726611317
-0.02824302462249121
0.95272482582577644
0.30251898752874579
-0.94819440405110689
-0.14538703547163553
0.28247120568818268
-0.11651209883322901
-0.15351015005422516
0.98125407752314853
0.88574439529822391
-0.45127694798893619
-0.10865533770401964
-0.26602616610058399
-0.93448352966422576
-0.23658108913460199
-0.47500392996457158
0.063415601942335573
0.8776956921100294
-0.13032863070463777
0.33138690905150958
0.9344501937117573
-0.06708273456523059
0.84360784368583319
-0.53275295662716837
0.32848281731363566
0.86429699914601332
-0.38090646620514707
-0.055756530814050104
0.69601571877462631
0.71585845562528783
0.067083492798263533
-0.84360765021673056
0.53275316750798563
0.90235129352750409
-0.1312395814931244
-0.41053418288706411
0.59259964513999619
-0.19764114588421086
-0.78087363768635865
-0.02440122693442667
-0.81798171207281645
-0.57472645566262104
0.30531787023700485
-0.53112234164511807
-0.79037336513786061
0.63858026557320113
0.73161431675809974
0.23865400883923699
0.90006083795914926
0.41114058002598552
0.14440883431483734
0.69799337564461217
-0.51020164298699955
-0.50249331443274492
-0.072988247996796179
0.98828746460551864
-0.13401717411568495
-0.34782779330585833
-0.75748587981376325
0.55247711996674209
0.61096120484336691
-0.78413089167935834
-0.10892727340053862
-0.49111376640206605
0.4773672826748534
0.72864788882011022
-0.86538938757098793
-0.4998851008306206
0.034872537147023833
0.68684212128214883
0.70368174399969408
-0.18187881568282444
-0.0058404083519764879
-0.55305918889450423
0.8331214936668212
0.91833368367374124
-0.2811628838025807
0.27858693114005434
-0.12476348442759223
-0.97602922939926107
0.17832839457520608
0.19852884248204575
-0.14340627160247069
-0.96954677038697701
0.73877255414221066
0.17844074191230522
-0.64990308113747297
