0.99932571018112548
0.035284476636810495
0.010155327639012085
0.43502824166814946
-0.40910504499709166
-0.80211189438197816
0.39108797331610995
0.68891035182975158
-0.61028904977011167
0.3682544962109941
0.80744717248373277
0.4608879361280917
-0.77789564756777152
0.28607311551450221
-0.55950025386495006
-0.043114181888560511
-0.99270109816640617
0.11263079960335556
0.33454953813396071
-0.2609408786534802
0.90553103998808537
0.90958623274220263
-0.33836141959336119
0.24117303940659085
0.88985188110133151
0.38189937615350711
0.24963272260259417
0.71721966612159982
-0.69667547526871609
-0.015467148655436381
-0.9644392400378542
0.043534565605806257
-0.2606946372151141
-0.76442405126993263
0.57264228477096335
0.29620378716747364
0.27684009060608838
0.55783710017065546
0.78241762116302505
-0.95556880402697442
-0.29266502167668773
0.035148909761777501
0.59394568996126051
0.76425351411373676
-0.25128685509044529
0.70690913715471404
0.41463350632937179
-0.57302576489734613
-0.57499825279017003
0.81746569576094941
-0.0335685201091529
-0.43074171976971443
-0.86216492756022134
0.26670809611803531
0.76585243549328219
-0.28960767816148769
-0.57410577405119378
-0.0068736915009113778
0.94689302205575565
0.32147528232706873
-0.0031985254108305929
-0.53587130536971239
0.84429361807167336
0.37592176333222643
-0.91470801059344553
-0.14829727984481342
-0.85351480692820481
-0.38606239837362866
-0.34995470980729926
-0.58285618482357382
-0.663488204316664
-0.46910773873978739
0.88791265350247339
0.024126547620924386
0.45937896060887662
-0.91060709409132656
-0.12372379004075962
0.39431858181995422
-0.0046638288412362309
0.66664754248932023
-0.74535850621931565
0.62598655751362209
0.10002105697866079
0.77339292599112652
0.34880092856408057
-0.65652032699281115
0.66881908800368983
-0.096450719275865293
0.73478783302172446
0.67140457191949965
0.27346241531056115
0.18584481655158949
0.94375844980239532
-0.49481358182879742
0.11157910596261375
-0.86180602362152237
0.25177386022108339
-0.75903556590630428
-0.6003956470517342
-0.26259635085625233
0.85358751735866301
-0.44992388992634541
-0.96810723759962203
0.20062870924430273
0.15005498170402126
0.23723905250519203
-0.06580186906589279
-0.96922017415748918
-0.74501465514075171
-0.54908782629227837
0.37875549189830587
-0.73219838259337944
-0.68060731132453878
-0.025675207871047677
-0.62234878006859351
0.65878017879104089
-0.42271819452109893
0.91689551566473448
-0.35180106441971298
-0.18851690753632036
0.33660084353848146
0.35696477808767724
-0.87136445838351584
-0.49337589979487734
0.54319709707324593
0.67935052456945499
0.14761169634716059
0.92275938140974445
-0.35598582994526562
-0.34174214043626505
-0.30852929047023231
0.88770602474691762
-0.41928197658554267
0.83309642292006558
0.36076720226250009
0.87642772225218446
0.45018320818575258
-0.17090794813416765
-0.39281597047040262
-0.9036743650547916
-0.17049415029910889
-0.77827018192945996
0.23991885577775551
0.58028826160950209
0.65357456848995477
0.47853128063933914
0.58638562130465255
-0.075442967905502159
0.28359079599430487
-0.95597312672528922
0.61886414800764
-0.6582197635952165
-0.4286652646569758
0.018598842843503348
-0.4889915139288008
-0.87209023750441228
-0.67929992282787555
-0.23445172582309556
0.69540204421946761
0.91097720343987698
0.073622449056499228
-0.40583281016667933
-0.45201303565166223
-0.40895572875536945
-0.79274171551592632
-0.18287063808371021
-0.13788043846018963
-0.9734204201766482
-0.86789907152082379
0.47736265917823018
-0.13739029541994874
-0.0015726490971479108
-0.94980775107160542
-0.31283024594676984
-0.1802420737762212
0.9822457729782198
-0.052019576192686073
-0.47527750759150844
0.12790198642710063
0.87048973149923226
-0.41179213166586887
-0.65067549146468362
0.63800364035424773
-0.74710770969100482
-0.14179019829666556
-0.64940404201641178
-0.20663614465353602
-0.75166218364355808
-0.62634292955450621
0.67972599462506678
-0.31992505302943097
0.66001555487357966
-0.05275017056999913
-0.055369398372488138
0.99707153666560189
0.65722698487206921
-0.64671937967325732
0.38704874926939908
0.33647155048714894
-0.8997887022856037
0.27778982514117284
0.618914067835035
0.042954281311310197
-0.78428330745523234
0.66672647342466729
0.72554116664003176
0.17048702339277375
-0.4057858389480356
0.51226614669234172
-0.75691561475650571
-0.13605977613439602
0.38092270665894701
0.91454121223150997
-0.038471299784692076
-0.84976438307683932
0.52575702786260015
0.30603773185932992
0.95156693692960292
0.02934742272857805
