-0.063267035132468272
-0.9906002840385939
0.12127802574334773
-0.78523560136827586
-0.30103721256210614
-0.54109301140990484
-0.75019929108454442
-0.66045872601553768
0.031548294505093763
0.88508888915579553
-0.11496724186267329
0.45099910375903135
-0.36551429543383657
0.66091195607366238
-0.65543473065774549
0.87513591116264966
0.47542783817737078
0.090030593019878827
0.3787835931531891
0.87655972006441196
-0.29692767927318414
-0.4815555169692024
-0.43199821240406017
-0.762549558098502
0.40543643258540973
0.63285163528241761
-0.65963634439953822
-0.92011837872742108
-0.29701715192623024
0.25527040680355578
0.084416559596876287
0.47368539641682028
0.8766390304379944
0.92547699276840267
0.26753083111247705
-0.26817828073992334
0.65035884440676417
-0.67165470495835899
0.3548426845930433
0.27464549204884087
-0.94880791136801401
-0.15599166972218984
-0.2833657930380597
-0.13290425306808498
-0.94975801489238609
0.71233147388894291
0.60308086217066281
-0.35899490942170237
0.37216362207107784
-0.30816436113008361
0.87551639901044886
0.0074419727977446757
0.55680015700007413
-0.83061314834619016
0.97135096918346753
-0.16168989124564517
-0.17416565027384059
0.28097898771284308
0.12698468693666137
0.95127582632350327
-0.90791489509721446
0.062227419851325391
-0.41450970010273674
-0.63404591706034064
0.71175706779166559
-0.30230390587572964
-0.071940279914012556
0.94819170408740394
0.30944642254470855
0.81928351769444141
-0.52234075165882665
-0.23650508829772338
0.32282973936113485
0.92406378425422675
0.20466333822592506
-0.71000165051880515
0.44526928763989315
0.54555743762250597
0.89803673534887429
-0.40735254356560285
0.16611419931652274
0.30903102780486402
-0.90900418420655349
0.27966268422663637
-0.38109418402161582
0.48046838940987335
0.78988439007413047
0.4985268371894408
-0.7450714230589871
-0.44310220846069903
-0.87769876323839613
0.047540135889826647
0.47684884029361607
0.34808051956145597
-0.49739890475723125
-0.79462839204758706
0.27767360755441867
0.759530342090734
0.58822702004519245
-0.041197181039616247
-0.84829831786052223
0.52791358780523678
0.53862020770925267
-0.082242093185010343
-0.83852519935645919
0.61928335852612948
-0.78492076583831782
-0.019685355175510243
-0.68530907256004481
-0.5946701721852079
0.42037942549571372
-0.64034223135223545
0.0091017172763241654
-0.76803579701044011
-0.7193756025980943
0.68538955669375889
0.11287115646506525
0.84211023260187579
-0.044195858737362786
-0.53749147176274525
-0.11899105308833269
0.74846586522618841
0.65241089650322592
0.053877503096638156
0.83788346785406731
-0.54318367883885632
-0.65175113168455989
-0.6551117603661103
-0.3821636348187924
-0.38878751269286016
0.91993982613361269
0.050546871983908517
-0.3769627842239886
-0.62056714470091145
0.68760124943738765
-0.38636253871940685
0.31279871353453248
-0.8676871288001432
0.35321369461130031
0.28029571065816206
-0.89256618831640211
0.0084318913944869608
-0.17367230624596108
0.98476740058285883
-0.69968232559791699
-0.27513177873838079
0.65935358312072978
-0.0051824542394832791
-0.55168491896084915
0.83403650541161378
-0.88977411909929516
0.40985412222776951
-0.2008024289543773
-0.023281990367748005
0.17970515750968435
-0.98344496810392779
0.63804339467268123
0.027399431411873135
0.76951276641318123
-0.19513180055316728
0.16876248063048394
0.96614843866992006
0.62977774768266492
0.77677362101769809
0.0016523361653209578
0.33821721065616861
-0.68367697743664835
0.64667991227426358
-0.3090164550230961
-0.75471317019854389
-0.57872001974514631
-0.99979136440029037
0.020325963186612363
-0.0020206165252241739
0.16115989512581477
-0.17519732535971938
-0.97125351242084934
0.81905884865455336
0.30063803838017511
0.48863009763992016
-0.076291764861737485
-0.50963769071860643
-0.85699999464019105
-0.59041660305568822
0.11083415899012489
0.79945232755751827
0.043708563251422951
0.9943023935247618
-0.097223000002191959
-0.91346147889640639
0.34899984021071701
0.20925400379749973
0.688794660305176
0.31063177008835474
-0.65503421234837256
0.63246064156586734
0.65946430010574397
0.40632545300058781
-0.098237382269106638
-0.94992672623526042
-0.29662877727704423
-0.40541800520049481
-0.86055707815897242
0.30834681170679223
-0.27854714741567244
0.90066066165078984
-0.33349941412445239
0.67120694908375989
-0.39171952313656305
0.62931474374539698
-0.47260016363589824
0.76436617187836131
0.43862676687514374
0.12478033405512313
-0.79042062920586653
-0.5997208493615126
-0.70243384845406542
0.39809752452318747
-0.59000427923407583
-0.37207276992652705
-0.25089269306181805
0.89365245506706359
0.49961318924098319
0.43433838927992485
0.74949104379850595
0.68984708276040363
-0.40526791096009035
-0.59989075901617694
0.98742521058039101
0.088247364527756361
0.13116347115022384
-0.92280394944083266
-0.34659288390001902
-0.16824459493924043
-0.44216861619443337
-0.8903104959367556
-0.10878481363475376
