0.80506441980264332
0.53609221058557577
0.2539220780422688
-0.4225083365885644
-0.62867957816922093
-0.65287724229454858
0.8363511351656957
-0.14459745385993314
0.52878006301701352
-0.11839562150007388
0.079374166768204621
-0.98978897673163868
-0.93219445850456184
0.12597948702008005
0.33932677522344751
-0.39046599335918508
0.38416188548397562
0.83663370346372112
-0.53035397630983794
-0.31249944541343144
0.78807915619475799
-0.45235451282725847
0.67732927262632037
0.58017277699691627
-0.023696299306316386
-0.68230302616716421
0.73068533985725725
-0.59003983348995404
0.59482574234632135
-0.54592612241703098
-0.88075609558013057
0.46016018502005168
0.11189863368583049
0.94966717421611624
0.30504696497605588
-0.071264348557140048
-0.72667949681104593
-0.54196842667876921
0.42214586744132027
0.002400288398163127
0.9577747073842231
-0.28750973637543398
-0.18017734735590316
-0.86912875012421065
-0.46059889188676706
0.62958677502320204
-0.63272850656338697
-0.45086043261518283
0.62820672852750414
-0.506113413998592
0.59093613733081207
0.39677316897528958
0.18537788505416303
0.89900283209462251
0.18138532521221659
0.7770380280509871
-0.60275307279207779
-0.99502561964117175
0.079815093003548179
-0.059611804087252231
0.46725212827012014
-0.87294675269847355
-0.14014069922843028
-0.11563897216641286
-0.90214953541191112
0.41563667291562312
0.13160710142966295
-0.10399289872471162
0.98583216009020236
0.92627351055835394
0.033716411873903146
-0.37534062824087183
-0.018481285181779824
-0.63313376417738687
-0.77382173577420454
0.30997244726099371
-0.77376779159930131
0.55244953310014733
0.094161308648200881
-0.26853430894494223
-0.95865685877331552
-0.70483431838199539
0.24127368572742303
-0.66707989941722323
0.25517334319322021
-0.81453298360395099
-0.52098232555897783
-0.50022108972661905
-0.82977512318852831
0.24749162880828202
-0.35422512779374338
0.39315649792062912
-0.84850016321877775
0.046680959575062658
0.47860612684315229
-0.87678792382271531
-0.48991143180045954
-0.84688922351958318
-0.20679804660010978
0.55855911670799663
-0.15737605643633809
0.81439823796649335
-0.20515737453028737
-0.97825696614794988
0.030393418018517346
-0.37366512107045458
0.86596107869550776
-0.3323940244347286
0.29151966862766249
-0.45215871892530513
0.84295241603725468
0.74658976066113414
-0.27678922814383078
-0.60497227412460208
-0.87315221375027108
0.38148675588269049
-0.30343544075981255
-0.30753677057212048
0.95069965265073142
0.039891166890046618
0.45051225221146091
0.46172309867764733
-0.76410109982571572
-0.20295163640285657
0.72459835128038552
-0.65861055457922146
-0.71029868407826624
-0.58226501370673123
-0.39552905482376816
-0.4924489926848421
-0.0065028113669330229
-0.87031701296022601
-0.15380599755286828
-0.3736460746188468
0.91473073963800633
0.37799384212409726
0.90949081305237278
-0.17305235129751029
0.50332533954595016
0.83890613875372011
0.20712337611259166
0.22047780263397224
-0.95552150061230179
0.19587802432460377
0.38418389400656272
-0.52322751874697915
-0.7606810758864937
-0.68655750165625762
0.71183982924965139
-0.14806368364100947
-0.30186311353591666
-0.0017946339052294961
0.95334958959216465
-0.60748396867329857
0.75890325119595348
0.23458278523615123
-0.774561524382683
-0.63222143410819764
0.018721730693187184
-0.65708792167134311
0.11179655624326335
0.74547769464000846
0.90958060257898621
-0.33793684680210478
-0.24178878176106289
-0.92416752783078182
-0.31356654184466937
-0.21815225036363114
0.47417598102381936
-0.15948156323596621
-0.86586533018011003
-0.94638618374497829
-0.27248936073086039
0.17350141067179584
0.99393843810551707
-0.094880634960426521
0.055534190962610377
0.70870330262298409
0.24417803034994812
0.66190385883880065
0.2716617165545091
0.15350134806321863
-0.95007223299148791
-0.29299720544796015
-0.33887920896574641
-0.89404335427899451
0.287637868040936
0.53820423068020051
0.79221251122839431
0.92699405619745301
0.17737038089753321
0.3304871673073817
0.10619424968054525
0.98702233041677379
0.12045621857516083
-0.88885660145468015
-0.018509228696051722
-0.45781147921771626
0.73277361050402834
0.6716240037237674
-0.10938022385672598
0.79622185263493717
0.41202851218270242
-0.44301610189145174
-0.68513457263203859
-0.28814207344181153
-0.66900281232366099
0.53616843275601711
0.70424046580822541
-0.4653695069879098
0.092975168100139158
-0.97578619634391062
-0.19798211318559561
-0.0099976919676561457
0.28739125799047804
0.95776109285456479
-0.74498961969989685
0.42966135072096984
0.51027599417965464
0.76957223966392663
-0.63566829037265904
-0.060699197303989441
0.68698931786964079
0.13904280286319529
-0.71324103647010684
0.57583283818627551
0.60335408875136243
0.55170679355374252
-0.17449279506492377
0.89690359310573808
0.40634493862289844
-0.081306627372965609
0.65949540833583886
0.74729849372869683
0.22047599269261331
0.83796573617993353
0.49920312662745686
0.58891794703166223
-0.76253465360570782
0.26779946548571687
0.87082060173795439
-0.42121694680033683
0.2534714250501412
-0.81557422558068149
-0.18215573496397608
0.5492339854635776
-0.40707697265471465
-0.6620726027905024
0.62924415529147537
