-0.35021516511881601
0.93537507397711916
-0.049222038794622128
0.57768131603322337
-0.80699448992402312
0.12265476076528287
-0.85100785971555415
0.45540018278646394
-0.2615268556389701
-0.06802874832391112
0.40623182238681255
-0.91123421571063223
0.52193683647096001
-0.12261706413002407
-0.84412498737972441
-0.54375519962187269
0.76664981151645428
-0.34143571779467158
0.64013863415251271
0.7443008656078659
-0.19036478277437985
0.81496582783419047
-0.016492139448971727
-0.5792742949578622
0.89708178402824357
-0.099753269541408215
0.43045738230457026
-0.28774996173909645
0.082809016569776517
0.95411876949041052
-0.70399164928623204
-0.60038285826901461
-0.37938922129124736
-0.021829040273582515
-0.52796874480948131
0.84898321391240417
-0.98854573506042542
-0.047908218761028173
0.14311580020734402
-0.29539440377536103
0.65514246696402734
-0.69536356979531733
0.042037687481300913
-0.17175434342360221
0.9842424896062717
0.23034650100221296
0.11141666989341378
-0.96670927126303041
-0.73074451895232129
0.56712093546161146
0.3799819634960156
0.11684847081412619
-0.26148179693875501
-0.95810944298554956
-0.85146041451355126
0.2156339380795467
0.4780346925325793
0.8737615826934827
0.48547556746115744
-0.029226187011776358
0.6302303593450892
-0.70471321292020128
-0.32586650901166114
-0.93040294536345147
-0.345208730847617
-0.12321238332891679
0.32897939002958493
-0.92963684154687187
-0.16597561198717878
-0.57820760262515014
0.3170229547527797
0.75177949854082438
-0.34341989370675191
-0.31508906003233461
0.88474949045160967
0.30181770373177486
0.84275828958354182
0.44571800395799771
-0.30103560572682664
-0.69522031930183836
0.65272220102776679
-0.62612777137726605
-0.45100985714099112
0.63604569228303154
-0.42667763891430033
0.8508450609228998
0.30660866712085127
0.71956857984372347
0.11258432960439195
0.68523414073527933
-0.85704601098929389
-0.16308714507188313
0.4887481132031527
-0.086965245936545255
0.79709572507907378
0.59755790603075598
-0.57258973127397661
-0.73132341700637982
0.37054967194386773
0.23909434335256324
-0.93906570265618428
0.24696052533077767
-0.43945454411833001
0.64287313647116229
0.62737057155837417
0.10161293918353492
0.73939578119841398
-0.66555893002533628
-0.84901570439730145
-0.21717756008348701
-0.48167026177971328
0.66874444697559143
-0.31217455191248478
0.67477990024714696
0.82315130042698204
0.38276481212469649
0.41941987936257163
-0.62547499418781816
-0.057278043688037912
0.77813897046544322
0.53172921261017259
0.63496474847204432
-0.56043180910330126
-0.17688050560244664
0.020114409807214684
-0.98402677669661531
0.61250284872117877
0.25787210744985595
-0.74722301658059931
-0.97140067873674063
0.074735921695582366
-0.22537804542171261
-0.40439334410102079
-0.86807076879954792
-0.28795687802612951
0.41759327561450726
-0.085504612206151381
0.90460202158353697
-0.033574507669671363
0.96508798790362493
0.25976514015331609
-0.16180533920182488
0.89400423802268403
-0.41782227633679658
-0.93222812309763914
0.34694977435405844
0.10284250376921578
0.66649963092966202
0.70912155114739928
0.23005405379808125
-0.58878602938707503
-0.41510061841312285
-0.6935578477615586
0.90101037715814714
-0.29855427046737049
-0.31471518526920472
-0.70623551656742523
0.70775159002104304
0.017862865431602135
-0.25789318405056028
-0.36366502681659663
-0.89511946347442806
-0.34043323331286268
-0.70241980397241388
-0.6250693022725603
0.82334898408280977
-0.56626873613417761
-0.037896818953656236
0.37213232778509436
-0.49023055088606926
-0.78815705135156156
0.041846597749496867
0.99339385533557334
-0.10685275119676398
-0.71430790011569401
-0.69956536939177816
-0.019300719677056145
0.44440398752601179
0.30935405855666337
0.84071705247693229
0.81265358792394726
0.40355069089533807
-0.4204057396280772
0.50939427804302873
-0.69640644503231541
0.50550522530877362
0.32216843461625039
-0.77905875381928602
-0.53784287467108449
-0.85303527628404441
-0.45723730184768047
0.25152508267379053
-0.64209793812709448
0.49517266571666513
-0.58524718622133132
0.1423968427595789
-0.78429496683804301
0.60382492840608759
0.55158135014233278
0.58550851859004815
0.59408567465782958
-0.79769513285589311
0.14968166578327677
-0.5841899296858537
-0.56124246280534373
-0.064615670654768531
-0.82512527112555878
0.97371867972302828
0.16818813331034718
0.15357305939527166
0.68325751082569741
-0.42333382042473255
-0.59493499677264938
0.7987555793464316
-0.49270332763772395
0.34530125310757254
-0.03688976482129866
-0.99826159475849185
-0.045966658369536624
0.097919254467144737
0.21390713369169267
0.97193392664337175
0.0081177404378197197
-0.64112546079189958
-0.76739314944463677
0.96750515699571815
0.10144697970620761
-0.23160803417666462
-0.14373920426158227
-0.91771743887638491
0.37031573493495523
0.30624150041930936
0.46496661058303174
-0.83067574568170544
-0.028704441464855887
-0.90325746246073935
-0.42813784176264591
0.18318466948008635
0.59874876277607814
0.77970718602664368
-0.44306198074030345
0.29397689005859284
-0.84692010799954265
0.9744103177086828
-0.21584821458628911
0.062722252851561175
-0.39331363622363891
-0.91553801417211256
0.084229022114255481
0.3020881793842925
0.88264048936199535
-0.36012289348929349
-0.18827223639406387
0.46249813839435966
0.86640004442805141
0.35079987438522547
-0.47125980861816719
0.80923027681400961
0.38113740474496449
0.92200497170688211
0.068125698910651178
