-0.97468018134617973
-0.11011770753974193
-0.19460892728025103
0.60255396379511983
0.014270287323239801
0.79795054960473677
0.4988411316743811
-0.62330609233278489
0.60220182713991877
0.39286944136993573
-0.31672321773025436
0.86333076244755025
-0.9207060190892028
0.29281433916378341
0.2579926146093901
0.84891955003315622
0.19376135535746275
-0.49172363654957918
-0.95600144855418068
0.26029613782022726
-0.13530392085295037
-0.97925007295780842
-0.080653038590599385
0.18591498588933095
-0.29020796786435532
-0.53145715686379336
0.79582198122839931
-0.21099655952988911
0.96839758030337375
-0.13299089566252636
0.72213006328896379
0.54875305063136293
-0.42118672951204184
0.2350479442805769
0.36416437330100687
-0.90118631431450391
-0.84172131620581203
-0.38845169797018247
0.37498067175367528
0.8744095957932474
0.044864285921663853
0.48310977493053159
-0.35263414691891498
0.48374574431868195
0.80102385312819091
-0.34255252483434279
-0.90697352508685691
0.24506487410711766
0.038538206790914249
0.47235476706921792
0.88056560269200013
0.94167480241819357
0.30478756305257199
-0.14266431894181034
-0.79927273293785972
0.5976386807541354
-0.063175198048771003
0.44686654758211841
-0.8731415839725476
0.19476668860446558
-0.55956660667373948
0.12413013217565082
0.81943695485479051
-0.21423605993750305
0.84158598138735852
-0.49581846128873736
-0.057219463590697552
0.76276057386338703
0.64414458000202823
-0.64883530197546113
-0.30138907170973728
0.69869691452328231
0.72501531776592476
-0.62949144286462266
0.2794518068737265
0.48380020560784665
-0.74444774825880689
-0.46014661920544142
0.73762953629569483
-0.11700134376581478
-0.6649912426048874
-0.42122554482305868
0.74695001892335089
0.51442658331284075
0.2121578509265705
-0.84071990851389544
0.49817575384457058
0.58625754381326556
0.29888674144649818
-0.75297331168477089
-0.54933177753903284
0.77947351328092351
-0.30109075090294707
0.21546194936782967
0.89966075959124159
0.37971919365015638
-0.1660033444970454
-0.81141912524081949
0.56039440826012765
-0.1571746299879504
0.94718531486238211
0.27952837959177018
0.69872420449944983
0.37208293586836838
0.61101454555696677
0.067843008919953512
-0.87768981236790045
-0.47440269751160441
-0.83678321963631541
0.011513886560899207
0.54741325682828013
0.63714054959303013
0.66878927494054674
0.38310941751513905
-0.17974285485766919
0.40244635093042841
-0.89762433163901989
-0.81985723906135655
-0.3216436558587592
-0.47368709735911296
0.2149491746673218
0.048270274654877959
0.97543161364320152
0.11612567022154394
-0.59909094793254969
0.79221516321064978
-0.59820879090711843
0.26486616054344403
-0.75630163260462291
0.39858959168340502
0.34999593897105119
0.84771998920954361
-0.33424807788533867
0.057706990635199788
-0.94071681480761549
-0.3392796260208113
-0.81505327426114904
-0.4696567847730494
-0.6933552655466273
0.39757181766067684
0.60099511274281714
0.77248346750787156
0.63467199666143415
-0.021465066522226153
-0.69510261459537392
-0.69994351576707747
0.16404703568884735
-0.43729001954299368
0.59767786595195549
-0.6719811064004737
0.042814978343610005
0.043158810392434389
-0.99815038682302082
0.8979003414404606
-0.4348625392766477
-0.068334096723159335
0.032769085157010013
0.67342684209392867
-0.73852723403092679
0.40879828274240571
0.64740020177136637
-0.64323941326169853
-0.49976792914035284
0.860393993638365
0.099770700678047691
-0.8946439480289472
-0.44546412300871896
-0.034262535913898565
0.91034579879897926
-0.29758719175108594
0.28759761806167783
-0.7621819915323147
0.47050168384431673
-0.44464230262481458
-0.52522551790415517
-0.5220488472381507
-0.67201425315214103
0.22948217525159062
-0.64279685407094478
-0.73085575569895789
-0.72001123257917821
0.62315410110225233
0.30538957290525909
0.89454210179202309
0.36827003392698615
0.25332116025497403
0.14510387117085496
0.9891888751205965
-0.021218763132680046
0.94669329241562972
-0.12812431123520673
-0.29556043538633298
0.66388984929769268
-0.73847239424179767
-0.11793553723231114
0.51529199808008208
-0.40470237092944739
-0.75544036672574
-0.62384127099397035
-0.14919730589648125
-0.76717809700085904
-0.48203012277079565
-0.86946128570029457
-0.10809270747817648
0.15291251309953174
0.89938207583730034
-0.40954809851856733
-0.35839090439746446
-0.17412011114535489
0.91719035458289511
-0.14733328954331559
-0.63554267697567401
-0.75787756764199032
0.76486685689295308
-0.46724315038285036
-0.44346649213554323
0.71934872289728524
-0.31530644717966011
0.61896628279170829
0.1393669019936685
-0.32409969702001895
-0.93570094208578158
-0.16535220524971286
0.15940777195627789
0.97326656700977454
0.48410273691714811
0.86859842580031388
0.10574173635108822
0.42455055746394593
-0.028017811621456758
-0.90497062183752541
-0.69869135999118293
-0.64315966705942795
-0.3133305381568755
0.29765975133998573
-0.94156202705813075
-0.15766934272204519
0.044531830359847695
-0.98159557326629354
0.18570688363337057
0.99711787185764988
0.00026084969658665176
0.075867526515019337
-0.54928890891202098
-0.65302193783344931
0.52138665427347508
0.49392344770832958
0.82455045248758863
-0.27596409024804314
-0.11692889708177238
-0.98152716960492237
-0.1514333132259556
0.0049320891386692694
-0.26688381108319548
0.96371609194743524
-0.256060500309023
-0.30882862095858465
-0.91600103878669903
0.34937242114569667
0.67250934912835869
0.65243397112485291
-0.85311532837853232
0.090061625452865252
-0.51389020238410554
