-0.35097169403239431
0.17084855943411303
-0.92066803991847135
0.78241625587583108
0.5207969326730949
0.34146062358570994
-0.43144524423988218
-0.6916459463291933
0.5792071185242661
0.74354230374627828
0.0035375951972508855
-0.66867954055728207
0.68636192474601276
-0.60930678159306051
0.39705485032128163
-0.1304172728038604
0.97935823092418572
-0.15443053608484542
-0.1189641929556455
-0.85796189083816943
-0.49974885158828036
-0.99292440926900993
0.11785945921717902
0.014500529329029578
-0.1875976518057236
0.36651385413565846
0.91130385479465847
