0.52437938878168411
-0.63174667437727527
0.5708961341909754
-0.8916567224319113
-0.33406127022955517
-0.3055345431773589
-0.87523060650517459
0.0039582563435596853
-0.48368969147926127
-0.7144697004931494
-0.62196402581216503
0.32045873006169429
-0.40570636597035181
-0.74817110799304243
0.52501651190757237
0.57375024606524994
0.28122949830324717
-0.76923379048516138
0.70925771004325378
-0.58672285814650871
-0.39078099809559796
0.52155505282162473
0.66430898210670219
0.53541937130495143
-0.63850804733069211
0.65612303616761902
-0.40225618069102659
-0.07258309765177913
0.95948180312628617
-0.27226157166372722
0.97658051014186131
0.080938861392381017
-0.19934745528239614
-0.32042537308825497
0.77420155912996469
-0.54583836996127744
0.51065372133777864
-0.83968644058152786
-0.1848227756187058
-0.49359893808821703
-0.84332727282206887
-0.2125069392577007
0.28980029732595097
0.056680207840895475
0.9554073171736247
-0.77614417520861345
0.28229477281541066
0.56383497632803603
0.64910932012649469
0.048499475553016272
0.75914747671055471
-0.14009356538010292
-0.98330662474366703
-0.11611147520511449
-0.47426976400285686
0.84376289235944091
0.25126156178354275
-0.94446414988775784
0.020367782997685227
0.32798265654231495
0.41267703280547452
-0.29050949210890192
0.86330869426265888
-0.94154827933706342
-0.3224318322139566
0.097593807449890324
-0.58344424967650821
0.086515005845141879
-0.80753201873549962
0.96174202347230775
0.22059598829029578
0.16244903889410581
0.7865471720066094
-0.038058509751976763
-0.61635630607941694
-0.078388172709611223
-0.43463548234266552
-0.897188548671909
0.70974160675443376
-0.30465178638807439
0.63518040011652599
0.45535812689835858
-0.063732402332283444
-0.88802429987054643
0.82882859318531144
0.30060069325960248
-0.47189234612388437
-0.21434911387282202
0.1763806278307804
-0.96069991751220407
0.622940072519934
0.61170974231499542
-0.48760317595948982
-0.19526550508524809
0.82807780190969171
0.52550788434448459
0.90241038840088061
-0.047960085764366021
0.42820009467496201
0.29821861739785355
-0.42605926190521526
-0.85413064667069283
0.20753320762718888
0.2574236443601331
-0.94374945565881929
-0.044250347848733627
-0.79345227865659318
0.60702173619230992
-0.37143408464122124
-0.1544680120426353
0.91551971798663867
0.27515733095361156
-0.86724538622967617
0.41493840902695972
-0.46166863734585828
-0.87280370247606864
0.15835329562495568
0.15533814776420046
0.91547060556832749
0.37119217420299577
-0.42638860885048019
0.47310407401511667
-0.77095089946951312
-0.12997525825044703
0.13449061043491958
0.98235365726787638
-0.74149740046481771
0.58311233100252369
0.33190603269106278
0.1639341670425303
0.70885360031929545
0.68604093331990346
-0.1965664973229829
0.54104221579912082
0.81770100455689265
-0.20218825166226942
-0.51463632895231548
0.8332282759317754
0.15357215246221037
-0.92210679991611322
-0.35515439394239345
-0.35894814241381101
-0.1920845137299666
-0.91337821883532821
0.9073104702201632
-0.26760026842032331
-0.32431128097899597
-0.5074674961822313
0.59876645331722644
0.61964140815510937
0.62157747225606563
0.77235307905506256
-0.13081348270696005
-0.13965459053432219
0.98190424542423527
0.12790874935106608
0.86844627869837132
0.4770153389750949
-0.13512004809585468
-0.77292049905787052
-0.63166868033558787
-0.059904761240065142
-0.42881627087106283
0.89127332092397349
-0.14747363576377612
0.82098954553630366
-0.47109224794266696
0.32256512528235015
0.23026767834687312
0.97254851205446569
-0.033558724787841276
0.63187161521066471
-0.36564856419175246
-0.68340280171768064
-0.24566267297104044
-0.83761646430923631
-0.48790215189812142
0.48749580613937077
0.39134988449077224
0.78050823628299038
0.40321530188934218
-0.70954034736329608
-0.57790130280685459
0.97688110796266869
-0.20011737198660992
0.075208632049796803
0.23347016361628525
-0.97139465226424249
0.043406361900258851
-0.4745835163158646
0.25638649488066567
0.84204302222871952
0.33444592316427818
0.58254882139636199
-0.74079875483730617
-0.90055503175705709
0.3585840926935982
-0.2458009016341374
-0.68228474121945204
-0.27682415380662057
-0.67665051523541575
0.49297535611172455
0.84371939156178077
0.21239794389102959
0.044516985330905479
0.79301940019207329
-0.60756766613773328
-0.65497094705745029
-0.60161459199389544
-0.45724494662126713
-0.99520185817911599
0.0032576817431519442
-0.097788797857909407
0.78266289700114533
0.57966244718851567
0.22678235596535276
0.82543688834942708
-0.56314592440368583
-0.038995014803609368
-0.82847172909358413
-0.30056157764770058
0.47254347115859324
-0.061507029513297368
0.52135250012649126
-0.85112188077402118
-0.39309120383331775
-0.5649047271151203
-0.72550806663459266
0.025514820537556729
-0.23834085696447191
0.97084634718083862
-0.73382785346556889
0.34364861238498273
-0.58600538622438558
-0.73978845711672769
0.67183681355833569
-0.0367196768045858
-0.6905980129235274
-0.048902006075751889
0.72158365997841345
0.040623445974993962
-0.7230997163173698
-0.68954806641658883
-0.55783965197059915
-0.44222060647386202
0.7023217623705037
0.33732706065931151
0.85887399282123333
-0.38541655206057401
0.066411555965176394
-0.094564474906416479
-0.99330109499585173
0.78957305367816166
0.32964955981079991
0.51759594339782922
0.58960180064527878
-0.78390274319013575
0.19459240965367891
0.20244995445175223
-0.58320369024256657
0.78669401397871064
0.1347141630092209
0.3992502718904179
0.90689101587795673
-0.9341598189643574
0.33178554551606709
0.1313917212730113
-0.10239979379247872
-0.95822470646063773
0.26705747351400333
