-0.2191312142468147
0.65779779183141496
0.7206133332130561
-0.38882890459871716
0.21246560770993658
-0.89647668597069996
0.39425642427086716
-0.72911620547980405
-0.55942062066738474
0.86261200299580298
-0.48423141716391027
-0.14635732615417585
-0.44379474912313976
0.79969187901710403
-0.40439970237974071
0.39360383113602271
-0.197449966716013
0.89782489092188278
-0.15052639070383408
0.75880332243204995
-0.63368708647703975
-0.055027346789411555
0.98554575517689313
0.16022345508110031
0.14462949452200594
0.88677813942643535
-0.43898387299500941
-0.088688768740295645
0.30189844080860379
0.94920579103620317
-0.74089620163597858
0.4990592564907303
-0.44945820374346135
-0.69279880523785453
0.70617233129190193
-0.14611794543710763
0.57457027670555905
-0.78376210335811336
-0.23576675436999869
-0.091826097905822981
0.4725449727521972
-0.87650967848051475
-0.36413828158352907
0.84027788393579772
0.40166701340012034
0.97242594805556704
0.17783052839626118
-0.15087769456927136
-0.31359137695508976
-0.76065267544256732
-0.56839067167000124
-0.92340223699978108
0.19241865418717494
-0.332119511960072
-0.6019832957580229
0.56464078988529098
0.56462101450975377
0.66269442350422125
0.6517653415925142
0.36883335065473827
-0.76918137973873035
-0.45023557989035862
0.45348420883644419
-0.25424003525709066
-0.13447151253426043
-0.95774705261317372
-0.46402440932584521
0.53228558349501132
-0.70806313641735086
0.64813496208930166
0.046844820762185595
0.76008330706920424
0.25238319468691944
0.96337804112681136
-0.090584065454649157
-0.82874393788633072
-0.48654226796818634
-0.27651420740539051
-0.28752236095063949
-0.34772593036366339
0.89242230435265046
0.56230195043236508
-0.69274130239871656
0.45158166979062364
-0.1493061735876933
0.96313721793261198
-0.22377302331074231
-0.8937065134963319
-0.076757510435412943
0.44203727481513161
0.86602244553799823
0.49108558091979759
0.094021678548353305
-0.56062252922701739
-0.77899074333680363
-0.28084836036316108
-0.0025675538842512041
-0.99256148709490499
0.12171730363018282
0.43264298953512997
-0.43103261070842958
-0.79185284751144303
-0.9905320293374642
0.081849707340791431
0.11021308572411748
0.52545026740834944
0.42054685844710588
0.73962311776388101
-0.18727365292414638
-0.9554469374079656
-0.22814409639126215
-0.93129459300554562
-0.33833822429235527
0.13497268990922243
0.80015188147701455
0.53123617432030534
-0.27846919697216027
-0.55976658411975555
-0.74749700313827894
0.35764451848475565
0.34120563526348213
0.90380143962390991
0.25830538553849675
0.30084624271073102
0.18493992739538584
0.93556868347643263
-0.6217529785038437
-0.50950452534403778
-0.5948347437528726
0.36747092602973136
0.72407345711068472
0.58368034679148906
0.98152050097990462
-0.1853364512301354
0.047622536698257036
0.84832304908260336
-0.42858641400549452
0.31090463188107376
-0.90643959102716631
0.42150903850121402
-0.02640829945842383
0.24335998064357914
0.65979605579720912
-0.71094661162115602
0.61821592681340831
0.78600755443403336
-0.0010918822595500693
-0.43523816563901108
0.36579437838089535
0.82265558523365234
0.9638336330919749
0.1463881663824784
0.2226998708214723
-0.29980386430980754
-0.48369302700020622
-0.82228869539613902
0.84503341026799594
0.19989065721227692
-0.49594582434988277
0.86881808494817447
-0.096673408283460868
0.48560208751388823
0.70148748926599036
-0.70511273927024898
0.10359211998073399
-0.074453286008806713
-0.6935601754841344
0.71654099058247012
0.00054297964517524458
-0.057063026270490938
0.99837043035436412
0.80051912912343437
0.32241088724178141
0.50519337257670516
0.29446848706331874
0.34539421432675643
-0.89106180865091655
0.65301367681236322
-0.36520851145164057
0.66347259254567204
0.047664354280171899
-0.86335510626428125
-0.50234059145010956
0.9205321377456287
-0.1627262811717344
-0.35516297779115491
-0.74784535529877183
-0.6621360056449267
0.047992026281823225
0.59338781567957677
0.51945308659456868
-0.61486534381960101
0.23445590514479472
-0.95276512922733014
-0.19305190253184165
-0.42184044722037606
0.90612327425019412
0.031484106324000991
-0.58102807126579026
-0.16773238244876243
-0.79641209701963833
0.7111542608919188
-0.17320535167090528
-0.68136592471874247
0.38456139451165533
-0.91066397840620172
0.15100878214408583
0.18573858738199639
-0.86200897680653865
0.47163725580395438
0.061226261378882686
-0.62269565545592254
-0.78006503933574922
-0.64166271838167654
-0.22645583868282673
0.73279376973708976
-0.7010375234291164
0.67584237850148188
0.22755981667647524
-0.44719852412432592
-0.59140739482360016
0.67100728264973919
-0.70919957289229607
0.18846927306097067
-0.67934917304818576
0.60797417095213946
0.17755731230458463
-0.77384805246393873
0.70959659680248699
-0.50237382091721017
-0.49405790537483718
0.1426116019489195
0.55430515955391824
0.82000470796298974
0.37358465915361827
-0.068461282602989212
-0.92506624369794632
-0.39238143709125278
0.0093318167746473928
0.91975525278298231
0.018612719526607292
0.85961907474117971
0.51059633078679878
0.081504847262503247
-0.40888381125586015
0.90893948575556904
-0.86434492998178525
0.33946691609912089
0.37103915546601696
0.081743467515297694
-0.29957009957016245
-0.95056602135890511
-0.20887322698045424
-0.88279515384981111
0.42076678978985482
0.018254643555364453
0.11618841006057209
-0.99305942488667953
0.50385015048839921
0.78382798157813882
-0.36297206662215553
-0.83368983554789977
-0.16092946214268219
-0.52826410659686396
-0.40631691276931586
-0.91173219098788982
0.060423325910068534
-0.97252135326509148
-0.14744281280629243
-0.18017445544583671
-0.71592822737259387
0.15818686249417377
0.68001741873674448
0.33797862627515629
-0.59679948352346035
0.72773678253011864
