-0.68217150427534312
-0.13054941549694307
0.71944345772834861
-0.96687620144768283
0.16942291363638243
-0.19090910771636516
0.96337281425285115
0.033089367087975663
0.26611635527388888
-0.90152678468962788
-0.16096400998064339
0.40167156232192064
-0.48591487730308769
0.19407773188702021
-0.85218575791966578
0.80312476447534209
0.2926496672005478
0.51898630518910116
-0.70791108980366402
-0.48953268006230505
0.50913617440131442
0.81087019930759285
0.29378564734966989
-0.50614179168114559
-0.76299362225907819
0.53861122415084384
0.35740548626273316
0.081640805597824828
-0.14492161908126397
-0.98606921825204707
-0.23693026812146939
-0.91949955261097205
0.31366322831360216
0.71692245088099549
-0.25786970255564889
-0.64770781678674205
-0.77120322069149161
0.17761280269835122
-0.61130948357825032
0.16430822854556082
0.47522991744247672
-0.86438378721482079
-0.90219611744545969
-0.38934547402947273
-0.18561322021640486
0.49265462460309384
-0.86425288214321283
0.10177610998822109
-0.72168501433808407
-0.48505256397223462
-0.49385701398664039
0.63878834961796427
0.65646674205976507
-0.40124912580813854
0.65132672982665962
0.64437018041193495
0.40070008935511858
-0.40360344165982176
-0.91233652201607796
-0.068893631606656125
-0.10787600471448167
-0.51216715463436735
0.85208425247775665
0.64420202575106855
0.08500938502100501
-0.76011654006248952
-0.48323695986862214
0.15367683334731086
0.86189643897006241
0.23412986439281416
-0.81690462268275132
-0.52711483003132653
-0.090579777524781413
0.18730857238639581
-0.97811594538384428
0.80289646726396657
-0.11907643103128721
0.58410449957853716
-0.33891614933332809
0.79889370836783524
-0.49689504571021559
0.2585607795281592
-0.52720605232763385
0.80944431660176785
0.91142716369438503
-0.054776982135976177
-0.40779897928769177
-0.59150321037896514
-0.7680784844823656
0.24531488700576323
-0.090486218780293406
0.76171815588780201
0.64155880104767571
-0.12767286431628935
-0.73476099996714872
-0.66620260630272998
0.079800226992621334
0.92763775265629977
0.36485630543913555
-0.85420521255476711
0.51991260587446808
-0.0049332643437472257
-0.61573350729928211
0.74777911867333402
-0.2483921046753633
-0.95304050267424856
0.21590949935683135
0.21236027959554513
0.86770838859880983
0.46066106297070908
-0.18674457801487335
-0.0021959745073320746
-0.79126643941827979
0.61146757849151823
-0.11893600948542978
-0.43451593163799906
-0.89277664104771648
-0.4614298264989406
-0.41584117366503964
0.78368273778490238
0.13736587107862849
0.51176476874579147
0.84807277926683655
0.39876902385078011
0.89423101734651256
-0.20330802549952878
-0.25836529640654293
0.93789245767912421
0.2315277768246638
-0.11274119956232766
-0.92850971020827766
-0.35377837691157366
0.42286030336547592
-0.24213832413648601
-0.87324578202361314
0.32677233807425643
0.75208268963590685
-0.57235606663990557
-0.99198971653208179
-0.11948315089579901
0.040989985930854123
-0.59262672685569451
0.79579392286638717
0.12452146379332522
-0.29597673568123545
0.94477981874020711
-0.14067290441553271
-0.65560916570016436
-0.17255300227808673
-0.7351204549288185
0.17683399272355635
-0.94027907691520429
0.29086938053520944
0.090581956481394582
-0.18731000199759881
0.97811546982534858
0.9870270685012299
0.12974631818396151
-0.094569862871712235
-0.38199279168719574
-0.71593860886541361
0.58439149158323556
0.88800104493809073
0.42106993167633483
0.1848087033311627
-0.85497064477725315
-0.48937089089366348
0.17187590789610377
-0.33090270614624967
-0.13073683944647971
-0.93456475317477827
-0.44835020872756337
-0.50067925861645124
-0.74047442246524009
0.03245934914590913
0.93164390792123797
-0.36191990755727688
-0.89722008963170374
-0.11522334057328003
-0.42628592816138267
-0.81118754816362004
0.45276729833870472
-0.3701034115748798
-0.43720524781563969
0.74960673357813268
0.49693190303781831
0.32035476305910182
0.14828177490930985
-0.93562029745783704
0.27447790646729486
0.16766921250182962
0.94686266904992478
0.79553027805108367
-0.60588317083201215
-0.006095900795792095
-0.28028407200018673
-0.14612822577691365
0.94872935056015073
0.67457958392800643
-0.65292619023637832
0.34442673393760592
0.57796072230264772
-0.76547594592919377
-0.28285681833607568
0.52044625850238191
0.45205009592991996
-0.72442142622966499
-0.58031362062646363
0.45802803271322917
0.67338430555237472
0.079705355402390626
0.99681423395937507
-0.0029050466713775665
-0.25011425502004836
0.49329596600175796
-0.83312781094028943
-0.026466604289370123
0.73518965762202426
-0.67734458452326962
0.62282202261398767
-0.44230420396499931
0.64533690371921992
-0.56244715426305392
0.5307668649738656
-0.63398717156359463
0.21819682649797364
-0.54927155437257857
-0.80665414178775807
0.68623818403043479
0.72734034039299744
0.0072927371822831049
0.88802051121230241
-0.34882530180923427
0.29956715521555033
-0.092990064551899065
0.18483960263325458
0.97835942740539594
0.37783846169635332
-0.75397734677715589
0.53736045389460318
0.50357415338140576
0.46453289064483416
0.72843823729630985
-0.69837266909656526
-0.70225568313798992
-0.13824822081797014
0.96770539154576507
-0.24622674274561077
-0.054024682601053559
0.44875651698544106
-0.20224546799353518
0.870467896673491
0.41572249931569288
0.88726196246572198
0.19985247940465889
-0.045326728824521267
-0.99894402681060213
0.0075045954912493816
0.26332461446422534
-0.9481534425364827
-0.17794717424978679
0.53623584811455383
-0.58340965804157729
-0.6099871196186647
-0.4585989280788777
-0.77051853465463105
-0.44270555781307336
0.31982162789222335
0.74808884584564239
0.58144406872346954
0.82166883468797458
-0.45264083752782469
-0.34637638242902069
-0.80852090692355805
0.18445457162606649
0.55881164454022547
0.60683987630115677
0.11516257727185134
0.78643686671397939
-0.25082758726474191
0.49134882347031783
0.83406345990055386
