0.88256103190846491
0.44382111817970399
-0.15527021612138878
0.61219113536365166
0.70681141282404303
-0.35445682456942923
-0.24465475488445543
0.40038417747101096
0.8830835528664821
-0.11280036376916826
0.83090983096112037
-0.54485312768277794
-0.70204891863703478
0.6288449904995822
-0.33418751287884801
-0.0074628817854854234
0.9745175496229721
-0.2241870889955398
-0.35927234566058558
-0.89425725390531818
-0.26688451712540379
0.90402665078789846
0.060456835782641639
0.42317937765487307
-0.72469758707653409
0.033455155631205262
-0.68825442958773708
-0.54590836716994551
0.17700162457708427
0.81893496661878884
0.49732389903104002
-0.31289918102486447
0.80917429640747551
0.72954167853885088
0.35577082410114291
0.58411990206900977
-0.48297844035265136
-0.56653805661829459
0.66765743952845036
-0.90686405880128251
-0.11721034550321924
-0.40479539740649184
0.855765352622331
-0.5173310225704143
0.0058544288728332311
-0.19763735561242732
-0.78987893329070713
-0.58054349226398305
0.74109834202455738
-0.58291651706935521
-0.33313898237249917
-0.49304495808835258
0.79103010959435627
0.3621850839264304
-0.29538723093797298
0.95484635193668921
0.03185636501537651
-0.18348489805734497
0.71359136488939212
0.67610698572058869
-0.99304329651967782
0.094221590497702803
-0.070620840560096751
0.077727325833185715
-0.92244147253188002
-0.37823298715479414
0.1585209298699537
0.83490712959077185
0.52706849626178898
-0.88727755873051228
0.2644539978498221
-0.37789233492420632
-0.44419422021139893
-0.13298930150002303
-0.88600527110019112
0.43803405490012476
0.33993645267573447
0.83220753114231827
-0.9493677904005775
-0.15727799301181491
0.27196402604774911
0.49103464349758313
-0.61956401144712947
0.61239318628209993
-0.1288788799247802
-0.65447880551899507
0.7450152531564459
-0.094823855012214631
-0.23758879799562413
-0.96672643472060749
0.27634882721432735
0.84452854747349382
-0.45869691322220235
0.23066836853140915
-0.72444801497442568
-0.64959000712655079
-0.81054678851475326
-0.50347491920931742
-0.2992104766808662
-0.42253271903949569
0.65556899700514704
-0.62585572738991213
0.68624708463916162
0.018272544884438323
0.72713895022044961
-0.56228059919895323
-0.20800789075618306
0.80035819802612762
-0.44515488662951908
0.24271169392926989
-0.86193280511873094
-0.24187281189779189
-0.35374907139738415
0.90352594724786051
-0.76605022602267903
-0.39960256791148208
0.5034727787369957
0.2681290758512862
-0.39486987540460489
-0.87874033717651023
-0.63011550630039548
0.77649984608672162
0.0015613286309808577
-0.39599044514759085
-0.48475636858295229
-0.77987359903389575
0.1213253626765147
0.5594725111401011
0.81992113379885601
-0.55368513149602272
-0.67397586350648664
-0.48906984222186289
0.28695800535925298
-0.95709095847832626
-0.040398024200172432
-0.8834743327997755
0.46589218860851228
-0.049168810007587362
0.42014872093632277
-0.85399745643120961
0.306860549280282
-0.18355313278392846
0.49694943451766005
-0.84814474411964824
0.55602168576180566
-0.17701922505839948
-0.81209856478282449
0.17481588915843119
0.34215306922819255
-0.92323923341432734
-0.51070514902774589
0.55938051065495686
0.65289638921956639
-0.16085201882011316
0.91459949511114513
0.37099109367198074
0.94044129897348483
0.11237250914684591
-0.32084666489322627
0.77332523263448871
-0.3098126107367829
0.5531584138375486
-0.12301344366521726
0.12443308634233166
-0.98457305452716215
0.61272906579404041
-0.79020102487123989
-0.012059528332604336
0.098316472730956964
0.98687257244507087
0.1281264880709341
0.3811541780692031
0.91742708352354441
-0.11423239014339955
-0.69804362506378936
-0.33757859126360285
-0.63148696916744473
0.07207817755184126
-0.18408573215269869
0.98026383159770314
0.46915763611799943
0.55842391750193521
-0.68414460520708842
-0.83710225616606604
-0.52745971440554285
0.14507261078820077
-0.25439118990552834
0.017045323253189741
0.96695117738882952
0.6940247454801507
0.71995104693637757
-0.00037772533124480435
-0.049103515814258779
-0.56792144644303444
-0.82161674484197944
0.37023496056697686
0.0014507119738222023
0.92893701046343191
0.44596721691165875
0.64179057231042558
0.62387346692540613
-0.37850430659445039
-0.91659451512619683
0.1287982326354922
0.95539701569034374
-0.22958146658626721
-0.18576569276936938
0.941224324156685
-0.24877814746436208
0.22848677195844772
-0.77002537689989348
0.56922810474608665
0.28816711071417467
0.42085969675131768
0.86831230896928746
0.26250876126867456
0.75651285425096393
0.40804040241631129
-0.51106881273366167
0.042004296445552335
-0.9597195618982276
0.27780209068685657
0.45162498856389094
-0.81520737525416775
-0.36259040946483401
0.54770599365616845
-0.52924092130232991
-0.64801403667835011
0.72229394330620622
-0.60659059711248453
0.3321736096650223
0.070581588414757937
0.22070549832873337
0.97278328644375622
0.89894129709282544
0.38455177128202217
0.20982011244141413
0.12794582694921736
0.65573586436379216
-0.74407011870747197
-0.80745551069850774
-0.032823584722394931
0.58901460977515985
-0.66827318647553546
0.39951292421396961
-0.62753515568758145
-0.40059771226267915
0.86415202528149582
-0.30456977875652202
0.23670046749889978
-0.029707950325319515
-0.97112837790545004
0.16340403670222514
-0.797190258969392
0.58119429779870657
0.99600828773439321
0.078893156053016208
0.041753571013708655
-0.76095016782955904
0.3255614536704784
0.56121705423492863
0.81002877130495676
-0.27190037593778921
-0.51954169729009336
-0.079294428503584008
-0.99501905694853865
-0.060410842714951986
-0.94008371892750597
0.21657936994205348
0.26331725716886306
-0.60189284641374718
-0.72066564626832141
0.34404364218020334
-0.65166097756040908
-0.75446511562861218
-0.07823272732378031
-0.25534270692960476
-0.84608043854265635
0.46791878946386445
0.18646949278977468
-0.50087382835692296
0.84519496941581695
-0.96012785647758647
-0.26959616553118881
-0.073975717276919581
0.76833954063605669
0.068006538714378575
-0.63641924938460426
0.50707382082307373
0.22100603233214025
-0.83308611434154534
0.68741336663130514
0.63649399880067825
0.34976885634278093
