0.5430639648024541
0.56925201794379
0.6172792481526992
-0.512856129868824
-0.8544682811199307
0.08284048898891869
-0.9931673896335197
0.10686485829759598
-0.04688750611383535
-0.957950387554784
0.10233642562331786
0.2680640053686476
-0.30965685545818544
-0.7087696275501363
0.6338440241338479
0.6507968904638892
0.6200331144623072
0.4382035421270625
0.3856193454971078
0.4921099997378758
-0.7804649053842012
-0.3736308539470683
-0.14844636819402274
0.9156220075712407
-0.5254000097533633
0.8273902762296149
0.19844435127220716
-0.7278714315922579
-0.6571349238397275
-0.19590015554356408
-0.290662285492208
0.9565401983643664
-0.023372734232540743
0.6068800527146042
0.07179730479551327
-0.7915439019038801
-0.5645154883541222
0.6471443274709393
0.5123733822423767
-0.48684503929096773
0.8418361325709479
-0.2330103723351498
-0.79380081757392
0.5853073578907654
0.1652136762435488
-0.9620330896827292
0.2587794108601911
0.0867499329703157
-0.04542381863876089
0.3256311000586917
-0.9444051373085807
0.6328626631840035
-0.6029745169961208
-0.485702152971289
-0.25634471736517705
0.9625280499713696
0.0884711190009502
0.2443273946749006
0.0597343285977343
0.9678511942433885
0.4933255156918322
0.472234310146778
-0.7304961956694808
-0.4891373176669086
0.351885623886217
-0.7980734252985934
-0.6592435993181611
0.6709047845056422
0.3395359287107532
-0.020466025592035465
-0.9050866334378835
-0.4247344202775949
-0.45923912393673005
0.6952735387783887
-0.5528961324881929
0.7938402999212268
-0.10012561020617448
-0.5998270087298653
0.9094016043548726
0.15559548364210296
-0.38571850806898544
0.9994015496369408
-0.02360437237900774
-0.02528588910587491
-0.3112192303599817
-0.9020175859470594
-0.29917697989046577
-0.5257730704745349
-0.6429602203716868
-0.5569244413593032
-0.7161642384817084
-0.2990126122247837
0.6306347922929925
-0.7184390056161866
0.20991812588907263
-0.6631589369317468
0.30034504776303245
-0.3139877180315391
-0.9006689542831864
0.7253921783598336
-0.6603600259890098
0.19424423710928876
0.40722511899585123
0.21460821261321317
0.8877561700927664
0.9707422963267403
0.20937727578688145
0.11756083746873874
-0.616217942853728
0.586426224582988
-0.5257182991169914
-0.38146692233908813
0.7416706667469247
0.5517314647981536
-0.45184610637762807
0.25707218813099414
-0.8542534672103592
-0.48578943609166775
0.8666711715522601
-0.11353283305710356
-0.43623623694956726
-0.6392072783454665
-0.6333340357838527
0.0476238891352447
0.7799261624140859
0.6240570057019396
0.6142577882962305
0.6374331605487827
-0.46515194866861836
0.3623202694477316
0.9317356315906837
-0.024346153117752522
-0.9065035314479756
-0.13428195704370688
-0.4002745351441447
0.1561704614572476
-0.6932785840865698
-0.7035450176180278
-0.08843798810981474
-0.6632452019903643
0.7431584785870702
-0.060956155267384446
-0.14288629824103755
0.9878602395632652
0.3117895771418067
-0.5798655471147777
-0.7526906448568451
0.6001697568249293
-0.5362348745738624
0.5935051998790399
0.3934767161107235
-0.6817876416260648
0.6167184816467638
-0.8363218075628533
0.5453797990235647
0.055916983214566764
0.46809193112091335
0.8347976900208134
0.28983229764021806
-0.6830314748654182
-0.6203475180871726
-0.38553464325045633
0.6458152226573574
-0.6360867239094179
0.4222752394472259
0.6074829070817879
0.25869863160016954
-0.7510256557612792
-0.5752652771403161
0.7608847020440774
0.3002071470034831
0.6586069844057643
0.15376721099122692
-0.7366087733090918
-0.4395142191013314
-0.7198493373983008
-0.5372561611140201
-0.4208600473462485
-0.552477112070872
-0.7194761018863258
0.5682061306654097
0.6364728515860587
0.5215784718219825
0.6728227913328081
-0.6342857982052341
-0.3807768607180292
0.7004954783227784
-0.36168943914566826
0.6152128367157449
-0.7877589430376537
0.48387190704052063
0.38118738861768303
0.8692542741239357
-0.38565122939584856
-0.30930589419333815
0.055863100257330545
0.9371508231341411
0.3444236471681947
0.5240414418350527
-0.8104223684887891
0.2619086708997251
-0.13506132844524676
-0.6827057779637253
-0.7181025402361072
-0.3978978140116819
0.8978377970545635
-0.1885858419525004
0.3687113584179804
-0.7784073959940102
-0.5080687552245187
0.7257959051964966
-0.6689414623369069
-0.1604294984301798
0.08219869279416936
0.34315369351710284
0.9356756476089885
-0.5227680627536154
-0.7185011093101619
-0.4587697772139079
0.09902113454382412
-0.27380063194665716
-0.9566755086544576
0.5112173291720978
-0.7750476653511259
-0.37142692254051296
0.3313911638238609
-0.2064948863238738
-0.9206192255550377
0.8958497673778676
-0.4140874904838853
0.16119784277023883
0.9475804610636819
-0.31942642234956825
-0.00761777626969247
-0.02909899336188312
0.37947021471680886
0.9247462380178164
0.27608173181404544
0.5163511895041302
-0.810654258273049
-0.5063584536992839
-0.18145117617805342
-0.8430163622557223
-0.7244021904509189
-0.2848856761346262
-0.6277592038379266
-0.795096709142732
-0.5737561574005331
0.1965326816470286
0.6719610701996104
-0.5517389602180603
0.49401663930852374
0.802155801275431
-0.4669333551467363
-0.3721818269765238
0.6133803578305166
0.7813148226644105
0.11537627361198707
0.32658551108832246
-0.5641593065089938
0.7583311814942535
0.6398994252849791
0.7643822041376293
-0.07904790647229624
0.2566178308764499
-0.8040215686166211
-0.5363735695161852
-0.1942137389853046
0.9302769131957423
0.31123285232177683
0.3704064534548295
0.3252280671840795
0.8700722749029088
-0.43997731204134505
0.5930924006016125
0.6742858216198003
-0.39280115714693625
-0.8941547370516026
-0.21492919101929175
0.9728738491082481
-0.22197768418525882
0.06513356619325406
-0.06635115845049472
-0.10850983235652219
-0.9918785913881983
-0.7158171037464284
-0.6581253714007707
0.23340280525879015
-0.21868021329914822
-0.24203010577286466
-0.9453043912999742
0.2983536317745814
0.25271628068299967
0.9203909994587457
0.454917129815998
-0.4492645764468497
-0.7689029492400241
0.4037778754567973
0.9111986252402753
0.08173428076289135
0.7973114906958013
-0.5863647718237899
0.14307599787691172
0.474754328155714
-0.696336247543516
0.5382603071511329
-0.8858891247350582
0.061806554509138543
0.4597612516250815
-0.9042988865625585
0.3811430352219914
-0.19228497201675615
-0.6275882154107202
-0.7765371549531096
-0.05588451355176803
0.7883021425076293
-0.3306986434390575
-0.5188623510580127
-0.5845999234203432
-0.7671004447867
-0.2641965880645996
0.5845535313000443
-0.8089234064326327
0.06277014871795042
-0.15184762618250525
0.5802182331410999
-0.8001806673204236
0.7033542153557114
0.2337763205032191
-0.6712983537245772
-0.9205241562193097
0.226024307300672
-0.3186664248488995
-0.40839748327297865
0.5160010261278581
0.7529637685116691
-0.8408141551287585
0.37220578169417295
0.3930577726092459
-0.8473415672639178
0.44119358996200936
0.29556807094671406
0.9571777150305315
0.21933071057091078
-0.18895730006906383
-0.6497633404938656
-0.7401518958784646
-0.1731553417534872
-0.6641574666463553
-0.7325528634958164
0.14920174825374952
-0.9369923731356846
0.2892768787376826
0.1958677618020434
-0.5924312352306834
0.20090992743291017
0.7801669261010424
0.9967132921943866
0.0006321068734739256
0.08100749103587954
-0.27704059189500513
0.8860416541804239
-0.37172395335743885
-0.25652938347025606
-0.963247405900713
-0.079668754489558
-0.27838772820765584
-0.5397723085061394
0.7944470578668746
0.4235826871361781
-0.8755016684806175
0.23253932064523916
-0.20682236087301123
0.8584104485923356
0.4694209334812614
-0.29786244986897814
0.9196953729455066
-0.2558092686762462
0.9368845192382182
0.273656033472936
0.21762300649433144
0.9567173320905195
0.0668334460858186
0.2832405990706361
-0.5245114921345272
0.6099978412041986
-0.5939615546018352
0.38667292271138626
0.8425308542699624
0.37500108059172516
0.336781036494925
0.5346788799986302
0.7750464687622377
-0.878412949450024
-0.05276607089048224
-0.4749804543360605
-0.5651372926882101
0.7305932749565499
-0.3832144399697164
-0.7763786634106578
-0.18310892168057266
-0.6030814984740107
0.7867732729477174
0.499214258777357
0.3630054280703122
-0.44749856420003614
0.03536913406164544
0.893584948057338
-0.24305473056096072
-0.8425657667998409
-0.4806322154921944
-0.5887793802552254
-0.5951665093431987
0.5469146803135796
-0.09452295538999052
0.8572208288730343
0.506199428536392
0.7599904138069808
0.6486771421806995
0.04040465485281085
0.5361084162921937
-0.20974371311061216
0.8176767948225321
0.6969359418634979
-0.646379922254393
0.3106014955618273
-0.49894776219238174
-0.47066906713806544
-0.7276824581110897
0.5557222910080019
-0.40525681368209093
-0.7259060891334752
0.24263173767241752
-0.934774503398477
-0.25947344309233994
0.8339701693430785
-0.36130850320089564
-0.4170730417572027
0.6147909206272323
-0.44165852762367713
0.653429314380374
0.9952779002653227
0.07859416327892826
-0.0569636615917156
0.7585686668611391
-0.5654326327509404
-0.3238201900389391
-0.9210450035411571
-0.3594638117848531
-0.14987284433469988
-0.9392615052218206
0.26744787068867454
-0.21508012756304096
-0.2317476728905022
0.12025349705391819
0.9653145148375942
0.6921132236011612
0.5646472273873449
-0.44961405040344654
0.32738741364622004
-0.8839596855433668
-0.3338154515898133
-0.8454437912014195
0.13692770274850885
-0.5162127469745267
-0.38064135804405896
-0.36754472190640924
0.8485417101976278
-0.7035606377176011
0.051642143315771744
0.7087563178470836
0.6376368557786248
-0.739016710914039
-0.21742479422215197
0.3911726916610187
-0.9203160606247506
-0.0015079306396510827
-0.8418315160712596
-0.5354743691944645
-0.06772664531006108
0.853638908357842
-0.49944833264327715
-0.14782414267460503
0.9409291560655584
-0.3194126903507434
0.11237373584897868
0.14318039556563053
-0.2621698878980826
0.954340779913117
-0.484796982095935
0.5337291115243935
-0.6928961838991863
-0.9863275668969439
-0.1310628888004331
-0.09990220196992697
-0.054154598229673064
-0.7614374807161585
-0.6459723232857679
-0.3877262797888773
0.805419640065537
0.4482940277962422
-0.3160268308301597
-0.8895140253429963
0.32998763751623317
-0.29544734930989286
-0.15236741467209441
-0.9431304441761489
-0.062135493937444185
0.4822137558656292
0.8738472830232483
0.24523781913950143
-0.2030754357347764
0.9479550513947548
-0.43325357679600823
-0.7907844095142941
-0.4323787180962941
0.34722787769113367
-0.4844184493252281
-0.8029766913849073
0.015540979304310552
0.9972723129745795
-0.07215546920778261
-0.8569890178850255
0.4858771642916429
-0.171735856606509
-0.6977643893942453
-0.41821983033019483
0.5815642960256924
0.6371609572669824
0.7380150798719588
0.22217033198923983
-0.003332696999228168
0.2653741071076401
0.9641397597898004
0.5691559262772379
0.3021358985026882
0.7647061072199387
-0.20588743038056587
0.9736187342030169
-0.09837136992134776
0.07610812938082324
-0.6419907031932481
-0.7629256121376385
0.07628518075416892
0.9828311525216431
-0.16799850246440473
-0.4332531904445376
0.0434725445053035
-0.9002232005696497
-0.7881015532486814
-0.10140104636548641
0.6071357093459422
0.3786073890551673
0.8996923494817124
-0.2172789019599123
-0.9583313575965902
-0.276379454563284
0.07221776888258262
0.3286680614122926
0.1367011429392424
0.9344999213090337
-0.806491079652277
-0.5588770872483284
-0.19294698699417118
0.5818690637083602
0.7156656038479923
-0.3863303459062527
0.8517831404358065
-0.2487747986795084
-0.4610602793684198
-0.1697791893172691
-0.18343050037015562
0.9682604393492099
0.43634061916999534
0.5805668951506151
0.687421955073825
0.1250614417223431
-0.579275711614778
0.8054807792415171
0.12964874899108778
0.9900189623902679
-0.05525989497586035
-0.6395848378620509
0.6451736503248502
-0.41794999234774716
-0.9786814432578516
-0.20490925142122535
-0.013958198476950328
-0.7946771595594552
0.5482974681665924
-0.2604958703638518
0.701120133712405
-0.14693798221904872
0.6977390540055027
0.05406004524760019
-0.8971384294361543
0.43842918463151803
0.8243766477266955
-0.39837683464140544
0.4021181919585214
0.962256010804301
-0.20784501394250698
-0.17568101733036465
0.40002700712444317
0.05570813788764303
0.9148087215063879
-0.4808802629549748
0.8244182367166792
0.2984773754731093
0.20835749877545948
-0.7500322959853953
-0.6277250255349954
0.683064418173061
0.4135004855934263
-0.6020301894754935
0.30656183241823837
0.8265895247667919
0.4719847459931107
0.21359159651077003
-0.9054684705357637
-0.36674988584266177
0.8420481939744195
0.39395270701412666
0.36845095149919216
0.6632417520394912
0.0789723578106456
0.7442269445897627
-0.6630146283066362
-0.38175150199051794
-0.6439544963577757
0.37568870358244144
-0.9195608162206381
-0.11517770301659239
0.13354586354145506
0.6879243916950362
-0.7133901692916588
0.9300802132995445
0.36733600742852424
-0.0038800096835999048
0.10464027284779917
0.8258499512638127
-0.5540959044207928
-0.869241976340164
-0.4935273478536763
0.029140066725423366
-0.8215049130008065
-0.49483023896747497
-0.2833243945002418
0.9912755304238496
0.12540829790077546
0.040565768827249826
-0.035528720769119095
0.6010206251897414
-0.7984434345005552
-0.1851116427666047
0.18612024918412476
-0.964931568846148
0.8791408011245673
0.19956004793684406
0.4327669569935977
0.1609592518727405
0.7530575065375623
0.6379627818956186
-0.7276087405438304
0.6758401259262867
-0.11758250240644613
-0.05374480486561447
-0.4061229891040189
-0.9122365996117311
-0.25691669887643714
0.4271256675862235
0.8669241454288011
-0.8030524941895915
-0.2690635960625509
-0.5317061903436564
0.30062383252902064
0.10285727696537504
-0.9481802001153745
-0.3796518283057159
0.3675706509396722
-0.8489736779381991
0.4953567604761348
0.39999907443382243
0.7711176436203978
-0.6285328078986684
-0.7326031016890963
0.26122634781072807
0.28208210657396215
0.31409658533880885
-0.9065169718374259
0.4753780617428707
-0.7409024118716877
-0.4744252464786288
0.8822432382882558
0.35300535374671743
-0.3115029513837818
-0.9167401227286343
-0.3953272440588641
0.057479713676320765
-0.67915899401993
0.16973843496335808
0.7140951789068644
-0.6485763799348393
0.7569759940997284
-0.0795991441370264
0.42647103571832595
-0.06151588982290176
0.9024069209578542
0.7457127624154499
0.0546660662409482
0.6640211571723139
-0.17724500223461262
-0.506249145921832
0.843976309760095
-0.6676725464581843
-0.6868816723026399
-0.2870660881413417
0.03775355474158408
-0.3165326733394558
0.9478300141971403
-0.353004638672446
0.26928155450560765
-0.8960330180739877
-0.29426819517408725
0.5180452195417086
0.8031409464215907
-0.22680632919516977
-0.82418161599167
0.5189253827848196
0.7313143329968623
-0.563886691032658
0.3836810472639926
0.9793887466883229
0.18703963086633407
-0.07624866782876581
-0.32412267017085805
0.6314975128649407
-0.7043829824227066
-0.8365618778853728
0.0312439962137286
-0.546980838027709
-0.37560612504593055
-0.9004845038590957
0.21919784929971123
-0.3745751861626388
-0.5666482933911091
0.7338958655750609
0.24866136988364027
0.9310559347585733
0.26702503530274163
-0.865470707406319
0.2956959289365452
-0.4043814687049338
0.8926772376944769
-0.2769391947175971
-0.35557282198071255
-0.27621409820070053
-0.22419883841774452
0.9345804688775107
0.6389128969291679
0.5492997329418641
0.5385722918305165
-0.9742006803150184
0.2245176018350422
-0.022910280225193366
0.7737816194241018
-0.5758075017102621
0.2640222081863589
0.9667664240213748
0.01761239013125722
-0.2550538866568933
-0.06712690828514825
-0.25508577155330886
0.9645855210063701
0.7655803850892834
-0.05786744600657977
0.6407324189232353
-0.6873065576742994
-0.5469320397849889
-0.4779906271408848
0.19645195291940867
-0.6080289991920567
-0.7692251727132027
0.3137443908246977
0.9404769835851943
-0.13064264454049232
-0.5848261481395792
-0.7222841188212613
0.3691666671719113
0.10330069356590707
0.44278329292207025
-0.8906581399268133
0.9858030379603518
-0.10557779223109386
0.13055918250260673
0.5205594254280983
-0.23111943614163216
-0.8219499320734459
0.7748876907514763
-0.1696282874202338
0.6089132210986413
-0.09431779484541936
0.18137207296136948
0.9788811596538125
0.7027617972722839
0.698974063958995
0.13251835422791908
-0.7176917124437923
-0.0659278443687974
0.693233095882172
0.7440280499090488
0.2575337483743837
0.6165213941111675
0.9204820990521393
-0.31804501953253284
0.2270684277373638
0.8321665426333227
0.551704444373849
0.055866370741661425
0.4319432325171538
-0.6960409669590726
-0.573543386499497
0.09575052163949883
-0.7598573070495923
0.6429997749059522
0.4035764721621595
0.7178582088918027
-0.5672791403214107
-0.3287656589677451
0.6000169860825625
0.7293097818457547
0.030215957869158788
-0.8058222190967976
-0.5913861235267208
-0.5398964070701643
-0.2873080728638607
-0.7911800938471482
-0.3051251973426698
0.20901417267810554
0.9290918628242762
-0.27898171885265655
-0.4387102817329561
0.8542262517903599
-0.8612461063986899
0.17886025296707994
0.475672318010675
0.8560784565397354
0.11440027562325422
0.5040260441543352
-0.030408150554870447
0.005629565535810986
-0.999521711806057
0.718761920412308
0.52704531501973
0.4534363656357576
-0.2234925184756174
0.9536715440788229
0.20139930536061837
-0.3071848501452966
-0.9433325068818668
0.12554381426890054
0.35976501244599085
0.8915589960327606
0.2751212322100784
0.6247604341310369
-0.2340831066019433
0.7449023420207388
-0.7573994136718798
0.1351665386739501
0.638808371103883
-0.997258383645475
-0.01197211114292104
-0.07302317990608277
0.1774991793292361
-0.9817567432402636
-0.06817432390364195
-0.08093442638792872
-0.9667395956685451
-0.2426193990427697
0.7036034859684691
-0.6564084572694274
-0.27215817415280463
-0.9016962396412477
-0.428115659283493
-0.0605051542688186
-0.9219707309298865
0.372309668812636
0.10656210310066237
-0.2263241517630462
-0.6153792722308112
-0.7550402172317807
0.06588934935547716
0.7613901898564731
-0.6449368747651476
0.1737959007814274
0.9832943156889532
0.05410428453796767
0.38577730241103886
0.018826316717430652
-0.9223998280265
0.8634547367478281
-0.5035224390109259
-0.030183952693894033
-0.1089466626041313
-0.9311031911458133
-0.34810554742133143
0.7227385656406993
-0.5398936531688653
-0.43146704277801085
0.9608960927653537
0.16482614055204747
0.22251076895061417
0.10900621461047598
0.6147353187651539
0.7811646004773896
-0.25293218365703857
0.28105305563125965
-0.9257615731876184
0.16307750855672865
-0.8647216547891545
0.47503914148376886
-0.7008498868457581
0.553178992127065
-0.45033591770762915
-0.4752693766345379
-0.40790671286032204
0.7795711213461569
-0.329644413010424
0.05556052243703074
-0.9424688797607788
-0.7673348475779797
0.6370461576958889
0.07327635810671443
-0.020802352643704412
0.9030130408031123
0.429109205522328
0.32735127414039455
0.9290961410908605
0.17210898851812506
-0.03322463010334023
-0.8634812198000363
0.5032855124153066
-0.3381890630264502
-0.6275767582682349
-0.701267117531419
-0.7464276585086788
-0.37053697807389513
-0.5527640531846448
0.913838595342019
0.089212373397896
0.39615675444959947
-0.2003421176248195
0.932926732554969
-0.29918346810930657
-0.35885975296803596
0.6742595545381357
0.6454407260266081
-0.37921332159103555
-0.2601433588018451
0.8879880008193737
0.3430841017096657
0.22013717906329208
-0.9131445239107158
-0.0798458355803574
-0.5699142984697064
0.8178155873668933
0.6177157549040746
-0.12374845399337575
0.7766038670245846
0.47896287778467167
-0.8739729288478664
-0.08225497763240841
0.21732822615818756
0.81735300047808
-0.5335752193687553
-0.15708853018718794
0.7403699555162004
-0.6535866603998038
0.8078782365447095
0.5872135092001399
-0.050130325455434346
-0.7969530845585735
0.3528284360757729
-0.4902834646496857
-0.8662717848653722
-0.4780654438072687
0.14500560742095944
0.37597706849852824
0.6664331171084423
0.643823069161379
-0.3354072976744485
0.92782069865786
0.16325040829585866
0.24054490894298913
-0.08431465901645663
0.966969071406396
0.05390368774316985
0.45286340541325537
0.8899489471229213
-0.14591048958461375
-0.8772606407834774
0.457300663854035
0.5236997845597126
0.21321034154107577
0.8247908134260763
0.053239892873990544
0.03071389120852277
0.9981092979697148
0.0056128685244906445
0.12150561724754498
-0.9925748740947556
-0.11858896940837244
-0.8177158705576348
0.5632738333819791
0.5612649523847187
0.6127661881620831
-0.5563265694445035
-0.4768779961045424
-0.8562897453091585
0.19838157401758022
-0.010921441307593004
0.8235235991537648
-0.5671768716693181
0.6221884600691744
0.19273079447736924
0.7587729311308301
0.9213791788228413
0.32972174365959744
-0.20577653070703067
0.9226384960645136
-0.2983287422758474
-0.24441392577331456
0.14186765202224494
0.5182687786985952
0.8433688649315682
0.273961189939812
0.3771617208206626
0.8847001202409541
-0.33138879465248455
-0.2607897722880621
-0.9067359932464985
-0.054790527548382595
-0.030460881160130227
0.9980331321203312
0.4484180428435009
0.3937546095946102
-0.8024204423339427
-0.7966468598190573
0.21813495514936831
0.5637117366903214
0.6288395892038778
-0.16675468419737277
-0.7594429842642124
0.6403096178415155
-0.728843949062359
0.242466680628159
-0.5470985891435056
0.0014967011986979008
0.8370668394117088
-0.4386207995039547
-0.2759112830413227
-0.8552688221448288
-0.5407654007173501
-0.6967486554189573
0.4712898180089177
0.13234267553217802
-0.16316486803133254
-0.977682280740171
0.987888138403458
-0.1162389943077459
-0.10278872605531149
-0.46808274815189393
-0.5121062815575175
0.7201706028934416
-0.4171821075830427
-0.6293531411160419
0.6556475523327618
0.6476490931016022
-0.35982012494165244
-0.671624992009414
0.06641894927624074
-0.8667513965980743
-0.4942980271782683
-0.5806971901487049
0.5186117847997581
-0.6275608257533355
-0.37597886695834004
-0.8262955467929558
0.4193752030710128
0.4295257529267299
0.89598907642153
-0.11274396882325809
-0.6401153461956803
-0.37692738291882855
0.6694610455961924
0.8838022817014471
0.00639279428890978
0.46781690760434813
-0.4766925524633558
-0.3005843074827445
0.8260830978304119
-0.9987963385033451
0.027783942218338162
0.04042185976818849
-0.8806560553238145
-0.3969591137054904
-0.25858919982793177
0.6873948815435083
0.3693099123872124
0.6253786576469776
-0.20933723271305055
0.650083690332313
-0.7304581566140279
0.8334565417867618
-0.30123673364313225
0.46325654151546375
-0.06508474368219182
-0.9533746367473801
0.2946875941512031
-0.5990807416513773
-0.7074314856497625
-0.3750239433606946
-0.07215969973779628
-0.4691674975126695
0.8801561435401394
0.6878813758765058
-0.03458697739618721
0.7249985887688617
-0.7530658923794221
0.45562490666841204
-0.47465535513484436
0.23305770552648222
-0.5259251799595909
0.8179772680088385
0.4668561810052059
0.31103415955236174
0.8278303315588229
0.2666535024225089
-0.41788875498723427
-0.8684842532257153
0.8880515889785622
-0.10129042825060061
0.44844690260660813
-0.12555269693705923
0.6624673292484626
0.7384941150545752
-0.5167338792419881
0.5047755951440535
0.6915111688110995
0.03346480792703708
0.15904836852160853
0.9867034625970567
-0.3604554370904446
0.7076495981798407
-0.6077038127804089
-0.024402572661810326
-0.6803805592563333
-0.7324525984891609
0.8330785405427241
-0.08012040850733254
0.5473215375150359
-0.7753370965771829
0.4132788823312951
0.47754890020840746
-0.8929377968890927
0.3995680794165867
0.20738235411479433
-0.33861558398421016
0.086773263603143
0.93691509060677
0.5774970161939986
-0.6929470166889673
-0.4316498909404342
0.4445601988159745
-0.28829192629916817
0.8480884357538522
0.8583776018510989
-0.5048410431260812
0.09123274530411844
0.11039937515732208
-0.9850885281886738
0.1319566959117478
0.761255627400518
-0.43860077465907
-0.4776182892431019
-0.8388355634055881
-0.2518500614693445
0.4826245374034739
-0.6804853765049952
-0.4673095490537503
-0.5644124712708213
-0.6522262370369629
0.6921042547443438
-0.3091805884679373
-0.14494554462412867
-0.0195503782001344
-0.9892464666633116
-0.8260394981896246
-0.42471654285302596
-0.3705058780338135
0.6668900874486654
-0.7451285081699898
0.006412298735779322
0.32651682167092194
0.7981056824499994
-0.5063734637665567
0.09783173352316549
-0.9139364323843404
-0.39388976817941884
0.967602637418118
0.25212017845742396
0.013436951890173162
0.0878170813576882
-0.9960546920988964
0.012775389214816121
-0.07323048876111331
0.8733630076703958
-0.4815333346184133
-0.6776686171793134
0.3193406001211252
-0.662409862852718
-0.8176150297227814
-0.5694140529843527
0.08528364107698588
-0.7705291216824931
0.04112541934006455
-0.6360767033332612
0.08430045423091433
0.6095212217267891
-0.7882748972795872
-0.14130526268098084
0.40720224531453875
-0.9023409301087129
0.5500625189537648
-0.011612152083317125
-0.8350427433169113
0.6766636656515289
-0.5062276649160129
-0.5346586152496909
0.33627236279542855
0.4076406009431248
-0.8489699867973589
0.6115403715910916
-0.7209167246722621
-0.32603289711629907
-0.0974194472794194
0.6736955308588787
-0.7325597470463049
-0.7783081564433721
0.016168320946724074
0.6276742777997862
0.15543217511942506
0.5274077333914686
-0.8352735609945511
-0.7159352355006666
-0.5580772861220272
0.4195074269703436
-0.6356479061175897
0.552980432204347
0.5386690830625215
0.7072927901303865
0.45039318010306884
0.5448696104080475
-0.9321866560908201
-0.19759562073666415
0.30328865602245625
-0.4500020005748325
0.8842173943354388
0.12513112735564874
-0.7796598407035872
-0.6178171976150134
-0.1021393319206088
-0.14203739034359938
-0.9884483188371646
-0.052870603669366995
0.28973946814842366
0.9547764898399115
0.06673001608006764
-0.29626521639157927
0.8089106123601504
0.5078292456796648
-0.81349024968477
-0.07307640957906239
-0.5769691950449723
0.5850501217811138
-0.7921616304825951
0.17377084391537073
-0.895712702109038
0.3271500023309005
0.301117304808969
0.9779488736177283
-0.011515359398528572
0.2085267299118727
-0.3997963243353469
-0.7118093849890155
0.5774861890032571
-0.5379194462506773
0.4382713201728702
-0.7201117408147809
-0.42608018716516566
-0.8491077597838576
0.31220455855117846
0.9895374748545729
-0.00692008878207946
-0.1441100212673766
-0.16684696089280604
0.9656307026853792
-0.1992973599227433
0.4422910838722403
-0.16410655963456075
-0.8817299100132803
0.16942512424602083
0.9174116717756933
0.36007075938480226
0.9363561574198457
-0.017620728955128718
0.3506089793103294
-0.5834447224445432
0.40099099402050004
0.7062566662099985
0.8823670440223429
0.06681828366926913
-0.4657936416384041
-0.497857490746104
0.2285593610341656
0.8365993888305485
-0.925162219894253
-0.3464163625221279
0.15514693247781494
0.5127239361248382
0.8529076605474211
0.09829897204029164
-0.15635044440371174
0.7372725855239307
0.6572546486481631
0.5371643538921158
-0.3181992061683555
0.7811553764146377
0.80796344608572
-0.5888914046671601
0.020049521152063383
-0.08430964950802934
-0.9810607059743892
0.1743897192866202
-0.6022494601763821
-0.19286342583544627
-0.7746607558746421
0.9292172886101966
-0.12443354284241685
0.3479533358995123
0.8942846033367489
-0.4020971736048247
-0.19639987579895576
-0.0067608751669775615
0.643373667534502
0.7655224454515888
-0.5439597384721949
0.5791041069240901
0.6072447910562209
-0.782538473626162
0.14872431427053898
-0.6045780475998068
-0.19517792411158802
-0.6909904196227472
0.6960156736231382
-0.2618399523230395
0.7143018004834983
-0.6490090732751744
0.5765750383911961
-0.8156619326256864
-0.047506176119755585
-0.44084953996250825
-0.8975236280691172
-0.010149885343876433
-0.7544324499643783
-0.577427169283993
0.3121050185649387
-0.824624547883697
-0.4963199718640653
0.27140530679495195
0.6197839871364212
-0.46342260174583455
-0.6333303257230005
0.2796273719532732
0.8856310804756786
0.3707642406570353
-0.3322065966549173
-0.8513487563953105
-0.4060099409166177
-0.9156830552884004
0.14062130808586357
0.3764972642263429
0.740189276166001
0.3112495783962817
-0.5960230997176102
-0.1611236009576696
-0.754333504045486
-0.6364119341188476
0.5162090050353266
0.6991538187754933
-0.4946839403215782
-0.5649457497826748
-0.3383693382627387
0.7525573006264226
0.11068960142918766
-0.6734244881795514
0.7309222057480241
0.5565522125587625
0.3738837028616684
-0.7419303278815295
0.9312553342989693
0.04230976223641479
-0.3619024542044621
0.8765272953478843
0.26466443575952686
-0.40206048917322634
-0.1129043898206475
-0.991800262961854
0.05987350956829524
0.024787906981330828
0.5517669451044547
0.8336298926727512
-0.21744143249711617
-0.7628030860414574
0.6089751024132521
0.535097028335172
-0.6547719791978842
-0.5338022344690527
0.9630308998011319
-0.11110080142671344
0.24541413559647313
0.9383140691032249
-0.18854521574850092
-0.2898575673348892
0.7994257656978824
-0.21574995824470666
-0.5606874357926722
0.017516381257535463
-0.6253216607288943
0.7801704922713357
-0.08907901332577713
0.5059312879311344
-0.8579618064210373
0.8993777653470528
0.4018915526882491
0.17205468629819431
0.4471394020023008
-0.7722337693329332
0.45135502731095767
0.5002801466377246
-0.612140447866116
0.6123755767226577
0.4609512644832213
0.21003037117343337
-0.8622129522084837
0.14448431048272675
0.9552178539187667
-0.25823077968971214
-0.4869917829037318
-0.7827024165974857
0.38757699936490075
-0.9858217582571107
0.06481318746942114
0.15477309739393494
-0.12972553880683663
0.8110931603275819
-0.5703500415105549
0.5834364137302701
-0.5616661177904515
-0.5866286076043035
-0.8194104156183232
-0.3650070583318669
0.44196879770423125
-0.019054278633647465
0.4288756378714644
-0.903162566599223
0.05015257991846945
-0.08085869102673403
-0.995463003236667
0.7848618317015955
-0.5821424381553952
-0.2123725190237851
-0.17049576927812304
-0.9716802971460222
-0.16361110230201
0.6671914932748196
-0.24956968702370727
-0.7018336573723185
-0.5661660800736011
0.8234868684246386
-0.036405319752403346
0.14137812482013923
-0.3729923087510863
0.9169999800626364
-0.5178878002976226
-0.5597459207318362
-0.6468977744025394
0.28610876723753803
-0.7430244921574611
0.6050259311500319
0.13426657268971232
0.9576781523301847
0.25460762755188937
0.8280727314872449
0.45806003732088535
-0.32322833040567844
-0.7895627965691758
0.6124804290682837
-0.03818788135250626
-0.2793388708917634
0.877058228910924
0.3908179349883369
0.529465265756586
0.48883081923073757
0.6933332261816924
-0.025842399379628473
-0.9994363218825562
-0.02142915995020771
-0.27407824420973614
0.7451740871403627
0.6079446487184792
0.75389607810211
-0.4763818692085593
0.452438966172915
0.11309526990983125
-0.5493666145327769
-0.8278923738994204
-0.28408632201972733
-0.4486081782070508
-0.8473757514155421
0.9405201031657422
0.3229458617678406
0.10548888997486276
-0.9603888325569091
-0.2499471583523912
-0.12320595899363704
0.7878709744737709
0.14263162166242782
0.5990956084663756
0.837423947243667
-0.19245218286259003
0.5115498899367101
0.4021732105772276
-0.9083740592217112
0.11451321856919476
0.015929522256251244
0.9708023911278993
0.23935113891736753
0.7738044742484134
0.4725799561352686
-0.42177579434140605
-0.9341827705166403
0.10352810857571695
-0.34144469831085167
-0.04771579605001307
-0.8479614249523232
-0.5279058861199968
0.7726677812293744
0.6155703205774297
-0.15510538441419763
0.9706912406706767
-0.09784778639089846
-0.21950928450437715
-0.047016680581207664
0.7553904249173023
-0.6535860598960032
-0.6533154967658796
0.6161020697082426
0.43999670610900216
-0.6323929506626916
-0.6313822748919754
0.4488157516223873
-0.2792754921190602
-0.3334749483546272
0.9004441450315147
-0.8918950519190403
0.4508414660701713
0.035569493024654036
0.3751429942454119
0.4259230875888099
0.8233208714270528
-0.9959756725766299
-0.0885888104712826
0.013582425954631275
0.29197699947285416
0.743090482727684
-0.6021345084433929
0.15542417909833942
-0.017412654787303014
0.9876943474602177
0.8193029750537313
0.029522243455324833
0.5726002726243408
-0.2517799018126285
-0.6952400824375821
-0.6732370376140988
-0.9641868299800551
0.023896863930507783
-0.2641452191263348
-0.17687529979566924
0.5065659807057638
0.8438637541178078
0.03137800715948374
0.5240251103193185
-0.8511246115707884
-0.2696350498337205
-0.932603503148907
0.23989090398669496
-0.3369448392324899
-0.9414527349724173
0.011615641503891298
0.32195047318534253
-0.9251984168591466
0.20088748656166439
0.8172666397864927
0.28271491245430747
-0.5021429256377593
0.4617203891821562
-0.04994229312501289
-0.8856184559791499
-0.8955950278388869
-0.16813448717595186
0.41187418022054145
0.9027293641416816
-0.16299658597969297
-0.3981354142440981
0.8362393228493799
0.31243090327029255
0.4506558837984033
-0.7084124810254239
-0.7014335285795369
-0.07837577248017098
-0.22745637967506538
-0.973254055071075
0.03225119583552539
-0.6065507510456483
-0.5584618917881169
-0.5658767549797374
0.13817112408994844
-0.8085546885098931
-0.5719685796933165
-0.10812291112789299
0.9677082614367954
0.2277062951176455
-0.9695669298657397
-0.010745482157946467
0.24459048044418502
0.8721336537572152
0.43687633952663546
-0.22027699368272186
0.13310441336373183
0.8249857538924351
0.5492556062687273
-0.21191682595428024
0.5950712474289684
0.7752299461197272
0.26048969860535054
0.9361756892505967
-0.23605125667249408
0.9608168969283417
-0.21255084995983636
0.17791297523886124
0.11602850150892152
0.23212430644211465
0.9657410073080471
0.09603771567857172
0.984248940353637
0.14842769478767898
0.780371042953401
0.4241437018132003
0.45948139846136987
0.24858262029475153
0.6793546999522976
-0.690422966405463
0.6081898891388154
-0.7153226510634327
0.3441199843439753
0.6222336299381104
0.4738790539143445
0.6231082988014913
0.2459672517752604
-0.3154261721707808
0.9165186528182689
0.037327088586990645
-0.9763311180372635
-0.21303576321764872
0.19674715512199736
-0.979258230055693
0.04841359126931232
-0.1076898093220563
0.09539588406603333
-0.9895971555493877
-0.019359717272534764
-0.3019464733517202
-0.9531282854776615
0.19594839255726
0.305088695060418
0.9319469489196031
0.6345738719336422
-0.052646163215583096
-0.7710670415455608
0.3212251262820799
0.891235755132392
-0.3201768995706232
-0.6193885977541079
0.08480842737032514
0.7804904199406757
-0.22026023893175883
0.0726425477635038
-0.9727324850133009
-0.5879466945113917
0.3370529582503464
-0.7353325694866361
-0.9620361349818634
-0.17533144669831852
-0.20915391172013195
-0.6950614650882695
-0.7181278992602993
0.03437848241760802
-0.42740380347112766
0.6236190026411406
-0.6545420752887339
-0.7299916211544754
0.6431779168035149
-0.23115882068515595
-0.4700341060227565
-0.07026478615468569
-0.8798470315924379
-0.6715036867071879
0.4908962554334805
-0.5550708649713493
0.6686662074633666
-0.7336000635852119
0.12131137499975458
0.36197121426512835
0.7425503012893907
0.5635564657587235
0.19705795622743294
0.07001367123757274
-0.9778886683704359
-0.7620288423310123
0.2786846980794831
-0.5845056736354274
-0.7018955464927498
0.005148531700587469
-0.7122612824202732
0.8317910555494245
0.3706948769868719
-0.4131693939338468
0.2327157143548054
-0.9301507267235909
0.28401236217444537
-0.721425888300335
0.6023139612474546
-0.3417053991034856
-0.9461007121487371
0.3051738171723734
-0.10845452403701414
-0.6740590979577414
-0.6535876166025937
0.34419116764399554
0.25939196941137876
0.4784191131136453
0.8389463382198169
0.3467872594388814
-0.24993582635941183
0.9040302425211824
0.708773262337163
0.4807172636599979
-0.5162861367644682
-0.9458514528227902
-0.32280090506439535
-0.034126307778958656
-0.8431959652788881
-0.019559872487406475
0.5372503843885834
0.4207881937563693
-0.5484244426036247
-0.7226118783622063
-0.15061968567742715
0.052211182283414044
0.9872120859931777
0.7793093055879527
0.6088013543632406
0.14845173340014178
0.5791800462422676
-0.6230889938138803
0.5256525276480755
0.12088479970540188
0.14956714051102246
-0.9813340591661642
0.8451329241407961
0.5163363859466069
-0.1383729636916983
-0.08605261015966796
-0.5056850137571374
-0.8584157589106529
-0.02676206088802151
0.9231998222758476
-0.3833873762226257
0.48559079435948715
-0.3434502972452493
-0.8038927003994204
0.16544966445747455
-0.04829176804765506
-0.9850351839755475
-0.061186945759302884
-0.9155666976330925
0.39748431397211303
0.1475502387461467
-0.9186723063008939
0.36642887533838214
0.5239832236322503
-0.5084249431631231
-0.6833342216818431
-0.7440337709573824
-0.086282841397944
-0.6625473711028024
-0.9293813154613828
-0.019303624969204368
-0.3686159797598551
0.7230366574969583
0.5957584268484596
0.34969971225992585
0.874695553819931
0.4835366045789425
-0.033166853331469355
-0.18836776193210264
0.8561976215027484
-0.48108545934971586
-0.8282247749497318
0.4041452612396503
-0.38821428358189125
-0.3705735889406683
0.7713593499179574
-0.5173779744768606
0.6498832937608277
0.3383097188596296
-0.6805866870691023
-0.8472280559803035
-0.16207597687448047
-0.505901175013479
0.5723680070792626
0.7040754695666503
0.42032439570718927
-0.24513725823569568
0.6743269513791871
0.6965564494485262
-0.22434765832659825
-0.898565324305731
-0.3771584364146036
0.18112170937253905
0.3534197429779832
-0.9177632655905039
-0.5713006584265182
-0.38272650864096336
-0.7260413054812553
-0.404017588476342
-0.16831800846842682
-0.8991322684827766
-0.9903942448004459
-0.04904473978297216
0.12928206900330236
-0.49278588436797266
-0.8364500797768603
-0.23981938247139017
-0.5760464061033338
0.7069116673788611
0.4104222612615836
-0.328670000291492
-0.785532237490234
0.5243235020213927
-0.7795739634120823
0.5059214055969198
-0.36919908847235045
-0.7455562220117377
-0.65536407443009
0.12101177531949552
-0.6370059773507126
-0.28938741089770403
-0.714477649218915
-0.1394430035835203
0.9829634997314212
0.11974308726336849
-0.13755166231570784
-0.3264713603131282
-0.9351449037927123
-0.37138575342623364
0.4316734127855912
0.8220283978343264
-0.8475179784255824
-0.1360812501177911
0.5130255058101822
0.7341851313667065
-0.1792921719867049
-0.6548484633442623
-0.48030428167367684
0.7261273465325532
0.491982594837995
-0.60824312249551
-0.6366625765301358
-0.47402644186049464
0.149741608103363
0.25718200732124785
-0.9546909792769765
0.7672156434637287
-0.38224724548641054
0.515040968994301
0.2672529135093621
-0.8195591105837375
0.5068517973529839
-0.6204050272018996
0.01987277156311448
-0.7840297667646369
0.3409927744938362
-0.13547679196528073
0.9302526358908055
0.2675584913117653
0.8629598750295
-0.42861720429311023
-0.06760802072545478
0.7959851880967609
0.6015286658706718
0.48963728212259594
0.7786733835448666
0.3923303374891961
-0.5991146804654742
0.1302882771999786
-0.7899914964574076
0.5189130703240341
-0.5204675889684538
0.6781170358280706
0.04054588242841435
-0.20377588313196277
0.978177601906673
0.6232451716403057
-0.34048313377947964
0.704014695612777
-0.6738650885907409
-0.525249498235182
0.5196333389826739
-0.25320798616781987
-0.34759658002982385
-0.9028080268209888
-0.4833301479706675
0.42496163257013964
0.7653754496363038
-0.1342393833416339
-0.8825451476180144
-0.45065935070289503
-0.19739749954445443
-0.9696982103486885
0.14394307215058114
0.5464858638953785
0.7871809441738659
-0.2858310019785519
-0.3783144220930754
-0.469826839304534
0.7975844401099447
-0.6736646648674057
0.3712700565087265
0.6390105354758187
0.9306696239829415
-0.2233771971432855
0.2897527891010885
-0.530432133306766
0.031719218265722555
-0.8471337811398177
0.3081374333838507
-0.6571216987695357
0.6879261553058238
0.24205076997210676
-0.42322762750692794
0.8730920914031733
0.532264689116645
0.5447098737072855
-0.6480628474194108
0.5663301885283453
0.7639564511982783
0.3092582387487549
0.2769485771694158
-0.015022394881789474
-0.9607673044269626
0.7852996582904604
0.20330492329130265
-0.5847833400964869
-0.7025290854061157
0.6990369899453451
0.1334172809144232
-0.8532522228594823
0.5181282347029253
-0.059192707228022785
-0.2949149630393753
0.1674591291364308
-0.9407351405386917
0.9921743895691704
-0.12335047970539302
0.019355615192848737
0.7687860838982348
0.38474613782454814
-0.5108212668179645
0.4065363482128538
0.7823236390675532
0.4719088061668888
-0.6461030188511853
-0.14740068738310713
0.7488817839888832
0.24623403839828714
0.9683666820633181
-0.04043225697078512
-0.38705405977464485
0.8273057648562969
-0.40712937286261097
0.4363188884114329
-0.8477382971994897
-0.3016050514774601
-0.8841504888412318
0.2554753067143422
0.39116528570544656
-0.9874593004959247
0.14385472195300797
0.0650380568276905
0.7122454398375941
-0.08184647352166063
-0.697142444700235
0.9739728329515444
-0.21968199718407042
-0.05582777790277246
0.12893718405855972
-0.9595818414804294
0.2501557356289825
0.49060683928893295
-0.8708410134794067
0.030673416586406543
0.5391030510229722
0.8368777743321727
-0.09488672829511834
0.906008409377277
0.40783376442035285
-0.11322712897702815
-0.5938537354528356
-0.4736597510265546
-0.6503723403913912
-0.48774878241274744
0.778383929029158
0.3952462324728889
0.7098302616169235
0.1690468830748068
0.6837866268182952
-0.19348448241931424
0.22078715461050294
0.9559376482919417
-0.46552540877167603
0.6628955855684097
0.5863919648340001
0.543575609385171
0.8143291670782334
0.20345408456752684
-0.7219675794847487
-0.18253171858021217
0.6674166508898977
0.20058983154711718
-0.7128137287592569
0.6720567740691434
-0.8198613783312728
-0.34933653809343806
-0.45364226376478356
-0.5728473624557414
0.8043982416939821
-0.15744639750445388
0.22282272110114718
0.5772918137399202
0.7855470684497231
0.5258368209536407
-0.09793599209646524
0.8449285053668445
0.2710979483423263
-0.6688377540681028
-0.6922152563601279
0.6387541586272728
0.7174533970097898
-0.2779455845223632
-0.8972299416611091
-0.05376342727947639
0.4382783655098289
-0.6563989502584505
-0.09539698738490261
-0.7483580913556618
0.8183844133731182
0.09194971595310099
-0.5672673106076899
-0.13762201281563302
0.9059064670576368
0.4004917658725641
0.845001082258132
0.5097548983456416
0.16162646625850088
0.8991000593199485
-0.047084030796759824
-0.43520360450574747
-0.905193280999
0.41730973841659885
-0.08048419880284244
-0.6952209590415973
-0.19117303273579286
-0.6929074178155992
-0.22895069155234693
0.31975546878593375
0.9194226563551661
-0.05826277580079932
0.9979881574387356
0.02500173130052104
0.1941708750642328
0.6688254671877458
0.717614217890005
0.13845200260239243
0.10649491359234874
0.9846267700780561
-0.3875707999294758
0.8701759403497492
-0.30427406704886295
-0.04293257986552702
0.9815828460257611
-0.186150234955686
0.5968731335739312
0.39093759427547603
0.7006498838933317
0.41354394150955415
-0.2744975188103901
-0.8681201072476563
0.06446172373058824
-0.3802353868304204
-0.9226406325192935
-0.8697586160303533
-0.24452714022848068
-0.42863320862089666
0.21754927194488194
-0.9615936655183547
0.1673616942768754
-0.5652600147684097
-0.2265671923388521
0.7931887688688657
0.7393627846441685
-0.6717270937701855
-0.04610188909666851
-0.9516119221825438
-0.09836730845517729
-0.29113334090641046
0.02890690870068917
0.9603263071335979
-0.27737659320230407
0.8053181649332325
-0.4891235094400655
0.3349937995569547
-0.8817347721013292
-0.41178598907030217
0.23016535550080128
-0.6133108273052044
0.4798881882496329
0.6273413392154947
0.056755228248608264
0.9975585701558556
0.04069082421201869
-0.6558399762022554
0.7290162716652832
-0.19598265551388763
0.94943462447977
0.2987246276423396
-0.09663069221993507
0.4288182372115979
-0.8362949010394688
0.3416515153341528
-0.16294327939291486
-0.06828178838688288
0.9842698233083099
0.4925335069556079
0.7809045422202832
-0.3841859451694455
0.893609169500212
0.3573104102819311
0.2716466876096588
-0.3618843975671979
-0.03289011546252125
0.9316425940790214
0.550396670904994
-0.7024848680488793
0.4511967584314501
0.144366819729417
-0.14541454754617247
0.9787812987195638
-0.5328284791224168
-0.7972361962310351
0.2837397738336355
0.2131616493585951
0.9635998558805199
0.1613611755961281
0.48510203105493643
0.7151449803768539
0.5032332227786287
-0.14600894228622827
0.40518777588716914
0.9024988947605787
-0.26890126530282077
0.5598927925957474
-0.7837168942404376
-0.9681731760174328
-0.12336344414828179
0.2177663010848802
-0.5666497773846676
-0.08258601463881493
-0.8198094778520093
-0.44401485744121333
0.33994011953585057
0.8290304707918826
0.6612166018888637
0.28244205827740937
0.6949957475427921
-0.9599429818970359
0.1472790569319263
-0.23836600197148375
-0.02349006038014255
0.9904936579203852
0.13553793078998935
-0.5520154311103498
0.6756832100285474
-0.4886012315800816
-0.9814506291771905
-0.1627721615223174
0.101291094974087
0.004591680534620254
-0.7158757678128023
0.6982125761745479
0.4347474063257731
0.49250093925996763
0.7539479541195551
0.43835927742019315
0.8468363109297748
-0.3011800232261362
0.4292484894070615
0.569309281124567
-0.7011652278651475
0.04951003337730755
-0.08589568636497324
0.9950732071857165
0.03482988680984131
-0.42460638741276496
0.9047078504982117
-0.732891431636976
0.6354587487850303
0.24302742237382918
-0.934132965118521
0.026585165739522187
0.3559337472641252
0.8937530169390352
0.2810048770493806
0.3496309537023794
-0.14855041325348456
-0.8208770705690832
-0.5514468331001089
-0.8809539171059872
-0.3227376922435987
-0.3460644129940169
0.4315331201575062
-0.4971829690750958
0.7527205732998133
-0.6120164981470129
0.7750809974816967
0.15711541407082114
-0.4702266128842009
-0.3776382824662549
-0.7976692673980795
0.6882299315006756
0.704822879394658
-0.1719426359818838
-0.422859562321642
0.14537515187637956
0.894458414779619
-0.8485764420139449
0.4478617473678209
-0.28166980190214896
-0.8683205242603002
-0.467348146877821
-0.16614805673911462
0.5194135552395348
-0.7733193150253496
0.36357502065206665
-0.11107548027411507
-0.6009402964396173
-0.7915383741783716
0.5720377329477931
0.10243121718696808
0.8138062901142664
0.09095333151368706
0.9254496939401335
-0.36779118460435484
0.9794366213584391
0.10703396261755564
-0.17101940120451067
0.4327427472173375
0.7667489998561803
-0.47416208826765005
0.9412444141783156
-0.07372478653867365
-0.32958095914046126
0.8549495617268086
-0.1327535887778734
-0.5014356704201778
0.6740103819627009
0.6442520876688876
-0.3614543574793006
0.13546404592410058
-0.4790009409050077
0.8672990204502657
0.1484131364606329
-0.4517861390174328
-0.8796947342786805
-0.9853072874259784
0.0669749025748188
-0.15711114464083656
-0.1513466375874912
0.3031227008899748
-0.9408564308629279
0.6892547475352224
-0.4607258252150897
0.5591597329744261
0.8051297920775162
0.5410894916130495
-0.2428748236749685
-0.9229563182233778
-0.21268930980726988
-0.32080351018225184
0.8683553232922694
-0.4081031122166913
0.28179936534532646
-0.199374968523728
-0.5267666910515002
-0.8262968444359544
0.8432317204601982
-0.017541423368970476
-0.5372639612666428
-0.7593406433595257
-0.5253111182774959
-0.38399220871833906
0.7169972151745692
0.6537753420655429
0.24185283860024248
0.4973961257918116
0.0819075896011007
-0.8636482158917681
-0.03789355544498998
0.7245871349257328
0.6881406559387807
0.7049746158149737
-0.25648897525187764
0.6612293071475068
-0.8552016513344854
-0.3916584158751885
0.3394610740996778
-0.7494129932668359
-0.5941860849061997
-0.29210111609968853
0.06505859695136458
0.3448239855654927
-0.9364100586502949
0.8833776231437716
-0.3149024850392214
0.34710286637390875
0.510885080289217
0.29353528945149954
-0.80798110657645
-0.6075621885695924
-0.7921062826120002
0.05861590285174503
-0.10238351691298835
-0.21951869366745333
-0.9702211905514447
0.20138612967524613
0.8629792307857913
0.4633686156903474
-0.5743265146218055
0.7721368548164594
-0.27194435466932404
-0.3499985445205055
-0.7112668062920668
-0.6095904765501271
-0.0693940417459865
-0.3640604403886782
0.9287865539046946
-0.4157112865936936
-0.8492114088087075
-0.3256134354533707
-0.08694811096534998
0.9529027399305942
-0.2905449951940722
-0.637182721314506
-0.03149525271144568
0.7700689765955273
0.2065266244112915
0.9152923509081022
-0.34581305032979404
0.3543298896738821
-0.907354648606967
-0.22618105786078121
-0.003560465140805157
-0.5805074665355765
-0.814247139623117
0.1554744831840906
0.8777836309961139
-0.45312645280751185
0.5571464743857353
0.17354801203841055
-0.8120769012827918
0.6761064910895016
0.7363461738433741
0.025967767960784777
0.5801356695226614
0.8144587546448968
0.009977070200074531
0.8450953054636181
0.46287337090897784
0.26751105993344215
0.4917478918678131
0.847677768391149
-0.19906383855176465
0.19443564653596163
0.9696264714948822
-0.14838896566971205
-0.16547929149411575
-0.9521724412870612
0.25687398883507695
-0.31250793838223667
-0.5420769481225926
-0.7800585688024844
0.5053437380109087
0.015208030025810046
0.8627841110474253
0.7290522741286507
0.6812508431069814
-0.06618209995058992
-0.5211208163477877
-0.5653071134375881
0.6394223660976187
-0.5569510118224186
-0.4481984530933735
0.6992308038657132
-0.5744499406987024
-0.800079608287741
0.17285799383711567
0.2714727399446032
0.715636239741184
0.6435583297853181
0.7094223463652084
-0.4038476611506012
-0.5776045369116064
0.21852547254434554
-0.6227352654185819
0.7512971496374246
0.5398864395438909
-0.79877744018044
-0.26547548560159784
0.25080242622663784
-0.881856907387804
0.3992825289081029
-0.8241018823382128
0.29756552438472467
0.4819863548112728
-0.10295961762241439
-0.7473433573544683
0.656412388180782
0.04156842327196178
0.8811878507183083
-0.47093527998349355
-0.04745905974349951
0.08395935164869882
0.9953383670486098
0.7278118176180479
0.6351030404803327
-0.258716226990404
0.30181630279000915
-0.9498248390527902
0.08209564232351438
0.027588348078147237
-0.528055803747944
0.8487614218250212
-0.49657200381314054
-0.6567182520875432
0.5675714777929601
-0.9278781807302096
-0.2878137516965138
-0.23707662486878345
-0.18876045848463358
-0.9149684230688676
0.3566542781175359
0.23777416126696013
0.1968394300166629
-0.9511664875428008
0.44112176818778875
-0.395295542547388
0.8057003287035724
0.6282571097040526
0.5284265232377422
-0.5710152481722203
-0.9123692860202042
-0.3064961793876767
0.2713712916793888
-0.7223370052605484
0.2549009123077442
0.6428489525043207
-0.713394270336702
0.7007619063399797
-0.0011686203498338318
-0.11085488990387335
0.3012475909393602
0.9470802935008371
-0.9733731111735977
0.1875443442642542
-0.13180252417431876
0.546555486964101
-0.1251854770307951
-0.8280131013516676
0.4702088711800388
0.6538886342728205
0.5927337272607485
-0.17263680222051708
0.9849308034086355
0.010384941785768865
-0.8282712947248526
0.24376910929003684
-0.5045228277201721
0.07640339512196465
-0.8358977350732324
0.543541624637228
0.15427713500703522
-0.9713543906679426
-0.18074626785671385
-0.46971243011371977
0.8828117770274869
0.0036877280587047164
0.3978510827710362
0.3099858216283472
-0.8634948212510094
-0.7205911380486285
0.38894220675268176
-0.5739968393398491
0.008863810667019573
-0.9472148118944265
-0.32047703972089087
-0.09223715602096048
0.5778343568782225
0.8109252512163473
0.4052701731663169
0.1253328318093618
-0.9055648889021645
0.922942663260251
0.24447813785229977
-0.29733361808975933
-0.6142350208992731
-0.49483066953211424
0.6147015109720074
-0.6317706900748317
0.42167920788754143
-0.6504248156379848
-0.5021425931032925
0.14383899317300394
-0.8527386236323986
0.9850504134480065
0.08617925752673936
0.14916037857973952
0.16568762657523955
0.4167253779511189
0.8938051072640841
0.41578442416501704
-0.5929749100252205
0.6895680305106573
0.36084095405907146
0.6600436893556441
-0.6588900773387995
0.2469738755704292
0.7907414672613441
0.5601176990053955
-0.17567098694076724
-0.402929694377492
0.898213429946423
0.3391003806263184
-0.4646876423265211
0.8179708594614511
-0.9404922566790155
0.33981493728158313
-0.0003514642605936248
-0.717730476634651
0.5216571048405453
0.46123402723474016
0.908266232753251
-0.410812340530562
-0.07928222567523417
-0.41267583971527805
-0.9048522028457918
0.10459991548948883
0.8017588236369491
-0.5896002267791681
-0.0977464132449315
-0.9679583289109931
0.17795623155122156
0.17716730269416456
-0.38753372831832117
0.9189996247095448
-0.07250723549700198
-0.3950670939917035
0.25069468247045407
0.8837840049616134
0.3798251047540434
-0.3824477594230173
-0.8422984038396926
-0.8814897159072205
-0.28044649068549415
0.3799021539975773
0.4967652640049095
-0.8555801619390027
0.14562574969613873
0.887585294220275
-0.21597083380337218
0.4068770630426149
0.29541236130971826
-0.8492960560242706
-0.43752456617547264
0.3457798252920583
-0.35969798660892793
0.8666335274211798
-0.2682675516500822
-0.8641011636796655
0.42586582353966673
-0.7862575495623837
-0.21832259608170815
0.578043518946713
-0.6386999758301516
0.28794449382130494
0.7135476924162506
-0.3247678924432883
0.4650789720374399
-0.8235456063913782
0.03566133108005625
0.2349837463744296
-0.9713448967310409
0.09194377943004114
0.8886531150866366
0.4492682744985862
0.43895429238714195
0.8789326799882206
0.18653812812298678
-0.5459727381368159
0.31682385093270865
0.7755877878690179
-0.41026436108920344
0.8816728242401101
0.2331012334084392
0.30834837712866475
0.6235978183714601
0.7183641411181896
-0.8901735055638608
0.18089119049597854
-0.41817401544464083
0.4846019537946783
-0.6050767208281398
-0.6316985897485018
0.02263622486799019
-0.976564656986382
0.214030539990899
0.17924851636203956
0.7576795064957229
-0.6275282741187088
-0.18581154124945407
-0.6044942340962866
0.7746359093682955
-0.29252315824342184
0.8339371932520598
-0.4679518774427243
-0.6554668682987354
0.7168376007133805
0.2377120921748244
-0.9536440498281004
-0.2350859308057455
0.18787663868787846
0.017604650351614827
0.6858691818510523
-0.7275118842142481
0.3686680936120596
-0.7626394943005823
0.53147421243688
0.20391507928032823
0.6065582954010392
-0.7684436704939949
0.18309801135256096
-0.34889883847257364
-0.9190999503597129
-0.9814563948762782
-0.054734941310169885
-0.1837047390685154
-0.2087450739990019
0.483900721006829
-0.8498620983960999
-0.1836245235120051
0.8025772326796539
0.5675841963526274
-0.5380750547755737
-0.8422721487010524
-0.0324478497095813
0.38001090556065203
-0.6414147377204104
-0.6664674379818045
0.5311718347477942
-0.42212902410641817
0.7346179748533417
0.7749681391471659
-0.27872806218782664
0.5672169343873628
0.26722483605530295
-0.9520882418453028
-0.14872412963314466
-0.6369523868876182
0.22722758571633792
-0.7366541122722999
-0.75116773058399
-0.4486015328722366
0.4842558262261568
-0.9332420510071494
0.21492384845769646
0.2878663120201849
-0.34849462031990414
-0.7877819556879354
-0.507888855853894
0.8929009659867083
0.44474334792819786
0.07022264174481843
-0.3656436709600302
-0.9251131564392643
-0.10232474612650942
0.320124530552598
0.5913442087584984
-0.7401569507248202
0.35720218243431145
-0.0956753641099848
-0.9291140003070595
0.06373364085795251
-0.9927361178320082
-0.10204422264304153
0.0013159880633103586
-0.9955432949082889
0.09429642696605889
0.02968687365817334
-0.48227483496027246
-0.8755168034346604
-0.06214705581735893
0.9437285663113606
0.32482939611608125
-0.5630521762126629
-0.8128066033750635
-0.14939100499051727
-0.6995997790015623
0.44969837991837497
0.5552760721656875
-0.19857765794586268
-0.9416748555348089
-0.27168986035226367
-0.1708073119694381
-0.42895377929911704
-0.8870307308108212
0.470947944623101
0.12688847680317208
0.8729875989439068
0.6561198563900844
-0.747115223282204
-0.10642169511259093
-0.4361097558248507
0.4502601071410869
-0.7791496113017615
0.7866335426010572
0.5616935194290643
0.2563358341830145
-0.6390215246600225
0.7678425470288943
0.04548971304988047
-0.6915223205969254
0.1146320165283343
-0.7132015009118328
-0.36691686128716233
-0.057208118970741226
-0.9284929983726355
0.5961511077175338
0.4516125916546682
-0.6638146758140491
0.35050823747627724
-0.8329589461082308
0.4281627839496788
-0.9394426468954415
-0.08645166701393596
0.3316227110205188
-0.5475285796936977
0.24289514696616568
-0.8007586415386891
0.2327430599770932
-0.5161819364588722
-0.8242492805614502
0.8170224670826804
0.22930304674304552
0.5290504711617664
0.7544256401926411
0.5578185102395599
-0.3459486422202605
-0.009998862314195514
-0.7956949365720138
0.6056150515517926
0.9284044980477727
0.18037107410848813
0.32485591210506504
-0.8908615297759771
0.34080732169034766
-0.30035995779640434
-0.3299209579075774
0.3380970443579136
0.8813867199645053
0.40578273073009663
-0.8184599525014633
-0.4067722723988551
-0.29620605889538587
0.9432769864915063
-0.1499683214187782
0.7429659045003978
-0.6655385340535568
0.07113455165915132
0.1274133847981262
-0.9487002750818309
-0.28936761642233433
-0.47329545070136725
-0.1900643101910393
0.8601552036330385
0.04153983771044708
-0.9426892390948127
0.33107618515657816
0.950796423947514
0.13272045214102757
-0.27994899855527355
-0.6469400526148873
-0.2623029179417827
0.7160068069242591
0.8399924926906269
-0.4989820466147765
0.21314204038508194
-0.8946972249967524
0.060353350716463756
-0.4425769409271183
-0.44175459594707484
-0.7546114403633618
0.48519527103257015
0.9414404388769873
-0.31195870506980705
-0.12795181271976905
0.5831341023251533
-0.29363420868597306
-0.7574520250120138
0.8328989960449694
-0.4874949676615973
-0.2619693090648216
-0.5599626157766011
-0.11298877878676453
0.8207773174259277
-0.7758116359045368
-0.6309350002445
0.00610991502388181
0.7320996623910558
-0.29520411289216314
-0.61390928976393
0.332864819366116
-0.8888198986724296
0.31496063206739827
-0.7907388950997721
-0.4783588025457219
0.38197494132915966
-0.5122591049705388
-0.7838794086227424
-0.35088984327284534
0.06406225040060223
-0.7382161656627662
-0.6715153913558305
-0.37177046188088747
0.9268924183177568
0.05154773067684113
0.7439469071097199
0.12106465905352927
-0.6571806051080135
-0.4007346347190004
0.15585781488158038
-0.9028400157707723
-0.26966649880512616
-0.11185949568911659
0.9564347508567228
-0.47096755732522727
0.7574383703439219
-0.45219097191104163
0.08413838964872451
0.03428304334252965
-0.995864149533707
0.6935772446663877
0.03606051709775705
-0.7194791482646485
0.4681025352889264
0.6394736884403972
-0.6098798391884365
-0.5261022087221285
0.11553424830992265
0.8425368261655742
-0.7330865143057009
0.5820586116656197
0.3518407809350826
0.32312416979199976
-0.014356268262985144
0.9462476781782834
0.5616857034905324
-0.812275442585431
-0.15721887885043595
0.015323713584435588
-0.19334487348655946
-0.9810111842881549
-0.38198259277205476
0.8553169819641877
0.3500316545440024
-0.5456005759549616
0.8343597007595424
0.07851051691372972
-0.29194177356223194
-0.6352109825652075
0.715036368640003
-0.0963244629622633
0.9913887929069116
-0.08871222651702779
-0.17439249145576813
-0.29526966854485015
0.9393631256129144
0.07912093084799698
0.7020884013081876
0.7076805459034886
0.0192195325174478
0.8467353771823292
0.5316670110113186
-0.39409878392088105
-0.4627532588654369
-0.7940689956933846
0.24657610627797993
-0.13043486190008582
-0.9603056651993135
-0.8016380147021203
0.535770389173975
0.26519159765876976
0.21635829851056018
-0.24167794184035776
-0.9459285697627616
0.3234673049758042
-0.7285373677976286
-0.6038229925517848
0.908929112496091
-0.4149010116560675
0.04129187551856122
0.46082837432059814
-0.8661999082870504
-0.193222483951894
-0.7716794700641932
-0.33593733611985327
0.5400526841727041
-0.3641815743565338
-0.3650572822721693
-0.8567992539441514
-0.14727668380994194
0.9078748861513053
-0.3925210433871043
-0.18217433148561443
-0.1324387747078711
-0.9743061551184243
-0.25788488290009115
-0.04076826896199888
-0.9653151482378428
-0.07528790432690376
0.21100961396757195
-0.9745802554306747
0.22849296391105786
0.4370610973807387
-0.8699244579844185
0.4408471726706003
-0.17686029598173023
0.8799853442265915
-0.8264754450371113
0.09823526311966954
0.5543357933874717
-0.797756338496129
0.584012227119566
-0.15004846871625782
-0.7583152766897795
-0.4505961060438006
-0.4710850139381075
0.7674626729677859
0.3423998556212928
0.5419994321691296
-0.0530218450562384
-0.9896015551631764
-0.13370656665046482
0.2207121416603806
0.18012343932771507
0.9585623073793602
-0.2502146883182355
0.7863018657285018
-0.564908829548349
0.8545539495837038
0.1758796674045595
-0.48867564891710563
0.4745515999543932
0.8801985568046503
-0.007160976172026174
-0.4682282760569048
-0.8746449720042119
-0.1255326827903002
0.18023779468304824
-0.863749031339091
-0.47058681263776764
0.601009299720581
-0.011044947489714822
0.7991657092145071
0.2865520588435767
-0.9574375796397745
-0.034658313087021116
0.5960560595188259
0.7817954365346439
-0.1830657513695436
0.7713539913549956
0.0064473086128661915
-0.6363736734280951
-0.7538093984071695
0.3365935867030715
0.5643369102436798
0.1821495289139579
-0.7952245105258072
0.578307467507911
0.6486443597064978
0.6844362517589024
0.33287762300757306
-0.28486919486221995
-0.9394655928854811
-0.190404678521517
0.3784029406197753
0.834868157779899
-0.3997578938001156
-0.48336185641424684
0.8054718163431066
-0.34289425314622834
-0.46448671436331934
-0.07753943961500656
0.8821789656776898
-0.3036929344271186
0.9108784219410999
0.27941206491692067
-0.8582499567456242
0.4888329155730962
0.15636301480350168
-0.257434745266605
0.0033513475681514874
0.9662898738986122
-0.2589503252685556
-0.7747403539511173
-0.5768206939795127
-0.3820042701732651
0.543628966395521
-0.7473555274868373
-0.2624264097240619
0.38427436052993624
-0.8851359191212653
