0.63649519147231826
-0.64021801878745543
0.43011017152873987
-0.7734366129446113
0.274974223684335
0.57112606495060692
-0.15698934625895347
-0.81240903088073158
-0.56155668610089304
0.23415840608398628
0.23798642762250286
0.94261991339441054
-0.20364773486182894
0.9790188482549238
-0.0070494572307770479
0.017348795095709236
0.40775949891884794
-0.91292453705121612
-0.45019964014218217
-0.74656332658318669
0.48986067755729878
-0.88800275119997318
-0.0055302990522689086
-0.45980488215510618
0.81083403411323862
0.57995518895997067
0.078741018040513033
0.77343954527995207
-0.27497353862107682
-0.5711224237020851
