-0.28858528136064582
0.40512605900372362
-0.86752026587170183
0.74685741806605266
-0.35784860621338244
-0.56048940410220849
-0.68351877024059715
-0.11807524533514796
0.72031960071056411
-0.10420834579005064
-0.8786038642533387
-0.46604277742156008
-0.028570612048268315
0.95146988082145245
0.30641277064900263
-0.97028004474665686
0.19836798337534636
0.13858852022452567
-0.91958995908353292
-0.29404883301376405
-0.26055631052805034
0.29483521620046377
0.48155540519334183
0.82533422746006491
0.6809348218793505
0.28347297645804082
-0.67525612916148803
0.54631292490073768
-0.67437039970295998
-0.49675623004736558
-0.34226398151550247
0.05613996477646431
-0.93792519494469972
-0.6070109705522494
-0.46206752900261877
0.64655338547611862
0.51034905702861622
0.85977016782044036
-0.018414627772885894
0.61518318213700696
-0.31526799365601554
0.72260344905895435
-0.84668504258960076
-0.031978968905539473
-0.5311325486192543
0.37560754343630753
0.20161598774438713
-0.90458275840278857
0.16536781002265458
0.98592233992700962
-0.024710868887220343
0.7952011965299538
-0.56531882515494725
-0.21924799420464494
-0.15258959966782981
-0.65264256696097989
-0.74214155918112701
0.69760080744894992
0.67459075106510424
0.24141340481421383
-0.57394182778905267
0.63293504174522885
0.51959985685633825
-0.69042134160937574
0.65108876537163896
-0.31528049520568924
0.9872170218045917
0.095714277146337623
-0.12744147287922558
0.24477489971006436
-0.91415732783324533
-0.32311240836697741
0.61076138434411198
-0.078218672637031444
-0.78794185740127087
0.2178676323028198
-0.73575452170333688
-0.64124798525052495
-0.19832633574210987
0.97945523479106411
-0.036525437594771178
0.23127153108570592
0.15262465726611951
0.96084295954316756
0.80570800746525373
0.026041890512258876
0.59174016818610353
0.86597482375018797
0.35595379680460193
-0.3512612975709381
0.069976890007177092
0.476721724883575
-0.87626459011473956
-0.05791907787696525
-0.10465391891104567
0.99282069764607661
0.26289203832262786
-0.96249766559766547
0.066977756797448898
-0.828856950291048
0.40232161418006157
0.38875889021059423
0.5355938358254706
0.016285757666502063
0.84431867036266983
0.63145879449810771
-0.5978306260110593
0.49382014281944969
-0.40435822964271861
0.8715808601000854
0.27720250075964648
0.37472888682660216
0.86072117053642905
-0.34458283179533933
-0.36420281537837262
-0.2727077809836036
0.89049804910592922
-0.39852937001616223
0.46477935810640664
0.79066711675187151
-0.98255567172583103
-0.16067390324003139
0.093638927679752779
0.016315795338715619
-0.76691999844260506
0.64153527635762941
0.55078831961373231
-0.81940323743582844
-0.15877834064117313
0.28930321269033121
-0.24389027476320346
0.92564636065993466
-0.53269424104754171
0.84373820777301067
-0.065899031091294136
0.34947357015713193
0.88595644522004857
0.3048760419165194
-0.46881203449877767
-0.68540925865252811
-0.55716193737773301
-0.89137431065462591
0.019814475097285539
0.45283465512437265
-0.65171513682520654
-0.66866604072188918
0.35798478517698945
-0.23055857173716576
0.77890127161095912
0.58322856075585749
0.33739909885283992
-0.57920379861835303
0.7420814023807375
-0.62483546091109354
-0.78038885399343905
0.023955862556547507
-0.62504878553140442
0.24493355918908527
-0.74116230832974983
-0.35873530067032544
0.8469669756248791
-0.39237217823619541
0.96848561566863256
-0.23401040086869135
0.085292112930940286
0.012915439260749803
0.13586489014616349
-0.99064318654815009
-0.71743313323685476
-0.39828160143750108
-0.57154305637487102
0.93299031038097424
-0.24331968531364243
-0.26518787957612849
-0.0065645104100946336
0.9331035972334456
-0.35954774930887773
-0.0080962981903041804
-0.95077650198143726
0.3097716792018852
0.0013959532569072426
-0.4630134593712823
0.88635014963362113
0.3211234745582856
-0.83143512096095495
0.45342623845588853
0.17831665314967041
0.75931447487235537
-0.62581522788984556
0.26849845646039433
-0.1428705581317711
-0.95262615043756904
0.85336190634662645
-0.29611681551923591
0.42905511110252276
0.81559144229888181
0.38535084825227245
0.43164258710197267
-0.40337171398435029
-0.87860141601178077
-0.25563804908389753
0.41249874223491517
0.5244337787348089
-0.74485837538188604
-0.29800753041634642
-0.603812311235844
0.73932550653631479
-0.85131156795299956
-0.33828091909954372
0.40104193551619161
-0.72982436839862852
0.66338234331344803
0.16516736321532002
-0.72647479288439176
-0.62455704671781964
-0.28664066476809508
-0.40133252031556921
-0.40771608346728422
-0.82018278659043531
0.569982239416155
-0.79879147373674941
0.19249007308330751
-0.88542049602070372
0.45656662037940499
-0.087048643767605419
-0.34005280879042171
-0.81892343005800405
0.46230780107605624
0.8200397810490887
-0.554635086376561
0.1411193766179098
0.61704456613250191
0.62687111152271391
-0.47569802705564124
-0.046059315294458211
0.57380875446627522
0.81769312873012923
0.60545361462746938
0.33863646788949175
0.72024389143529788
0.11636559768186798
-0.46833581632811555
-0.87585421778993522
-0.42279685481054291
0.08813132053134945
0.90192887186502324
0.96114653462085342
0.078010419617807789
0.26478616545691758
0.85975950307468996
0.012651088275841842
-0.51054240454461652
0.46205695938055791
-0.43165721800232465
-0.77470988920659001
-0.6059033584315382
-0.12175922694195659
-0.78616525673415516
-0.52434898150874332
0.57715654719143339
-0.62605787721648087
0.51381683761424612
0.65420141959571243
0.55498897284815474
-0.68157541239502384
0.25898976980882799
0.68438239044625016
0.15963046952585924
0.78504310201407423
0.59851937410502742
-0.97396080648040528
0.084093787553239902
-0.21054354023571717
-0.12477579557617406
-0.22646137367253374
-0.96599495188778395
-0.825736583582108
0.33754959754911096
-0.45190636610760598
-0.862614823014066
-0.50247477127982654
0.058436044901224393
0.75452813188297096
0.63988393940495814
-0.14572522873128707
0.91524186818401321
0.39739613909482119
0.066397525221706485
-0.11059973234394763
0.25787045052405094
0.95982838567734075
-0.056918506163065936
-0.9925304985767317
-0.10790501865617476
-0.32582956061004048
-0.93712894042035322
0.12499778581756574
-0.17480227636435103
0.71321140561453034
-0.67880310479489325
