0.86010031071020265
-0.50820391812010224
-0.044229324249747917
-0.73213762218444978
0.30290182962392515
0.61010243713050227
0.44756949374541832
-0.076551457645658016
-0.89096656648877404
0.27994749401021529
0.92254110029010883
-0.2656074525929496
-0.81410100194005719
-0.074416852616925988
0.57593549177558556
-0.56242103935222321
-0.30570100673027278
0.76826393184768405
-0.42848013659067186
-0.44316615921452868
-0.78740620258814464
0.37675896442447276
-0.82859390361550689
-0.41410726341977511
-0.87012198534151897
0.3389583167255471
-0.35776387485032263
0.84969430709519467
-0.34380425174728296
-0.39977271163813571
-0.08423994254222078
0.9963040941887582
0.016786422584974137
-0.075918599539480769
-0.4395764390243892
-0.89499101699324413
-0.25645816130338289
-0.11429667591630302
-0.95977366153451593
-0.57348011168978907
0.057129335034775242
0.81722506115191507
0.56914948592622894
0.82191920115663886
-0.02275278971778948
0.92056052347707962
-0.3037522200820495
0.24556651117534586
0.47866807683083035
-0.65187822140271079
0.58815955036360035
-0.99033372176462542
0.12807327649454303
-0.053257444397734201
0.093922304443747023
-0.084783612748530177
-0.99196287215665668
0.78104132818480809
0.40358900059343206
-0.47653999020785809
-0.22673667632115327
-0.44985765579134185
0.86383943481225445
-0.35116628772826364
-0.87102732659492799
-0.34350201555164533
0.8719731628885109
-0.0098108401476006413
0.48945536121060584
0.51788223772606856
-0.55304460541690981
-0.65264052300412245
0.6795008258373938
-0.64534202801685348
-0.34901618094494485
-0.84450314327345677
-0.52493041015902031
0.10612495225692205
-0.40886923432404704
0.90116312217176819
-0.1439825560993358
0.57853103706254438
0.71282568283733039
-0.39646107632758942
0.18264008466091972
0.72152900540680864
0.66786113364359923
-0.064817811165595179
0.52064559749449346
0.8513088823484124
-0.20546888731801535
0.76369326276853444
0.6120090985812604
-0.14866313191797056
-0.733486435530182
0.66324725563063447
-0.48906180520545861
-0.62808797622658641
0.60524709401100729
0.53035369294700596
0.58182212692747282
0.61661006559661724
0.68376587436804104
-0.23454929210105294
-0.69097818968807079
0.80583039656017708
0.34513106300177782
0.48116724881368511
0.90688937378981394
0.39617579716906642
0.14351446423470263
0.97989830422380653
-0.15390897190973157
-0.12693046027253585
0.60269737229289733
-0.79698201514481848
-0.039693135010240965
0.657579910722906
0.17140790631811303
-0.73362660166142812
-0.57835039305650748
-0.11533146818540387
-0.80759487077220993
-0.79874610125069356
0.50612457084870266
0.32533457320124071
-0.74835918330012485
0.15048975403369838
-0.64599641384550044
0.16488919507480307
-0.83171302037505135
0.53015564232232149
0.045467332097931135
-0.9736531728495057
0.22345518725683441
-0.82586991163700008
-0.48741626822647033
-0.28348592649525889
-0.75416787878517333
-0.30943366719722498
-0.57920774875130021
-0.087636465710050362
0.23948677130657536
-0.96693636618290613
-0.96876232654821781
-0.22849936511738697
-0.09637216819100497
0.28158300608847803
-0.95554352533095699
-0.087450453859673358
0.037188287256267445
0.14873512361042854
0.98817756212916308
0.80499176232150882
0.57587827139488046
-0.14266211525754161
0.15924654931636797
-0.6901402609355668
-0.70593693540331015
0.30164944059844917
0.2468500544113823
-0.9209086087249595
-0.69392647878503233
0.66407133652117722
-0.27834385578270482
-0.44602768582951158
0.22277011419770568
-0.86685222483068702
-0.64533893771765605
0.7589412733059997
0.086866559377672403
-0.61655825409805087
0.49088115185398018
-0.6155417240594443
0.8778163302558033
0.021285938346731398
-0.47852418869366853
-0.54258128316113352
0.70236233271873472
0.46075232472676159
-0.29662508025177126
0.25276204394539431
0.92093697444840206
0.59954655841401483
0.25279503865915515
0.75936723179448984
-0.21567746399922014
-0.71634219568082835
-0.66357900073015785
0.65666974799031819
-0.096897233231840435
0.74792764908535514
0.73603324995687713
-0.39030355767893055
0.55309871435493951
0.27075072122471522
0.76328772194291228
-0.58658835693141398
-0.8821294392372917
0.47074219194309302
-0.015793706199410371
0.71567936234556995
-0.63867796293733636
0.28265440023260296
-0.64516699639508757
-0.75322827858000418
-0.12808866893657886
0.25681845664208114
0.96248895805999712
0.087517346512338001
-0.61232946688420786
-0.74076299625007025
0.27626582736907684
-0.080578146288579566
0.76948917596198974
-0.63355628827913479
0.10743627591095227
0.53063468796459468
-0.84076410160466697
0.69971381318749482
0.65951517336784715
0.27466400516302469
0.40125264848912817
0.83244570038678511
0.38213933059555011
0.3587833889037777
0.013676013406233653
0.93332065577915568
-0.2620766070122621
-0.1115511564785463
0.95857821357739992
-0.38223598265225911
-0.92303385854817543
0.043636561958165468
0.4908791897945125
0.49959142869748197
-0.71375487767068302
-0.91699658887597757
-0.043871599460378982
-0.39647514266421474
-0.27012266626056292
-0.88643960872299721
0.37584380433805809
0.14797540642066404
-0.57075498990199691
0.80767692835477889
0.43226520457022383
-0.36213035802292076
0.82583799665312896
0.023156360960406925
-0.89910896724660938
-0.43711193985500618
0.024971120164328901
0.92226263168358458
0.38575650526959032
-0.45671056581467839
0.49962740550536699
0.73606243943106608
-0.41124266307495139
0.76949684527172502
-0.48862467926199199
-0.33474218024626801
0.90714468253146074
0.25502195536633776
-0.075719621805767232
-0.99093467671637903
-0.11097299380748929
-0.28788848346491708
0.53068610529281157
-0.79717782127792369
0.41609330532681549
-0.86905010428765495
0.26761591413782121
0.087640336394490079
-0.23948941726434159
0.96693536001898628
-0.94997376590784754
-0.182971722089424
0.25312288123062471
0.28536041940844803
0.40667639393343474
0.86786159129917284
-0.074735765148889299
0.94060452423244367
-0.33117622861713414
-0.93688271238576193
0.17463740886711909
0.30290684815117125
0.28666157059659725
-0.39199480867502512
-0.87416543852689721
0.95592934363458282
0.22296294135262362
-0.1910147029988587
-0.76975418489449265
-0.43417099299533218
0.46794662481832522
0.98520810731646535
0.055604838420149273
0.16208975051550029
-0.57171848509105327
-0.64162080475314043
-0.51133229578535677
