0.57501522230102375
0.66358290243231033
0.47855535282934136
-0.068356406055293972
0.55813999652545276
-0.82692632442665115
-0.2858805260819971
0.95742980774214803
-0.040006100208771066
0.82213198116504926
0.45652021509054602
0.34012982633005379
0.07608347556760163
-0.97865087147749308
0.19092872099790936
0.3058200380680286
0.85611804041513018
-0.41657652981394311
-0.83765176033018551
-0.13007838041085187
0.53048953181512548
-0.080962574661232967
0.24657052023378459
0.96573704498474378
-0.15563808098535681
-0.98204826954725222
-0.10657384306875164
-0.35060314479834143
-0.36759508154652343
-0.86136594481109952
-0.59195290365733455
-0.17640245850660308
0.7864311365176716
-0.65187159582063403
0.62441643726918927
-0.43031097526127809
0.020247009055730014
0.8484598905771813
0.52887226501874207
-0.35310618519409587
-0.85014599519110801
-0.3905992944670964
0.52089007287589184
-0.56951603759541247
-0.63586556354387436
-0.54039309739021912
0.006393570352584396
-0.84138838983619924
-0.66142528703935788
-0.29386420261185608
-0.69004378128362331
0.64262177183313085
0.75388641582443883
0.13672062902659832
0.96907223755403982
0.20619969431633547
0.13557538296407834
0.91807474904270847
-0.21401477625774692
-0.33367114156533595
-0.20334206709580258
-0.065156586597892779
-0.97693736901201467
-0.97910683576068402
-0.085257265198762339
0.18461040842143411
0.45493913352587134
-0.29842727930519874
0.8390301208855534
-0.8936187294144381
0.21595318897523463
0.39345874829663119
0.63449346674247975
0.73971302193948185
-0.22414880288386432
0.62183475242409925
0.32303579619560424
-0.71342092417725689
-0.59458406157534616
0.7993889613487849
-0.086296478458138245
-0.36122908329722547
0.3113535969384077
-0.87896102703917522
-0.34579891115541533
-0.7304335989125943
0.58897357379030546
0.96625079839389094
0.14024351076043012
-0.21608135572685902
-0.060254293141800072
-0.62291083570751915
0.77996891663459389
-0.65303668727098441
0.52009953666441533
0.55049028787036658
-0.97210104133728981
0.23404589760873459
0.015559024502800179
-0.017799219127394812
0.24019746623096438
-0.97056085075315068
-0.39494681023146239
0.43500902954482235
0.8091873462322956
0.73954111187967009
-0.19454162310873874
0.64438536662310908
-0.18176783498516588
-0.67252125731706014
-0.71740895772319846
0.18525653381609791
-0.056847642817720076
-0.9810445260968097
0.29796235603284826
-0.62160239438496678
0.7244507558711154
-0.040745235689095181
0.81902828646383596
-0.57230454457461077
-0.15953848808548388
-0.13542577783482937
0.97785854269277084
0.37505168526369509
-0.81723152678288757
0.43757155416339921
0.53719902781440221
0.062526413351004173
0.84113474078100037
0.53197070456181283
-0.002168555067750278
-0.84675998184664258
0.01575741360774852
-0.85473224499719369
0.51882992712299425
0.98587864961408966
-0.16648276044641475
0.018077021581017531
0.0085602803785658332
-0.3892542175480192
-0.92109059039864238
0.86210477830586318
0.50515646083016874
-0.039903650255791394
-0.8457390143459268
-0.35549979854132391
-0.39792639124624363
0.55668873209933145
0.62344839305676536
-0.54900797512292654
-0.59299052330400603
-0.73643243429782168
0.32562172683318552
0.56393227056523876
0.40609600206420782
0.71907331428902377
0.79545933989730644
0.18566508873432419
0.57686472712016024
-0.51758280750238395
-0.60443562071101475
-0.60561177151178347
-0.68374159726329942
-0.66363968827669695
-0.30344652299184521
0.70989295484809911
-0.25476031541380628
-0.65661950500064548
-0.84810288095915731
-0.42296620254275069
0.31909417859832867
0.6795421372107584
-0.69738344182538892
0.22776922272951916
-0.49054545958889584
-0.87071080842283777
-0.035040550400462854
0.36350252411001222
0.93002616678667427
-0.054011517824769942
0.38196533687088507
-0.8161890983758846
-0.4335179778526746
-5.7160592621785698e-05
-0.88167419342336339
-0.47185867946232413
0.85825362891003842
-0.39840755299429165
0.32353072524854642
0.82603266279391496
0.073167196821092031
-0.55885293352270959
-0.27617488097821652
-0.92312580690364776
0.26751855962747145
0.25606899621243673
0.35459738073850922
0.89927157563894122
-0.38781582652296193
0.62751974787161657
-0.67514283727923441
0.75700196990455193
-0.52975347990288524
-0.38250394519718489
-0.34122892279329969
0.72411054151166643
0.59935527520912479
-0.65983956573138858
0.33779723079727009
-0.67119652737563262
0.014219414626975365
0.97087558811450425
-0.23916187123156121
0.20700837425613819
-0.0037322236608579116
0.97833205175664972
-0.76755771488567803
-0.64010537491609676
0.033470334969931868
-0.97255026588575133
-0.032638223485846281
-0.2303925491270109
-0.054447512906265268
0.58555494687812215
0.80880212198341905
-0.82981818989498901
0.54510617474380108
-0.11941955441042527
-0.35029387122365524
0.85399422540826897
-0.38469217142083362
0.61610056507451594
-0.77063425446824463
-0.16292004037267688
0.19765439745676158
-0.96440097236425926
-0.17568011745463913
-0.6317201514179368
-0.48695262454243871
0.60316398412349659
0.86322405767110444
-0.50349126289896384
-0.036616586982409279
-0.41008918583578335
0.095445176708495547
0.90703752838767826
-0.69464356888521184
0.18949456662412115
0.69394677132064853
0.61840509475521221
-0.54100250805713768
0.56999247807026698
0.28054872446188617
0.66730444612413653
0.6899254955325016
0.1102404143351194
-0.35283438798045913
0.92916895433805591
0.3168667850176779
0.31371583478521564
-0.89508536774856051
-0.25269535871589793
0.91700680702839965
0.30861557243117699
-0.57116169891765156
0.77418732506921206
0.27277884703854943
0.81906708246220339
0.42067502023372744
-0.39007901991546151
0.9298902684848207
-0.054381147248646886
0.36379496890576829
0.057245013736858502
0.98918512916669776
0.1350399520058054
0.37313718932231665
-0.34172379338274789
-0.86255057068020458
0.17802130642745595
-0.66185456059355185
-0.72818744501630783
-0.33820660795895652
-0.41828368424887469
0.84300358826287591
-0.9359608089600332
-0.34785032479426353
-0.054566616455535039
0.26044415641353186
0.63019720945474411
-0.73145083128361887
-0.87794298001163062
0.30183892500622456
-0.37163071347694671
0.41716081459675436
-0.90401345616183237
0.093469384524083945
0.33268488280025743
0.88226279283936226
0.33306625936511125
-0.82038941577879587
0.0066654761671218216
-0.57176636653933366
-0.82000954501139567
0.52478085104842531
0.22845000429655118
