-0.3125612928192083
-0.49285639442174406
0.81203325837602447
-0.85546201089683516
-0.32561791587436428
-0.40268811849119468
-0.62435775321005915
-0.62850730924169806
0.46384906837919543
0.15411376807027224
-0.0034711397400962879
-0.98804701187751554
-0.37054308351852427
-0.15695898375386913
0.91545709930915753
0.89969951000020809
0.24325605127145417
-0.36244625149834991
0.27579305038931956
-0.11504109472301226
0.95430799005451328
-0.85637320765104508
0.053048173340990462
-0.51362517512544525
0.34540926199910121
0.92250812712170016
-0.17225329349434609
-0.91305600044300184
-0.40404700626870227
-0.055450489450754523
-0.19693406881542602
0.046332143367794058
-0.97932134921625547
-0.31971185158687171
-0.74914453377174162
0.58014377483070012
0.30460838650537553
-0.48449882145660006
0.82004550049235525
-0.50441543496944319
0.71411731901868158
0.48538801349246158
0.46718815720839657
0.74901548753620306
-0.46979891995951462
0.47786762824121021
0.44876818982067646
0.75514875467300735
0.8370205633558353
-0.48437810621205873
0.25450820564747884
-0.25232096811575183
0.86243580508669226
-0.43879221865661955
0.69064688094071536
-0.26894365997763808
-0.67132420901133472
-0.14706471456746226
-0.95367771196783235
-0.26243245116599279
-0.25865535651415461
-0.57751821555972205
-0.77431913139431718
-0.34341755951133818
0.39022389595879542
-0.85427729154064225
0.56958005093260777
-0.23621890374405821
0.78726056365955688
-0.035797659945330317
-0.8989480298010385
0.43659015937062701
-0.10662686256587088
-0.99012659872345476
0.090994673908320833
-0.063982524602850532
0.040844342832184133
0.99711482598748502
-0.13561472159596621
0.75633993615087092
0.63996761501637323
-0.85453470539075882
-0.42704789189477455
0.29563581533866623
0.13279280144321312
-0.60845119515194823
-0.78240220794871818
0.08629717567077072
0.98733795400824598
0.1331035763834271
-0.59074616302113836
-0.51778853533008662
-0.61880045536224848
-0.95947562063566205
0.26740910271483359
0.088875785178297223
0.33725405250454704
-0.32777359447704763
-0.88251015565423152
0.00033503286524207018
0.97697355186309565
-0.21336018071089591
-0.033965652992054479
-0.31715989404763523
-0.947763649875071
0.77299399925322143
-0.63191922716053661
-0.056199354652352006
-0.98070042234677868
-0.090365621147007968
0.1733803221924716
0.25491347090858818
-0.83372471434009598
-0.48981856135497931
0.49538971101776919
-0.86795908535447919
-0.035157650210829415
-0.42584899499540096
-0.78072199117772589
-0.45730275086958966
0.56453179047952562
-0.74512659713905993
-0.35509183569035463
0.94906748529976281
-0.30638782394595232
-0.073467065304452808
0.75066236222606564
0.11453044492837053
-0.65068332937127904
0.48543518727682061
0.71448159000304268
0.50385388407775722
-0.78414686214855378
0.52844677386943295
0.32535781190800583
0.58647926343486578
-0.75649986491114463
0.28939597086054497
-0.70836068117722373
-0.69935393850026539
0.095546920757847723
-0.88177589635155473
0.18553783450345579
0.43364384070476603
0.12281044277665644
0.846092742658899
-0.51869515706717728
-0.4613061854684033
-0.88148500842532052
-0.10089986704651011
-0.57145751133245792
0.80658865601078911
0.15116564668079371
-0.65818654084268924
0.028214121181322535
0.75232602029937845
0.80411718991559766
-0.27048933122043095
0.52936855458004561
-0.84334947727929876
-0.15754632061143628
0.51375170660011604
0.74037385086461605
0.41940791392167348
0.52530330543008141
-0.91693819136575139
0.29910048044353377
-0.26412734771952723
0.010947206862099294
-0.66821966331768301
0.7438834856464559
0.50916675477340523
-0.021811741991992477
-0.86039145959545293
0.18241168212533959
0.63413540230439014
0.75139754442535489
-0.80621841953720785
0.59088981299805876
-0.029344316213642214
-0.062937829790340336
0.42045117173276958
0.90512962705339794
-0.66482188068982628
0.37727210917517334
0.64473065895345671
0.24863604835984998
-0.9437027796863674
0.21818611108001784
-0.3709855039773523
0.5313078672405992
0.76163095134514835
-0.38137032778143926
0.20606670762668713
0.90116213030496062
0.36237416757901125
0.29014646165001012
-0.8857200423742243
-0.22503155439148775
0.9157262499590928
0.33287570452649118
-0.38690646669889611
-0.26457660820546852
-0.88334738603624452
-0.7156671282952356
-0.64339277215443047
-0.27178355766508022
-0.46062695542428028
0.6395229415851843
-0.61549428520725635
0.73877654665027015
0.63068536530833152
0.23758195239832045
0.60089824335183906
0.43750220972867104
-0.66896421251005933
-0.016722027046836566
-0.32982747141291607
0.94389311519515118
-0.69050383463857179
-0.1918360787696447
-0.6974262493136566
0.91053304590226936
-0.12335204662184425
-0.39460593623783485
0.99541224346867152
0.068912438913022081
-0.066374251903318776
0.2426158219965934
0.24764123805931851
0.9379826118480904
0.0095532417777032738
0.35899635777986583
-0.93329006780974977
0.57491653447525548
0.11327120728585813
0.81033364238871786
0.96334900818774305
-0.11340802874073933
0.24309937770556198
-0.10871185001098319
0.66190721692932863
-0.74166068376587146
0.26055494003475904
0.60453531772756963
-0.75276036880504649
0.30322717901218033
-0.77854912975988411
0.5494674971810819
0.89264370865980081
0.44869496669579534
-0.043128137589466126
-0.082232270322386683
-0.81330849259006466
-0.57599231730857559
-0.53785378568905828
0.81228864801530476
-0.22561129742416894
0.49026260005149702
-0.57100973228830398
-0.65847586791224577
-0.72755133989116449
0.56729523733592091
-0.3858045638902583
0.65103570464819049
0.75341014851393528
-0.092334497288089804
-0.40928450238144909
-0.87601195489688277
0.25512595122431475
0.15850985031408513
0.8738254384014037
0.45967785519426657
0.74589870274318348
0.55410155499225944
-0.3696032900302646
0.58910121605843802
-0.55821386152420127
0.58425768462272654
0.82472612990613847
0.075738336175649193
0.56043778877176675
0.93095981502109049
0.26221477037215379
0.25408116225839278
-0.68477246781530898
0.3337681257718933
-0.64783138665925211
-0.62013143266099691
-0.35924040663516837
0.69741188437423285
0.79299364238732162
-0.46825711284416077
-0.38973883486783745
-0.28571016926291609
0.95817010190550933
-0.016725877978207654
-0.98280596241169382
-0.051232577069326934
-0.17739127175500916
0.43819333513441144
0.87934532402527599
0.1863824083937746
-0.53248390882938468
0.085254885619986565
-0.84213567274857926
0.18789386844474945
-0.96819848875285364
-0.16518952926126251
