-0.8602981997193101
0.45517844123853762
0.22956392179819798
0.61722737820280582
-0.78653157015758601
0.019961281079446554
0.7244638972287728
-0.6071015321304537
0.32646560507495093
-0.40838758171471951
0.90899794195478489
-0.083320613434904073
0.52481249694125687
-0.21289538263044208
0.82416466747181094
-0.58815310698171008
0.39019742172791883
0.70839388395485603
0.19294642432452488
0.94260905705248366
0.27250659240284081
-0.64486631767749314
-0.76076924944603075
0.073331994534403019
-0.12208299437696263
0.98383374645481414
0.13102252409657944
-0.70475597280823554
-0.38996307004880909
0.59266164275176858
0.81380901298377795
-0.060047177675744676
-0.57802182211361797
-0.69158122647347775
-0.16387425772930178
-0.70346331449700361
0.51489818945740018
0.83921769249119538
0.17491003145401568
0.066217849415773425
-0.96052898613024229
-0.27018375825048896
0.28935703554235237
0.77587951014228429
0.5606099283133601
0.35475069077739602
0.50874773678179031
0.78442825529959481
0.44114713870301303
-0.82383809150199538
0.35592134103548018
-0.34740383432543198
0.67402818768398987
0.65191761604011278
-0.34922429151317197
0.82714630143575496
-0.44030828999494687
0.76589689573866704
-0.30557657086557083
0.56570743714035787
0.40986889018174488
-0.85844702888533253
-0.3083442742441152
-0.35203508048747689
-0.90712960598545056
0.230623459454707
0.26229623954421172
0.96190859069023138
-0.077023021735703509
0.5782403102732625
0.041426958742869585
-0.81481405895111902
-0.85811221311319397
0.069466331087116584
-0.50874144567871737
0.78822068639744192
0.6069155829256293
0.10179206617997873
0.33148407611665226
0.85370768718823664
-0.40162357017087674
0.079964560967246454
-0.9298853549257855
0.35905277562478388
0.11397802304244142
0.2962524569666074
0.94828449950665383
0.75235047165155577
0.036584468609570681
0.65774641349249263
-0.73654989544525507
-0.45291552418346454
-0.50235622766439503
-0.21168465303606099
-0.85923472031520731
-0.46573093420326922
0.012017568634934096
0.63487426008526415
0.77252200740515664
0.730540377753781
-0.40106278629853487
-0.55268381369261999
-0.063070640110610102
0.97380267317142355
-0.21847299164937381
0.95796489824634856
0.28437594322572174
0.037862602160231296
0.60553209901896499
0.77717065213077174
-0.17127946322988419
0.93477518986300456
0.037733877222475926
0.35323009346082462
-0.13637363959502158
-0.62466329689891642
-0.76889400825535315
0.0051708592506292273
0.84593573489330054
-0.53325978157474219
-0.92166621462741871
-0.22030397992075174
-0.31937054536297177
0.48094809262750171
0.40407361053241991
-0.77808318929871645
0.213661940717293
-0.74577424185926577
0.63100662062149337
0.83451553125568878
0.48937001195499602
-0.25318139641806736
-0.075555159933099969
0.073800879688826732
-0.994406781938176
0.047488407420607143
0.4324473217840123
-0.90040777708907505
-0.31598817152508651
0.33535236465272156
-0.88751916428776945
0.51048906624131463
-0.306837535119099
-0.80327556933477462
0.24876537105983376
0.6563096443458083
-0.71230150982581941
-0.20717333002251187
-0.81862974965109814
0.53565338075434943
-0.71935101191467088
-0.041328616192508848
0.69341622936080138
-0.67607273031194681
0.73288652599613469
0.076177446412087707
-0.9762120107222847
-0.21316472590630434
0.03963470386976551
0.99721670430265275
-0.074542823728477078
-0.0014873097661911865
-0.44699104169091397
-0.24112791423419175
0.86142691949180461
0.60530178697336889
0.65261607907021824
0.45574334885531859
-0.97666444199667002
0.12796295186983422
0.17248782765195797
-0.84580247415264598
-0.51930244445176543
-0.12224216090892556
-0.90568817772836296
-0.14849489342341274
0.39708713319653993
-0.065380014809443721
-0.6110098957297645
0.78891847549909688
-0.18776327948476398
0.64459926712357529
-0.74110507736816655
0.84776154331449149
0.37509863742772881
0.37496850251306812
-0.52384199828738021
0.56219944743442862
-0.63993854559223673
-0.14160816007761659
0.045251844905513879
0.9888879610613529
0.59259097896165169
0.62488831274154322
-0.50828193775925068
-0.79183584526445283
0.40672685934225999
-0.45559769099931902
0.70024847162764681
-0.64478910635352604
-0.3064295780615281
0.46129393064149049
-0.64332057168975298
-0.61102090929369446
-0.45954868464241594
-0.65647784003925247
-0.59820719820211365
-0.83158711387248796
0.23047948433923487
0.50531384241869526
0.24957413001487344
-0.43829885576958505
0.86348530193535522
0.92124716413136132
-0.26786505200865052
-0.28204959934792917
-0.40985402873597254
0.8584554691746652
0.30834053021456359
0.52382171695585822
-0.56221190707062019
0.63994420099992555
-0.83451553998872852
-0.48937000062755609
0.25318138952756092
0.94502253561391658
0.13209314198640729
-0.29913844457375033
0.27397043180138492
0.1741103550315137
-0.94584659790547576
-0.407044107664701
-0.55886783007268548
0.72248310909342051
-0.87981717643998802
0.4608415547579649
-0.11639071032272494
-0.97636967251164097
0.12458553397025295
-0.1765805972491255
0.1385789211264612
-0.79648582044413041
-0.58856284324689268
-0.11397259465019731
-0.29624844865346939
-0.94828640417287147
-0.46393405925956488
0.11493298892471261
0.87838237500292216
-0.62483020359423724
0.21824440987219867
-0.74963764195504468
0.30083030886946993
-0.95293356317362898
0.037666290535577775
0.76233695865083317
0.30235089401156329
-0.57221176007262065
-0.06318162138569916
-0.99671824373566043
0.050604597850144456
-0.60935678589362696
-0.73784051509167137
-0.29030274158995717
0.64951950980117723
0.3674314006423603
0.66567151975252148
-0.351955017280081
-0.92452191666550976
-0.14624257730397824
-0.10826347615810435
-0.30516105788020986
0.94612670847175384
0.22341154662235577
-0.16970598420392763
-0.95983704854583685
-0.23886974978416597
0.40461610615462984
0.88273838099309776
-0.64999231080215381
0.70136891929677003
-0.29256048082842157
-0.64435384551830155
0.62150111950204234
0.44558330334908769
-0.086039722577848449
0.86337450875117216
0.4971736354407772
0.45080324516162551
0.14624906881701846
0.88056098256844328
0.91830719803230543
-0.30439555348196456
0.25309136109805241
0.19815976815651262
-0.08857563543403156
0.97615934308473151
-0.43654325171233926
-0.38428570864097866
-0.81348293375996394
-0.57434324602595777
-0.69610008897867248
0.43078359052806375
0.86292075060504947
-0.50476004137496033
-0.02418840231116369
0.19682567952627489
-0.51240613318070527
-0.83588253155441494
-0.40699703211941218
-0.033889067312603216
-0.91280060635533755
