0.55045636370686457
0.57355393991472026
0.60665778628722611
0.69282692769453624
-0.71182079084206284
-0.11533434001341564
0.16173352995639836
-0.38923299040083087
-0.90682961159827025
-0.11508324185050282
-0.57775299360941557
-0.80805774906286076
-0.56356163199119924
0.60878518527563874
-0.55837163711664495
-0.91326978285956906
0.37911116091516717
-0.14904036830734768
-0.6116668617605
0.35852646335917138
0.70521090837793077
-0.59404432662549522
-0.60394125640846219
0.53138149837177262
-0.24833462902448519
-0.66827049490029145
0.70124493415139255
-0.59685730977153306
0.25202515050702157
-0.76173793084249219
-0.82211271623117399
0.55238887865238839
0.13783036150340064
-0.081553966248876092
0.94664931538403685
-0.3117755992248456
-0.40340009728477216
-0.74182748472312543
-0.53568679694388355
0.29365584629435176
-0.9128805634036562
0.28357595260700674
-0.35545623805034277
0.84618294510062109
0.39702051112245718
0.96562487020862497
0.17906330803510437
0.18842755040094691
-0.80002719034760605
0.36312073731131445
-0.47759797407338617
0.16310708456302628
-0.21279973041856354
0.96338587995628033
-0.35653877038683823
-0.83702675015586314
0.41504978585051183
0.64110046936587595
0.75930352867983097
-0.11157212695476738
-0.32318887390180184
0.26756321171080766
0.90772180734247143
0.6355085087377893
0.24617278139595924
0.73179771591721199
-0.85517556690446472
0.32772774799920512
0.40158345703103487
0.74317898188171427
-0.49551026832725076
-0.44961603048769799
-0.81603429705674613
0.022967237492163711
-0.57754699551558641
0.99047369286729392
-0.13342308450186205
0.03406089047330816
-0.82510613046236003
-0.56053186725368731
-0.070738244723242999
0.62881365039289283
0.10374760224924029
-0.77060354794608765
-0.58416548858756878
0.80529894642214184
0.10121407429125381
0.07260756990299562
0.99734182785775682
-0.006117123354164096
0.90258216349381204
-0.21732645434311373
0.37163779461389584
-0.33655600212879233
0.47138945865324583
-0.81518221012340797
0.22963591971919939
0.64009767244417481
0.73317277234378209
-0.9668710457314218
0.047265819267380334
-0.25085119743626921
-0.25789567048876461
0.77969617943386527
-0.57058188800502985
-0.43460421055411563
0.8622077831685091
-0.26022474673304846
0.42094972877121672
-0.15250359343637404
-0.89417223164020931
-0.69358228690951995
-0.58464368287743895
-0.42087453636073624
-0.97454298763820979
-0.22359267453899526
0.016500943539420863
-0.63434758735911445
0.62948736250285597
0.44871906451684046
-0.93291475726779372
-0.10288736631440046
0.34508585239742856
-0.070130575040080759
0.77783091906263868
0.62454844791634734
-0.21406952975730603
-0.076057600923992483
0.97385290355945053
-0.20109409328072061
-0.24496963923995194
-0.94844664662713252
0.059809092642825211
-0.99728822312602217
-0.042884408021840043
0.69774109952468077
-0.15807513908835069
0.69869135420175921
-0.33675573657197622
-0.93966683714156407
0.06018146776404678
0.74128691515547629
-0.19704143574220817
-0.64161388858091806
0.15769027213101791
-0.57391957675701044
0.80358577481828253
0.0016460822567596239
0.94477480754685073
0.32771611714716642
-0.89956698098287702
-0.29306514877029655
-0.32387044524253228
0.060584030178647108
0.14108865810434632
0.9881414705605811
-0.84125771248981884
-0.46089488513787413
0.28259753365898826
0.16240513924191569
0.8217562549294033
-0.5462062140183096
0.89520201801500554
-0.42118780914301851
-0.14565087150843231
0.642981687650927
0.71790731781247241
0.26680260938916561
0.2010151699461441
-0.91215957591193386
-0.3571523617781126
-0.63677237440713441
-0.74922404558251998
0.18216550911976223
-0.27315376042914724
0.96062678781151067
0.050825168001247964
0.80549988104271186
0.4333066061134378
0.40424661623646446
0.51931952681670546
0.71534676200456115
-0.46753207286395115
-0.74377861950809998
-0.28956923915955307
0.60244752542871527
-0.27577504306513279
0.12365002725550676
-0.95323596049568793
0.45507772340506336
-0.39096806055283534
0.80003015023686386
-0.52752599134921885
-0.095694326732061255
-0.84413205381760104
-0.46397494962527358
-0.37215428626319935
0.80388334560193087
-0.050200598482757486
0.47573791019569556
0.87815336969951052
0.84202328267301541
-0.50602054841514099
0.18692243315931695
0.081872737015322286
-0.03267650110502978
-0.99610697277408555
0.9305470774603587
-0.13185812353580514
-0.34160733582228819
-0.12922431681564511
-0.40625682131811303
0.90457529873196985
0.32542509508608203
0.91328047395877943
-0.24498425127718243
0.62810453953228373
0.43215812005008525
-0.64708890169258326
-0.53901604977223583
-0.021460079083209366
0.84202206805622215
-0.020777964437390557
0.62989129589015125
-0.77640532684652852
0.43407277821452428
-0.0093349591064003541
0.90082944098847373
-0.78556037095399978
0.065578427852843763
0.61530023028352876
0.60576215452141224
-0.75500362176433311
0.25104131785886624
0.69417731917934655
-0.49015428169008624
0.52713056226882826
0.323618732152199
0.55603210016444515
-0.76557117225436322
0.38930646614900294
0.91333661483547546
0.11940143807948669
-0.21256280739798769
-0.93856312214504001
-0.27187555730598656
0.33982522820865696
0.22897907362182582
-0.91218824708292778
-0.71371910200698807
0.66316692483342377
-0.22542110202312204
-0.44263237423012114
-0.4683995186935791
-0.76464270883271312
0.24454178281576069
-0.68567397487939385
-0.68560230208947059
0.31904772667798553
0.83294889736530719
0.45211136070610786
0.0537545211417765
-0.81575609925672676
0.57589273131570906
0.85458522681338989
0.095167227786535066
0.51051668813833362
0.41499637459296906
-0.90787016714190616
-0.059579935283779389
0.0076128920215142639
0.3274731158623837
-0.94482982714478836
-0.36263294579036093
0.60625550260157879
0.70777935275953918
0.50297771703663996
-0.74987394047805045
-0.42977027532919365
-0.9814057031132466
0.15454073361329312
0.11384202893070401
0.505581265389075
-0.46459111662276886
-0.72700940739634901
0.80099712428072056
0.50438660463727314
-0.32248683687322677
0.84917636860384649
0.17571426558341846
-0.49802007175942631
-0.55925629327933912
-0.80835171271981454
-0.18384751010115996
0.96554238659890068
0.20263188124218021
-0.16330407338812403
0.41484774642463884
-0.70787007648478428
0.57168286847151917
-0.71468839939545448
-0.30373579048865718
-0.63005163387280716
0.32779829190009713
0.3409106600930713
0.88109488800144853
-0.055757253332855444
-0.95810018875531366
0.28095401226501099
0.86103861558099881
0.50696114263397229
0.04003626278280846
-0.061566184228223832
-0.82165483612329082
-0.56665062890178175
