-0.36159312914897296
-0.087911999457542217
0.92818203457276161
0.9798829281058552
-0.16511621201559035
0.11209854475557764
0.28170587045025935
0.68483569832264779
-0.67204305580579649
-0.54202980053138505
0.82138485321927046
-0.17756862965587258
0.42146219156647452
0.90399840513725149
-0.071808805792117458
-0.21322665168987553
-0.96234309984824129
-0.16861243484275493
0.46354517240608606
-0.87467168653765293
-0.14168738090736852
0.45697562051423446
-0.35591269904560591
0.81516834636392888
0.88054198195708477
-0.1451512674869673
0.45119499948250297
0.65325470483681358
-0.18578710493044887
-0.73399008320966419
-0.34243005959893841
0.56353440789800235
-0.751778308677575
-0.22952224319743386
0.24054962502909072
0.94310944103851591
0.80642491838953811
0.18902556120889341
0.56031079608560963
0.49539193526125319
0.21937922058563297
0.84051150381975759
0.67396732256664293
0.20420452084439653
-0.70997786006259445
0.47801339466696641
0.78214447938258613
-0.39969139081334515
-0.55287039289657536
-0.75611823403456169
0.35017073666833148
-0.26373900957401597
0.27477851564867761
-0.9246288456277072
-0.86737790161185591
0.31575135143164895
-0.38465134845012738
-0.66478542062380042
0.58546969421619488
-0.46398877322671511
0.11786616284283628
-0.39859217289872256
0.90952286797011361
0.36302571484611024
-0.91265250534039777
0.18782368023325949
-0.80471055266326108
-0.091347826217301309
0.58659739266191979
0.088857851505895979
0.2032442075550957
-0.9750877264744221
-0.61358058991374487
0.34137015954103556
-0.71202898385952562
-0.38577312584286466
0.78048509982914105
-0.4919574212491577
-0.32186957037106517
-0.93285239645595563
0.16182208160670361
-0.58018700252542454
-0.29823071710588617
0.75791917872229075
0.32861859004287419
-0.64588118455148835
0.68909166133439714
-0.9202260864414461
-0.38045974311996739
-0.0918386285707085
0.55024747401188501
-0.71902512252205875
0.4245357352752277
-0.22465141149643797
-0.67770527235385269
-0.70017662567130057
-0.021781208239767879
-0.43904138563580242
-0.89820278371123452
-0.79483981369002765
0.049871121809652856
-0.60476651840412654
-0.39289703353566957
0.84488169425802007
0.36305212263057846
-0.83883374756927798
-0.32544643845465276
-0.43639724980350542
0.136074835777757
-0.97589974665976686
-0.17059696227500359
0.16546601435008282
0.91994256005006669
-0.3554246534831646
-0.95552716917173086
-0.025197243295035129
-0.29382465503253696
-0.23571009532837506
-0.41054780791418999
0.88084689269880601
0.32220616181752143
-0.064583144939221349
0.94446397849604657
-0.035794970946970255
-0.87537531276797209
-0.4821169794264466
-0.93653271532900173
0.11698900657810392
0.33048456160364797
-0.8494634326011411
0.46543056472323063
0.24856843342407953
0.4313902947666573
0.031749422027768558
-0.90160655930513245
0.16434635408711698
-0.66858732679958466
-0.72524565654766748
0.6899829928222746
-0.43522689269910331
0.57836063272624305
-0.51089980127160417
0.030873850957040302
-0.85908567581337192
-0.1744058676227124
0.94591842494676182
-0.27353414171727497
0.67228182630856015
-0.66772132397716544
-0.31966447960542638
0.48107411911589215
0.7342800996585449
0.47895764652243067
0.88948039271859092
0.45692162481293525
0.0068745725313222577
-0.41326333103913504
-0.81573614311803311
-0.40470725719877326
0.64527534856973678
0.74929259535001702
0.14893062506362043
0.98066032178978546
0.14615533740886225
-0.13016893106289268
0.068929264522867448
0.9976154223705086
-0.0034965040895567137
-0.7281945621843029
-0.62694236483797428
-0.27690422672212839
-0.055450321212901575
0.53617017997822003
0.84228664953180221
-0.29879926966700315
0.95290330053007144
0.051906611191272739
-0.56551995524612797
-0.82290215813890089
-0.054947414395555998
0.16498480970466542
-0.86363441333176572
0.47635660242701805
-0.024201102533065875
-0.077567835283885472
0.99669330165580816
-0.61066933286667524
0.61050020605263911
0.50435351124568883
-0.052448878007145594
0.78867825459614183
-0.61256487486875633
0.61803872826790696
0.52396188072006822
-0.58608197200841916
-0.19821465788753917
-0.85531654856311401
0.47869045441977226
0.36532723644887644
-0.37085714385481022
-0.85381554750454103
-0.91067207010971418
-0.28741633749955631
0.29676291827050943
0.29892352733712324
0.54227397134787714
0.78522841568739354
0.14168701130267286
-0.14156850329308726
-0.97973626538138892
0.85065978315797197
0.36536299978417935
-0.378005041905975
0.68138848830845611
-0.72639796378661892
0.089753697457936432
-0.720546826447241
-0.48193752962771724
0.49854637540869023
0.84181766065744434
-0.46817977711373204
0.26860886527991612
-0.44272287962515955
0.45853819152464004
0.77054472859771028
-0.96224339362118139
0.27029889634922899
-0.03203370201491941
0.79406971846771424
-0.37181279844395154
-0.48084147608737177
0.95431376212670993
-0.18185604565393279
-0.23709412070880212
-0.36200431720487131
-0.37135712516662239
-0.85501272500063796
-0.19748572274428772
-0.080449539024422367
-0.97699911002156214
-0.80835647211835482
0.57558816150999215
-0.12352361035006418
-0.78573371008626325
-0.60418220317952909
0.1326137330565961
0.95632314744191849
0.17178017675217752
0.23651132856963361
0.011071180887269858
0.52354417640785711
-0.85192659560737971
0.33097121143190023
-0.82220466305303186
-0.46307402135851977
-0.76194350389401011
0.30359691422918195
0.57207605311202925
0.37465171426999877
0.38721924054166829
-0.84243537007231883
0.13226397667880932
0.78868684528644006
0.60039928426442191
0.14105807353001318
0.25454105676495486
0.95671911777333141
0.87017541345350613
-0.48376424121340172
-0.093631772087476958
-0.036764599370172957
-0.6767342359925993
0.73530887256217969
-0.23498131187867211
0.73316903046999538
0.63815903646933103
-0.59054051710386035
0.12099773155980456
0.79788560998183622
-0.99652137128540452
-0.069824990662532144
0.045493156083461724
0.86597786359450368
0.020916131232513058
-0.4996447290010807
0.7967726569374014
0.49924445848915922
0.34045308608497038
0.29914472169661194
0.91697712020640565
0.26394203245982567
0.61307759296764996
0.46805679452685006
0.63644222212094193
-0.050619356732640362
0.9383618769955977
0.3419278703546591
-0.64978438688219209
0.74502129529151828
0.1507432258056117
0.72184150628098154
0.66196917089084251
-0.20184562566499767
-0.56446896863382523
-0.57017587676662518
-0.59688713589997566
-0.41455910959858422
-0.62516132820291581
0.6612972541666835
0.52794232685261677
-0.56717463481477159
-0.63213118348976827
0.018623037778247694
-0.98610524186933635
0.16507463288381971
0.66622943185845207
-0.080786717963800742
0.74135811206609292
-0.65230716751345863
-0.25095276038286274
-0.71520491557789945
