0.27692065221438017
-0.39644033797635486
0.87529995475971323
0.9976853573343768
-0.052902051229787375
-0.042723538433253799
-0.086011591187532127
0.40931731633770613
-0.90832887256075223
-0.22782238234352581
0.85305847686862712
-0.46945521314167798
-0.036267051073257901
0.46466464607668606
0.8847437299539781
0.3768199715097616
-0.32144606788533847
-0.86872270288765718
0.24631807809963718
0.30495365932776786
-0.91996231991528055
0.57737631912844434
-0.24939134809932237
0.77745774264772205
0.30600302490360554
0.8419766350709863
0.44433939139399126
0.34283162174170706
0.918962795865224
-0.19486882498111785
0.0055499444916910614
0.74372491341257863
0.668462752354678
0.15569150267666748
0.86189943861487439
-0.48258627592343084
-0.37151615750147765
-0.87108450615398969
-0.32122815544998107
-0.85489567720297643
-0.19563563549898755
-0.48049982229192517
0.93856660121407987
0.18351202097731104
-0.29226028338156634
-0.54993462463741705
0.69761976830096206
-0.45923694047911151
-0.056883053848648869
0.69378094074897301
-0.71793615624115326
-0.85392580968269827
0.49350527385463022
0.16511588728954738
0.71813895594583133
-0.6361595984777918
0.2820946742099289
0.27752288474576675
-0.67889827293324512
0.67976332899814851
0.59638150918189803
0.6511904058160044
0.46934012280979037
-0.87369859155291851
-0.073169546565519272
0.48093345545287514
-0.65626001733994688
0.62779595367362506
0.41856305402172833
0.9148646415201207
-0.36301697639243491
0.17675226320235776
-0.034374485730924199
-0.92865236750921187
-0.36935507990316063
0.74336755562024981
-0.50495181757155472
-0.43866654668706845
0.055639187337392031
-0.86467355547140934
0.49924335078282822
0.77869782781699137
0.13571913149909273
-0.61254388438562601
-0.46220006503558625
-0.88639597737653442
0.02594746946810253
0.53057339953135918
0.084661404422283815
0.84340044718448126
-0.45913664843520513
-0.6700850272126726
-0.58324917005434196
-0.97708990402541163
0.11338555478194175
0.18010839907789783
-0.035662657580159018
0.97995861435914944
-0.19598287934821329
-0.67327821487287154
0.0028854338360309478
-0.73938360791214286
0.58172188027100113
-0.55232730877707048
0.59710484673384578
-0.3802894907828962
0.56340812235129456
-0.73345156000152734
0.25347836315727496
-0.95108226606040713
-0.1766104260696674
-0.94617680481411004
0.30373007457541068
-0.11179219932614633
-0.03613669769976758
-0.59149892658462433
0.80549559832974438
-0.65043748702661608
-0.24576934729657851
0.71869917448116949
0.132766108880569
-0.57498291821084013
-0.80732137597022613
0.24629272992813456
-0.063066309849596811
0.96714142282631121
0.77468402108119205
0.60735226718298174
0.17603377809149912
0.27119111141919694
0.60986042898019732
-0.74466478247014645
0.67897575337321581
-0.24569958006944784
-0.69182630962183767
-0.058693115527051323
-0.25418500958628754
0.96537303623591386
-0.55566521196279473
0.81773540004775325
0.15014988419270789
-0.90210927951636244
-0.40197229094135078
-0.15689845482295661
0.49294609362482589
0.71785306504259938
-0.49162091675290825
-0.95740866209555364
-0.24387618100898828
0.15457380787466365
0.83307144652407839
0.34769510094974487
0.43023259030648359
-0.016505090354637528
-0.29068729401910759
-0.9566757439635617
-0.11838899391027075
-0.99212850532835462
-0.040805330973281928
-0.59917839688443286
0.42396904076976255
0.6791432110945147
-0.985859212905003
-0.052266139557328409
-0.15921640300578838
0.89134496121125928
-0.14480025242832276
-0.42957775433557149
0.54834514886494912
0.39480755873875961
-0.73718694323693623
-0.3441005442174081
-0.42315818825655527
0.83817179813014075
-0.3719051496343761
-0.14223918015541681
-0.91730833164435355
-0.029648537926314958
0.92433446322092083
0.38042971006603077
-0.65669891718140017
0.35564839177044388
-0.66502688186559289
0.41913127585509308
-0.82312504597055347
0.38313722384552507
-0.058839934565320308
0.11318325824863182
0.99183033435793466
-0.6626996151724146
0.093265199898760504
0.743055060233209
0.31896187557983641
0.60545490016554127
0.72916917501504908
0.17161963935890437
0.97975738819116076
0.10306386210090612
0.26667437757751955
0.3075626018096459
0.91339477900397703
-0.22040823546615818
-0.93063652656645535
0.29212303086031716
-0.72897191229114844
0.67614421440688266
-0.10690627864950522
0.53492681046973067
-0.77888891186676812
-0.32739176900417472
0.95672524623324384
0.26946199219372674
0.10985007047301648
-0.22623541566521155
0.96888186677278609
0.10042641553729781
-0.35510758896662664
0.27932925299359523
0.89211757559211302
-0.41082785464692528
0.22251287719797891
-0.88414280143384205
-0.79815780298400241
0.47511227580562304
-0.37042198492334666
-0.8060977882662792
-0.42192877295415476
0.4149487514207198
-0.10184065720034423
0.072809662206101092
-0.99213266936959355
-0.87951923517918718
0.14256527031178542
-0.45400557116707851
-0.26918035957825442
-0.48526762467160528
-0.83189979352257315
-0.55908909831297193
-0.56666631799962874
0.60523438781378858
0.24678543771402209
-0.80468804990447917
-0.53997600879411756
-0.59340283602537935
-0.34331121611370563
-0.72801818870654955
0.50500108801628762
-0.86177255319832957
0.048186799607341742
-0.42479218490199427
0.88711412786712651
-0.18049965037289523
0.22414362669863749
-0.033751706058974984
-0.97397148672252731
0.16006682492651281
-0.971567106760444
0.17445907433861163
0.80985235614878714
-0.30319018722558572
0.5022099875653333
-0.67063994155397044
-0.71730170766855506
-0.18899822477542388
-0.12141576602592545
-0.75153954668722289
-0.64841847716231937
-0.26868885685414573
-0.75284072668495983
0.60086366044792061
-0.35290459497313625
0.82221965450493073
0.44655703621445597
0.91559376654850122
-0.36543414505371125
-0.16776751856778502
-0.73110310815828294
-0.51370456408209886
-0.44899428290627369
-0.38070806749327557
-0.073982579710815191
0.92173095057335919
0.75519787654907933
-0.65149399923491014
-0.072330741850647057
-0.32083175877840625
0.61747265339061352
0.71818834916330243
-0.84191328003825772
0.28432985186884097
0.45862682458777465
-0.55643928267120912
-0.76285202411697983
0.32929031871735504
0.5347136959626354
0.044454947146985856
-0.84386315301957404
0.6003482701033247
0.38736156813824879
0.69966632769729753
0.74741385155085205
0.47514591590872013
-0.46433704687994104
0.8630139251654394
0.48541010899593834
-0.13994281351713861
-0.78786846744751915
-0.6042513007789565
0.11892705120718583
0.50719479274835799
0.84918540567747569
0.14709720933223355
0.94936954843080867
-0.01915223314707536
0.31357718743199831
0.64408303371240772
0.7458823574760941
-0.16975439461093592
0.78711996749778823
0.044709699127666092
0.61517737244651183
0.48456346977618997
-0.57827500595864711
-0.65635071512262888
