-0.75205982633328972
-0.14748336590008307
0.64238203150331363
-0.15937757622174029
0.92912886244792436
-0.33364403960494987
0.551889335938474
-0.015119064910209656
0.83378029165580003
0.54371912292308133
0.61327669772389459
0.57294084109673116
0.97121197326636777
0.046447117000767535
0.23364496208214131
-0.038744257310966521
0.41481502799053199
0.90908051077923535
-0.22382552331256578
-0.3410986510596794
-0.91299170059706625
0.7312902880993668
0.62890348398996287
0.26399795900126127
-0.39305169463316308
0.71580507224753198
0.57717715122023361
0.71643281852704299
-0.26083815392794768
0.64706064166572319
0.87714731118656619
0.39942778710029364
-0.26658964227880183
0.32259128708212281
-0.0044753529305261554
-0.94652777704346669
-0.03528839425217465
-0.62307755867279724
-0.78136360620997058
0.96267674486528365
-0.27027381237482012
0.014337058274346431
0.35572982388468477
-0.68549884957760576
0.63525398041000125
-0.54739260513016563
0.51231009171595632
-0.6617399079508498
0.50191728619036324
-0.28073904588572873
-0.81808595265929829
0.36992741668572593
0.34807669431121852
-0.86139208335205864
-0.39354643209091433
-0.90523675059362618
0.16021120798247643
-0.53379083977964936
-0.19422314304845811
-0.82300954433816542
-0.80562446956981171
0.31122336575954074
-0.50409248222490122
0.61227629479188417
0.31731283539951266
0.72417560254861091
-0.031621663269488481
-0.95513666484231563
-0.29447244673478212
0.82838338837515013
0.35495201165629814
0.43334747176515559
0.16007287980929438
0.96763289070221159
0.19509808297582248
0.65154922799174197
0.64906745887236728
-0.39267675935345731
-0.0016718518214476588
-0.095946416115981203
-0.99538509640539941
0.44912192881588653
-0.40058838080293402
0.7986353624917828
-0.86346728186299992
0.15737634689272498
0.47922535261693222
-0.44615856447615299
0.77608066710944623
-0.44569197152690071
-0.94021433902656726
-0.14342911065425418
0.30890951248830956
0.47066633955216103
0.88155352069776727
-0.036559362110698782
-0.46617337207118636
-0.19494024988343672
0.8629488317085563
0.81120267658159984
-0.54686392569158804
-0.20709916533881409
0.69448556014686813
-0.47404756261515718
-0.54126584515016207
0.74031382131218582
0.66908265513512166
-0.065298136049084909
-0.25199830209361779
-0.51754090603445002
0.81770915753889795
0.8929945992842071
-0.28212479098704146
0.3506654359353894
-0.4225227594684815
0.87543358865570298
0.23471376096116947
-0.64729707736950526
-0.76077383571778778
-0.047219323545992752
-0.11652759519736647
0.90362846887913362
0.41216126672538178
0.25152860493986218
-0.15670624193933266
0.9550793237392684
0.804670681427752
-0.57404251419695984
0.15159250095248969
-0.90594955364226437
0.40522529059163365
-0.12266976041513969
-0.27260705573702776
0.40235684323499965
-0.87395329615738326
0.28187660511476753
-0.95606536997817759
0.080526938458280781
-0.37004186173629838
-0.74772293828400005
0.5513432942610943
0.53342790916530458
-0.7954500526514674
0.28760020768474642
-0.85913837659210879
-0.50237918904353551
0.097449475538020816
0.60229548848461401
-0.79599927592516206
-0.06021044160025741
0.11082090997322958
-0.48304271769780038
0.86855538613943817
-0.075618917834578941
0.69518199901101241
0.7148452752285489
-0.87467693680061454
0.41777017185847176
0.24578108091233727
-0.67057739098404368
0.43472338004428435
0.60111691503725428
0.21049259372250145
0.81312532226185208
0.54269704097639337
0.088489983611473741
0.82677326931102069
-0.55553171282403646
-0.8988655854416252
-0.22600291385387394
-0.37545085196100314
0.17318146005821961
-0.38079291859607306
-0.9082978228748475
0.32088984691709238
0.24208288286858573
0.91565582178434246
-0.97703768782322398
-0.20937614716588374
-0.039483991325833329
0.46190355704197983
0.83433222517977268
0.30089008295145842
0.20749570681254673
-0.89024415844098304
0.40547610289148661
0.30417912491279792
-0.91961272272257399
-0.24857091578472904
0.38005038131191704
0.84698868931465965
-0.37171476677380116
-0.61631497582878403
0.14323576998798102
0.77436384520786838
-0.80968766506361478
-0.52949225738449346
-0.25306883335113572
0.92660832661920267
0.3667569919997325
0.082983840952737448
0.82447909817932175
0.047594872313422763
0.56388735115702093
0.6655506735032698
-0.56137405910762994
0.49183479620739234
-0.57917582631061659
0.19240147365159438
-0.79217235192482527
0.61382576489882856
0.10216630678184289
-0.78280264186123338
-0.37724509989092592
0.4499963411224549
0.80943772310455653
-0.15788447271414272
0.9868289547974668
0.035229352096173422
0.53427606317511778
-0.73752096379942977
-0.413051953480985
-0.5660614845841011
-0.47934749107199703
0.67067158764437407
-0.78195170551016446
-0.026926216766381079
-0.62275718309819184
0.13959507293151144
0.97653552387305065
-0.16398654282358699
0.87374399992699836
0.12921357354646493
-0.46890859983894689
0.076813118705744129
0.56672865717987819
-0.82031602076625887
-0.12800907249596249
-0.22407815750242174
0.96612766065828137
-0.72603508915296855
0.68751288553276091
0.014109625971574863
-0.22848613936872295
-0.80807697862081262
-0.54296010971289155
-0.46915579534620688
0.87529924985143293
-0.1172350753937863
-0.12664140631390139
-0.91813045379540514
0.3754975685943665
0.034024089193232548
0.25046846394671685
-0.96752669726614948
-0.98747792872176277
0.12635411579283859
0.094456221126970386
-0.62873266489791091
-0.70786269071261987
0.32190937729035046
-0.95713921491480758
0.096510009241112624
-0.27307570633168093
-0.65994327700592925
0.66363535416827779
0.35222576259072758
0.16074748778921383
-0.81105977083634284
-0.56244314672716533
-0.36151975722585655
-0.91107774045764445
-0.19809294782488021
0.67786553278765671
0.39531764180901008
-0.61985666208654178
-0.55829478046238867
-0.71417391988091217
-0.42221149945304154
-0.058036468514979934
-0.99740024734491628
0.042714340901034105
0.021022224353668198
0.090516957936807987
0.99567301179106482
0.39535130992482542
0.63462032163467375
-0.6640439662469857
-0.011140382043045764
-0.74248333230173424
0.66977189635132306
-0.2151705079013852
0.6986835569862988
-0.68230707143223523
0.37744296880134531
-0.59517951151285975
-0.70943509525378023
0.27253754401805041
0.55646755109431978
0.78489945322932908
-0.69201075773603105
-0.41117620955242579
-0.59334242716639085
-0.30663053837044735
0.050825711873992652
-0.95047065180948709
0.7650649749130749
-0.15509575770244344
-0.62499671207452057
-0.71929924306539406
0.60934114276805063
-0.3336344866102382
-0.40655131784675563
-0.55981524846856057
-0.72202694793141198
0.91865453174281753
-0.22649979103253215
-0.32368456245333055
-0.31439610884875185
0.12352989990578965
0.94122019239391019
-0.79695102842397325
-0.42707189690519987
0.42717520195789216
0.98968154373577799
0.070274324876010721
-0.12486777507422914
