0.4711538681741147
0.70040026396730926
0.53614690406556731
0.55862315878851432
0.41452109846922947
-0.71840965012241143
-0.99943287856461016
-0.025179209668932643
-0.022359084160694438
0.9981243561477906
0.0039139654827085694
0.061093784780113437
-0.28305656834657911
-0.56082656531298203
-0.77804404936680926
-0.46965987319695712
0.18479984485427436
0.86328941893808364
-0.43079230774159211
-0.8529698606641315
0.29472089235289245
-0.33925095065571453
0.93966481567090576
0.044032109526532193
0.38195069249422547
-0.43301679170645396
0.81646195661734988
0.52735537334040661
-0.80008487065972622
-0.28593794772714121
-0.42239964543673442
0.42329748631918912
-0.8014972099831521
