-0.38048192175917195
-0.083495052449502047
0.92101144587399242
0.32624328237625533
0.92811692257699585
0.17934407916230108
-0.40717645465345315
0.74581090659176885
-0.52723185258917005
-0.27255049695454869
-0.097382022667159215
-0.95720058935997387
-0.051693142610996327
0.96464856679877053
0.25842012611264897
-0.7127539404551716
-0.68668185869981568
-0.143002955557541
-0.55078622363833973
0.80498913061791066
-0.22051538594219919
0.008042780875130889
-0.5829660765617104
0.81245668638644397
0.28257036065101954
-0.90627138971324561
0.31436628233443764
-0.72371390117816081
0.55347851243184454
-0.41218894395376471
0.91839727094964907
0.321760514440594
-0.23025339098298031
0.56212410794145251
-0.82129917975526001
0.097386573018889006
-0.8954722054541433
0.1828807939394648
0.40581294270533524
0.17728420995429298
0.63757848639138359
0.74970926537675564
-0.61558000264231538
-0.027127399726653678
-0.78760736698621447
-0.44112343501440399
-0.83824629294690634
-0.32055150513117575
-0.6276568453825403
-0.60475684852870648
-0.49022039798652317
-0.056973131341802929
-0.2335305084001614
0.97067891908265513
0.6464850014754624
0.75207180571668242
0.12823861319165983
0.81605514711709481
-0.53860422035100608
0.20966518710501714
-0.079041884470999885
-0.97943884304493622
0.18561231972600745
-0.018498288715078543
-0.86371420187271641
0.5036423242718886
0.84437500700462553
-0.37209316947278609
-0.385457547309214
0.56147692548467831
-0.17322251603201486
0.80915858896004522
0.4891295188094939
0.74144717595049825
0.45935650545542911
0.23838712977922369
-0.44269124722066083
-0.86440501848950391
0.17151233844534519
0.85576545605654819
0.48810757214095479
-0.82739658153768902
0.55491106781144017
-0.086536718681226879
-0.42931759273600056
-0.90299558293567495
0.016893246166025597
-0.6169112589529101
0.65075732499833805
0.44264591101482331
0.090929325334343072
-0.13075803227476618
-0.98723563286070293
0.44221219603139705
-0.14659466938458079
-0.88484935248273455
-0.40830172394207614
0.2235684523023273
-0.88504624136881715
0.94993890704338702
-0.30989426875474946
-0.039769524490170433
-0.58114383638016687
-0.60912663000716039
0.53966340440450644
0.74744936411684371
-0.1625039857689658
-0.64413655593400831
-0.11899429055534892
-0.41808463809580249
-0.90058069832943399
0.28865544499438167
0.17410810081344574
-0.94146927900289479
-0.32410897044810866
-0.42643156440292768
0.84445810799348653
0.51215011907026042
0.16096692083398892
0.84367760781802326
0.74296961604675638
0.643229898127471
-0.18507146669937685
-0.13991004359116449
0.77259844401606592
0.61928735172476479
-0.36033693296842589
0.85816679043472943
0.36565975241180604
-0.69334317831709635
0.36285333979079448
0.62258548881564313
-0.97438285555711046
0.21937899293871305
0.049506648579431572
0.25159198087542761
0.71099057360288243
-0.65665354594871617
0.71966989136076709
0.4724386952316445
-0.50879949559389614
0.60564023777429943
0.14863854486020817
-0.78173300133135615
-0.72917234870500836
-0.30550108618608179
-0.61235347000171891
-0.37511900341576748
-0.85783316925731734
0.35129472953391766
0.17071067102409707
-0.91068953771047745
-0.37616809102205773
-0.1126815361522088
0.47750891542978008
0.87137139446705136
0.51176535990545635
-0.49955590867021188
0.69895644393160694
-0.98577183189385931
-0.089852431538365307
-0.14205786142015653
0.94416622508920056
-0.17592690804148797
0.27856751861581253
0.23868185808494782
-0.028046518801213421
0.97069272347342239
-0.90076653600547685
-0.43268065497086805
0.037511310649917744
0.80346066977534292
-0.050561876871745362
0.59320691898473654
-0.068725843971532599
0.19871417070732791
-0.97764484181654621
-0.20882839134349784
0.52735240582646881
-0.82358371950756915
0.55513192430434688
-0.43471404943651465
-0.70912075265123942
-0.45881078709426154
-0.35978180446496894
-0.81243443724516928
0.26145250854762525
-0.37103796210359447
0.89105185957505617
-0.61936634962667014
-0.31492800808876975
0.71917012915677547
-0.82227927934476785
-0.43046776742594717
0.37222881130773566
0.88942533105983157
0.448990265541648
0.085617299174580247
0.3406962516268795
-0.71698483336099672
-0.60816018684035678
-0.14644977725559688
-0.8621931286923068
-0.48494893708261416
0.22207569856631743
-0.97484941229443278
-0.018735192966210869
-0.75236310967552611
0.23977200430088308
-0.61356265951645828
-0.84099542048692955
-0.12940371573368495
0.52533930090402348
-0.83887640256042562
0.48371211874786157
0.249617642412818
0.95357988916309233
-0.058967528269789869
-0.29531038856338326
-0.1918626544625639
0.9313956503863815
-0.30933939979237712
0.51131011817516736
0.73731278008021328
-0.44151084627909576
0.99711239234064941
0.073542994043085369
0.018928947881109215
0.17024581887862456
0.91038161173536492
-0.37712290061525838
0.47268620283104917
0.45966493462934876
-0.75184832348377351
-0.3127902166254124
0.94972330950983208
0.013708236834816584
-0.88339175251336222
-0.04196869271243079
-0.4667522259436801
-0.40833629927458764
0.27202441254523768
0.87135766805265025
-0.34081850483807336
-0.64929553008573904
-0.67989562535040582
0.75209015340645924
0.53140403862749419
0.38983348865821815
0.21082780983369448
0.32747341004556829
0.92103897871580587
-0.65897404214914534
0.05017767785688363
0.75049011480399086
-0.4082788644404865
0.5821829620599912
0.70311547240708749
0.9241082020185909
0.18857669750769623
0.33235953441876448
0.12392277402927798
0.47777891468719491
-0.86969561040470611
0.73585260331962277
0.28060799891974619
0.61626300970445225
0.63529668303052456
-0.63229563230811947
-0.44339638913108986
-0.53015269710751312
0.48108927103806376
-0.69820572257873526
-0.27665917648236349
-0.70455994049309245
0.65349444551615798
-0.078700744595040353
0.77837089321765196
-0.62285226610468447
0.77258591137794508
-0.62376324993975696
-0.11845006359180421
0.022904991689126637
-0.68892400329181502
-0.7244715860847134
-0.86952340615403867
-0.39204289718550217
-0.30038544058705047
0.57342596577742555
-0.70439940091506192
0.41833496837191192
0.47736157906805837
-0.84674699558563693
-0.23483068005766908
-0.91972296415457733
0.26643905469685075
-0.28830521906300399
-0.67670346652697122
-0.70861701465537286
0.19983579491994788
-0.97298098429740987
-0.11829365973447181
0.19827913219062776
0.48750091772982929
0.50456046795483411
0.71257391854443641
-0.0909250259667643
0.13075892684092086
0.98723591036000802
0.06769817940707594
0.99574733551797023
-0.062483600359054578
0.76868782887074416
-0.38277884346136787
0.51244451284442438
0.4406562305421905
0.8866881919650349
-0.14002191512090206
-0.12137490717566264
-0.98066352569396398
-0.15351606196611223
-0.62230080293559098
0.77468028040416281
0.11230393500962724
0.83431874714258802
0.15429817029689297
-0.52924880992729073
0.26832259426210059
-0.7258493978633338
0.63336059005111134
