-0.92383723622218805
0.20639355419807343
-0.32237627356062692
0.47741936499703302
0.87726401341689397
0.049785546994215536
0.46498611214890279
0.44452526561647177
-0.76562732692691504
-0.35063882088919868
-0.39034782541629093
-0.85128197001828088
0.25441207127848364
-0.7598104779273539
-0.59829970384381581
-0.72552984160263911
0.25110749218467487
-0.64074290968591507
-0.21889068986912277
0.11442597291803593
0.96901680202686913
-0.057806116259702674
-0.98462733617628972
-0.16482554952844419
-0.93104974262872031
0.033642201822159885
0.36333810563654212
-0.84179993560423116
-0.36110489910844462
-0.40121829501730366
-0.77329811659576497
-0.59435953366010308
0.22078670163030034
-0.70055481951327425
0.69909178008509898
-0.14315595647464915
0.94605330049703762
0.28804221273025787
0.1483739744837973
-0.63629794782679239
-0.38578066837074365
-0.66805553474455637
0.43048009644050689
0.11265148683808542
-0.89554258920597429
0.68731053248644658
-0.055899232767284333
0.72420957443907519
-0.53351524735440226
0.051181055944377586
0.84424047542912173
0.66431660536923187
0.70824221784363572
-0.23890669453706834
-0.65704683504940631
-0.64639648108055359
-0.38789308552516866
0.68093089129057016
-0.57298446153583726
0.45609420970312337
0.44161177084629177
-0.84370762048765013
0.3051827239230126
-0.83580809717556614
-0.05713420759867039
-0.54604075582124023
0.52796473620404993
-0.50387031297326801
-0.68364314157988082
-0.89701659057881733
0.4385319518308925
-0.055235527061321281
0.55343559648553875
-0.72686077136759963
-0.40667242295193079
-0.87288992212220839
-0.47986221891191205
-0.088291759062897837
0.16854730049322392
0.37050769776764725
-0.91340891904522392
-0.49231674680099652
-0.82545003195637168
0.27614573247202018
0.37031272603286264
-0.22633053895815694
-0.9009122998788619
-0.20779500302783613
0.78035806996617085
-0.58979871087968161
-0.12068183983085543
-0.96937215006187305
0.21390074384971469
-0.28544350625903797
-0.068853900521312766
-0.95591900552167475
0.89445791593694568
0.093627690338011063
0.4372400853303654
-0.23892761312537761
-0.82489607386099961
0.5123085623088085
0.20403968752182744
0.94623957724551133
0.25099495686214635
0.78663976184611928
0.47932656183208072
0.38915797846750816
0.41699298727144946
0.7162076695259143
-0.55961006306060235
0.2367517959099405
0.4993656150333074
0.83341620433959918
-0.091829014614814797
-0.63734224364199876
-0.76508973104091216
0.70055561185267334
-0.69909107375023216
0.14315552837551943
-0.63805894816007114
0.57486646496645644
0.51225904201861905
0.77603980181134291
-0.42678487870326104
-0.46434566145798578
-0.99144746213330603
0.12410688155054971
0.040365973061782606
-0.46628862450319469
0.38609629101630588
0.79593000491398158
-0.59396481368737641
-0.068965453529449702
-0.80152951681194962
0.086164662242544876
0.88599371910781077
-0.45562131280498491
0.45550203403279083
0.2201551769212268
0.86258309458670346
0.38554264326358856
-0.68531662394821569
0.61781712113338627
0.12513146935798897
0.66499580532717961
-0.73628981676617422
-0.014455064711893482
0.6969487875778918
0.71697520082488331
-0.32298509456082036
-0.58411272123190738
0.74464283894132366
-0.37563485794637252
-0.86005598914103609
-0.34525664227968528
-0.34349810996894037
0.68054993859691681
0.64719458397262442
0.69803187390791333
0.50384573050836934
-0.50881330845123807
-0.15373498172213079
0.98045226162046906
0.12279624618938181
-0.71063887888958699
0.67631362572575382
0.1938872442122889
0.94584542682189376
-0.28293854484755143
-0.15912953339861216
-0.48344158274061405
0.78492987075654475
-0.38751688230497028
-0.95948251184723266
-0.24133433451856975
0.14543400029499343
0.58175245384877072
-0.37902696038814354
0.71965453221657572
0.12831555769330119
-0.89203909524104685
0.43336055452174194
0.54641085600830319
0.75649285210848649
0.35937966156286694
0.24839146965779124
-0.92155535749559869
-0.29839135522397692
0.88180303680206551
-0.10284001819542014
-0.46026876381546977
-0.74816377049506311
0.26755253311078891
0.60717922769525867
0.84208183410557746
-0.25726300809673147
0.47404000815796976
-0.50471782495308681
0.55741712427079282
-0.65920108217774098
0.040675079716511818
-0.70776618010353742
0.70527482033013367
-0.45503540824751543
0.89039942187664101
-0.011473742317152017
0.89208066294828336
-0.42136188411397524
0.163236801640047
-0.65037556531063279
-0.75673075534892054
-0.066107397134715709
-0.13527828568263786
0.23179314899101014
-0.96331288868342146
0.20714948366023136
-0.9755438527671999
0.073507025156970038
0.37604911936876301
0.88570712579211464
-0.27223142203472572
-0.87719739727056745
0.37939934333598146
0.29424626505355744
-0.31700897836104946
-0.22022543981844253
0.92249989880501182
0.51635257255068434
0.55885392524571953
0.64889314301951284
0.11191865218974562
0.00012153972304427101
-0.99371736450568593
-0.093252576020579472
0.89063540846954192
0.44505339707255143
-0.82484787486232158
-0.34643637357453017
0.44677491245552325
0.75891481951676287
0.64438517643853088
0.093893775641002847
0.13015997378112826
0.19418604886109975
0.97229119077209103
0.98847208806389497
0.070115678680056762
-0.13418913041613514
0.88398353216581216
0.44127733880096059
-0.15442611540926818
0.27488813104960996
-0.44191889850226018
0.85389941009149406
-0.19904791538893801
0.94736773978139877
-0.25074746858303859
0.11487055645354198
0.98958521098827334
-0.086751746111235026
0.78325910280538369
-0.5983773362709438
-0.16867051108535691
-0.059257850686747889
-0.44057036184733656
0.89576015952580412
-0.42925298169378112
0.8373464914500528
0.33851548112794638
-0.068514979989092811
-0.86191365100243966
-0.5024047728005171
0.98206820772959602
-0.091483760491148036
0.16484161165548344
-0.18939381174497835
0.53367080875333095
-0.82421201881389305
0.21716347149973161
-0.51659872302894017
-0.82823051502045841
0.66384359093683887
-0.17407992778910614
-0.72732926897865358
0.7083461572339097
0.27806760255426133
0.64878665980557793
-0.57989575116421854
-0.3378466003118874
0.7413370302631499
0.69860961008576528
0.16905449340109055
-0.69524469861820271
0.50485396864607868
-0.85940136926199595
-0.080942923427009039
0.05060698390530214
-0.1353117496427281
0.98950980974856029
0.87918393908002712
0.23107974950239873
-0.41669863286749065
-0.45786064154643252
0.26004151696086464
-0.85014236594783443
-0.40125871859068568
-0.66617624025466782
-0.62864986890566976
0.38811005224365175
-0.11418484017275547
0.91451211562349033
-0.36282545513813264
-0.9317004637929549
-0.017086101714544034
-0.7671270980096353
-0.07362286045758458
0.63725637691384318
-0.13653261859966812
0.43416724762456238
0.89042554160829746
0.26367604599436067
0.79039296623241484
0.55295018012394614
-0.58686694674939088
-0.61578448250789519
0.52573439864206262
-0.75660102141554864
0.50566039977249311
-0.41456296806983478
-0.023045752108389866
-0.30923098384322079
-0.95070767954251456
-0.97350393836894822
-0.12217574436738875
-0.19329554953081976
