0.33861664543093001
-0.73260194132087897
0.59045166018056328
0.56731111159810366
-0.49977353559198645
0.6545108981363178
0.032579766328965795
-0.99895203216086892
0.0321464814189686
-0.99951041460430179
0.031277551586818692
-0.00080365681144172081
0.37615380864996689
0.37362660690828137
0.84788647285372387
0.26811424879698559
0.26562330473301571
-0.92604482049992576
-0.78444869094642455
-0.59204865777159388
-0.18471231172635813
-0.6120091856714478
0.71339880489985119
0.34133107362388698
-0.92990251360701781
0.34232775253063247
-0.13451031571844591
0.50808759853602437
0.622136623811408
0.59564503987394923
-0.7741831905396539
0.43000944213210512
0.46446987756266583
-0.64267076266094436
-0.76361397253977126
0.062193180999441947
-0.77940838168251592
-0.0071001714084469357
-0.62647598687340966
-0.74692076523480166
0.62072866891560552
-0.23833860377059959
-0.12084238858965773
-0.93142245557399383
0.34329189674744348
-0.644077441951456
0.23456631692072918
0.72810912076110745
0.90822445408007535
0.024921124682788467
-0.41774068338563092
0.55424284182904016
0.62071875446620495
-0.55454765361977043
-0.15534676679188292
-0.93903324537828992
-0.3067310648135021
-0.13527433901389213
0.64227407487471722
0.75444341467613119
-0.50339997232561307
-0.44828018138208114
0.73866998506953041
0.80023681708258576
0.45150646422492541
0.3946681509174999
-0.81951086207027402
0.56236770835548977
0.1102021213399777
0.66060084947031017
0.32698197647695587
0.67578791402209037
0.2114970862577106
-0.52326943544860194
0.82550474282695663
0.19757780349008142
0.67009268926484356
0.7154989862759028
-0.64205343561031591
-0.13296808650939926
0.7550409749086594
-0.84332228938536025
-0.5033698423665085
0.18821880358176488
-0.28546076151524824
0.14129543905346367
-0.94791758741877097
0.27342006306019778
-0.57595307421849729
-0.77040218419629336
0.58736368635738212
0.031047688890052254
0.80872735885665048
0.90991661593732975
-0.4101114435944212
0.062131762199841463
0.31306202654419041
0.85864306070356944
0.40586236810235482
0.28869258241115675
0.57103047850518462
-0.76849254093902397
0.55919816648387632
0.32078780453615452
-0.76445575088552042
0.27105053278507524
0.060677675524014922
0.9606507317282017
0.71543788674680786
-0.69667438647756097
0.052852903736461433
0.40319251937610201
-0.91396756098328114
0.045815824661617759
-0.93853849979542281
0.24809998768600874
0.2399830838037541
0.37029580394224088
0.9262026407163968
0.070920278572087672
0.33322634600325157
-0.79034984994004975
-0.51410827364385225
0.53955208533368604
-0.80638473214061379
-0.24213056598162383
0.072926192243329718
-0.24073664105215575
0.96784690945408025
0.16396739714357317
-0.29625878148242191
-0.94092796061574879
-0.85200627820520636
0.054259994533493394
0.52071216126775632
-0.21789315805054399
0.97020515369070481
-0.10594588914515048
0.42782869246323635
-0.25820139054645852
0.86619550438978432
-0.3322282813729141
-0.71868175360387454
0.61083623508503437
0.03778633718181923
0.98675477054321803
0.15775682404442398
0.92952956139404175
-0.26861960731552226
-0.2526228435044125
0.14266507834987419
0.97192323783408818
-0.18711465783718462
-0.034557696480720199
0.68244104290899454
-0.7301232694327926
0.93559641927644155
-0.16865929241881017
0.31018282240944217
-0.29721467209725272
0.36810323300117548
0.88100138963806696
-0.64673530247159383
-0.61767092806357937
0.44745510742649103
0.45940690786089083
0.83800793118847616
-0.29442825998009248
-0.3313754035771882
0.7895988203917802
0.51645333258675474
-0.85824063385710325
-0.32002235833008108
-0.40125889967128553
-0.49789644073703693
-0.097657742569929887
-0.86172043008015986
-0.6618424541504847
-0.32416808596932467
-0.67592870772223335
0.05349164606473205
0.38453800972077817
0.92155800841904045
-0.33922557710607087
0.73053680166126922
-0.59265672126077873
0.69740815166520753
0.0084985184138577433
-0.71662378217282752
-0.82911030806677799
0.3111482403803128
-0.46450281976070673
-0.28488736058837422
-0.24611643378955175
0.92642640981121804
-0.49564410746537102
-0.82863651912751402
-0.26018923479477918
-0.10014392794827287
0.90092788608679142
-0.42225600974560046
-0.19215231446588221
-0.23952546221944995
-0.95168536869806053
-0.95060536014455499
-0.30233566657651351
-0.070303584404893857
0.79055819882655443
0.32266066437248125
-0.52048806896491207
0.40788036398790534
-0.032685827431128717
-0.91245013308028866
0.0096567924357626195
-0.80811304952666585
-0.58894825370703408
-0.038164803794640129
0.39214389444321418
-0.91911186141961299
-0.94882652184170035
-0.16262217605331128
0.2707069620557761
-0.066430372511006447
-0.56102548489431892
-0.82512872384079761
0.78558337918394094
-0.48960428439729398
0.37834692948371379
0.18952850336041768
-0.94818715939390674
-0.25499030800105804
-0.076084120469424962
0.071629026400966675
0.99452525819570992
-0.32060144543944119
-0.75161132033888267
-0.5764504630239986
-0.50661855904901243
0.54431177761886185
0.66862719386254177
0.77645479518729688
-0.28830193033331586
-0.56035698264297273
0.947076614272226
0.26817712153358791
-0.17642822388897023
-0.30952527958532494
-0.95087169336983968
0.0060929504839714712
-0.35419619344308201
0.46727009162828737
-0.81006402093916186
-0.57191549991266
0.82015262864595173
0.016196502239303252
0.62056869778055057
0.72856516349791545
0.2899780920556026
0.78070371409903883
-0.56436830800342608
-0.26830975329517209
0.8617632613519538
0.50372512118547075
0.06020866773751795
-0.62115328862144359
0.5519193033830847
-0.55637547985860769
0.65145928544458231
0.75769355686401618
-0.038746268140171174
-0.62239826408866561
-0.60762246320285263
-0.49337140479633984
-0.94505052241761733
0.0069782994133760793
-0.32684983312751703
0.99880895623782107
-0.043689367988177741
-0.021723445028541729
-0.0081271806255458958
0.87454973649923418
0.484867721470712
-0.38939864126212381
-0.47979997076451852
-0.78623195447500038
-0.3046304290876885
0.92785296798727068
0.21514918422123649
0.0061335293203157379
-0.77884196770331815
0.62719021768686767
-0.13721468048574006
-0.53010569648123995
0.83675568836867542
0.59304664351203262
-0.57939535110284912
-0.55910348392718712
0.22271306144679939
0.82007758394218189
-0.52713532283138431
0.035299407097477739
0.020824144723260912
-0.99915980045992203
-0.43867082878524616
-0.84407144318841887
0.30840120422379186
0.74901239516392426
-0.21952236327331071
0.62513227713316954
-0.41092228775328316
0.058099051585614153
0.90981721990323983
0.22123954930548825
-0.91819787960606092
0.32858136847672631
-0.60077010980275003
0.24387361437566926
-0.7613152667449532
0.95892333639660576
0.19654477415500168
0.20453896124298951
0.84963455524937381
0.092516823024804115
0.51919337436411483
0.51421004252896108
-0.32447627872748974
-0.79391635372092217
-0.79055865059401087
-0.32265877309996627
0.52048855521769277
0.56149507643804153
-0.75425324088989609
0.34033120301101716
0.77019161168530814
0.56755685421865976
-0.29100532386711847
-0.47030188007009271
0.82878280803761339
-0.30320817717176524
