0.72178359952484594
-0.40948128140475276
0.55799060532958633
-0.55337498711243638
-0.37574689927692029
0.74336423866237389
-0.83891520029520483
0.18388655194176462
0.51225679373593969
0.33007702079263518
0.81797613642277567
-0.47113076803317266
0.13382553746465375
0.87249115913748143
0.46994670203037986
0.082546853015093513
-0.55655958875242828
0.82669670449629373
0.92929373700711393
-0.00038893699078253202
-0.36934130433431123
0.84230773293903027
0.26487481738092394
0.46942413034326802
-0.32362175754545736
0.31081473694074924
-0.89367956077312294
0.74820477160307663
-0.20189434547791887
-0.63200339636305014
0.59046149638382828
-0.20873736715544891
0.77960498513104814
-0.92159826343202
-0.13514747705628524
0.36385684037050303
-0.30855151239825829
-0.013041421096647167
-0.9511182289981237
0.090450230866920209
-0.75002345435234152
-0.65519735473939611
-0.25018096864679867
-0.49433131570502964
0.83249386378536394
-0.96747284015598312
0.17197336919210418
0.18553022354654741
0.87991434760183362
-0.47414888845540271
-0.03055441802662234
0.97298650702821243
0.094789239638903955
0.21050476761754594
0.61320587288002171
0.63555242795644318
-0.46909665185771776
-0.65569569426324015
-0.70327790326916217
0.27470592876379379
-0.88029298768653308
-0.4397134574933525
0.17814693690647407
-0.56966753490046995
0.63232759598487365
-0.52501496267860059
-0.64858647175660078
0.45004020184704485
0.6138398857811338
-0.34450077448379562
0.42151422417915485
0.83883548756279391
0.57889340744763351
0.39763941752486615
-0.71187450891582948
-0.90429858140308272
-0.39861632048554152
-0.15280413840907633
0.4164270443055475
-0.7968860199485992
-0.4376770361595711
-0.69462612954044611
0.71517793890038484
0.077556791255549845
0.57248215586447859
0.47096492279973035
0.67116035543601871
0.89024387129704152
0.4363906577145879
0.13049537722649698
0.30044141943971348
0.28393521900438562
-0.91055793055356005
0.52070654356974577
0.83433101685851363
-0.18098742992674088
0.98971726133289939
-0.13125885773467713
-0.056840609478551421
0.0021342800678853676
0.46613298459096419
-0.88471209188351885
0.78563409807323192
-0.55445159649502995
0.27452229615966028
-0.37914115635302498
0.67254137213863452
0.6355628106813469
-0.00107880734049235
0.98595656141343513
0.16699848855758276
0.78972088003808183
0.59334508679457909
-0.15582855838584619
-0.90614767131493923
0.42154030206996468
-0.034643491470630207
-0.086979201715084067
-0.25006271565620913
-0.96431491573429917
-0.38643906903280734
0.91158236008798388
0.14029414350384811
-0.48851260184781692
-0.5929422789021972
-0.64013661957909074
-0.17757894646046135
-0.9795555028815196
0.094534303554454663
-0.22527608457561646
-0.80618091302823636
-0.54710421419254218
-0.48509003598730882
0.85301782836750351
-0.1924791975072104
-0.73867991831405255
-0.52899138541850033
-0.41775602022300096
0.64857270789062771
0.75171949252959946
0.1194623251509018
-0.8200383718353097
0.079264931592371732
-0.56679285399284207
-0.48373635020474354
-0.87515775200007406
0.0099021515222997413
0.65745346745373101
0.15128806216162458
0.73815097397513907
-0.73366705939126553
-0.67546604562542711
-0.074015317139911774
0.48604504782193847
-0.29811848556304588
-0.82151419954457605
0.66601889023130112
-0.52259090140975517
-0.53227585669350597
-0.21367778143730329
-0.94709224921273794
-0.23949546384261461
0.35242801950704578
0.91943597771543806
0.17444762523117918
-0.75931172119567336
-0.43285620184175749
0.48588189777145635
0.72570115845646144
0.56846086867644063
0.3875694381637651
0.7649387925568838
0.13444024451936135
-0.62991623593553359
0.020212594067339999
-0.93080481339385823
0.364957326825882
0.083538152610360322
0.072647097949828016
0.99385299527541615
0.41549050312401214
-0.90073995008139851
-0.12663010756180704
0.26552553647180416
0.64035987752599144
0.72071868071825207
0.0223591481576054
0.91989398699402891
-0.39152920859866341
0.10251876286009015
-0.92669370173340349
-0.36156422172178265
-0.99254453467684911
-0.12066755658074467
0.017166463583098722
0.0091383306364457226
0.73838364589206396
-0.67431897674047558
-0.23721223060475952
0.13314318729776142
0.96229062622874362
-0.74035811974415922
-0.10489288486264869
0.66397841624113385
-0.20998792048673037
0.88061557427769999
0.42476026601980443
0.21229860255640159
0.96942487335413396
-0.12306387883908176
-0.060801714614002897
0.69478147843913485
0.71664625075271782
0.33882623483700086
-0.90758678160481454
0.24795769083131128
-0.17048212443632288
0.97761486732364655
-0.12330862271328305
0.39962324124582432
0.024222196949098756
0.91635940014338291
-0.0042693675391672938
0.13592251432169197
-0.99071027177539894
0.31492935654460424
0.59853765071598763
-0.73659499120058347
-0.34776278069418082
-0.86599737354825501
0.35931823968645826
0.62618026009118077
-0.77379035131172802
0.095638768755216763
0.45922270005980986
0.76108559336716619
0.45810831832518217
-0.30461274599760579
0.60213845830806845
-0.73799752845262345
-0.47595071219497892
-0.65863164895575321
0.58281666976410151
0.22296863364394681
-0.77555185373505231
0.59059657176373404
0.83326700948415267
0.37370927352559985
-0.40744014258085265
-0.17348921492095939
-0.56519951551872727
-0.80650542463365049
0.12245062264004974
-0.99230755972996576
-0.018208567154633447
0.42748542395878597
-0.52225311373484584
0.73790778387074574
-0.59617454266474135
0.014958181043186962
-0.80271549598744241
0.53239028219425466
-0.71191917786225711
0.45796470564558778
-0.29343171402350421
0.83273061153069838
-0.46952908091505641
-0.0027309386789882372
0.41646412903619617
0.90914804690988271
0.32735588409391553
0.3447175033214066
0.87977722637776135
-0.96912890443591138
0.13244873617375566
-0.20795792572735772
0.15570324173498312
-0.45116257933081522
-0.8787541337170387
-0.42946757237970595
-0.32338296637458658
-0.84319692915300337
-0.73680182742480138
0.63215200384858672
-0.2398059864425606
0.69483672111262862
-0.68021904180278847
-0.23346088786421484
-0.82385436044907512
0.47624064262316312
0.30734157395790473
0.24882181932614253
-0.27952999593592354
0.92733525954710205
-0.41655753682824792
-0.13127136710034787
0.89958192883760646
-0.57184257304010488
0.72707429354991382
0.37994610580681865
0.93213723360598078
-0.24656331208876461
0.26519183784047301
-0.61076384485520774
0.35099895319747421
-0.70976563784953761
-0.82876428942695468
0.37157880249683467
-0.41842436127172744
-0.13587750449811709
-0.7629741588792226
0.63198713329774914
0.96489758649984514
0.23273145508230914
-0.12169107355120524
0.83895799383943681
-0.075176796674441451
0.53897860237181705
0.23432885718962182
-0.099714927382416066
-0.96702994780168272
-0.5807819022542664
0.16437601212657993
0.79729098116765262
0.8779899996753473
-0.34271812465327495
-0.33418235666208634
-0.087777333695426174
-0.22940078237536507
0.96936598905413029
-0.91088240336795501
-0.16885403113425446
-0.37653892681146572
-0.71057533360582192
-0.27844376516442898
-0.64618245481599945
0.39095284565200122
-0.59869845855156245
-0.69908227570478809
0.52735833079506067
0.043716676086965257
-0.8485175561960725
-0.51479290235975261
-0.78824297252105824
-0.33713689200558938
