0.61571758771668317
-0.40944885563358424
0.67323360492231576
-0.11490399230134539
-0.27737920908450514
-0.95386469004826191
0.73661773185041235
0.67314440659306674
0.065352314389178309
-0.51823352078838514
0.77855272898885797
0.35396280329333513
0.7215458729489771
-0.67084572329025904
-0.17128213209050092
0.35602124971582988
0.67733333321607381
0.64379222227763966
-0.11850808754103434
0.9895563687659904
-0.082061112727246852
-0.83877090915142838
0.33043040746638624
-0.43275756236359891
-0.076215604049576405
-0.02990646467287518
0.99664275699476601
0.50012101562331035
0.37229569478532359
-0.78184070332531397
0.064606145913540025
0.85003303627321736
0.52275221965509944
-0.40697580430205527
0.91008689769729001
0.078182692153810449
0.22503228094575389
0.57407743970725034
-0.78727096082068193
-0.43189387590486777
-0.84318561503458267
0.32016511139507892
-0.61338252213721733
-0.50812172026838287
-0.60462732234665473
0.47359072140049957
0.87961872194906532
0.044527885645374896
-0.26881557701279568
0.76579793202574531
0.58420177409895802
0.1180361971082426
-0.30574548895774017
0.94476830606991502
0.51423300291712826
-0.74854487960982685
-0.41862272026341624
0.77348584882832716
0.58432721289803602
-0.24552260573954424
0.81400639675940634
0.184909453436509
0.55063788469790131
-0.43377678150575744
0.86729081366236094
-0.24422192441176629
0.72325765071304837
0.4389791365220157
-0.5331000735166217
-0.3855546379559488
-0.4225096543840694
-0.82026411179748149
0.96635133032908926
-0.21379904625421883
0.1430212368565795
-0.33592484091564778
-0.59156886039215151
0.73293982336214181
-0.5822565974606394
-0.62522157374653053
0.51968763544601515
-0.68192465321256368
0.73141946014702808
-0.002083424861829154
-0.22614180929286268
-0.33197699312141871
0.9157789897829125
0.24385122820217109
0.072352109230969824
0.96710999932485564
-0.92362630108483357
-0.33718830508088543
0.1822594383318128
-0.58557274742927057
-0.81060923176248412
0.0041510058505147811
0.92826803610228592
0.37184212060700522
-0.0072035056250772346
-0.68608886547160719
0.64088639055090491
-0.3443061182763329
0.62491702966834883
0.45354238035475963
0.63543529588198555
-0.88449439771047356
-0.02216152941091018
-0.46602417000940621
-0.81077966162354254
0.29188942692568542
0.50738240287440872
0.16652994574319552
-0.80313236049417414
0.57205435816697026
-0.61226172631651909
0.46655466225252229
-0.63832775720498836
0.50702997027887931
0.045565128257043716
-0.86072320075963904
-0.37147758495260286
-0.72824844987612602
-0.57589808050626556
0.012197182085644961
0.3321868802181322
0.94313472280481436
0.83962510070551155
0.43850911096196471
0.32052995159361797
-0.077797035547769774
-0.97378437183564248
-0.21375597869683566
0.17246913619601051
-0.098936339848850363
-0.9800336717261886
0.21519988863169312
0.83489166421858929
-0.50660133927105
0.91109545641059175
0.24732022339841303
-0.32975411507081237
0.69582299701070383
-0.089930923368359006
0.71256072432681561
0.22477742647454049
-0.72752258955192861
-0.64821754854303237
-0.65633746042475494
-0.68430961745374763
-0.31771289791805596
0.90339894445005031
-0.096645007145722883
-0.41776798556176858
0.35292854753742686
0.86539697804580806
0.35570986874460703
-0.99415452726786657
-0.016166870584623478
0.10674927731982443
0.024189157460078672
0.62944204473700549
0.7766708421066606
0.1682295289446098
-0.46531122310422052
-0.86901340107292302
-0.68454004797116708
-0.19310684828878336
-0.70293290424307575
0.22480383424574382
0.23321638527492244
-0.94608316428721584
-0.77417680835664471
0.56748293409131623
0.28038079270490313
-0.065382384414372885
-0.84972840735164834
-0.52315081721041246
-0.97125780340182755
0.15726661037406456
-0.17867706230098221
-0.79814675419790027
-0.34830071349695124
0.49157743209068411
-0.26247009333176285
-0.96278870880024814
0.064399940319591162
-0.87421836742693615
0.47565044589369521
-0.097462297194923067
0.92405681850025145
-0.33232853680778524
-0.18888287324792008
0.49938570845316799
-0.69843737372493642
0.51263939487415622
-0.10980735440626381
-0.61664246026899272
-0.77954757463011881
-0.41212881655262318
0.23481229844660464
-0.88034823965585174
0.54123476237317747
0.17337967932456347
0.82280278244313299
-0.025827749425939572
-0.95315664861488258
0.30137241174473206
0.32035055832123421
0.41976386707889457
0.84921953326465915
0.87673556450333268
-0.1641082547522951
0.4521097551006597
-0.58642418606324731
0.26201105357537319
0.76645735811223115
0.75678775623110994
0.12292967886449925
-0.6419973411728066
-0.96469670803975272
-0.20756774151408183
-0.16209840893730998
-0.38679356560928385
-0.88102299635622849
-0.2723769768074199
-0.57037228420391028
-0.34462124009859224
0.74559483520536951
-0.10718318988380116
0.90932400107003175
-0.40204679439627666
-0.42616183189450213
-0.094614320292638554
-0.89968562477783542
0.33141565039091847
-0.89983435617115581
0.28365788924337354
0.85039852539242089
-0.51919504070184985
0.085198930280847129
-0.58549574256683856
0.55329792614740847
0.59249990747432446
0.70908208902845005
-0.21941007960193912
-0.67012074135048216
0.96259850087701793
0.12249655509463132
0.24165827132392095
0.76125081591781862
-0.46830809340771562
-0.44853620245559389
0.213970773302808
0.95700032288699166
-0.19587467974802658
-0.90814458429240075
-0.024698909065966175
0.41792747924889279
-0.74296453054779121
-0.62698048123078542
0.23430574577571242
-0.16562760774652738
0.93983787964638232
0.29878463068564076
0.23684623658339884
-0.91089128970682887
-0.3379066713643139
0.43339105244191206
-0.27293638301220252
-0.85888178842696872
-0.39532375736845221
0.74334269380568685
-0.53959314897966792
0.13316869839631942
0.98093698099554572
0.14152292069758451
-0.69028390854679034
0.14067869759654864
-0.70973067401931067
-0.83955337654418782
-0.53636067140464716
-0.086413876800022396
0.32313856013626913
-0.54239376885783253
0.77549369465989515
-0.31823562634069302
0.53317852048397196
-0.78386653929228889
0.62861068963929645
-0.75322069680826886
0.1936677122570353
0.50551515358721333
-0.53613891256745172
-0.6760247746382424
-0.29580700187067926
0.2187339493169928
0.9298675588816242
0.15083449895951659
-0.98843222100741912
0.015833458181088222
0.46429118004471193
-0.88263024424407466
-0.073468034398190676
-0.83462556774724028
-0.36760902143307256
-0.41019966970198235
0.77608196402787666
-0.48700993995736175
0.40064710593408809
-0.30446734337203024
0.51897990678544959
0.79872366508883674
-0.056761780595047683
0.72340897655227498
-0.68808251896648975
-0.44371588786042665
-0.070508846094161901
0.89338945230101252
-0.12350148339552945
0.076166787290299284
-0.98941700213457928
-0.72458887931883376
-0.036328813232738497
0.68822320020221428
-0.18727274485818987
-0.81526361299868455
0.54797277336890593
-0.0055992751535480691
-0.60403699203346817
0.79693661000917437
0.62079375032273654
0.68445342256164221
0.38228082858532897
0.48682321364695441
0.66281745321759733
-0.56892546292514445
-0.93703076349917824
0.29668435074349314
0.18425999099115054
-0.052588525042542737
0.40317648596583655
-0.91360996502779535
0.42325072419158327
-0.19843695372060591
0.88401447944554967
0.52400329387400346
0.80690002026399543
-0.27264061565944042
0.9951799239771707
0.023048289198700792
-0.095318913536641445
