-0.17325904007496731
0.78344007715405439
0.59682740431480708
-0.60566300072029489
0.41622056998335949
-0.67818343144109261
0.013657805038753624
-0.96050159516239131
0.27793911213074229
-0.79304712161113955
0.12521591716653868
0.59615202506779175
-0.0064018047876772564
0.96332354432182277
-0.26826622197120098
-0.79390962704328538
-0.20728267353158913
0.57161297863291061
0.79394070007767481
0.48727343282537505
-0.36362448545545761
0.14661593809652518
-0.98881861886346822
-0.027230601995158955
-0.60720248171512081
-0.74624521037689762
0.27280621728351079
0.051403122064940285
-0.067125127542839461
0.99641955836601992
0.892858131558252
0.18217767377550609
-0.41184420851585668
0.29638117689837673
0.56417662320243589
-0.77062502931855903
-0.55014609380651447
0.70608784690321058
-0.44584664171105082
-0.88699297428498525
0.32927101507704704
0.32376544318257061
-0.35464739603540052
0.62438271953529123
-0.69596799066553594
0.50700131390416203
0.8613011977896351
0.033315377614446542
0.97471331523301441
0.087731844170263376
0.20551660912430167
0.069378729224627123
0.34331395313728885
-0.93665475043498458
-0.47624662029742953
-0.66895255791942254
-0.57069399147733957
0.63994319633679453
0.41191874245655991
-0.6486876406062112
-0.46031844704844282
-0.68909761983250428
0.55968866135387041
0.66288765562343255
0.69277313079089653
0.28398124106399869
-0.90288177122679603
-0.13183798610442032
-0.40917386598644645
-0.57027615585303049
-0.080480149256790937
0.81750110192041614
-0.37829267973915909
-0.16657189703934422
-0.91057589006764272
-0.034292108357335108
0.62842876087401522
-0.77711089543948508
-0.75525583308033972
0.62151662185025769
0.20810025315209413
-0.98916614740459985
-0.13297393768472449
-0.062195375433874864
0.4409801895709603
-0.5417787842050098
-0.71555029270576165
0.64462767883718552
-0.7379826140570569
0.19959162564219862
0.37588355514738464
-0.22123619197471134
0.89987004635685697
-0.25094547427970743
0.36472911933220381
0.89665993467405902
0.27943343964312367
-0.90581600723243971
-0.31845614117283677
0.8622889183487753
-0.1646964442076817
0.47888715012855071
0.51977830582778584
-0.72601191969862267
-0.4502634842470768
0.72133153226237801
0.094866499174594596
-0.68606207291932897
0.47382494594697455
0.64304098369285823
0.60165456359082659
-0.5546367318675075
-0.40301677294968685
0.72798047802434307
0.88622058590596797
0.39862756033661562
0.23602784000316723
0.64308157405237754
-0.26738591190668926
-0.7176007686925544
-0.75476069548717373
-0.4282306880803774
-0.4969454399971131
-0.94628486337310347
0.17471518088532009
-0.27206536515910379
-0.1596584925321467
0.98691940433653602
0.022344017239062906
0.83805934742498622
0.1497979974087103
0.52461137060298868
-0.37562949606893997
0.89863043776594043
-0.22664028327635977
-0.04428051772252433
-0.25405284468634554
-0.9661761681272214
-0.91883720166599681
-0.34115779269039009
0.19836722844568166
-0.15253231992560756
-0.76462554278419192
-0.62616425217357485
-0.044061781735007501
-0.93523165693624477
-0.35128379873632465
0.58207742243154037
0.29135071490964431
0.75914467344314107
-0.55076377247015051
0.25101592800270517
0.7960215266080366
0.41400744260885458
0.27890293786519432
-0.86649350183059048
-0.94494400468523754
-0.038131580947129894
0.32500278544021477
0.18984069829894715
-0.77167210317715995
-0.6070277377908746
0.49554719555692489
-0.86521091158626307
-0.076439881264522572
-0.7945406966095423
0.46687809687861398
-0.38823951896506742
-0.25095907886861268
-0.55980571746092078
0.78970697061092288
-0.52188780119992895
0.13241308346712702
-0.84267425395904394
0.3602851826843218
0.10675674318130071
0.92671332402391116
0.22460203583507263
-0.82024562036869897
0.52607133334245537
0.63632218770140325
-0.35961563832043247
0.68247393072137774
0.32421746105792448
0.90411325951054455
-0.27832041233508553
-0.67338814648909895
-0.68329497562525876
-0.28223461951584305
0.73998016090948693
-0.47142026218915034
-0.47978359481945881
-0.40759996720816338
0.57830208622004142
0.70670288226768385
0.35784747774405362
-0.90283663466964781
0.23839293985058349
-0.16848740079852664
0.077567277747966068
-0.98264709494046043
0.29674171441983355
-0.3044354289344649
-0.90513171667590253
-0.19268664325925369
0.83867392381061789
-0.50940937077127169
-0.69373296511683036
0.45968646257203094
0.55445732859997754
-0.5173627969038781
-0.85510848065595313
-0.033544339165705032
0.96206589184797853
-0.2262350987799614
0.15246934059926545
0.91620229592759195
-0.34373469440677162
-0.20596070692754195
0.79708857532911159
0.60365258283465972
-0.015917358978538642
0.48437722422410795
0.6894692568031362
-0.53852655326945509
-0.5136946329022577
0.8538401439374097
0.084112024873725502
0.17154647700015616
0.7685190337796487
0.61640108772391855
-0.74863086738327234
-0.49876925119624199
0.43678491098263605
0.061211171100775369
0.26016151213694239
0.9636229450023962
-0.36618314167147231
-0.86879150794765536
-0.33333350037709952
0.045963851734599014
0.93995733355564703
0.33818269534184897
-0.14775899348409241
-0.82347131962555087
0.54777939501109552
0.18868770789785172
0.98141863510414418
0.034848408264562571
0.72438613099017579
0.45743619783387057
0.51576822133626643
-0.98476360434188059
0.16179422433797594
0.063743803890734613
0.78374276485266425
-0.47454288440518333
0.40069480830366444
0.48203473336945052
-0.034242113383546338
-0.87548272027291962
0.37099745871972806
0.8629070301111208
0.34315061271737335
-0.78947986620414734
-0.61205867932237767
0.045888058625621141
-0.89072010999112494
-0.41338121051915711
-0.18903349027914232
-0.27262168407524329
0.0513098010940903
0.96075216454799794
0.86809465782961381
-0.14425682686371594
-0.47497540246932529
-0.79831378286609023
0.16772898485032084
-0.57841342630260051
0.98979416371144435
-0.025959599298320868
-0.14011999388749991
0.36244786442198723
-0.53099538414425274
0.76594741829543256
0.06063995917105764
-0.65661270982463027
0.75178623600627881
0.15276561812283676
0.81538708052809405
-0.55839643160340768
0.52820950890319751
-0.67688344776936304
0.51266315728761191
-0.8891408164779403
0.45473860032897317
-0.051394686921781951
0.08921209481249015
-0.55487685014573773
-0.82713534763756269
-0.53233077124254824
0.72919667952336409
0.42999552620976661
0.65094227214227629
-0.039289706303992929
0.75810980558016583
-0.19089335714232436
-0.98085903029320254
-0.038409489598421782
-0.69144347937193962
0.707674674894334
-0.14526689005834989
0.85250677786817552
-0.51735680595261424
0.074660089896344595
-0.32055782120037873
-0.90860550900277914
0.26772880359996148
-0.53698424723054394
-0.39815844416278429
-0.74371887939470605
0.059185191478240896
-0.37744650787303313
0.92413811024334247
-0.70316642502653659
-0.1198759251562171
-0.70084715971696787
-0.23927528735100431
-0.50579631547371029
-0.82880481665849015
0.94851266171022541
0.30308291255523323
-0.092002601552458804
0.1673656226198463
0.022911790204307159
-0.98562863099379616
-0.28212637367331084
0.9064991857892376
0.31410815882653681
-0.27974316977995267
0.36925921512532339
-0.88622310453208952
0.30399549451794955
0.46573665920202079
0.83106925318419034
-0.015927308082102749
0.5784690628963105
0.81554881161652248
0.72722922332697781
-0.65939821406324961
-0.1906086357682604
-0.27511448919499848
-0.26523359631273452
0.92410127000344955
0.61952706791220469
0.7431183416009316
-0.25290579768045562
