-0.76095045542710049
-0.14248334430330448
0.63297148512506818
-0.17250037395239096
0.67143557351043848
0.72070652252563516
-0.48301982148186701
0.86297812512164429
0.14819111855019187
-0.98073901718864409
0.13095601501881618
0.1449189507767851
0.34218335833208019
-0.83816756673281212
0.42471835297968452
-0.67080327526321193
-0.67358353821885608
0.31033559727610094
-0.93589630050027039
-0.15187123937423003
0.31785726570403083
0.62044334861193673
-0.72417371800315533
0.30103567449173396
-0.86966411550637834
0.13131447931032947
0.47585799743617374
-0.36652846479756779
0.36345002253315861
-0.85648173688280393
0.51062591623123466
0.84695283727460302
0.14809478419415004
0.7590130343583078
0.64893642310586441
0.052732650613835252
0.49143013748205389
0.091910242578827295
-0.86605365150403391
0.024117891903393217
-0.47855439274550438
0.8777266205796187
-0.71277296631836384
-0.70026166828887026
-0.039853411535388433
-0.46278459536089123
-0.86403657458592575
-0.1981696648694658
-0.28211243902811817
0.95274565071454298
-0.11264234013073672
-0.043895041059273401
0.52954007025679695
-0.84714847539426719
-0.16730929670439268
-0.19449163042925754
0.96653018831759763
0.73657368767533038
0.023669426946776265
0.67594301598017581
0.44457462000704467
-0.47427852357564249
-0.75987715409827961
0.87212289052827219
0.42411742689346099
0.24397965493434301
0.30884741213180894
0.84207325147880074
-0.44218312401470589
0.686205579877876
-0.31671682756203207
0.65483765414300188
0.01162556621244713
0.86788669849424971
0.49662614186829834
-0.59426814787429505
-0.19471232829231719
-0.78034125716447922
-0.16158762536917948
-0.701818611315006
0.69378676561276842
-0.63456259398713588
0.13296316137839481
0.76134821995495616
0.83771439745299736
-0.54423923398351803
0.04514692119065393
-0.31221010920359615
-0.45833632797214363
0.83213740342090736
-0.88058806424757208
-0.45681343716511497
0.12604025043654679
-0.082542043067696594
-0.80070372557578562
-0.59334674093254058
0.07480952695581608
-0.42345302097467358
-0.90282394391380083
-0.98531346122008634
-0.17044591480491483
-0.010274885148229038
-0.92762247859530034
-0.16543576111958522
-0.33488437728191384
0.71514489811994275
-0.43903638172478404
-0.54388861931008092
0.030403458644239809
-0.86185297277081485
0.50624606964259677
-0.25670902172566273
-0.89582727012570984
0.36275884587942364
0.021226322769788301
0.9398799672546283
-0.34084467191832651
0.91783026869887852
0.17760261333268215
-0.35502804057925685
0.55923369075044849
0.65238767783873797
-0.51151539266556856
-0.18736197875629576
-0.5841390791457105
-0.78973224901312378
-0.20477919267089612
-0.97867443801493159
0.016181057604925626
0.94624048903242453
0.31809238759184882
-0.058704087351692427
-0.5063167583670205
-0.51648569759240348
-0.69056923214055854
0.22823253805363733
0.40865613621098384
0.88369116263019454
-0.35676400425843247
0.018321830597238416
-0.93401485844126442
0.4657614850663685
0.56422025369842421
0.68170502737273142
0.15045233519008999
0.67430756634311917
0.7229615486374561
0.62961261121629242
-0.7768445190215385
-0.01002761505025747
-0.48136640336638542
0.61113974232428636
0.62832682662919559
0.056983701583406654
-0.9764659767477113
0.20800734123581155
-0.84355972450609695
0.27532716204824353
-0.46108778451576665
-0.094655656518065817
0.22081762024968501
-0.97071102047746427
0.89176454253867576
-0.16461327654068644
0.42149551582113637
-0.48396343900331007
-0.86348697537448238
0.1420198333568852
-0.75287531311119837
0.65674198043907328
0.043228856527541659
-0.28116822218052334
0.85867877805479909
-0.4285034270039868
-0.0047983570175951142
0.77857216191829015
-0.62753674351053856
0.64919995774920536
0.65644212564963322
0.38421758227730934
-0.33191557302515889
0.82824853584076641
0.45148246395735819
-0.86678645862326498
-0.45413548359474015
-0.20601504238164398
-0.15358077365370576
-0.93938224381445257
-0.30655170195262943
0.16592625088896951
-0.19685680772447284
0.96628974770431075
-0.65288387505346224
0.66827616964867043
0.35658043521045391
0.98787953723742439
0.069273453849952746
0.1389071938355633
0.63221398345725255
-0.19511764642607907
-0.74982303457166499
-0.39017655471623158
-0.76413048613458467
-0.51367972152840036
0.89717298058309292
-0.37369946111785129
-0.23543439780940406
0.54014024393075766
0.25486882913515663
0.80205386154652714
-0.56586669078431584
0.80539772128028564
-0.1764352538959571
0.98497443757288816
-0.06266834766414818
-0.1609286659642023
0.50477439734461904
-0.11932073571243842
0.8549651278352931
-0.31501479922585834
0.64329523431255831
-0.69780865413051651
0.52159221042423809
0.39928180997521368
-0.75399973623846472
-0.81074994187653338
-0.018214109520981625
-0.58510920174062842
0.18975886018648011
0.05950824793905702
-0.98002568507562682
-0.01873325903491891
0.11493733236629645
0.99319609072652415
0.95913808266656964
-0.2603123186195081
0.11086764701044288
0.47647442491922914
-0.70380334770725161
-0.52690888221205334
0.031327138881701022
0.99902904862464303
-0.03097693292802076
-0.45006683985725471
-0.71019778840177916
0.54134918584045744
-0.79588857939116453
-0.4139575278231733
0.44181504541294281
0.70950126134530789
-0.64112696185996376
-0.29251355340501656
0.37818222281452984
-0.41716487003026026
0.82640890457430161
0.36297398366936406
-0.92556283439829068
0.10762586473424718
-0.50042997983248982
-0.17328252078890727
0.84825880677650245
-0.09545838185950653
0.41651611784674653
0.90410288181525
0.80742735436843216
0.53424507505175078
-0.25028637038509199
0.32977689253967268
0.93670833716070812
-0.11757845142924055
-0.66149379303579225
-0.64603939741603744
-0.38086619535139071
-0.75780900671273788
-0.36807272756601034
-0.53874667197781467
0.89059159399394627
0.15852842562581271
0.42628083580654086
-0.055969559912133982
-0.14004580773530068
-0.98856187469424961
0.86583212164946488
-0.14713970797442691
-0.47820983203734579
-0.33472179444897304
0.097687907908944091
0.93723977346740539
-0.31000163631840183
-0.31441599786003405
-0.89724108564509697
-0.41206395402061635
0.38263713275975181
0.82691724037553571
-0.86406701713021383
0.4179922082538905
0.28048298298957619
0.12109475028333848
-0.98464509521500165
-0.12573821186439715
0.53461136481963278
-0.60046830857255962
0.59466671254215919
-0.15912394583848488
0.96226244804547889
0.22074997382177194
0.5894097692398208
0.78087910509083402
-0.2069394770390596
-0.78256501968966041
0.54646118984713454
-0.29828201076996808
-0.58704952936239607
-0.45167584374701997
0.67183463906738738
0.32830197631068053
-0.22156724367705244
-0.91821880229052988
-0.55102109093519414
0.68684095873688822
-0.47394646822819636
-0.97039779777925739
0.12186046604867067
-0.20851412633097127
0.36162433576080738
0.80100948938794392
0.47708661445907313
0.18597680061315774
-0.87730683841465551
-0.44243117081030264
0.80025866279859736
-0.46923164300493964
0.37337345623207574
-0.91827612391612368
0.39209785884597653
-0.055029349750660629
0.75230072006145554
0.3937551800859308
-0.52820496471588729
0.72416314285869476
0.39301746731732956
0.56667893282571336
-0.6273383647953451
0.43661172677169469
-0.64483856592277555
0.18772404284206309
-0.6663145404493559
-0.72165408397984898
0.42891731815666928
-0.87156689799442688
-0.23748910818322322
0.23233141652436623
0.36710900308737382
-0.90069589360004076
0.74625875225265004
0.10128889570488367
-0.65790457841027616
-0.61524311759197825
0.14656260910603935
-0.77459364047720747
0.20758046634203509
0.94941798141448241
0.23561800983811212
0.29475483602021479
0.10336871564384016
0.94996552320009964
0.27920178521587113
0.64125183304308098
-0.71473243227879268
-0.71145884052247976
0.39379895204178189
0.58202122264845546
0.21568278781373387
-0.67668724880814657
0.70397109481949438
