-0.088765539582491615
-0.28215303379738249
0.95525407327137968
-0.14194371434382352
0.584975069780441
0.79853374987764114
-0.72745137925980541
0.37040742723987924
0.57759226852386114
-0.88847425294971549
0.020917135584154006
-0.45844953406498196
0.70105930788883275
0.42040930619239669
-0.57599640805239261
-0.83829470093543257
-0.20597960275357577
0.50481124951119394
-0.88484617251885611
-0.29548307246630828
-0.36019023427155955
-0.72946319977326179
-0.68002576213920074
0.073813298283936166
-0.093577491855093287
0.82520356457497313
-0.55702991843425065
0.099567509681816435
-0.99488746832363373
0.016888942783737391
0.98847562331069072
-0.14859673928876416
0.028895522028312859
-0.22423707494839193
-0.97073680654645678
-0.085952234610720463
0.63900859053439862
-0.34514396378430118
-0.6874181154774015
0.20531842096334607
0.6033958686573615
0.77055679329971938
0.32478740708896114
0.13032782319645705
0.93676453748917221
-0.97898433778034033
0.18044323129400541
0.095025821022323279
0.35383742884028585
-0.0010302752659411831
-0.93530637359347224
0.53867078757119391
0.61400088309647038
0.57692001020434724
0.89542898623471745
-0.24657539049044819
0.37068518639830933
-0.076577022934548461
-0.57923465757904569
0.81155601841016933
0.77933559185591872
-0.61285840332183494
-0.13053969796347778
0.63489410213695141
-0.043679739755789211
-0.77136344183956562
0.61019509753405032
0.086520069776145209
0.78751267956226678
-0.81516443731973265
0.37826766351666641
-0.43865762830121358
-0.87488254882456262
0.47886617878282162
-0.072578981669458323
-0.45663162758730569
-0.87811468192941766
0.14283613711860696
0.28717598839458042
0.79524506062957168
0.53396183874305525
0.29772836952456727
-0.92831653714112572
-0.2226796462422006
-0.073834900523316344
-0.76486313056798383
-0.63994749703585452
0.82941126718568881
0.053420886529949023
0.55607837464496357
0.67733492802372508
-0.70792734005959757
0.20014064173784915
0.37860571760286316
0.53364261283238179
-0.75622964261383585
-0.22959000489310252
-0.19288961022889153
-0.9539821947599082
-0.68593960471650461
-0.44966030231772214
-0.57209480962590464
-0.52165407849032119
0.84143363006153604
-0.14094846077868356
0.33759468370652695
0.94126106797844644
0.0075783534599926849
-0.44715444299460383
0.34841773045083818
-0.82380700969199849
0.50638343087775883
-0.51212691400177446
0.69375921247035666
0.72360589453589186
0.6176795179878235
0.30800409486115921
-0.64846725073561984
-0.44966645352094425
0.61423961554208073
0.53727109771972925
0.25616652016453456
-0.80356610275809315
0.5293491682151491
0.67331668147392021
-0.51617255308557131
0.8904211766156096
0.3392023883315915
-0.30346641986324902
0.45416280591159386
0.84967925328747673
-0.267920346855822
0.22344931322707884
-0.45713175482579721
0.8608722106957768
-0.73147633247956911
-0.15269229753011607
-0.66455055285298914
-0.90933040224893069
0.1333100414377664
0.39414039681014545
0.7385303591540161
-0.51362665596419255
-0.43676145307350678
0.55812050037758698
-0.82621463385012039
-0.076621706259931935
0.84558916431869036
-0.18416051256309512
-0.50106274138007589
-0.85480118584226139
0.44635316243199152
0.26473342643048287
0.72142944497087236
-0.24165202866146204
0.64895597152104156
0.016997897961933062
0.99985454204991242
-0.0014022150460835843
-0.16620310322456586
0.9287764857627534
0.33128653454783569
-0.75192790958189792
0.061508715652652056
0.65636963419292826
0.81601582321368527
0.13053435411626677
-0.56309764575989896
-0.33282775987779695
-0.044813340909432321
0.94192220842873353
0.15782210153524823
-0.57725754041805521
-0.80116534891212998
-0.24209005747339429
0.30508845146401342
0.92103932644367514
0.88296163451554455
0.34938124635778112
0.31354664193245885
-0.63926875470082989
0.63412227563634171
0.434999308970759
0.47265635099555564
-0.75586137383639629
0.45306683547322407
0.23055881033830439
-0.711947887944266
0.66330448500449979
0.09376737962723479
0.35990535093741094
0.92826494972311691
0.043858000207089069
0.048824760082965254
-0.99784398511023564
-0.62098819652394999
-0.6808027093674025
0.38843446126204628
0.23494597398380779
0.79590642483248641
-0.55797253715498363
-0.14794620509557457
-0.49463460472867354
-0.85641609524969042
-0.42476013149288855
0.77913760581077807
-0.46100262678816994
0.9187408233126878
-0.33071660584495866
-0.21573554690202215
-0.53073479960731296
-0.83314313473384338
-0.15554127918867761
-0.12247387246281427
-0.96355518290602526
0.23782674378399632
0.44687499522434432
-0.59917496430667749
-0.66429820170713538
-0.46352140348702092
0.50372346138689561
0.72897913753263655
0.16288932187835467
-0.90809530282672435
0.38578490095135887
-0.70472827862337506
0.64477629903968603
-0.2960094213115862
-0.25692800443655528
0.12786732698944864
-0.9579342081922031
-0.7116486562734573
0.69743241522447019
0.084523465489442673
-0.29048415380305792
-0.86509601277620873
-0.40893501325764137
-0.96751151855436635
-0.14465906449362975
0.20735287922874804
-0.34043994106091197
-0.83586466707172857
0.43061688874394066
-0.58719932550753329
0.53863055014356009
-0.60421360674478675
0.64210055372914654
0.76661643210044816
0.0024748604611461193
0.72626861264829756
-0.51773321417950136
0.45220152721688128
-0.35015891376255948
0.75099607544782532
0.5598157105464161
0.21562420101235236
0.3148063525525252
-0.92433931233630862
0.13244662415844097
0.94567808080161853
-0.29690210379921511
-0.59557391561613826
-0.17312040923897487
0.78442401476662527
0.1998355377078975
-0.15561195139213885
0.96739375564085905
-0.95424362131978191
0.20668216342857365
-0.21610551703043807
0.88243456954529509
-0.45247389243492364
0.12875017334434505
0.53065932146327377
-0.7516602883160548
-0.39167268926076937
-0.91703420128143376
-0.39865034218290396
-0.011232914028713365
-0.48214055956437746
0.83869761714302049
0.2532326752644069
-0.36944467175332019
-0.38232548640586617
0.8469580018853351
-0.10291585293131586
0.39565581047229309
-0.91261427057379108
-0.031987903196261692
0.065770694127324072
0.99732190883541527
0.73544141040383071
0.61976848672786267
-0.27388492971005018
-0.98740165435587512
-0.10083260229226444
-0.12194572272224595
-0.70298128634572854
0.2003908693531925
-0.68239344261765622
0.97711428648292176
0.21248630100560364
-0.0098611883628141155
-0.51925967584778077
-0.013329908389353877
-0.85451255261744941
0.96319874736827982
0.013514768685015366
-0.26845022647702765
-0.47543552819581564
-0.3479800256766617
-0.80800430707963145
-0.20228565420005123
0.93878806760444755
-0.2788502792330762
0.48367805315153323
-0.21061510449851351
0.84952740900845725
-0.83808903740993812
-0.4542932263904732
0.30203382232627113
-0.77933420861509339
-0.58014471217943497
-0.23679168949210719
-0.29016342699420655
0.95643441234444881
0.032224222539992652
0.96173870927800698
0.05131090198693191
0.26912050537549292
-0.38144681467581681
-0.63806513825219113
0.66885813661858462
0.0011409107981696144
-0.9442345755260535
-0.32927156680115011
0.38017636907047025
-0.91018797140562091
0.16438912710065245
0.38169560147940568
-0.31812204782653891
-0.86781727944189035
0.088044649493172783
-0.27154866524483195
-0.95838899310216119
0.48251647119623231
0.82958354406431523
0.28101423174285295
0.14984799195157991
0.94535460496075086
0.28956907671155452
0.7208597839834725
0.3552512474520037
0.59511152149752278
0.4506814535151405
0.39200548575294286
0.80200868237013467
-0.02624769795873462
0.80358915741689851
0.59460535183755792
-0.28075081334057045
0.62177852013926715
-0.73114325046602957
-0.56300364826479443
-0.70052953127845463
-0.43850344108948608
-0.37322760686000794
-0.63190324328469138
-0.67926389908771045
-0.069050591721781934
-0.8079722508464966
0.58516054006137319
0.85938242659739661
0.51115386463044976
0.013548857107741227
0.064359919855646916
0.62352432503879585
-0.77915031720528005
-0.5254130600981779
0.19518901786357859
0.82815600196081418
0.22678480099592069
-0.81095168024905362
-0.53937558930533502
