0.59581727201339596
-0.79214567636016497
0.13231404231755534
-0.85582071755937006
-0.25420549440359974
0.4505002397459808
0.53776452070658376
0.72435279320682855
0.43141899731314987
0.32869316634683082
0.93177733301396748
-0.15411620316589816
-0.75212121980805413
-0.5443124901009686
0.3715340951171614
-0.089490169553124832
0.73522874229023827
-0.67188556024345936
0.61818171308593928
0.44153654265169578
0.65030519843325918
-0.34503775751018534
0.93321968439585468
-0.10024952143748046
0.71940848071525587
-0.5528023618357224
-0.42054843552653309
-0.91034295748765981
-0.010044748980606425
-0.41373276733966524
-0.060401949043382842
0.90275601780788417
0.42589103872165696
0.054650938386357775
-0.9093341219372163
0.4124617917021679
0.2966595727513282
-0.7522098568124258
0.58836504757610242
0.98734649767753324
-0.13540977687715355
-0.082529302977721736
-0.51495975276907135
-0.673261484666976
0.5305991201387692
0.91340659502278265
0.38347045965334531
0.1365239859590181
0.16101517469691803
-0.94470752021540338
-0.28566031359953431
0.52373997560269492
-0.51392684290681401
0.67939358114094917
-0.42214711109856218
-0.16117022526274566
-0.89208518375763535
-0.085408691405898324
-0.41309801214817321
0.90667270158065305
-0.56748334415279555
-0.39785767982684767
-0.72088273714381412
0.98057680209848275
0.059919755728552626
0.18675855551953638
0.041158336167299886
0.73168169497598423
0.68040274000110423
0.61735667770125813
0.76681701070944197
-0.17567698934208939
0.15869313436505145
0.13317720845748546
0.97830481970236016
0.18933478678927712
0.97061601322216706
0.14851563348067026
-0.6032045038338254
0.69713939489297094
0.38748031000665195
0.22264008718485553
-0.56178820780701533
-0.79675931193008454
-0.60463184874678855
0.79584356531989409
0.032455308039827685
-0.18519561838357868
-0.96502141027993327
0.18557009627861074
-0.068116272715521425
-0.66108691237987827
-0.74721099273992497
-0.38130656691773579
-0.84305338548844821
-0.37929710154689616
-0.52599640102271505
0.78584445820041682
-0.32523264538918029
0.39653898045175756
-0.91482630018887068
-0.076483184197723153
-0.50004821332301397
0.41820228643613788
-0.7583262041971438
-0.39798425975372775
0.68381048331907746
-0.61156500217982301
0.67149865231985018
0.57376431797032923
-0.46891797508377508
-0.87076519791551443
0.063129550454253766
0.48762960324266474
0.73545258197316687
0.66926297163505077
0.10581386708377774
0.25788995453643415
0.85778350165199702
0.44463494649300139
-0.37136394695732144
-0.66335908602610805
-0.64964878348757515
0.49448775347676066
-0.58803436412612586
-0.64007612693201543
-0.3075595267317674
-0.58450846044642057
0.75083753048385016
0.43585798495763722
0.78561846312576156
-0.43912577622428883
0.22360065403203763
-0.053488661200849108
-0.97321205841244363
0.9692604892557084
0.2151799036311941
-0.11929674363139517
-0.97870497978451998
-0.088339796012239902
0.185290698594123
0.535383064722326
-0.015560910539286956
-0.84446600409472838
-0.67990856862800331
0.53405421087871263
-0.50250416729509328
0.053440299423296915
-0.34201761653724744
-0.93817273696037917
0.65439128379246336
0.27535793295297928
-0.7042372160403868
0.86312927607561318
0.2257050453686342
0.45173563649144466
0.22488837138552387
0.71047610465488964
-0.66682000954529019
0.87080044509527732
-0.28238284586463391
-0.40245063446745555
-0.20055915066552529
0.55970963496685111
0.80405295323728354
-0.78697473918626948
0.40957595337941116
0.46143070801156028
0.036240830876858206
0.20964358054703866
-0.97710601846103295
0.80869920452061228
-0.56042960981685253
0.17867358240170578
0.36429759594152961
0.25424288163616143
-0.89590614392834855
0.83749137870186319
0.51673744434100277
-0.17773745867425222
-0.75846826983403115
0.22237083789506853
-0.61259864030931088
-0.55647537034474603
0.1079519830201912
-0.82382129831759399
-0.72400406708122844
-0.6839089582676432
0.089925789688537081
-0.64315782462925797
-0.59637478207434202
-0.4802969205855287
-0.72711252730095866
-0.12040934461656023
-0.6758764401656735
0.21724473679530779
-0.79248031400343089
-0.56989444307850645
0.34844034177022165
0.63104688120208929
0.693086691512806
-0.12586359302694969
0.98348051305669815
0.13009395215796965
0.33754287019527562
-0.89788615921526416
0.28260441587136714
-0.39886248551809289
-0.29333694143812605
0.86882803616944493
0.13002087592352149
0.48780336893666004
-0.86321633735589431
-0.63010929110405312
-0.74902509080561408
-0.20475276459181049
-0.30766907183244668
0.76072087922364817
0.57152732756269897
-0.8257070163565644
-0.33023940795309481
-0.45732904628323134
0.14127026739321549
-0.18770696849075297
0.97201275996288283
-0.093425074033386332
-0.8641761345624247
-0.49444045545909981
-0.92035364482689774
0.38903998085031538
-0.03996325504548949
-0.41200533566976394
0.32657890280586138
0.85064553347546867
-0.41713430559068132
-0.90801604285226767
-0.038805115929331453
-0.017165282674920401
-0.71668996036397381
0.69718064644981048
0.87470423722551383
-0.091679015935695787
0.47590698189540637
-0.24348535936569227
-0.83563079403571427
0.49237796034530346
0.77670771745485478
-0.013034604911106433
-0.62972630620046421
0.6694241937645341
-0.31138538115476844
-0.67447045391610994
-0.84009039224900706
-0.51027530928020315
-0.18403054526328563
-0.90990491817781161
-0.3951995852613559
0.12605684307122009
-0.27986589220962915
0.19347251157158776
-0.94034220879629249
0.10729821094830334
0.46449787803301079
0.87904995036125411
0.20546726582583569
-0.52752525033347242
0.82431808965633091
0.11630136815490871
0.89552660155847119
-0.42954172983126043
-0.96341718426520384
-0.21944174006391753
-0.15385919465610892
0.93963473707398615
-0.27206596227406593
0.20752511427725431
-0.79925203534072586
0.57497826507344385
0.17491763403624977
-0.44764343714279459
0.020463267626921848
0.89397796833088328
-0.53547091740099795
0.53712985144448389
0.65173799897271623
-0.62527564867639196
-0.40721906497485988
0.6657349294526449
-0.49490444582766568
-0.83009347031759984
0.2569327149977117
0.84175072571635356
0.31009291594626254
-0.44192544533658185
0.41320313858579033
-0.28591092767729942
0.86459129517799227
0.10884693357788469
-0.99210813377555807
0.062239826052703472
0.67932584333202972
-0.19552283191662681
0.70730984778987005
-0.13493638025474344
-0.97641063613412182
-0.16856584152166493
0.40320495926136329
-0.30800310872539421
-0.86171912236095538
-0.19304481318867503
0.48911577390138411
-0.85058771436095848
-0.21690176069683875
0.88863837244832311
-0.40407359381554075
0.76385386084429707
0.51763664144962485
0.38546022713376532
-0.88414842637268221
0.31726871212202701
-0.34296082057742433
-0.15516979556811308
-0.080362782866535851
0.98461370987473873
0.69646241008136933
-0.70265277856420216
-0.14566806142616387
0.40181941528731296
0.33447018529180517
0.85244991210570686
0.58498071725523171
-0.68886441521432451
0.42809272113758401
-0.99166580920126668
0.085401965573779687
-0.096464641902262477
0.77628362633702686
-0.4143477061119511
0.47507863551290075
-0.76163181998200247
0.61889161811529436
-0.19206804996546178
0.89020994825222688
-0.44112774806997918
-0.11372140482546021
-0.94384039451204715
0.23502510366234702
0.23222512856244912
-0.38708943463334111
0.88319931846181798
0.26480319760875332
-0.25277105597658506
-0.42633985819070686
-0.86852813344094382
-0.67835110108355468
0.21974189808211189
0.70110860919403895
0.47479276579187701
-0.7973359118848905
-0.37259532091853981
0.46438856170970155
0.52041776390134875
-0.71659515402290752
0.93286234357114584
0.01889091894575633
-0.35973737799724698
0.45368639755730955
0.022429350496767649
0.89087910341850762
0.48530978999665519
0.86310441583610875
0.13973251267193296
-0.00082470839167395928
0.98771157429380285
-0.15628552671993068
-0.13302683463777693
0.24316406980469624
0.96082001250092131
0.69349145496256315
0.13248695478451294
0.70817851471633464
-0.12384148770320887
-0.089887726297152026
-0.98822238518694983
-0.68874015345034556
-0.10734858997903995
0.71701693233472974
