-0.63456864783579303
-0.27690570089972544
-0.72155794222853997
0.16395599226899471
-0.24067544595772331
-0.95665759930716077
0.51007431447940621
0.17950419752151042
-0.84119108220458605
0.25148114414362716
0.37856028018791538
-0.8907577383353229
-0.96265772224948842
-0.13066776791267048
-0.23709922864097913
-0.6329542832112578
0.052110629005676964
-0.7724334001770996
-0.56409503054656496
-0.57585267365746129
-0.59176895386140638
0.6203735236591631
0.7724720089585958
0.13573388124630015
-0.20180544574891979
-0.89668058823930352
0.39400315321187013
0.11980448897284868
0.83020421497077368
-0.54443350913285615
0.16242108084898155
-0.73755350077259141
-0.65546489302932454
0.95701266765447723
-0.2774012312204519
0.084707206695998419
-0.49830502597782567
-0.83183985881595435
0.24440652685697994
0.27558230889259777
0.17959355095082852
0.94435191929825446
0.29947475231028836
0.63230812252290125
-0.71449374449343861
-0.11449973464812685
0.62198093246048269
0.77461573081179891
0.15147618879814478
-0.3233622084960896
0.93407272005113207
-0.40447526382844606
-0.11681946518619479
-0.90705731544622936
0.21691881415681991
0.076352589377195676
-0.97319911126151171
-0.14139890723279411
-0.28186387615821207
-0.94897792616606191
-0.16674107406697231
0.83885963737799063
0.51818136110541313
-0.89581056474973597
0.37125741569293508
0.24431816014320815
-0.88863503826791757
-0.43430140038473591
-0.14734334863316415
-0.84241742430012112
-0.093238407698106512
-0.53069716653235632
0.80131629792766901
0.58550198091171424
-0.12279910840048283
0.62900870573929035
-0.77612289296651205
0.044511831207836312
0.26248709103290974
0.92972875066725169
-0.25827306716688864
0.86899417084123121
-0.25628417949930055
0.42328188052683197
-0.10431312749227188
-0.49365397636077418
0.86337970966196409
-0.67894165412280993
0.70523052751128967
-0.20417672091384695
-0.010891960967703725
-0.54480713451329998
-0.8384906388086184
0.92725664710136335
-0.29336356733965235
-0.232664839982519
-0.9882288306973861
0.1508484609328444
0.025466056087838571
-0.70220687945458438
-0.60011560824429611
0.38310149463064397
0.40436100655993229
-0.70511578876698267
0.58249798352041904
-0.22231506650428054
-0.71120958396784217
-0.66690099630866218
-0.3246944620963898
0.39599701806639603
0.85892948951963355
0.45648506864510896
0.75529506056433371
-0.47026668347990563
-0.21484432914492763
-0.22064007095632529
0.95139890336422706
-0.22593892292435303
-0.94685174163630959
-0.22896153054185828
-0.66860320422590513
-0.3972572065328438
0.62861472076031921
-0.76368282694765777
-0.063244034360441695
0.64248636712622087
-0.25721304508564447
0.96321090117810726
-0.077885873490823695
-0.0097478486883477242
0.6204892740616561
-0.78415434719217636
0.13494702112395793
0.78298341449759146
0.6072283541728456
0.098853667298190367
0.94390369065284097
0.31507741149381774
0.82333469708712004
-0.51936986372147809
0.22885567773248153
-0.41617924737046458
0.84922275869623765
-0.32498544609029112
-0.099328039086518188
0.030654622495933776
-0.99458244242036509
-0.70248576279882413
0.5665052111349117
0.43079647029884466
-0.80275215630619301
0.21600656916263253
-0.55581484113357948
-0.51403142491168152
-0.1823161122059187
0.83817213592041184
0.71061760776556704
0.35561375467487699
0.6070926395695958
-0.22054861369746293
0.94762669038638381
0.23100208800674524
0.16225256778885064
-0.62981397718465659
0.75961072819488884
-0.23457779690743377
-0.96823613149749987
0.08655663383479642
0.70688240718016337
-0.033547735366031277
-0.70653507476344601
0.4584518990814232
-0.15361080749464956
-0.87534311903931594
0.76857440621755158
0.2591232320400047
-0.5849346397030013
0.82867976563325052
0.032220151183522804
0.5587948710284768
0.82595488008406204
0.53267542376903576
0.18454113085651375
-0.22037426385631675
0.78158799613253271
-0.58357123655241827
0.27930697675089394
-0.88479627257643734
-0.3729921832600761
0.068285987981682686
-0.9883306314899144
-0.13616015094040063
0.35793997613921735
-0.89059988480813079
0.2805544843006445
0.88853765177471788
0.28351645836796979
0.36072047240647909
-0.56882917190278059
0.13162885162278556
0.81185418556096856
-0.28319606336246989
0.085718825551935329
0.9552236767595309
0.35914705151007414
-0.93243234254315277
-0.03979097851409167
0.5994491553031952
0.094166077346140437
0.79485436407151133
0.81970514263359595
-0.56437941356041033
-0.097771962695055809
0.46867942028510068
-0.67471773837527116
-0.57017153078962235
0.81207100218442929
-0.26147647767701643
-0.52169985531222574
0.050830858966326727
0.99869655687999725
-0.0046272078820618233
-0.15043851427693772
-0.73429676990698001
0.66194902154646584
-0.071035785910306112
0.94193034680877052
-0.32820898659362524
-0.87991527651417378
-0.44374152151596336
0.1698309990540095
-0.80607901951369365
0.24304484067764748
0.53959783146322904
-0.030050580836644598
0.30257520094043111
0.9526516731561635
-0.039554265171951104
-0.88325724894911506
-0.46721739296129366
0.60962075816776662
-0.71283867291835012
0.34673268897374365
-0.58625591608637406
0.38506457709352143
-0.71276172198113552
0.5935456450619061
-0.394041637691455
-0.70173695569884431
-0.94140391166636761
0.18632426932588778
-0.28114398759254322
-0.45222494425201015
-0.70516754276585292
0.54610560922392604
-0.88681333471161894
0.45318626892156016
-0.090467204215745708
0.66627043503490546
-0.21006712824838814
0.71551066311262834
-0.87017909915651237
-0.26106883845610024
0.41788921615464469
0.91116820502753115
0.020669925862691747
-0.41151580323450238
0.31468714195570485
-0.4859950170173768
-0.81534093857847567
-0.52208605065631708
0.85208735978897554
0.037057887121941017
0.068779411974643628
-0.97934455721223557
0.19014108116657127
0.65649207124720044
0.61566624366276979
0.43585919378135851
0.95802864219841855
0.28539560448421764
0.027027202380983342
-0.8013471632476753
-0.39424029838928026
-0.44990811404200631
-0.40842638985429403
0.66197277909680929
0.62847428253305238
0.46330513692102815
0.38329547738140274
0.79901997917545853
0.72993901064854116
-0.54700081668004741
-0.40985259214111386
0.35242157016223824
0.93380935340570936
0.061637069823227704
0.56687950664842923
0.80388117433037498
-0.18006299591879191
-0.36651767302089172
-0.45743625023718948
-0.81019557659388031
0.55432890594559958
0.46183004302661129
-0.69241062628413863
0.67454173296549658
-0.48334679907381328
0.55800476907729335
-0.36700116644289643
0.21707193686098283
-0.90453851109666683
0.99465998796136923
0.0033398592941728169
-0.10315209008344899
-0.40398043094860397
-0.48690572515598624
0.77441760453963293
-0.062068471527169281
0.3397804016954189
-0.93845446531303844
0.39606284227203947
0.83791345465560341
0.37554662490628987
0.11467490827752308
-0.85668413016991163
0.50293336191444249
-0.7753743854542432
0.48597158799928675
-0.40326936164170218
-0.41649799153947409
-0.80117171259462161
-0.42971305540067678
0.9715312732643675
0.0031280058058564941
0.23689069346218627
-0.31409803071516218
0.53014976661438407
-0.78758088604255183
0.39215884057354361
-0.12252098950024058
0.91170173351370576
-0.50298398998061833
-0.85915134554056261
-0.094159817751618344
-0.94016329132009424
0.04161835368549071
0.33817288225207698
-0.98360080583869924
-0.16174240663158884
0.079805066571511554
-0.72594441365167339
-0.68630086527856571
0.0446747199859149
0.041787192557143402
-0.02720407963514964
0.99875611066435854
-0.74961374272199066
0.64956187427604994
0.12707717422619427
0.71000131666278965
0.56132069435626197
-0.42522606743297037
-0.53069373868322611
0.65117152029308012
-0.542530927119937
0.41986185069468135
0.64605240429933319
0.63744201087650931
-0.59325886677946349
0.41693390167574962
0.68862910091063023
0.90383253921553419
0.31821343787169826
-0.28605410154912031
0.56638257876539244
-0.77974059902049575
-0.26686208556147967
-0.48986673328662578
0.79871711045084626
0.34940171878818865
0.17426542904913167
0.5190568182505223
0.83678646001591483
-0.6897544894198564
-0.66397435899329016
-0.28875040246656342
0.43332173139770641
-0.43538322067138874
0.78909678003164008
