0.30174008280675241
-0.54335679901122069
0.7834004795735412
0.71239069858993664
-0.69867756021150806
0.065948157058682039
-0.098851046384385355
-0.97126161352391882
0.21651639366021644
-0.15080992001366841
-0.14345007631164228
0.97809940375794879
-0.9995530273729849
-0.0049822798076267164
0.02947748899447231
0.77938324635109302
0.35824123601621022
0.51402818222818225
0.75701237374373431
-0.17052161421906939
-0.6307571997868906
-0.63226374188018053
0.63322401900131486
-0.44639657532679922
-0.033774009214859124
0.92414169009559166
-0.3805541392874579
-0.86414147665801466
0.49090169863827371
0.11079273709663226
-0.087563333528899265
0.98757228259390017
0.13051302338686477
0.90675056203297044
0.4213586894578088
0.016132980855688765
0.45103441078602557
-0.73121742588131922
0.5117509515129407
-0.60011273876567661
-0.64986940916045921
0.46640588740773237
0.7062181192819853
0.46579699355217274
-0.53318770503038859
0.57350153492587297
0.74410316080374794
-0.34264628338789732
-0.80940965221083461
0.11484271786492456
-0.57590551747776597
0.14239216708120028
-0.78420652088006648
-0.60394089393176664
0.69743739316803977
0.71663880483517617
-0.0031473823058442854
0.22233171099590676
-0.97423245346054865
0.037943865246866042
-0.066625301513440427
-0.9930191987656688
-0.097334167079356507
-0.21907521172312747
-0.75906129689059587
-0.61305138379358826
0.34611169320218971
-0.58163547687960071
-0.73614323868643428
-0.79809937434979994
-0.54962160050230535
0.24688759572676411
-0.053601497004626943
-0.61472985971495653
0.78691427683941073
0.97528032271987031
-0.19965345162496562
-0.094693143202996308
0.24188275327604566
0.31295132560268385
0.91845206814026104
-0.66704982784015809
0.72978314642046616
0.14987023179757869
-0.40256434153042703
0.90316398796930086
0.1491199576299643
0.039316537621697581
-0.048310029853520779
-0.9980582903242643
0.26965958634222137
0.9466848012650223
0.17627136621569439
0.44728894982652234
0.64539610801871838
-0.61919016393784687
-0.57559393006736592
-0.42281157719517148
0.69994428196774039
-0.053601958685432098
-0.91522878116264683
-0.39935336252073961
-0.41347942230886664
0.59822979308665325
-0.68640795594939463
0.27773239041516395
0.60157710537008202
0.7489791089268325
0.91217717026553635
0.26633007158773109
-0.31145000082586705
-0.74009712252576676
-0.095985289793736148
0.66561480855844279
-0.13629209108126791
-0.30922168469563671
-0.94117289358687306
0.57788808157993699
0.61427631026410123
0.53731739206560392
-0.023533510057906899
0.27025282276998763
-0.96250173282400264
0.84622300329627265
-0.35943295502023354
-0.39333774232542085
-0.83156581904405924
-0.55178971949791755
-0.063453873435688091
-0.83941004210017456
0.3728253875119254
-0.39546429882856166
-0.60061667504888228
0.17640367147950331
0.77983418387614734
0.660361684485268
-0.17361477470716197
0.73060273450566871
0.053601322827439742
0.91522850755609386
0.39935407491071589
0.49689151077825011
-0.85955099724497808
-0.11946091265209705
-0.49158684028912192
-0.16080168300429759
0.85585349049796056
-0.34825521187154684
-0.88811467091380469
-0.29995106052816106
0.23661131735524024
-0.92880038821194522
-0.28521031425381094
-0.34876635193455596
-0.66787968564396905
0.65749430207597592
0.70458983456297652
-0.60470482760128819
0.37132901382226219
0.51607551684459629
0.39403604513407164
0.76052722242447224
-0.32722422486485025
0.40215975986738578
0.85509755829671541
-0.76722007265664494
0.4953113466685275
0.40748009764176474
-0.34281793792588677
-0.52158466472700604
-0.78129718990782226
0.23155771331913183
0.50132386675623175
-0.83369982968871648
0.32468864938006792
0.80070623056365076
0.50343501397925938
-0.28304521292357188
-0.41200258879383567
0.86610581008802123
0.93591789802760572
0.23032609445961785
0.2664724720539956
0.39224980280401217
-0.25722775683083648
0.88316135180157751
0.82118703277236971
-0.30829305124397643
0.48021583872378693
-0.94315232638854418
0.22169469025658975
0.24761896845741016
-0.049228221010008226
0.20447922029797888
0.97763225740690463
0.44251624722786098
0.065330955441351479
0.89437756971006988
0.54129876250765496
0.79996498151092221
0.25894338775862052
-0.01460697221395791
-0.59228239427705032
-0.80559803983884259
-0.92125610212789544
-0.062871661062109729
0.38384156696143218
0.52855903195149023
0.35597414604496652
-0.77065410988981331
-0.43260345499971986
-0.2215008085396428
-0.87395173925028025
0.78000990936950176
0.56304938830292905
0.27305663811209357
0.89256747230492473
-0.40931815947655531
0.18916117917247868
0.44288687430682966
0.89274965465333267
-0.082760320704318671
-0.36636650953299682
-0.93032715915366793
0.016338838198420146
-0.24433372538961792
0.95913838494809156
-0.14266951025498575
-0.85456808858742384
-0.22780942733219775
-0.46670788164183902
-0.61782033923344271
-0.76238684178841065
-0.1925209907967613
0.18335651600727809
-0.36932831303874197
-0.91103072682848074
0.68374825149074936
-0.66784691800325213
-0.29405581561482563
-0.51280268154368192
-0.69426904269421208
-0.50499891698702826
0.075021867351000707
-0.35957439822319337
0.93009567871353827
0.0014752854844619565
0.75137400763542517
0.65987493071234271
-0.94735333245463338
-0.2727405919463754
-0.16773262351683965
-0.80125950337279772
-0.34898717764867637
0.48599501858721628
0.43973094208407765
-0.76530926598038662
-0.4700408769228604
-0.64095428709694546
0.37936141624790987
-0.66727993954143905
0.86414144660386405
-0.49090165692559157
-0.11079315632786242
-0.68683991386151955
-0.13695361926978489
-0.7137889316146665
-0.33814671192790563
0.3502790705414075
-0.87347660183487108
0.52161375026414569
-0.31228246279150235
-0.79397654812232787
-0.30560728743230975
0.6653577160882751
0.68110446739840125
0.79809894216768817
0.54962225053736058
-0.24688754570667157
-0.6188429980880823
-0.77520836219006417
0.1268279894500893
-0.25331046199754254
0.86686367140771659
0.42939630300705423
-0.781073436816902
0.60107795484665305
-0.16920277331178099
0.97105659923002619
-0.10071317601713625
0.216577785722261
-0.55171887509603157
0.82193729348041389
-0.14151101882490066
0.16046033262467063
-0.76837389608499174
0.61955955118870554
-0.38806024171659598
-0.85513570837427166
0.34373270001861822
-0.12392012959117175
-0.84670142567192763
0.51743646687031297
-0.62168908825494273
-0.43568128056849398
-0.65091051559099522
0.15053090306623257
0.7524682879119462
-0.64119569782471941
0.6868404530875617
0.13695361899538808
0.71378841279929672
-0.76857468941598195
-0.52063410220978834
-0.37179709305659497
0.28953712538634013
0.87761980185064015
-0.38203630249317655
-0.95171420356053527
0.2870620711498259
-0.10879081784924889
0.63499404446485141
-0.51306302752135746
-0.57753691941276719
-0.16046011495416021
0.76837394263873482
-0.61955954982770156
-0.084140024531113813
0.55104365119073517
-0.8302236751347718
-0.58117128657585793
0.47295307640847545
0.66223509660506596
-0.26394419966087007
0.0346432608847363
-0.96391561038332341
-0.53405879866500428
0.72169567836581139
0.44038227416257791
0.18796196787485764
-0.91869478894702172
0.3473761410836933
0.92804398103288166
-0.044075150743466907
-0.36985368776798899
-0.025897639205315695
0.50855899495111534
0.86063758977742943
0.15835467742813022
-0.038373629916978076
0.9866363365818368
-0.94430542977788046
-0.28837048068375798
0.15852356658311451
0.28855223035500382
0.20713591925013783
-0.93478998781199685
-0.34048074563886327
0.10066226539912221
0.93484756520724843
0.99276502411102963
0.11192992335308363
-0.043466069065414698
-0.95283300981278107
0.0361811668775971
-0.30133067977637451
0.12085228290736399
0.98635579167443155
-0.11178988302339277
-0.38235142098127078
0.82881706105219322
-0.40849684231632472
0.86855696758947587
0.007413597188792931
0.49553388645832935
0.58662819647743913
0.043992157176423401
-0.80866065145065136
0.34048108683656542
-0.10066272981965309
-0.93484739093172131
-0.81083530732647846
0.21063121135027793
0.54605915173897546
-0.54862124561987946
0.11874173845480386
-0.82759599346735779
0.47939304650801262
-0.85045649403746937
0.21657806608533178
0.58685240798031457
-0.47241282699515424
0.65759438268445758
0.78713203028942791
0.16282304734384764
-0.59490488495734051
