0.43435520044645193
0.74708088394915939
-0.50319550145332714
-0.74585696765459542
-0.65446802317128427
0.12397173245285771
-0.62991251476659571
0.69455437270245934
0.34756934142745755
-0.046644821098387294
0.982652952158658
0.17949216216474109
0.042439953977872681
0.9888018170001136
-0.14307276821124956
-0.1239702161223909
-0.70281670247170036
0.70048559459947002
-0.16631361479171655
0.91518702219159243
-0.36711373707203931
-0.096493988042318082
0.4823991845440686
-0.87062043223376429
0.89593457439530366
0.21662963573380203
-0.38777936939056751
-0.18453350529392776
-0.16052178435522058
0.96962886826421979
0.52827340411033141
0.84890395789218187
-0.017008256367758226
-0.30598709651087114
-0.48241201359948388
0.8207621737773606
-0.64050721083576612
0.25111592126942112
0.72573501152445263
0.75400600955829533
0.6534719235364369
0.066703693297784375
-0.57730756901111646
0.019235645488294647
-0.81630016581226039
0.1914184302051799
0.19601735860181851
0.96173602391953206
-0.4961451446540735
0.82939729173110577
-0.25678809922832413
0.6362257289254124
-0.67455622377066538
0.37442051603189141
-0.18721822159345586
0.65154025059026954
0.73514939934965096
0.52602096392528308
-0.81421077009556198
-0.24568835416337498
0.53664909577905417
-0.49592526139689458
0.68269018090781497
0.8566224341816302
0.48240659225157423
-0.1829805591011304
-0.35748738473807773
0.90334572249472855
0.23700058101955448
0.38532707730122179
-0.72875318129400657
0.56607582906565013
-0.82992622734793864
0.35208857934397397
-0.4327309666011433
-0.96053818020689463
-0.064066286753574425
0.27066938368872795
-0.430202293735718
0.090210886214759936
0.898213773259392
0.83648945232426297
0.2784344927132843
0.47197418299918736
-0.28543975460518128
-0.92804396448702198
-0.23928758110304174
0.22012791952090949
0.88661368447562416
0.40676759156544706
0.35873362493052446
-0.263596944239197
-0.89544784177078884
0.31581759290172878
-0.94875309750876935
0.011260904993552463
-0.74769931505829301
-0.49357788457816665
-0.44421459466872731
-0.25341965726809651
-0.95954445219134743
0.12269034835278425
0.055194882735484722
-0.9722795288120416
0.22721365005837699
-0.2791410802895597
0.95820999416411767
-0.062560885374003769
0.25897299430116716
0.96074038813732221
0.099553477209161439
0.48858569913076733
0.24899730744891851
-0.83623223777135491
0.2067652368426198
0.38817379792548556
-0.89809199942852169
0.6177746629961467
0.44343589623806923
0.64939900807403284
0.094017946087773877
-0.85167457566190063
0.51556865981608868
0.12389166950442593
0.86704829161445762
-0.482574464964586
-0.17993953735519455
-0.32230449035542347
-0.92937698400225577
0.28095176051871695
0.059465279383384584
-0.95787785693651439
0.97484771466470144
0.20813935550699786
-0.079686522713318594
-0.91240678840957801
0.3899771171123449
-0.12422439612597805
-0.7604893517689908
0.43944468628206146
0.47806308531870639
0.93063279553206202
-0.27556343791000854
0.24080571331967146
-0.37867952758771872
0.76866674108585553
0.5155126153009183
-0.74362762993412279
0.63584142111013398
-0.2066969646589055
-0.63690672999957609
0.3161648878629873
-0.70312842423260891
-0.88668403321765266
-0.44392687922498819
-0.12930719677743913
0.72009067141979355
0.57912650114631814
0.38220664646786895
0.43424628884294636
0.69293494154006485
0.57556174944048821
-0.017810207312667536
-0.9011171665597032
-0.43320970516239771
-0.69845828960665035
-0.069499396366176469
0.71226810372533844
-0.99145349923942494
0.12932603080866226
0.017167894488742674
0.33127775794812464
0.91063011907394054
-0.24699763829689667
0.9030253195956609
0.39557254659502261
0.16753397431411668
0.12801196798091907
-0.11635710141302828
0.98492332747499212
0.76100701881952737
-0.62123896039920046
-0.18689695393327313
-0.98421156669480558
-0.16842563701803701
-0.054409528386345059
-0.90035378753559692
-0.21432016207895269
-0.37872143509016848
0.23753334423561004
-0.92943019689463546
-0.28237814978614462
0.99612343589414687
-0.087960974421641872
0.00098358590604240509
-0.71201612955830196
-0.56401957181978879
0.41822835132620723
-0.035845403614461605
0.18150779189028374
-0.98273599126257183
0.65226940364450237
-0.21420600819789143
0.72709037342078053
0.96260972187370564
0.086050290091896478
0.2568615793172026
-0.013703598523583486
-0.99589739883489459
-0.089445974651713611
-0.10255816066234191
0.73149267317811684
-0.67409219901159656
0.61594571312874424
-0.61396378775162408
-0.49361862384638772
0.43681835305006445
-0.060284146059377548
0.89752746374276537
0.77544780768715438
-0.41180074037982245
0.47864480335193871
0.6062624673992123
-0.79236134572694561
0.067891961385739372
-0.81237807705233056
0.57013349552996073
0.12243225555198192
-0.51868091716364573
0.53726714338986037
0.66506700625123349
-0.21950703979297875
-0.57970640259054684
-0.78470194741497257
0.32914681578702637
-0.35582677852866623
0.87467118241038033
-0.47274277349780469
-0.2907587130541518
-0.83184953019683605
0.38479354635407192
-0.54980543004478877
-0.7413824355739228
0.70690371154533027
0.10090735634903557
0.70007488744996782
-0.50904618728823825
-0.8077138969935157
0.29743947251643671
-0.39564925054345207
0.53435248819640435
-0.74694651006796753
0.30487496780026141
0.50325131532240019
0.80857242572020949
-0.91897569526823575
0.30306799691920905
0.2522567357864624
-0.28224249120099393
-0.028183177654119592
-0.95892903004235563
0.11808107398311128
0.72339898138751746
0.68025787293826812
0.37199040223252927
-0.87866644709558717
0.29927982791243829
0.49130979882737286
0.51777444565550812
-0.700374403445998
-0.4657242777120445
-0.21638828766124582
0.85806585185091033
-0.70655607749803573
-0.68303734134959759
-0.18503648200466605
-0.80819995403455691
0.056078703316356317
-0.58623204734379386
-0.43736002102107124
-0.6817613105279795
0.58644499100906322
-0.26242399067988076
-0.78237089273067129
-0.56482690740036301
-0.35752002208199785
0.26543053251437942
-0.89539157144772186
-0.90301945351492863
-0.38074572128619533
0.19896874703293055
-0.51403168146475853
-0.75919136396858944
-0.39924917448383757
-0.61203063168951133
-0.41729943269054343
0.67177354022757418
-0.50835296811089337
-0.86076344009389527
-0.025759658587959144
-0.32474082532323878
0.38498579813102524
0.86390354299875349
0.33443886884203172
-0.77637621981070126
-0.53421962554749702
0.056748943419095081
-0.14007638157391228
-0.98851310802941605
-0.11917463445999335
0.15092481206893679
0.9813353695874224
0.17950657332562925
-0.61833773862777541
0.76513778571024682
0.86167224314509583
-0.08943440290377587
0.49952220468217795
-0.9508826566625358
0.085748151504316597
-0.29743810746437793
0.0019864826171163683
0.45190942103056325
0.89206161730602063
0.72936274854552052
0.21781066409856045
-0.64852794514891021
0.1053860847186191
-0.46632659657815989
-0.87831274525166159
-0.087869534225855805
0.87492828995973682
0.47621364153398843
-0.21709088225827575
-0.87614132295812708
0.43040438083912014
-0.0062112181958242961
-0.41691363951482063
0.90892488025965612
0.82476051721071186
-0.37826585976055216
-0.42033918279162319
-0.63678271359218841
0.58429221723518121
-0.50310076580001828
0.197717227659295
0.65442324920802897
-0.72982060040994212
-0.72019344565400911
-0.246117167891233
-0.64865070762792232
0.47485720997026576
0.2441243243200367
0.84552583899875033
-0.37834278467958049
0.75767928296627918
-0.53176953790585391
-0.83258550473514525
-0.25443268775755679
0.49200140721891161
0.92292232723973078
-0.36974460355707967
-0.10725346625082818
-0.51760357819283642
-0.54934622953726009
-0.65597656660521675
-0.85376371165433829
0.11335396502949878
0.50817162777382496
0.72100507217748699
0.49457505214099401
-0.48533205508607158
-0.59189019140668608
0.80485053028936493
0.043377704059628742
0.51550131471763583
0.80566778663338545
0.29181811476611713
0.64531267958394023
0.71394221844692363
-0.27176838353141802
0.63217921915306063
-0.35193442579680467
-0.69028370602970179
0.80687823215829546
-0.087585256730071809
-0.58418861789034471
0.066048603052926563
-0.71983012989419215
-0.69100084379924398
0.94738601724489802
-0.088120068792175738
-0.30772485730748506
0.58096822326260855
-0.056613998987485474
-0.81195491172708156
0.81913239607159494
-0.55575627154904284
0.14197564699593543
