-0.3970000688911075
-0.050940050875747198
-0.9164038719457881
0.2952753090800983
0.43488863657953303
0.85069640038126837
-0.094250215452893554
-0.79731072877624021
0.59616482508227853
-0.51596238222829138
0.41168599799851452
-0.75119735035293733
-0.41787828784224551
-0.79009143501803369
0.44847882989186655
-0.95253186943936063
-0.13040373831620311
0.27509616997609426
0.45843194522793285
-0.19466298171601115
0.86714847352916757
-0.076956369102387373
-0.85219920005358862
-0.51752704343116296
0.64261750411791707
-0.55247956331136028
0.53085692566316511
-0.41417159203021886
-0.059953197316950813
0.90822216802202571
-0.60561451877616135
-0.51160506573482201
0.60950087068189418
0.095815735697847057
-0.98854625071471824
0.1166004073344237
0.96613928480229683
-0.21087037463077557
0.14868950018337809
0.0060759908884903463
0.37439769726506583
-0.92724831982448974
0.64321282083779174
0.74713527216487341
-0.16752955618938262
0.82233147206473733
0.23504093108503635
0.51819562982190526
0.84379811597884391
0.52998450438045419
-0.084386992997488183
0.14647033266712861
-0.89718607922212867
0.41665763031343239
-0.61440726771569276
0.11278299830385045
-0.78088648641894853
-0.39445753473960743
-0.36509699731910245
0.84327186353851902
0.069344690037715234
0.64141925977417147
0.76405016010359372
0.51564755451057487
-0.79318835333484683
-0.32397505407240512
-0.24019929567352907
0.55856231662604394
-0.79392218560970307
0.1472623887279334
0.19656944295696996
0.96936796056076124
0.46508990226568236
-0.13222452607121238
-0.87533311231538657
0.68810348093593521
0.53721344953027839
0.48776562934223627
0.65850742267412055
-0.57088089012887877
-0.49037025151281982
0.18971030996537983
0.81970064704656953
0.54046354874706815
-0.72888086402395635
-0.68462535530578306
0.0045616808438376996
0.58990333707262499
0.35215909095747339
0.72663472774605742
-0.14324147489139244
-0.21173961627266472
-0.96677205936644828
0.40246205825489345
-0.89213083095754087
0.20524831819102085
0.8511133078300126
-0.51854252815320268
0.081974287012081176
-0.11452319455651343
0.81563125487099131
-0.56712440785610951
0.66386972882363249
-0.69937693837415738
0.26485634072460307
-0.79171342698015823
0.28739298523302603
0.53906875403623933
0.33899307690231523
-0.93512402732712596
-0.10308611607679073
0.78492925548138848
0.21411455631819393
-0.58141295192152043
0.41505894476658972
-0.76039278533298338
0.49952866222349279
-0.59868231945577299
0.7483623214598919
-0.2855403932725053
0.13801215590027413
0.99035764315736419
-0.012015967025145768
-0.51686626438123662
-0.84113257099386018
-0.15920195588573816
-0.36592793740308399
-0.38955965686490807
-0.84518638084816522
0.86839566620170205
0.4224757600454257
0.25962126087079634
0.91643973039482163
0.26662812781724593
-0.29840854882281276
-0.12190400614320639
-0.25343471215620955
0.95964069315579592
0.057771759674148798
0.64036165104824605
-0.76589776057311765
-0.31371759822955281
0.89794366628888334
-0.30867206017513021
-0.22019349025725898
-0.9752142772453255
0.021724187101104572
-0.08143615713027369
-0.54521597118676768
0.83433068808160415
0.2316531043298829
-0.87040649728020891
-0.43442993537131641
-0.65190852668213373
-0.20742145526573166
0.72937755157022466
-0.016791002888527706
-0.4758072994188936
-0.87938926309211707
-0.48576374496868624
-0.86041458688616679
0.15401403425501276
0.43724180344110697
0.12040186459703404
0.89124799933863863
-0.67851911702239809
-0.6539961375212805
0.33451585902972025
0.344800938952118
0.90817031378174329
-0.23735836547993791
0.41719203487944329
0.63157609160197836
0.653500150382476
-0.67371839953582324
-0.64838174128817061
-0.35454849554187734
-0.18456352894160546
0.98273223621070083
-0.01317784872186176
-0.5368061237393168
0.43676722080747721
0.72185426530850516
-0.942142038158434
0.18372992383686415
0.28037777198196689
-0.41240517398221105
-0.7672289682995852
-0.49120431866450082
0.19654176427726947
0.8398443495445036
-0.50599684132704625
-0.81891771329212992
-0.043475758785651804
-0.57226186073719831
-0.96807290798908263
-0.25034122827249078
-0.012810708199851261
0.58959920801004706
-0.37143015069689667
-0.71722549945411584
0.50533864252883876
0.77331719522803766
0.38290125611148307
0.87093479189538781
-0.095979500768838558
0.48193414871567447
-0.63110585974129596
0.12337373944881794
0.76582263887574831
0.18158591510883162
-0.68930022397318402
0.7013499530652344
-0.83334208591709891
0.47370003124889443
-0.28486707116501669
-0.1678419147451943
-0.93303691717278969
0.31823136685022696
-0.93497854275019909
0.35408637773422452
-0.02092753448856511
0.71278005332750827
0.68164757815441734
0.16523067141015815
-0.7878647152815238
-0.36512883230632337
-0.49593359054714609
-0.7580414389228437
0.65153608366495319
-0.029561944427247449
-0.78192944315179291
0.2706284385665445
-0.56155729375671104
-0.93665557961671753
0.16333323067256297
-0.30983637767527289
0.51971904673134517
0.72745347494573498
-0.44799950251538978
0.91442157564106319
-0.033474670657092101
-0.40337653430326675
-0.86047925298882288
-0.47191598375628308
-0.19201760193049211
-0.33996850324876565
0.89977049254444319
0.27355891055698456
0.045608418008535982
-0.97832847949446267
-0.20197341017275358
-0.25051233971239056
-0.92746359500135811
-0.27758754943077063
0.72879093243738768
-0.082755087714923126
-0.6797171266448554
0.47513705183408028
0.87828415353537204
0.053495117749881131
-0.35546752117696734
0.26588660705272743
0.89607318539184666
-0.93970776024495162
-0.15331967377961317
-0.30568350130082184
0.40261766352192802
-0.66703041579372779
-0.62687274739470877
0.96405383855755478
0.26551056041251592
0.010214630285805472
-0.55699596621904923
-0.52862499164209065
-0.64055531519698383
-0.99843799734452343
0.053678519259890922
-0.015497807223060144
-0.66989831450505477
0.56614542151347524
0.48032864782627321
-0.6243682538480082
-0.22207348524330719
-0.74889762367007151
-0.8358466061110984
-0.021933317014820982
0.54852473112639655
0.59657236803263436
0.44913758570529438
-0.66511415471838697
-0.12515081799819985
0.8203941339002605
0.55793434902004635
-0.42218524963473003
0.7350599316098686
0.53051532676498259
0.96220581715939613
0.087965608573559895
0.25772469251684438
0.93466084832063301
-0.31277044983852265
-0.1690672775091715
0.78229145172929748
-0.58532929241855403
-0.21309552784622976
0.26086095976336354
0.92814192370020254
0.26552613645632733
0.84311798434155472
-0.3902558369040901
0.36993573258354229
-0.0021611874792222818
0.95718981560626293
-0.28945290837773269
-0.26221691004940001
0.59236958476784296
0.76180087104578587
-0.33973192955446807
-0.63228462483582304
0.69627463635940412
-0.041741107909911201
0.95805521927927884
0.28352755901708404
-0.61794071964816666
0.75065548430908369
0.23380678107659969
-0.8147948820417783
-0.34254857100085023
0.46772831505458395
0.62233110578723527
-0.78236536122965217
-0.02466650193344588
0.3173001037213013
0.391726912111036
-0.86363804368867647
0.1837144372685014
-0.4033020333541229
0.8964354273630355
-0.40193770255465011
0.71653465389190418
-0.57010891331139424
0.10805147885918168
-0.69791981102838963
-0.70797797655749195
0.35112281430680931
0.63702281486624257
-0.68623225121904241
0.99502610424202764
-0.016805673523150912
-0.098186665155543904
0.75641603013365843
0.51726337945040157
-0.40034158619407262
0.82512127847412442
-0.31688590752283363
-0.46771593667808287
-0.65296816964194415
0.55179956374868422
-0.51879650237950836
-0.84090068403960883
0.48479429871199164
0.24054215330803469
-0.30660222459356734
0.25407528472164026
-0.91730083700381149
0.17143215845501192
-0.10785604424384666
0.979274266366438
0.30763080690687705
-0.44755691857756852
-0.83967618239126895
-0.07035423856938873
0.40127983043618193
0.91324957092813941
-0.056700712462512744
0.078274797977309463
-0.99531808242785125
0.55422446926349755
0.16680675829656616
-0.815481908478775
0.68781155971351371
0.034885225559472911
0.72505053572984024
0.1686143831055078
-0.19554571821616851
-0.96609060749873343
-0.13252097038184735
0.059322846501153249
0.9894033516680919
-0.86796956614740184
-0.46274896211380379
0.1802560132269887
-0.23455570250391652
-0.65031920328693493
-0.72254311723186504
0.25584201480904989
0.11013947812733844
-0.96042394744002679
0.68899584375975165
-0.27671845858600097
0.66985940462127991
0.43516046065533542
-0.49978625167703111
0.74889857532035653
-0.48330525968759558
0.8751195708638031
-0.024119756413747657
