0.98412326467006006
-0.040530236646359019
-0.17279670093069868
0.55692657637671661
-0.77770393711363195
-0.29156367181674941
0.34336655448466291
0.75780904050241849
0.55481967105910612
-0.15327562894330068
0.853398977595627
0.49821357529755655
0.24310255720654364
-0.58487263150503543
-0.77383793626056752
0.87333012490818163
-0.32902880419517688
-0.35921377888069911
-0.94435453360809396
0.32730041955754463
0.03269480404123145
-0.39854662143118319
0.71182843786146588
0.57832591641521158
-0.60152965186780183
0.76381730529678116
-0.23397692632600484
-0.31459540717052803
0.30246841419597448
0.8997458464483078
0.12537312083923899
0.90593245388776666
0.40443537130661444
-0.33713428426905029
-0.41466169031190264
-0.84521959096915822
0.91735802528300836
-0.31309231793627706
0.24581996236707196
0.92871505774626939
0.25656601290482822
-0.26769800622616374
0.42528664018312329
0.86625876268906343
0.26215840582778127
-0.35095655513918966
0.53993273086048821
-0.76505041830611942
-0.14958163074317488
-0.97838402047590556
0.14279371212212244
-0.81240867929839145
0.040542667144362027
0.58167725582273277
0.15192921522900457
-0.98188832997383624
0.1131937322517886
0.0058025789270488614
0.5991647629168092
-0.80060471954432011
-0.52355802264463314
0.46112351575663224
0.71641615011157067
-0.99893154218539082
0.038172907808319827
0.026050012218313379
0.014899964165540912
-0.98673506897181995
-0.16165362578378206
-0.61384241471366718
0.39579710706826421
-0.68303890074789098
-0.92555987343794521
0.19324045351969232
0.32557187809305416
-0.73253979355855969
-0.39678070651927305
-0.55312794341567062
0.3670969511114357
0.84872384199672202
-0.38066739880243428
-0.64489435862697897
0.064281976923712195
-0.76156358477403374
-0.11493454729584386
-0.17942117043772196
0.97703535935843056
0.53462351898373917
0.2878146922109398
0.79456931472148207
0.27608183424386695
0.52670935739312297
0.80396273149634601
0.68292337678716442
-0.22244693223090314
0.69579668278792239
-0.96672673389110064
-0.25489689236793334
-0.021610095821521673
-0.9590848086082947
-0.01756241443987603
-0.28257369215097283
-0.14861198613398391
0.36730773220160146
-0.91815004625727115
0.63035173329535177
0.73605367610370376
-0.24674212900469511
-0.50279627420200057
0.68348749158597988
-0.52918877113379081
0.4081115353870286
-0.87933499803990611
0.24538731814460246
-0.56057976340486726
-0.46523045408327229
0.68506273687481756
0.84551481180336496
0.52339939258025536
-0.10563038799389117
-0.66036583651441416
0.74371427130692924
0.10395212657286636
0.84814611610327351
0.48154944485709489
0.22081281189450125
0.33921936961757904
-0.77212299164629372
0.53736049822017029
-0.81832621267125261
0.21019229609350748
-0.53494056522015898
-0.43276086748630294
-0.80297485007536951
-0.4098163268086577
0.61631867589635303
-0.78693048639855778
0.029861334831103939
-0.05173845285470486
-0.53320820143906489
-0.84440046566443761
0.64075875095124801
0.66879449730337515
0.37701743123643816
0.745055564910864
0.099011715308821011
0.65961267834006843
0.50749709553105349
-0.4388260011802616
-0.74153788757937777
-0.061009922228986067
0.12640803276728366
0.9901003982634885
0.21401575658008415
-0.32147136650686459
-0.92241715966891213
0.96671049741456505
0.2532313386650451
0.036670196432438545
-0.41524671664448942
0.909415841145786
-0.023086623596218256
-0.21424692159174916
0.58824013664417607
0.77978958586871383
0.67383510140511804
0.042125933167921951
-0.7376799183040611
-0.71557585271661572
-0.54433382326417135
0.43778063897287417
-0.4960554060734999
-0.74893549258578651
0.43934572041905734
-0.11135675656443347
0.072510238970489291
-0.9911316451470471
0.75044534170644095
0.5134364145312087
-0.4161908664836847
-0.0057956896313734272
-0.75535852630268607
0.6552861258439181
0.98980719215920299
-0.039800307039407699
0.13673937951257278
0.87693164484906461
-0.10532699553049948
0.46893188660490159
0.7868407078663292
-0.59049005746237027
-0.17945247973349601
-0.58958261564230463
-0.24528835238828323
-0.76956218950453881
0.36142865696472337
-0.92689148440860558
-0.10120030659779511
0.54001350527905734
0.54575787299759493
0.64072908329290523
0.9408722504012258
-0.33340597468770128
-0.059998870551678241
0.054308516379911222
0.71767769168725359
0.69425450369664043
-0.50660620115229116
-0.58050400182731632
-0.63746785081015289
0.53061689436170956
-0.53833256802999141
0.65470891059780822
-0.82685809921521169
-0.10051773771960727
-0.55335510132819721
0.094227460399502708
-0.91000510884234453
0.40374730660091451
0.80435019811623631
-0.57628177490452948
0.14463773609696934
0.6811129595068719
-0.54541271846842343
-0.48847733102435215
0.14845119083838637
0.30004087048696093
-0.94230447307443677
-0.82877304508901328
-0.55404186555896207
-0.078567492907875958
0.68225876587898637
0.7273305687417233
0.074251061643076835
0.72564565146912852
-0.25148163738840468
-0.64046496747315607
0.50648375153160152
0.64915866135784772
-0.56750968433900961
-0.88158551588843503
-0.41777742985814298
0.21970206479877794
0.44158906044709068
0.89597820035550435
-0.047139857670206883
0.61785901432196233
-0.69219628064230265
0.37298062615376648
-0.8125283955801812
0.57273647937735672
-0.10849208066180302
0.071647420849653073
-0.78155412840736005
-0.61970944115367843
0.23368978925210654
-0.59574017456593076
0.76842873892603747
-0.21587715446445813
-0.87402863097048156
0.43528267416036009
0.20768995031546841
-0.062170635457318268
0.97621703356620015
-0.58738044429422942
-0.80074745941952796
-0.11742112200913962
0.42740760330386146
0.17890923274745174
-0.8861795681890704
-0.13154032787900521
-0.89948640039111361
-0.41667896233541835
0.18849213665914699
-0.018112651057844847
-0.98190765670165037
0.2276500713513061
-0.89714023228449979
-0.37856947662253326
0.5865594256951765
0.38321447084436444
-0.71350873117546265
-0.12917947744140987
0.98484603455848962
-0.11571927593267406
0.41715488988750449
-0.71743589075042569
-0.55791356006651005
0.0014316419385092449
0.42192395626930068
0.9066300929968194
0.42535141494913786
-0.31547958129937065
0.84826222807805141
-0.37283058361010085
-0.089256796870529037
-0.92359654619176912
-0.64267686867122686
0.63584466090697633
0.42739678247623564
0.16893264527169971
0.96732756319951552
-0.18904800140703262
-0.36083375952603775
-0.33554931731469606
0.87017564527855351
0.1899116875351306
0.76117386865238534
-0.62011925677108259
0.76426658485123244
0.38112596635211421
0.52023031923562579
-0.41633613636586997
0.22362225987474585
-0.8812816272023668
-0.76078293898935379
0.35596712981025352
0.54267552205472769
0.88423009579974576
-0.03699912023019767
-0.46558372263661008
-0.69662167841581379
-0.69863378288540223
0.16318417378032452
-0.94560099489086791
-0.11880412399834063
0.30286026246833342
-0.15250122568533092
0.96851338237528073
0.19678720569301419
0.76336568165685559
-0.4348258902226198
0.47770208421219007
0.50183543196243396
-0.010567570997200199
0.86489856380404306
0.3165076084239184
0.5149312878717841
-0.79666097091578258
-0.79960436547895353
-0.26615290453430224
0.53832656456369932
-0.18974654801336321
0.76159339287675099
-0.61965454201796299
-0.89212521284340385
-0.33317961459289758
-0.3051293971888645
-0.086554168269978374
-0.23902381261601505
-0.96714838207877718
-0.30440104389393224
-0.94211310228890954
-0.14058060667051864
0.13191951248447062
-0.3543911682276632
0.92574518206042633
-0.32416387259292312
0.88051464530651746
-0.34584930693337651
-0.82943279735825948
0.50326607792789324
0.2424138805298246
0.47171175766151324
-0.15091254049238986
-0.8687424375532824
-0.69425392349623294
-0.6273997745199883
-0.35267692388694022
0.25933531326103504
0.23406377412032861
0.93699484787289433
-0.10941436266267497
-0.51898960816674367
0.84774895096251834
-0.0068054057206036259
0.90427640814189891
-0.42689327018701495
-0.92013859768452477
0.28954746429160888
-0.26364223290940292
-0.74646879142814948
0.5185859352451726
-0.4169567977497039
-0.43867581572164288
-0.88437226236282296
0.15952814881460076
-0.31941067090155051
-0.66096712331351626
0.67904291853525478
-0.37315348278527982
-0.0056733091920972336
0.92775227935479998
-0.42922034437151324
0.85508539726400934
0.29085883064375212
0.91796365739967334
0.18148773898187687
0.35271082247736768
-0.23456373247719486
-0.71030355234286169
-0.6636631065047075
-0.61518946067546776
-0.15364102126758858
0.77326345061542856
0.15251591976085294
0.98193027557798973
0.11203494152644707
0.80079143250524931
0.24467408723450376
-0.54668791157492524
-0.60138653008498588
0.16699853806334461
0.78131026469453613
