-0.92537037301103431
0.13187560067747284
-0.35538500066741008
0.03904083602999403
0.80151305713592491
-0.59670145999712687
0.56291506130436186
0.026738206815130016
0.82608214001576008
0.86326937237738421
-0.45393986794843832
-0.22069115750775284
0.34188210538136038
0.70329316135011055
0.62329395570483104
-0.027189787234276671
0.98512026445656786
0.169702033067304
-0.23691730538116365
-0.52811040089923611
-0.81545667872240557
0.26542531437028299
-0.96100069958250633
0.077634128406067177
0.9849359891993722
-0.072599979464336301
0.15694056251215716
-0.29814727367225374
0.47541950553764711
-0.8276983127662767
0.2432277620748374
-0.75024897465003693
0.61478998999059387
0.38506486988585087
-0.6277903871245748
-0.67646454143123358
0.1816073496946882
-0.33816719192106531
0.92339683822563134
-0.31272377346351254
0.18164657374302395
-0.93231344716150155
-0.17372207294011888
0.1739809578800306
0.96930452782834708
0.43149316326759307
-0.80083481072400819
-0.41530381166799807
-0.91735882819836689
-0.39128923576930152
0.07311302413110056
0.52192015775703782
0.74129504292975179
-0.42199645526312912
-0.57990673130637571
-0.77402268648190142
0.25415952430883892
0.12314411763688443
0.22825031203834834
0.96578326830911188
-0.98661222782165836
-0.098522588970981081
0.12996003760863958
0.67213440711600381
-0.42100953607195235
0.60908645470679879
0.43568974718975789
0.8879848425660346
-0.14716440998658492
-0.94353730606831454
0.1283065546036487
0.30540920107797798
-0.54539865209501515
-0.83604393357740991
-0.059756601487633045
0.12524324792508149
0.89317308362072323
0.4319212561852277
0.63492587574810144
0.64305311992785796
0.42819600331688562
-0.7715930475207986
0.10961973898206753
-0.6266000972255511
-0.29914494621359117
-0.18554313710650908
-0.9359946823714026
-0.072258072750887095
-0.92722986888859726
-0.36745549548640893
-0.084079521118155129
0.47407274871357419
0.87646201461084339
0.048151919673828827
-0.60114183876522553
0.7976903423745888
0.53005053233577271
0.21465726568991245
-0.82034668979468328
0.21469101531803594
-0.94506491655723357
-0.24649558096318899
-0.25235302202825199
0.72134065723670593
-0.64496946322327975
-0.23742294964322042
0.96661858134526613
-0.0963268455871885
-0.28415436794796195
0.66122438913493564
0.69428999876796826
-0.022494608309367999
0.31892018601429184
-0.94751459490058387
0.55079767122950363
-0.80618999781364109
0.2160546523299067
-0.68281547928894393
0.65160768524828316
-0.33040951222503295
0.14823759549413396
-0.81640759270591301
-0.55812566493062621
-0.024734674421283444
-0.95698856882317074
0.28906932563496324
-0.41151825030902678
0.818783880771492
-0.40030699001063241
0.2780073506562874
0.95414394568254313
0.11100109863609658
0.53083948525364522
-0.68435207361815931
0.49987166375998027
-0.7045150398236576
-0.18840586905780171
-0.68422349211850719
-0.33031052098693453
-0.82860036057064157
0.45201371902580861
0.76029242969711275
-0.12251761637481078
0.63792229544286649
-0.88507604192637801
0.41520794952671353
-0.21033962693168032
-0.31067258232694561
-0.93594055140795751
0.16582469906644051
-0.52095175493782064
0.8447861591141671
-0.12225225722389801
-0.020675934988391369
-0.097843801195918165
0.99498698297007349
-0.86469792710818938
-0.44175932574033938
-0.23905269916117047
-0.47189217080861279
0.75470896993583025
0.45577642526564843
-0.066393614458097813
0.0060807792366936748
-0.9977749806860583
-0.45590568263996428
0.10532762123371581
0.88377378369231729
-0.17584346219789862
0.8666758229398136
0.46685339747489585
0.55719068874604794
0.48017744416435881
0.67747188760161015
0.8815692463836805
-0.2658535099520225
0.39007380721691565
0.38644922267159626
-0.52749920868315503
0.75657225903092973
0.49718531951400607
-0.86302824909363718
-0.08938120230857674
0.24687830753945439
0.16016165747565694
-0.95571928134840156
0.30550947578833576
-0.40135004206997665
-0.86347096299410342
-0.47618635999903702
-0.631337620334535
-0.61209424086589326
0.72360676466334473
0.21542749238483605
0.65573183974718519
0.2839350937913982
-0.037228197133973295
0.9581205163505393
-0.87878886229726438
-0.17537649434932059
-0.44381665215719729
-0.49457008798866886
-0.36886282156053324
-0.78698198641219397
0.56118887006777141
0.49534972067820793
-0.66309554842125074
-0.59014029269847856
0.79020968408823411
0.16523646724294014
-0.14503020294593608
-0.39738997523092839
0.90611668554299485
0.48164903557407246
-0.086795016148330045
-0.87205552099758921
-0.28248512119965385
-0.94839794264281452
-0.14402603477043199
-0.82610394586243452
-0.014470783061132888
0.5633319332934299
0.89075544382337779
0.44476767711040804
-0.093468993237483894
-0.66947855784051757
0.21692982805308891
0.71045049812962902
-0.76834143405204569
0.39513564929130679
-0.50350696060529643
0.0736177290231744
-0.61255104992831266
-0.78699532476704859
-0.32562454271125713
0.92489700623874094
0.19630126090960073
0.89947740393484976
0.27004349193135985
-0.34353589663402101
-0.90524576000960544
0.40149307753848101
0.13904467869469597
0.90770365939028297
-0.020631708814870045
-0.41910428215525036
0.58811002894935771
-0.3446799230384856
-0.73165725890157718
0.59200549315255935
0.79764427826606599
0.11529571295846826
0.75808974657761552
-0.65093930907091313
0.039723444465063415
0.72808215050318403
-0.055986298549387664
-0.68319976324161424
0.81960643434478364
-0.30190454592944133
-0.48692806237448227
-0.26561251008505693
-0.6445237689016553
0.71696520543686149
-0.77316343796449527
0.63372872008873926
-0.024621282046442147
-0.66218070089022996
-0.68181457689199387
-0.31087875788820812
0.75416545686512371
0.24224457342547251
-0.610370404195133
-0.98517907326504106
0.16560293689872449
-0.044697437187737686
0.22304239201773901
0.51227420788894718
0.82935349959758231
-0.39844375021845646
-0.82725844369802926
-0.39608843108852193
0.23894167392136628
0.89164081887554314
-0.38455627231733763
0.74577536591836424
0.52428778905514672
-0.41102483846720977
-0.38902851342201578
0.40054954448707542
0.82958837874927649
-0.81547383789876915
0.33297276928095376
0.4734253421818741
0.29237412072555136
0.44417015995257619
-0.84689446954013314
0.91997757272698655
-0.38082362185620638
0.09281505651392577
0.67876604787639305
-0.68901990455627915
-0.25402406062323707
0.024749569089229668
0.724868674378359
0.68844234597739395
0.80312667110270797
0.57237551488121796
0.16545035547844381
0.81385452035931205
0.39053097282765648
0.43026315081935429
-0.45917825783204969
-0.41237026800738985
0.7868329489782675
-0.62388086224842776
-0.13110113172197352
0.77044478256483506
0.011624572727171314
0.58553248572680316
-0.81056559109519433
0.41758857189803888
0.28097358767989228
0.86410278766269832
-0.5345482120419619
0.00043893941460148439
-0.84513786824099424
-0.77438145164904304
-0.5429071996488033
0.32493867100025997
0.70418819577787528
0.69366309392193715
-0.15149421460157003
-0.53452672012307512
0.58686249773570009
-0.60817233924758785
-0.54987334934235321
-0.62782743891334492
0.55088293368966568
0.64837889938946625
-0.5563860006788427
-0.51965317383338228
0.97051364851686206
-0.18054322018735644
-0.15971037438710267
-0.71538745360442446
-0.36534331072813175
0.59560478215976842
0.19818066885594673
-0.14013753188614197
-0.97009581725140448
-0.32546163606566447
-0.15827422188249457
0.93221456443082451
-0.97532339381405442
-0.14485559273103332
-0.16661673005306507
-0.17043329003840679
-0.76466332564807438
-0.62148410442706514
-0.11912758887626777
0.92099293145929806
-0.37091864036542549
-0.04702291018312383
-0.82470208281792357
0.56360919129631692
0.90203854329256228
0.067903207853783037
0.42628115226666818
-0.71840021492936279
-0.45882304921966149
-0.52285996279521862
-0.73825553627365825
0.58778193864374384
0.33089447829405594
0.98854396781110054
0.11921398885287851
-0.092568075307156994
0.94755076912447911
0.26604706616159746
0.17710589634005644
0.41261966284421625
0.83753180551351536
0.35816963660756707
-0.8922814961717308
-0.24776481446536261
0.37742062516836861
-0.56792578425480478
0.31357892412241695
-0.76100496839691678
0.49515314931421617
-0.26264163035230148
0.82815622483327289
0.087457379629241244
0.98713651081558307
-0.13383839420443963
0.27652258142818764
-0.88988164500863198
0.36283042848832614
-0.76600584431050012
-0.64279980942002191
0.0065917745517686463
-0.016003365165352779
-0.99959081074645839
-0.02370871937963942
0.31622558808807932
0.68825625934040602
-0.65292013211196087
-0.58804864886213193
0.51877813448603716
0.62053850303636127
0.76396197395770804
-0.55349116024512124
0.3316770083637875
-0.027165776685980976
-0.34395484483707017
-0.9385931415102895
