0.10284486236804374
0.36446968983649858
-0.92551865430956304
0.26632109335482729
0.78307753030024985
0.56201659830751494
0.017848711038883417
-0.73435675696360059
0.67852898023308739
-0.23522431237114191
0.91896100137275127
-0.31651256029660774
0.85187361196294609
-0.17733080231429182
-0.49281348986383622
0.83159399482597329
-0.094143889844387596
0.54734665046417053
-0.094511391724859409
0.091590614340350526
0.99130154655331149
-0.040613477388011514
-0.51162101465253496
-0.8582508274510221
-0.52213790786697389
-0.83322081339874587
-0.18197549639287111
-0.86020572073523416
-0.2787296560385476
0.42703149398962287
-0.71675018737068152
0.59736136615914914
0.35976181999284984
-0.83159399482597329
0.094143889844387596
-0.54734665046417053
0.7395149537198541
0.64861640545696542
-0.18003997277495767
0.49103976501234786
-0.86881756409824429
-0.063529437987528845
