0.93135544567275796
0.33579756808643046
-0.14077296289748764
-0.31144286629996509
-0.93305787158864906
-0.18001763607303045
-0.68094936375903337
-0.58858615290798322
-0.43574568798916186
0.58463464713314239
0.81011675930192861
0.043739749309376928
0.79728154645657767
-0.48645199951217294
0.3573605851943058
0.22847978541769906
0.84611130702068471
0.48155232715379004
-0.23402380211463003
-0.15622010513064061
-0.95959790474801687
0.68693656213450316
0.34268774306103728
-0.64084574615000955
0.33487423235199282
0.83811765200793653
-0.43060196225675373
-0.61407496020185981
-0.4049553623506697
-0.67743863025112616
-0.44231476651822155
0.15833620237215693
0.88277250429444998
0.75088295565920415
0.018148362108884479
-0.66018590098036967
-0.44333592134667577
-0.37000778092606224
0.81642360505920297
0.4259603892660293
0.43607798065064596
-0.79271289983700144
-0.68090248456690294
0.42811534189540151
-0.59421297574556742
-0.58390905741438359
-0.090965178321974774
0.80670660651955584
-0.29637633402871599
-0.11790520928918222
0.94776549327888759
-0.18886199638622128
0.64004191808087896
0.74476673490453404
0.78552316346729523
0.49466759230714097
-0.37182970937969578
-0.037533771669912092
-0.43756055513228792
-0.89840524073301953
-0.92724153544646992
-0.030627457311397949
-0.37320918236494571
-0.54714324198709363
-0.57399990181780958
0.60922769590769388
-0.33893135754511838
-0.42183098338377556
-0.84094242153080845
0.7443036192108351
-0.65437126278602931
-0.13345550895137134
0.54568853383460492
-0.16732742638469922
-0.82111238964036615
-0.59926943066840765
0.15178480232144165
-0.78602641383773064
0.86575939723708306
-0.4111644393595798
-0.28531468574506452
-0.76161517319920802
-0.52201965002394868
0.38397631820414979
-0.74998949931639147
-0.13037415192391358
-0.64847384791159379
0.062341973677725454
-0.65066800061978558
0.75679893716060176
-0.41109721364548651
0.72754440554914801
0.54925241818953696
0.79602520862576009
0.60033243702767858
-0.077102738503397772
0.54640482658528067
-0.77536366027202863
-0.31662747798299429
-0.44073559296257842
0.42177423913661538
-0.79237530772775444
-0.67328459603617719
0.24463959321949244
0.69773872056078623
0.026028667438467479
0.78966534416728207
-0.61298544248011777
0.99338355080912599
0.062726427684109465
0.09620039631853175
0.97829758234241648
0.048988863233722285
-0.20133040421667703
0.19272037017669302
0.16533998305435255
0.96722362922053606
0.3660638401000551
-0.61599248840456211
0.69753173347193076
-0.50790001817454355
0.81142540099065996
-0.28918227844293082
0.82380451855931147
-0.20393299589714625
0.52892102282446274
-0.25167777227818949
0.38494813546449563
0.88796015222728109
0.32898350716202207
-0.10904384415168396
0.9380188122143388
0.52935559943654475
0.15338217103239926
-0.83441989367138414
0.50259773451128609
0.79263644273011935
0.34514198081407749
-0.23726279315744644
-0.92779825652829873
0.2879179781920117
0.06391220123687788
-0.17012369787809156
-0.98334793331421644
0.63003463367103885
-0.13429095231054272
0.76486750519454516
0.92164502685742444
0.058320694029984153
0.38362630399496661
0.60932810294267603
0.36964669474790057
0.70148455722576819
0.042737622883702198
0.43160954484309721
0.90104755501060263
0.68156575683073961
-0.55932778918642412
-0.47182681500691354
-0.0065257905075894202
-0.9650360399864768
-0.26203598147099966
-0.98437383147441704
0.12632848055152268
-0.12267548618171273
-0.4556818996093025
-0.88665657416067134
0.078702769113416435
0.087211459465478258
-0.95533369152831527
0.28236802079694318
-0.81117878019645628
0.54362983138132137
0.21553559564792416
-0.31403529402020941
0.89311839040795227
0.3220580302131108
0.76217563366626906
0.60976324878202037
0.21743294111108666
0.82924993905889943
0.34063811085532431
0.4430690871678224
-0.83842228834914256
-0.33005323474716047
-0.4337198734578841
-0.66556659692785713
0.55661475742074307
0.49719323896782713
-0.48821271455679327
0.47831300482875866
0.7299760371113363
-0.88296723637334984
0.46208515004975048
-0.082741607397418496
0.36187056698993914
0.9206208091401813
-0.14665271400304086
0.94405932374509727
-0.22453632354968991
0.24152729174306284
0.1180334474409116
0.67455940387350988
0.72872334663507832
0.28326861640354895
-0.9106137672012633
-0.30090107667527971
-0.70497668425824367
0.70810931314723924
-0.03986320717651641
-0.88261337125035622
0.32224096928145524
-0.34227824150335506
-0.79655186377670839
-0.012085917972524606
0.604449384895554
0.29606094592204546
0.67571081694821433
-0.675102072400108
-0.18653666669979757
0.9800130062113076
0.069127271269768364
0.084399435229174535
0.99491499250445803
-0.054962651162864862
0.75793955914557376
0.10534798925492773
0.64376193258234593
0.20681734839426757
0.28904344736600684
-0.93470876209541254
-0.51502565940636935
-0.14655996017212489
-0.84455239519367853
0.87673623013198065
-0.4770477840411142
0.061310639496133294
-0.046047590815043449
-0.83773810414149907
0.5441272721060183
-0.80499759543508609
0.15439131302462503
-0.57283696965738995
0.64886512361464532
-0.44633580148274549
0.61624540864115696
0.3077322272689369
0.9372106998674824
0.16412489254833709
0.73618578879980201
-0.29618088172824603
-0.60852885689003433
-0.59222850284541118
0.76002983315225692
0.2676192316258969
-0.56076266566044874
-0.7597884282422358
0.32903917260803572
-0.95859763672308473
-0.23791098844088476
-0.15648940043337678
-0.24170364578176826
-0.61438109376287908
0.75107604091898028
-0.10372837995973549
-0.9940944631221813
0.031884503771439081
-0.93491244757938441
0.055193734374302361
0.35056007623079921
-0.15235136035683769
0.37915838018424236
-0.91270366808372294
0.39894507240248028
-0.8821430699592524
0.25033264535143074
0.025209648903231009
0.95958775599638502
0.28027809786709729
0.49550432760015856
0.13545755813216134
0.85797826969824065
0.97227635704650661
-0.22195177501990829
-0.073594124044561726
-0.71084323050825915
-0.31533448063395103
0.62870189037722668
-0.46639969907332141
0.88450098709588354
0.011372094385949078
-0.9522574798764295
0.27002394081084319
0.14245267076602619
0.25583715110707173
-0.81872093693218295
0.51404608698277809
0.078650660466433639
0.54691474364724924
-0.83348565481924008
0.19287555159311073
-0.60649490341156864
-0.771338417125353
0.65247998946182184
0.577519728514306
0.49065346888477546
0.30596494358219134
-0.0023362292701839399
-0.95203991267779509
-0.72555695562145683
0.59975903895706184
-0.33742584272492371
-0.11618653345640347
0.13527395847247184
0.98397238050799585
-0.8347716715307314
0.31815701723801987
0.4493688560547951
-0.41181978864683372
-0.64149801790060623
-0.64721306747351059
-0.62582439693977843
-0.76576174349945758
-0.14816469345844066
0.6021027127260461
0.75126452506145591
-0.27032191311863996
-0.089869697886962779
0.8386157760891928
0.53725879936584298
-0.34031757227331028
0.13214320313922415
-0.93097912106883784
0.87363811945727543
0.20046182495796999
-0.44336383813486152
0.39579613681432441
-0.72017019637331892
-0.56982480319697537
0.40661719140043562
0.6474507682054077
0.64456959469699548
-0.90964865185885269
-0.3994039867805646
0.11408674557179023
0.028099770578825067
-0.13075843315739596
0.99101596104787337
-0.22775579440553925
0.94812025892299867
-0.22180007379279129
-0.029594213060001876
0.11410753660151103
-0.99302751857342508
0.056271960911186275
0.9355031314995107
-0.34880848236506407
0.16127579716534124
-0.40496026904015597
0.89999849874741922
0.33841594677749887
0.42153778310454876
0.84129694185940762
-0.83394561472348427
-0.52488252313617334
-0.17039087003027578
-0.89191917755177774
-0.24436269745060069
0.38048265769943662
0.55585593704683334
-0.69626541495004846
0.45413505611681604
-0.74147024028188357
-0.66274806575066014
0.10481833866306373
-0.4912518432099458
0.66048296639611737
-0.56783261410684749
0.49843495901722407
-0.8662831924984904
-0.0334069158127729
0.2945392782810945
-0.33932244713587978
-0.89336828375500899
-0.24960734916251384
0.83368127072758313
-0.49261720441140205
0.89830935282386437
-0.13683321650764205
-0.41751284709496383
0.92214983332202849
0.35297419159374693
0.15826845855348448
-0.18644165036233068
-0.85346746837000509
-0.48665469425894259
0.56542540708270916
0.61790190523518018
-0.54634361397575315
0.10939104031285513
-0.82751320842595533
-0.55068638096456757
-0.13945800313178969
-0.3865278065860841
0.91167303354779805
0.44512782191484024
-0.35904275385465617
0.8203350066051156
0.67759907706794498
-0.7149220544159457
0.17247013325892918
0.20915764704402767
-0.97787305871712249
-0.0041664995170033357
0.50259105713342578
-0.4763977769009361
-0.7214203957841443
-0.99147915984076407
-0.086902332174689498
0.097041538858638851
-0.22009326084728126
0.63623850246841041
-0.73943189308168544
-0.11751702787884563
-0.67426477050649414
-0.72907939719371273
-0.46471316633890264
-0.79234232285947226
-0.39526613368327845
-0.33944518104565252
-0.77989230444814384
0.52587542491301864
