0.76621384889045163
-0.027755705831349141
-0.641985948882282
-0.46436352483143217
-0.85645728576917102
-0.22549375702895316
0.2127922030100248
0.97494742054403527
-0.064784299893359112
0.41202181927844583
0.86957332840082091
-0.27217686707800481
-0.60676666451159478
0.31671894269484319
0.72905646295450555
-0.77891796589790596
0.53468430573176551
0.32771862261032519
0.32892652480879525
-0.69678521483524425
0.63741486150246884
-0.84501708890322724
-0.20075459049903582
0.49562456946269279
0.32675004997997065
-0.27975288956553618
-0.90275839825382931
-0.49391075769515669
0.79485573513746177
-0.35250038830061065
0.30553531444821941
-0.94333654634746411
0.12947714837092439
-0.04800451163237527
-0.26869277387153645
0.96202898092113454
0.57664690457654122
0.68471020915302094
-0.4457020046218319
-0.36504807478476514
0.56751178619544351
0.73801780169938558
-0.693017190603332
-0.48945526985936999
0.52930209931111782
-0.014981053046790019
0.76424442192532949
-0.64475269026629733
-0.22629197105714036
-0.3917851832433028
-0.89179387418062372
0.2784534929792713
-0.22275667898213158
0.93426073138952737
-0.7350060031725264
0.62772441838678261
-0.25637517403470217
-0.71958291525180684
-0.66705060600763555
0.19298683142265721
-0.93167848160064903
0.056218242970379036
0.35890767068931856
-0.34051814055136848
0.93308215883049472
-0.1157803127809811
-0.33648243340705614
0.69851046357290392
-0.63155578082037445
-0.078806342557748682
-0.8807908484555268
0.46690153314126503
0.55054505388320651
-0.13175295696422051
0.82434295167479987
0.38972179563805481
-0.53658208643452288
-0.74846281572448492
0.80670168365409578
-0.59034738297231371
-0.026876774497471178
0.61890297173635267
-0.5536818766888183
-0.5571314844830253
-0.50273619894239474
-0.2715340057684586
-0.82068605324099886
0.7476087775676411
-0.60972129928583285
0.26328891526422676
0.090816968631579092
-0.50127934382134121
-0.8605064193058739
-0.52122391073642382
-0.8497743498162581
0.078798409063790514
0.70307969777752499
0.69775367076162242
0.13718146198282585
0.95159340523798819
-0.078435031684768813
0.29718333888725912
0.42999640414509238
-0.44878987284277849
0.78338416020242152
-0.71043101778161244
-0.69188798093920112
-0.12875865332340936
-0.81131988139241884
0.29736153205676896
0.50332511293421722
0.1328541989601725
0.9053693220447866
-0.40330652427008234
-0.29341126829580561
-0.73314002651913346
0.61352712177423008
0.96798131836268075
0.20163530734723911
0.14951712320610969
0.38760811794170219
0.1059209062932937
0.91571868415780322
-0.59188952119070071
0.75780798038694919
0.27457942305733041
0.43246285903100801
0.65003906883734808
0.62484004716711272
-0.43689039611050362
0.44631326115076314
-0.78098095668676704
0.67829933548030197
-0.33648456666266408
0.65321370766757492
0.13971893099386484
-0.49550631316750826
0.85729348179784681
0.84583218064271959
0.44064908373344702
0.30065978645980468
0.81647254426831084
-0.2847128587827007
-0.50230585553008744
-0.0015067782986010849
-0.98080807118788715
0.19496988770539714
0.21568483369890545
-0.87901384386512282
0.42522313531337519
-0.96805178553982818
-0.18634651910859359
0.16778174909465252
0.96113145011191714
0.21991870159201735
-0.16691944253394905
0.30961523320105899
0.7519665132968516
-0.58196629648977927
0.029971431480803567
-0.72102353851112622
0.6922620675783745
0.93504488317456103
-0.30665298426083731
-0.17791855915838009
0.16983694170689848
-0.72658100477133747
-0.66575930841192243
0.67567459484775783
0.71987350861494936
-0.15888981550659767
-0.10024071918043255
0.74511410692298019
0.65936087682130462
-0.29773560161585294
-0.091600097703753144
-0.95024361804282009
0.46090553268624346
0.51803619415988322
-0.72055852744905735
0.60213096890206275
-0.5949489185946758
0.53242283999851947
-0.96870762844279423
-0.19925138335558534
-0.14800140819472896
0.86854028882700429
0.18313040884393159
0.46054426501798756
0.18862959468595156
0.95159782070077736
0.24265296958031424
-0.076514595196299884
-0.83799566860279129
-0.54028582817329862
-0.24476446612450733
-0.96955758388328905
0.0069604351289002412
-0.45463297147700593
-0.5521187962128653
-0.69890893263317544
0.65719553059302049
0.14184969085017488
0.74025178133812564
0.10412506937081521
0.0067471596081104153
0.99454132431274345
0.80773962122853071
-0.077560600859932299
0.58441514139508388
-0.8263479889272054
0.3831740442291004
-0.41270649743501553
-0.23627925811624431
-0.021606742572394051
0.97144493454824676
0.18044706494021059
0.82567741610078504
0.53450506199248915
-0.081346903588025807
0.23318139183219991
0.9690248292896515
0.063558770909983353
0.32957138053825796
-0.94198884694592799
0.82569867005779773
0.4842016692410186
-0.28943125223271149
0.37775653744110627
-0.91085474529186938
-0.16626374048417783
0.43822184552161453
0.8301763682668114
0.34462851257398552
-0.92946849237692064
0.31870672572965625
0.18578036670556958
-0.094936694499271237
0.91101736351297913
0.4012909012367617
-0.35397895733737994
0.91374017215063663
0.19944371526941163
0.99836085334768832
-0.055234872982533531
-0.014990507312266704
0.61268342129956954
-0.74822897334749583
-0.25450428033337014
0.47505862871168303
0.87882041948844447
0.04465388646837045
-0.75375469531409478
0.04128644166092299
0.65585767436764453
-0.17539979606139244
-0.52567561259538209
0.83240618802606914
0.022496274394356777
-0.23001308136188633
-0.97292748961101105
0.9397112433334498
-0.049889156957992419
-0.33831028830161619
0.58991372238230011
-0.80573684931483525
0.052819786077387514
-0.36770184768018299
-0.27798264658205135
0.88742379921422976
-0.70107157859710945
-0.088082604503203127
-0.70762991490417448
-0.14126538901316113
0.54200305241492241
-0.82841824040750534
0.17778504338385714
0.61239008766704806
0.77030569183678321
0.69360613066169652
0.40142062617180818
0.59814046543629107
-0.85528113795330174
-0.42748654691273308
0.29283003136620495
0.16395919736806142
-0.9104408141429654
-0.3797563765641277
0.60615730538789858
-0.29763681669030373
-0.73755382615463694
-0.87731858630806248
-0.18405500005308323
-0.44321084719790244
-0.59771706751809606
0.57552985663853184
0.5581215739560681
0.87798874357219803
0.47868060506972077
0.00080280171842078837
0.075112152486645559
-0.99250655930057841
-0.096378910007066679
-0.62718110316574893
-0.64924429826167163
-0.43026236763921583
-0.66806256949253739
0.29105585580379328
-0.68482033559565836
-0.32347465174165152
-0.8967040711992037
0.30213566220390248
-0.20748787929098034
0.87895033204107664
-0.42941249836516476
-0.8342075746326979
-0.45591015113804734
-0.31023161752908895
-0.70081685324808829
-0.39118935340011896
-0.59651205183956202
0.62837239434549919
0.22587049538405177
-0.74439952534876563
-0.36775071640622259
0.7856507394579122
0.49750610666799433
-0.63715878330513698
-0.24504969447105307
0.73073889461062691
-0.88624160941735641
-0.46313412104646268
-0.0090882154383643138
-0.83826324014393772
0.10475933810567745
-0.53510767262584402
-0.46768079408206475
-0.51674999627528073
0.7171081621319525
-0.095750958938829844
0.50848383167627509
0.8557312351352544
0.51885024625481746
-0.029578538935598635
-0.85435328289633827
0.85976424176821886
0.20566228745203194
-0.46744889784522681
-0.61094975158367737
0.57472368392407003
-0.54445669081809289
0.70317579144609332
0.44165250134131151
-0.5572134908480979
-0.26169350340796815
0.25897612783675494
-0.9297568905282414
-0.51872269050927677
0.018770125075636499
0.85473648146985159
-0.36112240400401258
0.28860415231773245
0.8867346009891155
-0.048720849881066092
0.060287675015728744
-0.996991311410518
0.84181526396970585
-0.35578637339315117
0.40591023374061874
-0.080316754181456354
0.99124794430780938
0.10476989979616037
-0.95911072793736707
0.093293349793227079
-0.26721332758642946
0.45964646580007479
0.39673361827884918
0.7945612390526442
0.2443495981339272
0.017616263415952165
-0.96952717401579214
0.93024583546359896
-0.34597058766725813
0.12225807978126742
0.49425225720667582
-0.79899829000502032
0.34251487385974866
-0.36765484919974611
-0.77880842070267198
-0.50821979074266876
0.79091302638879224
-0.52200569655648943
-0.31932215308540013
-0.59112594899325444
0.8059458561687961
-0.031959182579821187
-0.99664947905662216
0.076575060775542617
0.028741537248131728
-0.53811127352688293
-0.7263871835503467
0.42754873041218505
-0.16117236001443455
-0.64435288321414808
-0.74755122383753214
0.36028748975517472
0.28416871089685469
-0.88850496254840061
0.19255776299011451
0.34202892215406117
0.91974872890500592
-0.17076826361188849
-0.94448969699558427
-0.28067314159386542
0.64748175677522724
0.63492246856749368
0.42147459419450822
0.41541646172479868
-0.7690208453650802
-0.48583546877726658
-0.057481168778224616
0.97967490315322092
-0.19217960185102009
-0.80175837928304794
0.59643222621987391
0.038106440083345232
0.17382405509461726
0.57127744037430117
-0.80213919240356923
-0.5117803263275762
0.097210993715824062
-0.85359880522691789
-0.92173636331469522
0.36718331211138172
-0.12481382876234366
