0.20088703098306604
-0.947299827760131
-0.24953444072599362
-0.58967213770046278
0.075575064446403994
0.80409898622849174
0.30145804646346808
-0.63781529003610593
-0.70874163276795554
-0.99416166237782178
0.029591270251428568
-0.10376389440972525
-0.51202196767627617
-0.85787304861923952
-0.043443492834330653
-0.023609290491401546
-0.83522641393841024
0.54939916168672465
-0.81294651918770888
0.44906796903148549
0.37075047691206642
0.16433237475353143
-0.42893326572548807
-0.88826298142044213
0.049681153868196937
-0.99858944972063257
0.018732161033072542
-0.15799856301091986
0.80003925603074766
0.57876907562192048
-0.6004432368347874
0.36248551774593918
-0.71279181305891959
0.74921354038436516
-0.10664297372758753
0.65368673465144
0.39972744772371055
-0.58479780125061065
0.70585373781594396
0.10959202829019904
-0.84195230293031642
-0.52830474815732742
0.95041747980865088
-0.28325342206156934
-0.12835152108402645
-0.39541427257651424
-0.11828122486317265
0.91085515033272635
-0.11010874941503281
-0.12490759191812466
0.98603963246082194
0.18614676490392681
0.98070699783884474
-0.059692263365719492
-0.81340864672294433
-0.19634076406614581
-0.54755518242663936
-0.30591193083484863
-0.1122545954615589
-0.9454188470570366
0.89239739849665456
-0.132513553035841
-0.43135489033766705
-0.67074350138803296
-0.7019860927118764
-0.23941320135872821
0.60756845119399761
-0.61736745861239062
0.49971791859028331
0.29339059022384073
-0.16530246219029901
-0.94159283002895222
-0.60072316384223234
0.56344556021525294
0.56715146221895463
-0.419184642722157
0.63362841878106191
-0.65023016095757113
0.48470794908663345
-0.12544060547218983
0.86563436772750657
0.17916792041098878
0.63784093652403195
-0.7490379135863201
-0.47353749003076545
0.36245310297160432
0.80273905703012749
-0.0068987750112702393
-0.14363255271115002
-0.98960704155994283
0.46108212812291888
0.8588473941756738
-0.22312423589403063
0.49313525880020675
0.54197502800741892
-0.68050032001786032
-0.33238881803928255
-0.78958675752783836
0.51582014886888938
0.9820298027552179
0.0079470870721527267
-0.18855850632526602
0.59696638286598835
0.26106982381880084
-0.75859981862581449
-0.3237277983057279
0.41022033305976058
-0.85259579576049105
-0.91921767050044723
0.04643672720740618
-0.39100192404385425
-0.82981862231607806
0.32586975640938742
-0.45300105509273692
0.017394664203947575
0.82487197306624471
-0.5650519035513748
-0.70626479519886598
-0.69926653163158425
0.11052762913696486
0.020458811451444719
0.16294795741360873
0.98642252620706461
-0.15617509530692675
0.42325027343540095
0.89245086455374711
-0.33265941698371487
0.60959059557382222
0.71953944859195007
0.6388854646884119
-0.76822418562653161
0.040705818113929239
-0.32080983768517185
-0.61343884622483524
-0.72164661018171261
-0.62084037301417228
-0.66888597233229441
0.40883833877549292
-0.93623933533450443
-0.24199490418119604
-0.25474374049765963
-0.13870786340066171
0.64778956965042722
-0.74908531028377368
0.39525455908694629
0.11093479652204967
-0.91184829025534453
-0.9623293801712367
-0.26645891820404294
0.054053759987394291
0.29026852728193858
-0.79600347538107474
0.53115219029090432
0.62739990824661451
0.66765247822058238
-0.40076118007867789
0.76539661249497648
-0.59369578134727707
0.24838145017625804
-0.1445976294071469
0.93671245287426497
0.31884370183541588
-0.7794919297037598
-0.06728260880553058
0.622788392697737
0.77949140956134688
0.06728280506355136
-0.62278902251311774
-0.30556652137771234
-0.39658310993189483
0.86565058651275151
-0.72193366131635706
0.28548648552990269
0.63032472205851486
-0.48462037478465031
0.12948178475828281
-0.86508818033735435
-0.53672955290215896
0.77473007110322467
-0.33423749635527245
-0.11223953117475237
0.99318965042021856
0.031250695029644462
-0.42540332189449243
0.78766642378520613
0.44566087842950169
0.44201495628823889
0.41995532954619524
0.79262872746529489
0.11036248416868026
0.13663909424974893
-0.98445410254146748
-0.94783601872611412
0.28839460517011978
0.13577714577277031
-0.74930074362344812
0.10260167187440587
-0.65423336244334451
-0.98187083084016313
-0.0006003370881107606
0.18955028657490458
0.3454052169018072
-0.93597764399974748
0.068125517023340007
0.19521558727704086
0.91746001878083239
-0.34663812315259651
-0.40945728324308528
0.89835265986016033
0.15908246830297532
0.9939075682719547
-0.041322616871035639
0.10217723360249691
0.29945052895738761
0.39113728867211267
-0.87025341258587952
-0.092008812342082733
-0.95477344165781031
-0.28274025811033621
-0.8901222214486616
0.14604109163635035
0.43168788544151088
-0.66063955925111284
0.56227697110421671
-0.49739318503409685
0.30902961119814271
0.66475649635996847
0.68014667532080453
-0.84328685746441512
-0.4761161335541379
0.24936058910190581
-0.59538240583772273
-0.274263836598651
0.75518152702053942
0.91809800883484205
-0.09812423345160258
0.38401520931212318
0.82368836872846274
-0.42831178433087991
-0.37159990127116821
0.12909257601326588
0.84673108710426304
0.51612166487127042
0.60086004194498466
-0.36244932055491291
0.71245891111217996
0.47480527232087777
-0.85962636172711826
-0.18868617225460607
-0.62611090793015256
0.77914533102711636
-0.030293301396925043
-0.27655420278942361
0.83392126440727132
-0.477590931330238
0.15887029873785449
-0.93850257425431383
0.30655039764608238
-0.52413008302324071
-0.68332370094445583
-0.50828768999221574
-0.78851905528169697
-0.47339105674824061
-0.39260489916510738
-0.00783657142597592
0.4195624780997097
-0.90769263251340548
0.39990180400447017
0.83340522395440708
0.38146334009898603
0.85280480790543645
0.51672826515899328
0.075603304154968118
0.56727118356242412
0.63471207136227947
0.52473230390999492
-0.19688644911944808
-0.81588205858135587
-0.54366551540279229
-0.61162834196260785
-0.13451165810525043
-0.77962643948358212
0.83343264264797534
0.49634069532131231
-0.2429731350103719
0.11010140947229861
-0.63988140088526013
0.76054550977132873
-0.0087852281542496781
-0.65973027335158119
-0.75145112029308048
0.83271824815069662
-0.55049867396552987
-0.059426670435319018
-0.8296015073016807
0.55406112703741428
0.069120232846900748
0.18667179283271931
-0.10966764480886837
0.97628205424595105
-0.89969266858435737
-0.204130974175913
0.38585443819859089
0.84031212688910462
0.158382022739363
0.51845025246025056
0.15456750087882207
0.96017305106735718
0.23275867261195127
0.362422559495096
0.76393867135894766
-0.53389848732820877
-0.38451265034662496
-0.86877834801849596
-0.31204839967169717
0.58750764232262775
-0.089123489876179254
-0.80429582478388995
0.3359783692999746
0.15513020875332564
0.92900654125505455
0.65850562225796949
0.71581125892053021
0.23234583503314613
-0.85571115662127428
-0.51059248401687563
-0.083986497125179221
0.80115846803638247
-0.36900988830992926
0.471144151426175
0.68109065211179443
0.38151081771464623
0.62495201381596721
0.44821182031095524
0.89009950142802741
0.082638016016340382
0.46733579697496347
-0.3840634866410344
-0.79629924720227363
-0.14834643724941768
-0.94649997702413202
0.28658528930969596
0.61121201724901852
0.13447529775832534
0.77995914268838173
0.72231462132878699
-0.28555832751322913
-0.6298555623335389
-0.3618854995614485
0.92097922364907114
-0.14434734086194684
-0.73741876314931476
-0.4114518543090353
0.53565001572014459
0.80459713781086506
0.46783931219195801
0.36571823005466858
-0.13284806429601997
-0.40985680411601844
-0.90242384273278398
-0.44163233624418941
-0.86250547397074506
0.24707324208420364
0.16183073938778139
0.41929718396633703
0.89330883982366571
0.014463824365444602
0.64533817866157139
0.76376006241914185
-0.0049079678000821083
-0.40122530025631498
0.91596624953450301
0.59416318709424276
-0.56221194093068505
-0.57522851161687349
-0.18753546241421395
-0.64185609722397152
0.74353964305442299
-0.089984716945734983
0.95802467894790155
-0.27219747471820227
0.40595361704086552
-0.78400840323491405
-0.46960886327717294
0.94427590114701143
0.22454328173115179
0.24067267635193682
-0.2875391133329967
0.15857526190641844
0.94455023403468863
-0.42017801899327473
-0.35899016895441244
-0.83341255747017018
-0.18555205154137869
0.16135511985400622
-0.96929611650191028
0.6765014390867109
-0.67426270245814213
-0.29616821400591309
0.96001159971820227
0.27349117604668777
-0.059835650168588154
0.49165524253707144
-0.81535428485763495
0.30573274710130155
0.73703684030969607
0.41152400137466494
-0.53612003536417496
0.92361709441354756
-0.34051550198333913
0.17601322625334323
0.68610580563209789
0.72305765907573605
-0.080289757315902918
0.89799614295131547
0.21734657492824375
-0.38257469023907215
-0.24243582024180416
-0.97011979295866613
-0.0096156317274625411
-0.78185009284863716
0.58189878922457217
-0.22383974493274006
-0.65517497523085444
0.70434439280158767
0.27321187412009046
0.29541870016711858
-0.37199729090974454
0.8799692080677487
-0.630398142397258
-0.43621647982391187
-0.64211631718258111
-0.48782233526130114
-0.5613449898042655
0.66852163139412302
-0.93246915360391713
0.3203146053230429
-0.16703242557640546
