0.82914944348387987
-0.55130959020490178
0.092568548214151614
0.70179130264758027
-0.56631578901132096
-0.43217518976070057
-0.32769985739923713
-0.93225393049343441
-0.15334735909060238
0.63682680857755725
0.59711021748264703
-0.48776121622649465
0.098294687139753784
0.14234751932055034
0.98492402662509115
0.37578825899576801
0.67727596875422968
-0.63251912741746319
0.43654765644580584
0.17144653345644228
-0.88319433298535355
-0.13615765658145135
0.32185604852788186
0.93694705110815379
0.44572075943155581
-0.6306910401005229
-0.63526515452106891
0.49315378087869599
-0.86746475967441794
-0.065606700328941697
0.66210470626319684
0.71581015856032437
-0.22188549940446523
-0.88284033387698879
0.46903640082708437
0.024449940268664403
-0.87219725950953997
0.38742172984520662
0.29862408433981968
0.37694145970756754
-0.88847338397834208
0.26178269980195706
-0.75432223897989914
-0.6545044322918786
-0.051204569040637402
0.53553168395314876
0.4211321573561162
0.73202016469690789
-0.68485201752774139
-0.67613159746189655
0.27170531279643062
-0.38004881498802001
0.33467669731586436
-0.86229600863041644
-0.68787856900755928
0.54273455244909352
0.4819359707243222
0.92432198370881469
0.37686537815594523
0.060011308767416151
-0.43679731697419982
0.15543063710042679
0.88603014674146152
0.15633425627852832
0.86247516370462984
-0.48134830664136674
0.75884349768612258
0.32844185882434046
0.5623899815888469
0.33475941016690369
0.81921954066662883
0.46563449345453861
-0.99362164456311897
-0.082653565120199224
-0.076709944782955578
-0.24517488520026498
0.9395871163723104
0.23888349966919753
0.075101852010816608
-0.34935269215081788
-0.93397666368679755
0.51364312909227483
0.85786954828950279
-0.015184665088870144
-0.26313633558430916
0.59253023296138663
-0.76135878002554525
-0.60457817803485614
-0.57834385305981872
0.54772585685904618
-0.33518090553912966
-0.83419895253391663
-0.43791079931109883
0.70891163611936625
-0.56751361118307397
0.41877511064592876
-0.05903490039851992
-0.088849660315006851
-0.99429403015247186
0.094114393573971611
0.66846891321838053
-0.73776133876941585
-0.5991712179582811
-0.14598901476788029
-0.78719823369815412
0.10394955427008547
0.4880524549861131
0.86660215286432241
-0.25397428051854942
-0.9539062810570742
0.15987455017903021
0.76384443376342104
0.64313697280563931
0.054004770335933858
0.84926934615900418
-0.29225936888267762
-0.43968857043930137
-0.26579163090889457
0.96198038387321638
-0.062837488666632607
0.18712741065529154
-0.84667683284844297
0.49811813147001138
0.42498437224529872
0.82954625411221949
-0.36227240529145227
-0.82728645416053059
0.20677389023092113
0.52234249404128263
-0.90744832323874836
-0.20671867138336833
-0.36579356412145797
0.22995205434885749
-0.97297436254167169
0.021046200069554964
0.94016372599947762
-0.067575124845411685
0.33395474366582389
-0.44255339948508821
0.64729401786012553
0.62061013772471296
-0.61950619724620726
0.16519350900454058
-0.76741330204545599
-0.62869780260846286
0.34402547065668931
0.69741347028483303
-0.97862633187058967
0.20244246784518521
-0.036160057829956252
-0.87510840624918296
0.39999543573358182
-0.2723764466768685
-0.33814209701943826
-0.65677961858337608
-0.67401814132616023
0.076605069201993073
0.76980092806320921
0.63367041474695618
-0.18901594035916747
-0.27629767273080452
0.9423017405978199
0.29436322284163469
-0.6228535985710657
0.72484735481710905
-0.92370786880791389
-0.36834684530253631
-0.10528235682207575
0.9959816301275235
0.068127145086223667
0.058131614040222171
-0.063612404881506213
-0.77266755786562558
-0.63161563230113416
-0.0016255122897940824
0.96776767128053742
-0.25183941735566628
0.3657745410874248
-0.020776709916683359
0.93047155433001905
-0.37520092248599524
0.43950717188271848
0.81612358967825005
-0.80551636899388079
-0.019742068635332507
-0.59224456942120807
-0.68069475021305015
0.032108360930524694
0.73186317723379724
-0.69171269676197389
0.5900353294747589
-0.41640347634222563
0.0020350111200313024
-0.72399325182310781
0.6898040519193428
0.49365643701395401
-0.78696875541135847
-0.37011282090868675
-0.12083589763249955
0.7980092334801876
-0.59040659644325755
0.79105848617624508
0.51951949178446033
0.32299530817732203
-0.28238509956956087
-0.27505364527645515
-0.91902347508712912
-0.57016859491752769
0.47022729330280022
-0.67364238732646164
0.5216350448460555
-0.12077547324103292
-0.84457691482295338
0.47416217173510217
-0.725333801533944
0.49906022807650025
-0.48979493965331194
-0.42009628603760429
-0.76395027819055084
-0.78742636161493906
0.29309285099195698
-0.54226958768795597
-0.73041212525926325
0.67282462254818698
-0.11749533849109103
-0.79139889752436254
-0.51531418379394722
-0.32884506530888014
-0.38621906737589373
0.0090554650179883976
-0.92236263505662608
0.95530671356777241
0.20752212669672512
-0.21053182643868865
-0.48855203250717871
0.79363108620817946
0.36258324635472317
-0.5794065512137857
-0.77218374813048141
-0.2608070312198425
0.96934752174876049
-0.2412020817481767
0.046764707204071554
-0.86724042735381968
-0.47092785169876178
0.16161992345485485
0.097459363401711463
-0.16638430534838541
0.98123286503208218
0.090734738188913269
-0.4588381809470311
0.88387483898514096
-0.049063257090391131
-0.99618670493091588
-0.072144616726173172
-0.73803888741273693
-0.33780605348588444
-0.58411100905124314
-0.33863807601813573
-0.70623690645945525
0.62173441711498822
-0.936761933779239
0.10048411747985435
-0.33523129561017362
0.56103586728693444
-0.47208192774050406
0.67998338885476206
-0.44107070161809125
-0.82139460461778435
0.36161794711949585
-0.21046292198833585
0.8255805885384947
0.52356666270549002
-0.45853549155521328
-0.14519845415846863
0.87673405996015119
0.96971501730773624
-0.10936689572829211
-0.21838421949997625
0.04421743054196621
0.92854411876439957
0.36857921583332831
0.77634796712670373
-0.27459493584803635
0.56734597482034477
0.60195603766893457
-0.16744499629418449
0.78077596141912342
-0.13788651902062307
-0.52591049253054711
-0.83928866411899827
-0.14458258201177226
-0.87564162724659689
0.46081191131712418
-0.59084145379738429
-0.61450613996347636
-0.52277010283850556
0.2629682458923856
0.95489122724218767
-0.13795088179562456
-0.68510395584606709
-0.26589838902634921
0.67818184611301879
0.58219149426932415
0.62482447424404119
0.52023786904271885
0.32036073428293338
0.62235094886125109
0.71417665628414406
-0.86838708270439902
-0.089221604683579189
0.48779440325800183
-0.035851784161637722
0.4492924911543878
-0.89266505866686174
-0.43939843067621798
0.71537233552166934
-0.5432968255839058
0.55097434374864818
0.42602374377041613
-0.71758695798807903
-0.95993207552672677
-0.19095021050783326
0.20510589333796472
-0.15047215673716516
0.18802225400957309
-0.97056981307066492
0.80765164441851967
0.028872111035745229
0.58895264875234299
0.36018594334855486
-0.33137108770961071
0.87204316891095535
0.80108606257988901
0.34376392359002017
-0.48998722960730812
0.27933240250079677
0.44702630440197999
-0.84978873379554831
-0.81146010408403146
-0.38863448675572965
0.43645817117341673
-0.45863624787134877
-0.43315797748923285
0.77590396227621361
0.59972440250912606
0.13266975268814674
0.78913204076170784
-0.26037925574834081
0.89573614831157189
-0.3603600918302271
0.88308663954878142
-0.35572752026458992
0.30596718513076909
0.70977648066553989
-0.68800481947147052
-0.15121744568028539
-0.53245555222638041
-0.8446611529664777
0.055123693387151791
-0.054108308409899948
-0.92842608225642032
-0.3675558471130797
0.88336251082699835
-0.43123023934001409
-0.18360597796415953
0.57410788908362653
0.77470469202848369
0.26501466344524194
0.74537020786489494
-0.12317983643723315
-0.65517171880564251
0.68673133494130667
0.1608702583166009
-0.70888703867321567
0.62453717706793632
-0.39502727463855025
-0.67372603241351192
0.14849331098293389
0.18873367804055163
-0.97073649120995287
0.91712184296791788
0.2286226246123518
0.32652598773526342
0.6310206687141996
-0.75328734032551703
0.18539444047973275
0.21929328188667443
-0.81293392181879964
-0.53948947651986445
0.25123492837945072
-0.097821152076767989
-0.96297042164780222
-0.71773143512299475
0.66597532137444926
0.20331861291206349
-0.96439697944262348
0.10214981201125195
0.24393417544085547
0.88583289213771121
0.053017179787874874
-0.46096557990188197
0.23571167621838321
-0.93356305528438721
-0.27000005093036572
0.33166655206245349
0.29457145021189546
0.89622818465113252
0.84581001249534016
0.48398914463826836
-0.22441018389313289
0.36791511845552505
-0.38916900613536437
-0.8445033749343277
-0.18348051049524902
0.016930386325532443
0.98287754287463036
0.29571762348921216
0.93697757141105031
0.18607557021420781
0.016788891555876064
0.9977475682837631
0.064945539524760759
-0.18796799123229399
-0.54222586498124825
0.8189378154765069
-0.51837228376413036
0.81797172888421388
-0.24942418922656681
-0.14578433587932915
0.62602198772989914
0.76605704636856453
0.042863284208147473
-0.96713456646376728
0.25062615429725743
-0.51750249702018547
0.8534958414486471
0.061122943382486312
0.16297631702660861
-0.61043191980344746
-0.77512037218326291
