0.31269626999167754
0.87321966181549049
-0.37377595555644327
0.94041993315017902
0.21922383537171466
-0.25990625105743043
-0.62271264525140924
-0.28456704831395296
0.72886936858251694
-0.41109186161339917
0.78056894172660918
0.47086686921786214
0.016970551285626412
-0.7738502763118259
-0.63314117718023399
-0.66263760097967905
-0.74667027854723722
-0.058265812463970154
0.73051093312415916
-0.6454544612276274
-0.22302985241313217
0.52640647967803778
0.70560922346392585
0.47435413133608439
-0.59485678195279956
-0.11506015779992509
-0.79555425273944458
0.77563313282323976
-0.22818853160697794
0.58849234260936467
-0.98496548940970663
0.16508911756394692
0.050877971007639675
-0.49688758582090869
0.71587609965031163
-0.49053454211352537
0.10129913142391059
-0.87394984122881225
0.47534215149605141
0.30979298229159963
0.093378423600808294
-0.94620757665995492
0.059422559086475729
0.11477521497409333
0.99161263076831818
