-0.57722216796296288
-0.27923595037531351
-0.7673603148652739
0.94752690764491043
0.22689310081479325
-0.22519387223350787
-0.74127463167679153
-0.43143495421359718
-0.51417487367154424
-0.7721656510494721
0.61469457229049485
0.16096828922477402
-0.70047138273364251
0.55748470264142336
0.44559022463696701
-0.28782901097639807
0.90897167384623867
0.30153765367780483
-0.33546513727084898
0.61938190478258626
0.70980926853891224
-0.51144891650080693
-0.53868173510866657
-0.66950877071959791
0.83651060402455979
-0.22450932287983999
-0.49984554943952625
-0.3403213324716966
0.17733525680955112
-0.92343575702751501
-0.65922578712165192
0.65770935940518538
-0.36447189211880149
-0.79393869878119339
-0.14405860521181535
-0.59068473896153084
-0.10416325273434089
0.36523244394573257
-0.92507041822189362
-0.60127069092845731
0.0023719870556283659
-0.79904188244911389
0.27722146553485205
0.26820894295531067
0.92261163116747225
-0.039916764728681053
-0.47415263140864655
0.87953734089113655
-0.91845826920729756
-0.3936751459961299
-0.038135117013865495
-0.89993040700502425
0.045330999757672304
0.43367080027221244
-0.057070766285507911
-0.57747054727376512
-0.81441432616753695
0.77032345856783591
0.26724834635447714
0.57894739877719892
0.37750851687029463
0.63209069049909572
-0.67671905446408631
0.11629868471648407
0.75692022241119761
-0.64307572869623897
-0.55739713536461466
0.80285150445914666
0.21151334538275848
-0.48109879728587346
-0.60056440245011944
0.63864414642257317
-0.71281921169127005
-0.037986210205820742
0.70031836994186836
-0.16247063096672185
-0.192129706591226
0.96782719011115037
0.088896943013947419
-0.71358948322494875
0.69490098787778776
-0.96461832318360452
0.21055976168879995
-0.15866971146380396
-0.56683479723817809
0.44960353136419534
0.69032961491217992
-0.380444854293919
0.92472256024004296
-0.012243342042867558
0.40903087195672044
0.67719432392701029
0.61163844992557848
-0.90580335251197741
-0.28005245741532364
-0.31794796378291312
-0.84674736385507865
0.36513691934144121
-0.38690300068404326
-0.30545477920243169
0.37570438531131167
0.87495348031780695
-0.71104431996164397
-0.48338687911852302
0.5106398928269682
0.47888127743355113
-0.68359516117415942
-0.55079068414678667
-0.92738139317962587
0.021201336755572016
-0.3735160704762156
-0.52833219803279208
0.17335997157112651
0.83115065347907713
0.65166740040043392
0.52398551403577642
0.54842390569340016
0.13987095379858913
0.51530755359729385
-0.84551418763320885
0.86796054559704727
-0.4125673378690069
0.2764646143913479
0.51924195902548542
-0.85460589675070742
0.0060455956112923266
0.62786525757892064
0.76055026731837061
-0.16537384680568562
0.86950761957915945
-0.49391952708379055
1.6096841136215458e-05
-0.34920823801979439
-0.12450133945702449
-0.92873732722041358
0.058461039061790017
0.046393912847417701
0.99721106680708382
-0.2581850931169884
-0.94395632119997208
0.205637840289153
-0.30285766380145313
-0.42262626849448054
-0.85420388236951783
-0.1016811691851701
0.99065738976895612
0.090878357870812138
0.19077206794426976
-0.092077957036459476
-0.97730633269219069
0.67189604479562992
-0.59063410726617749
0.44688595449160673
-0.45032680581069573
-0.11008531703208922
0.88605134780230443
0.56982086328114367
-0.44723428833990642
0.68940965695486867
-0.85062037716488603
-0.46434339410761399
0.24663776333012777
-0.7803082763692214
-0.57302133017909318
-0.25053053504408851
0.50992067052274437
0.85426890721410875
0.10102249225220838
-0.75188994909537132
0.24439098598865669
0.61231899400300516
-0.60629172314391033
-0.313804870062383
0.73070982610905044
-0.83896834437491119
-0.2283537918063821
0.49395006114431034
-0.2396642417502052
0.10112423176946318
0.96557492768574682
0.97576663572809541
-0.21822832064296879
0.015996020418345875
0.39590603587837014
0.80616113473219719
-0.43973018500254307
-0.16980851332032054
0.83929708182107121
-0.51647408187688992
-0.56518444766457043
-0.69983538140028256
-0.43680313535781246
0.71660152721773174
-0.55369420149643289
-0.42415207463649385
0.16602141624375269
0.21690577783301362
-0.96197129525317637
-0.47397456127661897
0.73555364193985773
0.48405470258189637
0.22075251359407458
0.54132318250558231
0.81131839608376066
0.19012125829844581
-0.68960889441705775
-0.69877999390645051
-0.64220112459053036
-0.69427364876478592
0.32490277962105629
-0.13188697542417926
0.64414254250914249
-0.75344954087405192
0.48584958196121625
-0.81024573888984686
0.32779875887342441
0.93011753206266368
0.18585124775517856
0.31676598658552807
0.41409254789271832
-0.27360850750033311
0.86813924367186446
0.64496193315243955
-0.3914390799374306
-0.65635322158271292
0.59529579401055521
0.1398516548744714
0.79124233472572381
0.96572255587366562
-0.07060304725945328
-0.24979022157505279
0.032389042860386942
0.93199494967931762
0.36102127870090173
-0.041838754438396714
-0.82240991880365832
-0.56735477796560752
-0.29733781145565391
-0.94904335421657093
-0.10443628534241352
-0.17392640018474761
0.95609481020271891
-0.23586504875076736
0.86101249486459774
0.072803010014292749
-0.50334600963939302
0.25958060817981432
-0.51380863124467213
0.81769101640868869
-0.012343992321458646
-0.99985514503010653
-0.011718140227533817
0.44492018735064809
0.071150226315065651
-0.89273942009030782
0.60914861219799488
0.71789782855335749
0.33698764964851635
0.89027307200028627
-0.37361738259420452
-0.26043023767341056
-0.5641185459184388
-0.80765494922137082
-0.17165007762623186
0.71652003540341458
-0.67857225431993795
-0.16167478013792691
0.28017767050811426
-0.94872343065117948
0.14637050618927014
-0.82847949329745973
0.53964018369630773
-0.1497003718291964
0.37326222542613297
0.91234088081654596
-0.16825405867562204
0.40123597655650267
-0.50099248436845001
-0.76682215781958063
-0.3413900846229464
-0.40684884762404544
0.84730562685970867
0.79014052272811175
-0.30383588155644103
0.53231730332741101
-0.015260736306816569
0.33782894578882677
0.94108379717992363
-0.2120166692192311
-0.66285544337196045
0.71810277340039919
0.71020005385583629
-0.68426192141096165
0.16553400378818334
-0.63290377627279104
0.76984078189163352
-0.082328491520974739
0.12695643301127593
0.7783073497788604
0.61491441144053527
0.60764641210879056
0.45909783390607939
-0.64807022517167057
0.94724017819720441
-0.11888035049436607
0.29766341238933774
0.8330621403283951
-0.0073720840482123925
0.55313029453127915
0.81269083499634653
0.36229571963803658
-0.45637201737715949
0.40276626403347088
0.35913034379495545
-0.84190541791951756
-0.08234170793711891
0.047907501719828396
-0.99545201512326198
-0.7868644398283976
0.16661759420675173
-0.59420781771556686
-0.034600146578980619
-0.95317235753937413
-0.30044181912567458
0.49527544950086705
-0.81744550957759488
-0.29408343712820711
-0.92265892704897412
0.37849553531943708
0.073767432381023276
0.76124100762407321
0.64361229346718407
0.079217068927074918
0.33887914659388962
0.85746639278064019
0.38718510980608989
0.82988625874391309
0.52161118697209274
-0.19801658307726513
0.40882324977640505
-0.68180966093611384
0.60662932396681946
-0.31640686357612213
-0.86432775667671458
-0.39092739187746778
0.23094963862186665
0.96378621004011855
0.13333568823437231
0.13411087547156075
-0.24047125102758163
0.96134689395112816
-0.16483548161064757
0.81238399282745555
0.55934024725555598
0.67164637896245027
0.18904710955159557
-0.71634651670599714
0.36554037532069916
-0.00040207274726350049
0.93079539768302921
0.49472615862984937
0.40664726534968054
0.76803908074458005
0.64175147473165972
0.63830757727055598
-0.42510996398430045
0.44217690870564336
-0.22557725005898527
-0.86809820047235864
-0.11530265328383134
-0.85173908602596682
0.5111221257990689
0.99625541909598558
0.076621300749408539
0.040053916080089381
-0.57144628145776022
0.28427664729947705
-0.76982851025943888
-0.43166260901925591
0.84363369881606942
-0.31929543403657762
-0.64840826802069429
0.48406527557916973
-0.58757767736773825
0.02030356547704917
-0.96053473296570324
0.27741808159423281
-0.078243600855455259
-0.25745298839404629
-0.96311780052709406
0.23495760311307845
-0.86332973860147733
-0.44660574020679777
-0.87133465645727104
0.33825905462182604
0.35546691607354652
0.095492383896883928
0.98773827301764061
-0.12350833426865959
0.92706603976680091
0.37175532699595809
0.048441044179791143
-0.75144802130701605
-0.65898477871109884
0.032633306618459312
-0.061041687741376929
0.60213569220574581
0.79605685759849554
-0.51364619961754121
-0.85026840289040551
0.11494009163323256
0.67818659461725328
-0.097423157190641513
-0.7284035085887911
-0.28407866456033082
-0.7031343780385414
-0.65184458175394278
-0.42003661361163236
0.69131528024664235
-0.58792212624052387
0.82653422737423066
0.46615386026251421
0.31550237644309376
0.11174004391372273
0.9095520795783647
-0.40028636889211155
0.25324202034449045
-0.95460614131514432
-0.15682982527329167
-0.36341002418765178
0.48168041061044026
-0.79744412741839676
-0.9587360653488598
-0.19185960371085603
0.20979763931774834
0.64715123327604884
-0.13838817266038106
0.74969593498765175
-0.98413102286092025
0.098257252413134016
0.14775534572711851
-0.39532055998169208
-0.80602326934615864
0.44050896032690584
0.21882271432094585
-0.85812180080164391
0.46448207143673209
0.16652691213648937
-0.39805490628559315
-0.90212032407891884
-0.9915610786694895
-0.096050822573937836
-0.087068173006377619
