-0.90939958656106157
-0.0039787229095289865
-0.41590451034652104
-0.072208585482684037
-0.41688974831061387
0.9060843547573828
0.29326158717974316
0.91944137729055586
0.26196411053971369
0.16487386573370449
0.65791339055191211
0.73482418232561675
0.83151142256511623
0.3706278968747006
0.41379187546636675
-0.0081043505296542351
0.96593184005317778
0.25866967327843909
0.22503015170887561
-0.19091411693346433
-0.95546492911953385
-0.37747301470730843
0.9093254206086413
-0.17504685830569461
-0.88806759064093332
0.30709825005751279
-0.34209153638291145
0.6500889234753856
-0.52990283445478015
0.54459836357760394
-0.52379018609100914
-0.85028012345986248
0.051648355286757361
-0.58447340879352039
0.18859391896780603
0.78919146481804203
-0.77744533801809523
0.27669809946529633
0.5648158178966155
-0.15213374289223019
0.98831682060862613
0.0092296465618915153
0.20056941155746874
-0.78902200768466169
0.58070317937545035
0.63342980330876775
0.58455565467773229
0.50701219991683
0.11593192807891139
0.8587156487140406
0.49916652803000577
-0.34497327534233824
0.49499081187680477
-0.79748199694859634
-0.050503009201532251
-0.12916411340522788
-0.99033634582894692
-0.91718629645326011
0.070552240399058858
0.39216282201787794
-0.79268380523031179
0.59920824770320946
0.11225801000392951
0.72789131703911536
-0.45262806409167056
-0.5150748160953792
-0.97751824916528074
0.16997366474191566
0.12476788786802108
-0.2880031674615996
0.84049371200224332
-0.45893844425671709
0.68098118536230279
0.07016887440827925
-0.72893137828387378
0.89414965083242259
-0.28942869311666958
-0.34165396751250149
-0.56127433111259761
-0.099062182971083004
0.82167987022873434
0.99909379133252185
0.040891659565524187
0.011809669715297722
0.9587560059689153
-0.010988925218040886
-0.28401789475504124
0.21071552819519901
-0.64042707734580662
-0.73854730706957872
-0.39793861048595558
-0.54358273458797302
-0.73902819495765393
0.47319948528039874
-0.77216323814828547
0.42408275228157971
-0.47898390377181399
0.64552291613445778
-0.59487358713661143
0.69788126994127697
-0.66826788631087519
0.25764270839817227
-0.57031475727898395
0.74712557643659416
-0.34138607274477462
-0.082306306757682371
0.95847602895794248
-0.27303731206727744
-0.56407377158597927
-0.75489768192138185
0.3345897040234394
0.96467781764502292
-0.25496119061428363
-0.066268389328417596
0.17353124611863632
-0.25059559196365067
0.95241207253420546
0.57836369433941559
0.62354211291190609
-0.52601394515299582
-0.70427495523115646
0.55880304100275513
0.43787663650876113
-0.2332406229469374
-0.36080514093978072
-0.90300523923106302
-0.065257391034737974
0.22955224131183136
0.97110619472025506
-0.069622193831922752
0.1694585443383004
-0.98307504895443998
-0.060922380133039779
0.51073869236754976
0.85757474993006344
-0.0033399469397159378
-0.99407272094073618
-0.10866586509075034
-0.74879765584477542
-0.65415230442661776
0.10670910558483128
-0.16527414675356397
0.70099648721330854
-0.69374950906612054
0.23146288421289488
-0.92150753149645004
0.31184740279047884
0.94762382399145195
0.080951868620575018
0.30895935520818085
0.50270352475243985
-0.57875748398271909
-0.64212844582331496
-0.96406435815138491
-0.21475485836439698
-0.1563977754031243
0.31825829349512452
0.77014349940965809
-0.55280254064052292
-0.87773054711912601
0.37954388229916491
0.29246457574078444
-0.32782575258681695
0.058127233529820729
0.94294830222184323
0.37567424862610965
-0.4022989682538356
-0.83487987103601147
0.47364976540256554
-0.066703345855449958
-0.87818367292143551
-0.31026430825114998
-0.91083079740347872
0.27225597794498163
0.059717691239874852
-0.42799846321243501
-0.9018043650597245
0.80937702579715909
0.43373882224768939
-0.3959538662356159
0.38610791297382485
0.75042962841327798
0.53644762310826477
-0.33481031384968118
0.3410721932360451
0.87839160557295404
0.95588948620406378
-0.19827623609626363
0.21670677046190667
0.45371055530377036
-0.87023937855527189
-0.19191184439132097
-0.77979598678677764
0.18320922807382226
-0.59862559061556164
0.029580166486942571
0.84782175828520512
-0.52945564491162811
0.21425504046344679
0.09820962807244657
-0.97182799228560934
-0.522138509736495
-0.69134775521439606
-0.49940930909442177
0.12554458834189341
0.64615465493228075
-0.7528098818741753
0.20330976507788537
0.38426615168560579
0.90055797375444413
0.49131703368367913
-0.86031774678959372
0.1358710674542119
0.21096926650341719
0.93178004613355181
-0.29542835716695581
0.77758923435560523
0.58631813864505455
0.22712556639458828
-0.98461408997953415
0.084781737357548487
-0.1527977448276307
-0.32376978756846098
-0.057653691165748415
-0.94437766627172959
-0.65020794114216507
-0.41808803728473454
-0.63437530402362396
0.18719338585745124
-0.92963741174817416
-0.31738449705267457
-0.29160621907511736
-0.56705039904770738
0.77033736631202732
0.81735174447989256
-0.53526338982321786
-0.21314133646628527
-0.056989760121362656
-0.079523291620871212
0.99520259913803044
-0.29484228141031588
-0.24093301448332111
0.92467254291708034
-0.767702552604556
-0.51681994709235024
0.37885344529502363
0.41442566470715747
-0.61249055990245505
0.67313199482895458
-0.61426159621797194
0.78808275748402401
-0.040103101727002176
-0.50346224631097947
-0.37916401943067152
0.77637646339174904
0.83259764483993493
-0.41562940429787509
0.36610566792933841
-0.56734141548824635
0.46393720168575298
0.68035725259879887
-0.11118804317025373
0.76181025802949542
0.63818676719045464
0.66127167347755977
0.36432019850810193
-0.65573665965477701
-0.05666730638596372
-0.88663335855800018
0.45898813043380571
0.81488036348482962
-0.12891542818141941
-0.56511132140812159
0.84531287958031165
-0.16155345880280861
0.50926085218136563
0.8163150481264424
0.1209856144894304
0.56479396534394655
0.549425764156936
0.78511206315949644
0.28588525313839791
-0.72776153816241362
-0.31679558213161357
0.60827929663384883
0.19569411012692467
0.083207423890715407
0.97712861992221989
-0.24042785755759349
0.88379186373561858
0.40138060105713558
0.61559089322882199
-0.69751769704771838
-0.36676547612744109
-0.85886706131507407
-0.29004595298715857
-0.4221619548748794
-0.74594951968896106
-0.12648525978159289
-0.65388132954978251
0.64893940003631012
0.0087087955673119648
0.76079025490622609
0.049851813367093725
-0.81982081626349046
-0.57044598861336249
-0.86190787747683895
-0.48961395578948547
-0.1318824667631828
-0.103926620484522
-0.6287016810285877
-0.77067078173919001
0.14014560859083847
0.9900289743440025
-0.014206982510927597
-0.38380255710519806
0.91145252807828847
0.14815493990821757
0.35730974371204388
-0.78857049142048119
-0.50048609082500395
0.47487603284582897
0.82964952326887698
-0.29355480232544678
0.42732363219716563
0.51933927775252842
0.7400548817143926
-0.052634295875714471
-0.70490890471001733
0.70734225588338162
0.42269630245270068
-0.086940397095101637
0.90209157143039609
-0.31555344408597169
0.59653268731372844
0.73795309938487497
0.68134363393382624
-0.73043015731777627
-0.047356496688174647
0.8655756405263092
-0.49476486048214985
0.077372755925768047
-0.92000824677107673
0.38817154927784725
-0.053922854194170602
-0.078607729382512939
0.45221531142155919
-0.88843803216500583
0.44997686129528375
0.22307775751350534
0.86472951748022953
-0.58848027250872614
0.35465182772676029
-0.72657625199157438
0.19638026991480845
0.38114962499027105
-0.90341560367195484
0.66199659565718905
-0.27974550274608012
0.69534377183637386
-0.45050970492253073
0.7272488417052172
0.51783214269590705
0.70161210574569921
0.66308407846604334
-0.26088303500979859
-0.58113260206812045
0.05857283996541409
-0.81169829446163144
0.85338400976725648
0.51761280326272219
-0.061747208617602634
-0.5573137992117756
-0.5933804491322211
0.58077618046522905
0.94509018848360205
0.26762480797919536
-0.18756731534606064
-0.50897967104543562
-0.24950374000461592
-0.82382496817357354
0.41589037709561305
0.90933577677915012
-0.011984961774162438
0.16975070030550238
-0.54599257910003096
0.82041258115261007
-0.031377292117174972
-0.98276909085397701
0.18215482316271844
0.46196543697826276
0.24316368765067808
-0.85291227922079182
0.42534586136502539
-0.36808591760365589
0.82679722754827811
-0.32159250358724567
-0.77492064632498336
0.5441288942298117
0.40619096764718887
0.52867488962976039
-0.74532661221561203
-0.13721236594895073
-0.92524119332329902
-0.35369690528525827
-0.25930642438484569
-0.77780955910891114
-0.57251416404447808
0.85289774940821039
0.16610993842031921
-0.4949473885297378
-0.78081493616079223
0.58790227577643439
-0.2114212610053858
-0.77390765807042561
-0.022345237038843068
0.63290412161845433
-0.89295718212447162
-0.22350916956414452
0.39073152165274505
0.25464375576938475
-0.96696954147255165
0.011245599673884107
-0.5903634655671145
0.7627157969354732
0.26407497349933146
-0.9859400310551597
-0.11618806636559875
0.12009408144106704
0.93858280019764395
0.31879307684267094
0.13203522761116668
-0.27613059944485252
-0.96050341796270933
-0.034424934744736402
-0.34809297909154935
0.22986943484608691
-0.90884064655511032
0.62221659935137652
-0.27506316613541859
-0.73293025461306172
-0.41593004895404734
-0.86518406965420158
-0.28010483750495518
-0.74110465582776797
-0.54854550026311488
-0.38711977894638033
-0.71691694465796163
0.49310298662452567
-0.49282810293678087
0.65437667009292622
0.75609349343881904
0.01066784034265366
-0.65682862421223254
-0.73235305141428053
-0.17954154533048305
-0.90800715641940166
-0.39546388940703237
0.13831600075990813
0.65187814725703175
0.33601458359947972
0.67981547550582277
