0.37640263863098822
0.90837984365324553
-0.18211840455081688
0.0024311767773855394
0.55829215568537871
-0.82964086102340084
-0.97733314658913972
0.085714062620213638
-0.19357949283772027
-0.82338200333205747
0.56211019403825746
-0.077937194888963987
0.34071469448459379
-0.83986781549686973
0.42253467248828902
0.82060965905255212
-0.47965235471856832
0.31069825567998755
0.8351845323760243
0.33711354276036043
0.43453567881981803
-0.86774018799843333
-0.485890447662438
-0.10458221169414621
0.97217590243971863
0.0039629755966712711
-0.23421850810714948
-0.78516864866790093
0.38419831649491731
0.48569727892123693
0.98585643956408486
-0.15623215925965894
0.0606514054502491
-0.21165695013859209
-0.33371691091024908
0.91860457152713471
0.28992483253930657
-0.48296314992580019
0.82625068065981278
0.44978752591684074
0.1576610160574155
0.87910988252058153
0.15952123071489602
-0.71921741292490116
0.67622428963829528
-0.26431737248866682
-0.88176391261938525
0.39067726962653032
0.39968676975237805
0.68500206308241662
0.60911629403402301
0.90067503296167994
-0.4322490698312122
0.044104723437843919
-0.28542466368058611
0.11848972601979209
-0.95104834061712062
0.48412845238416047
0.46922063551847992
-0.73854697670205871
0.6312461001517059
-0.04458234522385663
0.77430018438432724
-0.33985215307494637
-0.54712599505180426
0.76495337085922821
-0.63869138173511064
0.739509781471688
-0.21259962842157384
-0.80582303629052776
0.10122263168760065
0.5834408393468451
0.11693649615256398
0.99246054349750634
-0.036714104485820083
-0.51216668893558459
-0.37080491544124428
-0.77471865695191033
-0.1521867343832633
0.88946394617440883
0.43092120664177869
-0.66238816163657188
0.74308485922371448
0.095219826276858557
0.72692877234106623
0.076171890787174804
-0.68247520321006327
0.43883265186757753
-0.64454848374371221
0.62608558181653651
0.19974960556214483
0.33638114911359113
0.92029767879680524
-0.063381126374855837
-0.97536973855593323
0.21127400675138697
-0.4996335520103321
-0.28728772857116747
0.81720993307592515
-0.37344019785447513
-0.64931615801598785
-0.66251863790067611
0.36185765715081003
-0.84713621064228428
-0.38912629900837886
-0.59778295946982729
0.0042901700253212592
0.80164651050737368
-0.29344006464762618
-0.95491774689222009
0.045000279220055138
0.051188976560132722
0.78984330306467365
-0.6111687535227992
-0.52416991515764255
-0.080600494397194522
-0.84779092962036207
-0.43972093134696139
-0.71561964391561528
0.5427098928317492
0.61120098710580884
0.75090981366840459
-0.25013557343442072
0.57030426196283934
-0.80781578371585183
-0.14895203377787508
-0.87235066573545061
0.15916984750215479
-0.46224374050608508
-0.88101798157522204
0.37815772575374201
-0.28426053295151532
-0.70664431639995418
0.56185144918388419
-0.43008924556376776
-0.72991695877154661
-0.25627769661991756
-0.6336741871915611
-0.27237651785575989
-0.1808765828225333
-0.94503687457538621
0.67176760646618583
-0.49617581988482895
0.55003439771009732
-0.49910423676140331
-0.83855520686944707
0.21844936685409747
-0.12819661761023968
0.69987410499010771
0.70266767706903221
-0.89624551846598166
-0.1239621585389947
-0.42588420243065694
0.24935353641675273
0.10236166034899884
-0.96298748920588551
0.56173498131363897
0.64459034539964843
-0.51861073782378198
-0.61616009952482242
-0.47860618239933078
0.62552606174539138
-0.9956436779814285
0.0084436567726625545
0.092856723805650854
0.77701446205715907
-0.23169257177956742
0.58529230127876575
0.87773856199812716
0.19867177988326562
-0.4360097942242524
0.38133278640348778
-0.66772685648288099
-0.63931694107480208
0.78007168599995835
0.5146180826391864
-0.35588817586701282
0.21934544067708667
-0.95969010203862737
0.17573413357473713
0.94930371585827555
0.087249978581001406
0.30200976192051376
0.24000240484339208
0.38975364109730276
-0.8890955769324147
0.93361712667557617
-0.28738723694452084
-0.21393372062261487
0.27348149769256197
0.65256259740859057
-0.70666111176658575
0.44558193378770705
0.44456853750979258
0.77705569667715035
-0.52291262514089965
0.22659636286462956
-0.82171556806767021
-0.14556914520144335
0.97561779543790683
-0.16425450127835053
0.80679918426673014
0.58785977800534106
-0.05912662403731718
0.18575281135541669
-0.53760516011660076
-0.82248196630051584
0.82689772277365636
0.053631407130776465
0.55978909264196497
-0.95329234241888783
0.30169159127678935
0.014693319515636453
0.72767972887610699
-0.68074780913618516
0.084051368454529998
0.61575850492616802
0.78677807311872572
0.042681697139117326
-0.91764352697496687
-0.090270708258523263
0.38701622269802549
-0.69064138835552769
-0.72268224809761306
0.02729177485854101
0.079241455373189426
0.96315958234205878
0.25699107123207487
-0.0037276284942436033
-0.34790288708336059
-0.93752316555105519
0.86845017608438968
-0.1124112752004213
-0.48286436694666929
0.099640612394587699
0.81433267355718331
0.57178146624286585
-0.075840829859041475
0.46500351391180228
0.8820543637304723
-0.82952472770052077
-0.40647078717854213
-0.38297548916847568
0.10012110856608239
0.93587252309292956
-0.33781412661280608
-0.62815756334511819
-0.54872263803428756
-0.5516534619858886
0.37077169014801636
0.92213034866185128
0.11047159753328513
0.42508026412028388
-0.37607816588635917
-0.82332981374354575
-0.6461357825611439
0.66657540246395353
0.37173348426542985
0.19134434835054515
0.044732623799516889
0.98050310184227163
0.60967260204002982
-0.67905052340453009
-0.40888837717129251
-0.019341409533838307
-0.033271348175000735
-0.99925918923363544
-0.17689084607599881
0.86742206183308057
-0.4650683769294196
-0.72948318797127742
0.034155110970126155
-0.68314545073643007
-0.34678926806739568
-0.049138923886404118
0.93665498969074323
-0.36386561659095595
0.23835650150770629
0.90043766649995827
0.56309238561471209
0.75298084396337284
0.34050963846408117
0.34028831928160436
0.81949284197252414
-0.46112399820037187
0.051512709909762242
-0.88547090243462301
0.46183083662675373
-0.92987788532430671
0.20368997157653052
0.30632909405400582
-0.023814562403486339
-0.54666949523116493
0.8370097547826032
-0.96611786413000167
-0.21088576981710458
-0.14880680326359674
-0.84046871552981073
0.49699807023418613
0.21588250600538553
0.64700895394687719
0.53284614433535726
0.54539380265961157
-0.23165861752514899
0.67688296406434456
-0.69868715308484364
-0.7435903497137184
-0.1921824277889003
0.64042119441957424
0.68827106452053954
-0.2193146977433951
-0.6915084996567189
0.23494974874986599
-0.1976784440851741
-0.95169419894545926
-0.71146466726258539
0.34182426180931452
-0.6139822483390347
0.710415085904744
0.36355705445484787
-0.60260822586077423
0.99162264004778777
0.12753854092167383
0.020456302799530854
-0.071361758850228371
-0.65340417491451197
-0.75363816488954927
-0.83070209720910382
-0.52679767470689531
0.18005064736291437
0.6043750295071435
-0.7123294869976371
0.35681581475871049
-0.17906536985883409
0.97518197297894671
0.13021410405254957
0.50696004889187007
0.20482984224794837
-0.83727907208542685
0.31087785754306424
0.86648457696836012
0.39058857582550505
-0.37815738965051132
0.7403441475390854
0.55577651250960247
0.54360262241175838
-0.34645867247572498
0.76450152202164867
-0.49670619557986118
-0.85769063355602515
-0.13285229536159662
0.49693738979994567
-0.080344014810171061
-0.8640590662119112
-0.49210316137119209
0.50886515360607654
-0.70632197616522074
0.30051026484365828
-0.94658648029329606
-0.11690857987993782
-0.020903883170030772
0.26894378966977778
-0.96292900344027033
-0.25403710986399114
-0.45683687820248303
-0.85250525718388404
-0.45424322435303005
-0.78704937281430731
-0.4173923548436988
-0.57491375676209211
0.53737586475485688
0.61701000985775556
-0.084909798349754192
0.19898219465292616
0.97631778246394196
-0.42458153178176061
0.8581642803615035
0.28859069766968698
-0.61086490442681129
0.28208792740766236
0.7397773109189496
-0.069028704371008304
-0.085952817754882213
0.99390500104026835
0.17054409412522664
0.60311897426405103
0.77920614399636567
-0.16796363555398619
-0.83435456633415395
-0.52501492813903261
0.072609549537112225
-0.93514472019772299
-0.3467451594504819
-0.26594299398351556
0.41438728751273063
-0.87037779147846206
0.9186705087680761
-0.20562249680992473
0.33728902313217451
-0.95169701258373673
-0.27074866256191776
0.14480316971711524
0.60375262432549459
-0.48892001862301415
-0.62963480209542866
-0.46917256489488623
0.71942749901549663
-0.51215347114928467
0.8011229113224082
-0.40617677826359949
-0.43957081995249841
-0.66188430532410936
-0.65014171144690214
0.37312855881386803
0.7906764648794683
-0.58065394345219878
-0.19409205506438801
-0.34856689230665999
0.50463332540076855
0.78983943208897789
0.92550675744937172
0.33476841553412956
-0.17710829985158258
-0.22783713248801693
-0.93940990978966443
-0.25612352966608226
-0.69341447422025226
-0.66481086043415893
-0.27785407463387041
-0.39528821349187288
0.87437274116057873
-0.28145965570528808
-0.82282700546075915
-0.37328545933525464
0.42850167436469561
0.12874633496341453
-0.79232656073598007
-0.5963581158882485
-0.43343676048193031
0.90118260463919653
-0.0015772630228533375
0.11554972399889903
-0.29555978099265379
0.94831043289808481
0.38042342038318244
-0.16091189033085684
0.91070598151879434
0.48642333402787258
-0.86399501771752385
0.13001903503912196
0.91625244411232176
0.37479225719746756
0.14146456306447999
-0.14794493610601106
-0.74877502024005027
0.64610236413830002
0.76872500378496733
0.58770928929304134
0.25230865984835005
0.0069879065503672807
-0.99742161275578978
-0.071423354511552364
0.67010298585039463
0.26465190404602462
0.69348493713937276
