0.66899839905887148
0.57517841844152362
-0.47075569992913968
0.61872204544343468
-0.64274738501246487
-0.4517287123284624
0.87190651716219203
0.38516672078977682
0.30236670207902588
0.82187583039911993
-0.44561064229306019
-0.35489614661323554
0.29045934672066681
-0.91246604649402874
0.28816502545964939
-0.64551579917559376
0.75679442664144148
0.10281803742119572
-0.6769176886247249
-0.65676606519577529
0.33232631318362188
-0.28857487343945321
0.73135403035546354
0.61793674814031208
0.25027841187991168
-0.92803945655859865
-0.27586859846182227
0.73703485384549616
-0.65566735733038572
-0.16395103155618204
-0.83972473368231304
0.53487363645173058
0.093661970249777904
-0.92121607341949696
0.20312061120497341
-0.33181766586075845
-0.19631965705035931
-0.0037192827713257129
0.98053289551717537
0.1946658016970339
-0.50403187742670874
-0.84146128383150121
-0.85846292422114856
-0.45800126321034962
0.23081648692283352
-0.82233083428290443
-0.44919917933668624
-0.34927366959281358
-0.034130637350638891
-0.35653159710109217
-0.93365963812439889
-0.31262229694254545
-0.34611984409558155
-0.88457241251217933
-0.56593520076542736
-0.31742077863637769
-0.76089512932103276
0.92041181232166835
0.073213369371512363
-0.38403372024343446
0.28524152246469597
0.83196509599260049
0.47589006389295968
-0.88119096657749463
-0.030502033488822838
-0.47177548301630479
-0.94415978456134553
-0.21621678175980882
-0.2486214079730556
0.83367386299254331
-0.20195385349936884
-0.51400635328743327
0.23406436254265425
0.95864294639455094
0.16191842240917131
0.14762145387783848
0.77721291906172474
-0.61167637260118701
-0.30854019258276261
0.4317738825452957
-0.84756962186758023
-0.86328410088423424
0.057107657895638042
0.50147709476124047
0.034349034547806405
-0.70414513864935757
0.70922476517822641
0.93954588572078201
0.34213999815819074
-0.013919421161261679
0.095235854267456274
0.095769213861229108
-0.99083721656907386
0.6592102085442173
-0.4029394525525436
-0.63488715416816088
0.037663319604955829
0.93006088102883477
0.3654698782884882
-0.87897782281976478
-0.47243224425594033
-0.064851843291627034
-0.67243936185827935
0.084721068883971976
0.73528745746870139
0.57263794238254551
0.19728151433088939
-0.79571715517965025
-0.067768158127977068
0.60162897800546611
-0.79589575295263371
-0.49628568525106287
-0.85684753035103112
0.13968832573347634
0.56089131734675546
-0.33832132889033656
0.75560545825377545
-0.54995540413666
0.59385153711213168
0.5872728542427631
0.42165515859983438
0.70734566352155614
-0.56733503287158094
-0.24211980183688772
-0.92067643536726429
-0.30615829715670578
0.014351241539886412
-0.46649268608326128
0.88440862484322702
-0.39478903089083645
0.18436626991142113
0.90008371811027832
0.77841594684880022
0.59465849106140134
-0.20112158685746026
0.23074482238678004
0.56007743115954556
-0.79565702287318374
-0.20282012723845982
-0.78458311574239248
-0.58591239147071672
-0.88099501642493516
0.43724126945331931
-0.18074250557430616
0.55311095909983954
-0.83046025216289232
0.066362915104752757
-0.51731735672680645
0.20639508324009348
-0.83053225225966099
-0.25737560684178112
-0.29811785933612339
0.91917546689828078
0.77008021478942423
-0.33012120045534538
0.54589051631237906
0.50542635452380102
0.66439629222265939
0.55056495260192839
0.022559397684420338
-0.19310602477522498
0.98091851688691578
0.025081066310058308
-0.89410418170845352
-0.44715618341269431
-0.25426834200263393
-0.56024622481490527
0.78833481328422772
-0.71916232988303397
-0.69374705071528719
0.038994523987951127
0.54089103398068761
-0.062946026294827442
0.83873397876382327
-0.13315390151787745
0.32170706674167548
0.93742978495407026
0.50762529561287362
0.47015566468588216
-0.72199045022612274
-0.58173445112080646
0.44788618226512456
-0.67895728592831639
0.88618742099259151
0.34848979854263856
-0.30533050156545222
0.51551981604652275
-0.82634047071228645
-0.22671732559810337
-0.73616709124233459
0.57422783160864677
0.35821838475688494
-0.24450428840901925
0.89255939462340661
0.37888702804278862
-0.97151847242436273
-0.22562741169736142
0.072416357468337467
-0.67729206033181255
-0.034011577292418271
-0.73492766829230893
0.28052732283957288
-0.050055840159016228
0.95853994909259621
0.9170272889044605
-0.10964501662512054
0.3834565447789518
-0.3235931349041572
0.50311738138755557
0.80134910219493516
-0.46347045324341613
-0.76458275566089873
-0.44789323361302175
-0.76171648814650861
0.21345679973028481
-0.61173865852556264
0.85243680187191384
0.16606812073407565
0.4957548568498707
0.35561643416654837
-0.788319065115345
-0.50208565337633149
-0.48957666647566522
-0.8586318969537069
-0.15187479440728269
-0.1120100914106406
-0.59850846690172921
-0.79324734759665072
-0.49965790546942895
-0.6056168927352904
0.61933040998771804
-0.63141166238083191
-0.54520364468178451
-0.55142750968297971
-0.0021658043058628493
0.79079919377407182
0.61207184579752294
0.29110643020503363
-0.568436665912743
0.76950425803843747
0.39220235802395381
0.21056315466058456
0.89545545297342022
0.76338903485232934
-0.6343805855218545
0.12164889715972914
-0.77708772623609035
-0.26910086916244036
-0.5689634328752966
0.43036336354358273
-0.58254588110796734
-0.68951263347642588
0.032525555656709108
-0.98733445575390555
0.15528284100428269
-0.017695697830755308
0.92789851897519615
-0.37241267535077244
0.72550056646959338
-0.56366324370263576
0.39488311656858932
0.53443028369123724
-0.5854325721551088
0.60963347622449082
-0.71949772449092819
0.67016272128543275
-0.18222225838705872
-0.76371280900536143
0.33855514476102594
0.54965731080099467
0.42634916385650656
-0.31965533215088016
-0.84619552061350944
0.24490154268485789
0.64881240705516574
0.72046213976992479
-0.44162527916623512
-0.79540747899419062
0.41508319065152599
-0.37720891507092369
0.64936122084916736
-0.66033585337182432
-0.38484888092591246
0.91627177040485097
0.11107376652132141
0.5510208607525795
0.78193512256116093
-0.29146779431139314
0.89438770203602136
-0.37275162588456889
0.24723847566092025
0.30115393231277882
-0.32306221601022816
0.89718287636306937
0.7091187189942193
0.43506163654051538
0.55486215836249431
0.77417509279765517
0.057459125542730687
-0.63035813200402735
0.48242177018970855
0.83773772689862602
0.25586077577024458
0.95295412231002929
-0.19405771721196585
-0.23285197693556881
-0.13540100562678081
-0.090403021123951904
-0.98665792524406293
0.99129996626068684
0.07977661228697408
-0.10469034828280409
0.62286464209313841
-0.1330036920150871
-0.77094076007209689
0.7578310252728262
-0.067480981705566614
0.64895181195678164
-0.72939515740809913
-0.43906669368301066
0.52459807743441422
0.1879802543606614
-0.1858268765871072
-0.96443340667377386
-0.21397904386202268
-0.92952649833131684
0.30032225639771515
0.17739494531194769
0.40881231830444897
0.89521143970590145
-0.56239669062612729
0.35233244784383139
0.74804532521041389
0.53243714586141966
-0.77047407172029503
0.35054299381630055
-0.3403415427060591
0.85097187079035674
-0.40001813637886502
-0.96608318767522761
0.25686262124651432
0.026549355879958363
0.98527068316216482
-0.15315086876748379
0.0760689969496499
0.12236118990624366
-0.73252823132940537
-0.66964925857507018
0.65003227583934231
0.20532312212374876
0.73164230050515899
-0.50947254513536011
0.77957612628551076
0.36427844992392278
-0.23020921865423558
0.17747541046768006
-0.95682087891409162
0.39462794619713232
0.0051049788921657575
-0.91882681897664686
0.036676370169718975
-0.88834807512182756
0.45770355176524213
-0.90174305156490842
0.30711254156203882
0.30420610738397696
0.1022330884384756
0.9882814316946904
-0.11334993337370763
-0.89451539853915907
-0.21631184385072261
0.39121782677458589
0.62740178996328522
0.77862679654757738
0.010358843995501259
0.39095707613115421
0.91725472635356842
-0.076133643056267616
0.30577531859650375
0.29845285521447357
-0.904116888323371
-0.73014199842427185
-0.18422607631160609
0.65799195659509446
-0.21554389169449453
-0.77769239258191292
0.59053820644680721
-0.76656237052035947
0.46087818158477489
-0.44718389264520508
0.90424901826160609
-0.42372352698547538
-0.052840189741433334
0.00065357707305145
-0.99015675996583696
-0.13996129297404233
0.0059567445247638599
0.3639636687235614
-0.93139409759991088
-0.13830015395860987
0.7913327371198472
-0.59553804796791587
-0.091555532243128679
0.98951755446243317
0.11168076793415731
0.073739754333461749
0.13788960291127939
0.98769879317523246
-0.25154906764650575
-0.96782615316758225
0.0059668929111619017
-0.50026258158685188
0.85168169649751024
-0.15612699098868599
-0.044324534115482539
0.58525281211356328
0.80963848820854101
0.81417047772240447
0.5744868263018903
0.084209973345520994
-0.51887515318815092
-0.36757043600468525
0.77179048321374033
0.75285086605294593
0.33046196695289698
-0.56921916858179655
0.29686989250516344
-0.95491226705025012
0.0032907690476070388
0.46963765868496199
0.45468338367409755
0.75677175565396249
0.27850438459201254
0.89056128611727314
-0.35963301215568716
-0.21612662770856481
0.96454155982284906
-0.15148881202857367
-0.39554005310665447
-0.58217909705047366
-0.71036298140167753
-0.99360261887875867
0.017339446745669607
-0.11159381409301562
-0.42554519804429025
-0.066162846500285866
-0.90251524206764822
0.6894366650459719
0.64459186685765235
0.33042156417409457
0.29834074375461395
-0.77596842432833457
0.5557569658235022
-0.57889076143906704
0.68463203314074994
-0.44290457834398161
0.97120516409252899
0.12291842995518731
0.2040872088528711
-0.97506829775917958
0.022408567885384194
0.22077062936528014
-0.48252586621993715
-0.09849575493179008
0.87032601632326034
-0.68721712930410239
-0.68003896145522447
-0.25549878295977901
