0.28294088871317324
0.95913683254413451
-0.00099496301664375383
-0.37775999342010719
0.71128762878134788
-0.59276242839256277
0.24961328639652999
-0.43998610831431206
0.86261545995000011
0.98053036525035164
-0.1920303829964399
-0.041043085023578195
0.62786512845505371
0.57985310230479992
-0.51918759636341283
-0.010153942858558621
0.99969645996615275
0.022447391286465397
0.63117515850867856
0.72704751950504531
-0.27022180456636929
-0.30465553924001743
0.51950113452569358
-0.79831295469689811
0.88766037102790785
-0.37263114454728746
-0.27056440235177937
0.57269263596916387
0.20428404251702531
-0.79390879493780198
0.73821042548088833
0.16526096770459195
0.6540138991372183
-0.68484047924838776
0.4197055797711462
0.59568510497728966
-0.89125146368026253
-0.33619268007205255
0.30437692151961904
-0.87111329585462649
-0.094138821403549899
0.48197459278476562
-0.71403787951341302
-0.59298850382941848
0.37217541690194467
-0.060954477921520089
-0.03568268427371743
0.99750253015435364
0.80274117335411999
0.043247178803454286
-0.59475733717844359
0.55338865593536746
-0.78260539500111426
0.28511364610834999
-0.41455890044110294
-0.20256351973857589
-0.88719160193059943
-0.18642484433557921
0.9493178690441999
0.25306394632154561
-0.80886388282486132
-0.334452823887253
-0.48361195979352195
-0.96158447519042756
0.22985251945603782
0.15007703479367449
-0.63705741636049529
-0.28361599494936673
-0.71674250304343712
-0.51149502598375207
-0.7672630150158859
-0.3868853889495098
-0.24968380097018439
-0.7195398626039774
0.64801264313046436
-0.58196465977149903
0.80870405061742601
-0.085527149443969608
-0.72415317285976821
0.14816689759356397
0.67353452227382449
-0.61828570350869272
0.68056179892510593
-0.39313919504494188
-0.27649715195880503
0.15130035674787962
0.94902978193870913
0.60821510063276996
-0.37065418634457403
-0.70191870291901415
-0.47120383953881778
0.8512863203306299
0.23082145139005672
0.036667777404904671
-0.95043736459342443
-0.30874631995359947
-0.91600462548056971
0.13549565779344719
-0.37759297241516848
-0.82273234925686167
-0.060597026619524361
-0.56518977507661805
-0.19779443525700743
-0.97389987960973445
-0.11133905818492668
0.10605324824222867
-0.99421397024435376
-0.01706721735466572
0.11111576807163485
-0.93991511951666584
0.32282015765720457
0.047473187809758059
-0.80902155376983154
0.58585870478727808
0.88549538748282008
0.20294978274405928
0.41798242119829587
0.67234842558001473
0.69581612570312301
0.25256190098977915
0.97491943633868905
-0.053928209968999365
0.21592554461802843
0.39180036538797164
-0.22150681266402342
-0.89298779701924114
0.51927032668012307
0.12908773425243131
0.84480452454700539
-0.88088228665167589
0.19543340649813559
0.43110576508305848
0.29635618449400891
-0.65764044320306247
0.69259083113757169
0.55321378058929316
0.83301142229576697
-0.0068178655666483725
-0.81369340467991458
0.4671146992221864
0.34598685083536762
-0.3023411026204853
-0.187050313994651
0.93466680571245908
0.99067716490647328
0.085548238081460101
-0.10602006363905921
-0.70093993579544522
0.69615822990537157
0.15507071078091092
-0.51162825266956169
0.30870889979631488
-0.80183249264222267
0.3414163721807103
-0.92922582203698412
0.14133022488715413
-0.039420659691319082
-0.82026124611065299
-0.57062903862185266
-0.63284415910118696
-0.75909392112580998
0.1525932147946106
-0.28387893087821159
-0.49384779054010475
0.82190456403532675
0.90299915742234915
-0.31477985188824986
0.29241437471461418
-0.87202653342679182
0.48476196951161704
0.067642870392008628
0.075384977051478674
0.16885207858655116
-0.98275433389629441
-0.96812298583796408
-0.24982359792317341
0.018056971310430395
0.31334871232842187
0.35589902093749676
0.88042516512072233
-0.40756483430823476
0.85566742486612746
-0.31894225787479374
-0.19899868117261083
0.28497931864625153
-0.9376493549485756
-0.94503216670607482
-0.15557408857166408
-0.28759503969282524
-0.51580522745194501
-0.32924538610554349
0.79091241175079485
0.0084197712871762215
0.25213225386711691
0.96765615484600687
-0.31908597416933976
-0.71669184348795756
-0.62011042771931879
-0.19353152736174517
-0.88530054342660813
0.42283388668078936
-0.15398425861680837
0.96182385411076732
-0.22623819695564534
-0.043548705157997455
0.87165437330755735
0.48818251071998808
-0.39378972611608826
0.07948786064246019
-0.91575724491586807
-0.63457859782122228
0.0097475753673072277
-0.77279686073489595
0.73704314748779165
-0.66969418244922885
0.090978572944120248
-0.84121912524465703
-0.53182607461788911
0.097526456303617254
0.1386665005788324
0.95275769573911673
0.27023022559867199
0.89438009905035987
-0.44615418593332928
0.032104217742171863
-0.05580021056814434
-0.35564767845736639
0.93295287410910344
-0.60057391060125831
0.66790378854509402
0.43956285915921312
0.92099662719776698
0.38048548624012724
-0.083642139205973784
0.47897844328947675
0.48069176642252415
-0.7345169001170655
-0.25434175251507191
-0.89026352491931549
-0.37781097009721326
0.67976591859392255
-0.11921394983661124
0.72367556963221769
0.80405192468649789
-0.24546987472108717
-0.54152104577047788
0.7442716795787111
0.45555384066636118
0.48839570558227891
0.93685978040713858
-0.086440706221177513
-0.33885359104408552
0.059363515795085448
0.50799181888008893
0.85931384542746991
-0.33393809289653109
0.94256496808443169
-0.0075253606306874207
0.44623523130235776
-0.1611065256331542
0.88029472663588371
0.11619174339598143
-0.42003347752228937
-0.90003964164204175
0.12719519749728364
-0.13517355804319764
-0.98262377894063258
0.3206406287076401
-0.92672292490285124
-0.19589335793097645
0.17241312644139864
-0.68278350653767972
-0.70998619495791082
0.35614469779574415
0.59624929697567053
0.71947740067912969
0.013274866907488676
0.46644778856140395
-0.88444911580868468
0.33303732183939266
-0.82347963225285092
0.4593119174665013
-0.36855926106140136
-0.4744926143649757
-0.79938778449446202
0.22020688228810767
0.62822574654999674
-0.74621802468491127
0.73948171610761504
0.32397137846693574
-0.59009265160377156
-0.73705806775979321
-0.3804657119886844
0.55856176628117271
-0.49988348864012372
0.30636403056697703
0.81009726487609846
-0.47249301453334519
-0.87351426630564943
-0.11714596782516715
0.85257106825162854
0.47369392416973349
0.22076376465569647
0.38949862146633063
0.8784552379888686
-0.27678009091289124
0.43239674115594756
0.86496704680243741
0.25468621121604973
0.86509505391236452
-0.084457530640470374
0.49444663333314032
0.77556379845718693
0.6306918142064738
-0.026993147567608091
-0.52067625590861022
-0.57878896680479464
0.62761418756910647
0.53973056417171128
-0.77230130905782668
-0.3350247843465517
0.13536063827253189
0.83502867285444404
-0.53329599015687212
-0.18004147367083176
0.67896146751158737
0.71175585237702599
-0.50790114497167749
0.0065380911220757022
0.86139055038985557
0.0035125967976117741
-0.61029817893325022
0.79216399467187093
0.52050421581610107
-0.41135458848724366
0.74823977697537325
0.40119459870226121
0.74340184225337536
-0.53516034504288457
0.62194720803376002
-0.082753242857151105
-0.77867423947093306
-0.77739811043897078
0.60608805745971939
-0.16825410690566159
-0.69899824538046773
-0.13381510700442084
0.70249197155015419
-0.70775352517638357
-0.69691992525513191
-0.115704647196142
0.90711824855858747
0.21238142451437733
-0.36336017070290566
-0.47115774907043056
-0.77486760744898409
0.4214149575147661
-0.14277251984033576
-0.033191106512387811
-0.98919884655559742
0.12243847517542508
0.95561022821660513
-0.26798864066322775
0.57167854711283295
0.4029281502633193
0.71472550290047754
0.55575293056890973
-0.62210792285084016
0.55147113477523158
-0.077080429716888721
0.69092304432042506
-0.71880731366733852
-0.72493874460426
-0.57961923427156326
-0.37216308230941719
-0.23365966857752113
0.43472798469942991
0.86972106942364891
0.25017961436697539
0.087005221892483955
0.96428224702035825
-0.80431249594205467
0.42982278740140123
-0.41028499887511355
0.74511806081908083
-0.35621652136615822
0.5638340760782431
0.75432729456247405
-0.62684370651598076
-0.19508280364851527
0.70945989181009339
-0.52782141386697867
-0.46698095997189659
-0.14595952698249065
-0.32104372754345017
-0.93574929414242924
-0.74847864813742293
0.23704826392581044
-0.61934468097508932
-0.88345331160827101
-0.43145818402874142
-0.18263099858183987
-0.33690009340045035
0.80278346741829443
0.49197259223114043
-0.59341824175594071
0.50880361199001678
-0.62367754070288639
0.81259360930471491
0.48809425219060953
-0.31852099945784756
-0.14627876780441024
0.85860849369564363
-0.49131861011295036
-0.57184755114906693
-0.54752397149124032
-0.61090742251774488
0.26208497004350539
-0.84026805546493322
-0.47461675427914984
0.28764363503853024
0.34872211170501094
-0.891994410313102
0.10186293302717672
0.72330282150706704
0.68297655250749034
0.28896247715781126
0.82016655446870124
0.4937889323645886
0.54861538664358034
-0.83500532446963582
-0.042276064685267609
-0.44802296456609481
0.57603763396028451
0.68370758916575225
0.47260429399308534
-0.65668490354690312
-0.58771601879895363
0.96440060509625503
0.21791889102676745
0.14980931153850621
0.17686914753313884
-0.18817145566414994
0.96607908989074776
-0.9333187775082098
0.32071538004356381
-0.16142399002035945
-0.9743510894093711
-0.046158199802734341
0.22024843962612473
0.75613873624207906
-0.55305069350521141
0.34984159553666072
0.36688203619732396
-0.48844780677885896
-0.79171731796685352
0.35985381027625563
0.063796976485275533
-0.9308250002127133
-0.99591173376853592
0.039822621892695094
-0.081080067388601892
-0.11634795593196827
-0.97996667626744205
0.16164302198299468
-0.099879149370057652
-0.60184076114005236
-0.79234579178000075
-0.38912900991467453
-0.90659972755254892
0.16326526772240771
0.54466423456429403
0.66725990995312268
0.50804043555197698
