0.95680691041083132
0.29069408970932881
-0.0041811957791883601
0.48850935829486708
0.64475119569236616
-0.58792389176797466
0.030521910586985307
-0.73256655033128804
-0.68001078102471035
0.058102403504223271
-0.23908928518082465
-0.96925766668041102
0.18670768520916764
0.98198617277603417
0.029041294057104403
0.35069994894957818
0.63044058359318556
0.69249853167024611
0.039368090485341643
-0.29129876014356787
0.95582173326952447
0.54899051578547131
-0.17677366218348914
0.81692134623587842
-0.45353280000002599
-0.54892593581904026
0.70213126714975971
-0.84526463548997943
0.51510700810895627
-0.14210019770229604
-0.13825721019912049
0.9869878637657471
-0.082096897670272145
0.41582388559616884
0.78931052866822471
0.45175146430442464
0.40946195307581262
-0.84924717865574195
-0.33334687418453979
0.21937678143589007
0.70768002154190712
-0.67161210149704387
0.70818191336717118
0.060415029013097268
0.7034404039070824
-0.69384224284519025
-0.37890309669482819
0.61238499765966303
-0.3111724327263653
0.76248586611408775
-0.56726274431466528
-0.57952026857722272
0.79823980794830229
0.16422383296842541
0.29150144143606344
-0.76686333379766569
-0.57179326414135667
-0.049785603144965065
0.98137954407906403
0.18551437729367662
-0.69430112494532403
-0.21397756140459873
-0.68713866949473801
-0.66861328952241672
0.42792744755168716
0.60814008970459343
0.30060122401656636
0.40816078553883745
0.86199981280047921
-0.24325806571372841
0.18085486265945386
0.9529517470038269
0.54603794099083847
-0.63148799598716854
-0.55051383081862293
-0.47049680671638117
-0.18485118590291932
-0.86282257384700634
0.34531007569187111
0.47469983599851179
-0.80958076640237719
-0.64860673932316482
0.64262098331670359
0.40785729061234755
0.71910127364524867
-0.69479606189138743
-0.012320333680560968
0.65998443119227013
-0.69210237038330813
-0.29225820688839821
0.64033285380633442
0.72003466934585292
0.26743954695639854
0.78204439222942002
-0.4331002211811199
0.44814145868841687
0.80012446376521673
0.2647034461365812
-0.53826845355068154
0.71998630416830622
0.52375512836037075
-0.45530241304683944
-0.17524689179911987
0.72695918838531159
0.66394191412872616
0.92699008752125023
-0.2233484037958221
0.30133846113498913
0.69873149682600699
0.068881491368626882
-0.71206013474293139
0.85654936200749843
-0.48587977927330445
-0.1739081094655234
0.76720741555696148
-0.19959987392348297
-0.60955120526838225
-0.86212788392895112
-0.22390847065781722
-0.45453328648171221
0.64949022897430164
0.75990233419454856
-0.02666242585710547
0.32508062019647899
-0.83546791187402247
0.44307556759714622
-0.39856755302975222
-0.86615213676273872
-0.30153670034212682
-0.56406988552314086
-0.82414917084302353
-0.051022626791136755
-0.64999465168814574
0.17151539711861441
0.74033061623037721
-0.999714613754905
0.023738172179471162
0.0026814597626596127
-0.96378477977140553
-0.22522422688981714
-0.14280387215642096
0.51639129517403881
-0.82639034635326114
0.2245418128603571
-0.23467240095131206
-0.6383584202339142
-0.73309439470521676
0.57547410189951365
-0.39450286974762122
-0.71637772425155666
-0.24291579620108886
-0.15476971306626974
0.95762114213992577
0.99042316230868599
0.011779682418782687
0.13756161762851915
-0.48612366306423721
-0.28719081665120089
0.82535157299191242
-0.21509932386616826
0.49849597928943579
0.83978213811951463
-0.40414458766296546
0.80253585591048593
0.4388659843742227
0.97285902638497845
-0.22959247894147075
-0.028854954423504477
-0.85637905549757554
0.30965353452262268
-0.41319438750148518
-0.90211988295507117
-0.4279144211802785
0.055398239349965239
0.28359062462739903
-0.12554245060436284
0.95069209038452218
0.34928379638857693
-0.62776826111347761
0.69563484668247022
0.067639962142171009
0.59551010233874746
0.80049519269880709
0.55908230613574428
-0.66094939284701948
0.50057254725073985
0.32464958941475713
-0.31656647036626201
-0.89128464248671768
-0.012380762680957088
0.0028140542918081439
0.99991939565841026
0.1227516008163103
0.79666969672287802
0.59181875504288528
0.77398991971941866
-0.19951261422686536
0.6009445240095711
0.18981647395796278
0.92200915491615887
0.33744455020781799
0.58659864025825137
-0.43127993833594114
0.68549226839995614
-0.61364784418780471
0.069398170517673913
-0.78652413647164054
0.58653096361601109
0.7454055322017864
-0.31678387156331811
-0.44845412899506215
0.34795122484766722
0.82329753996613431
-0.63320594385144013
-0.62112489305795682
0.46179443467299253
-0.63816095337642054
-0.6922440027299398
-0.33697008512645338
0.051109686324252987
0.50526788076304618
-0.86144771671475029
0.8931673026767184
0.024071895555068532
0.44907985177870252
-0.9546113234557887
0.25358355820323425
-0.15624532037464176
0.0005675067215656028
0.3365224172211348
0.94167528407820356
0.31760043762207724
0.84613950987548026
-0.42799286425120109
-0.95356506980830258
0.10003021657024645
0.28409085415478713
-0.76831836588631086
-0.63428072605489982
-0.085876942173426354
-0.12175063089939338
0.88930681118042332
0.44080628337593653
0.22035390013611436
0.15574848346253622
0.96290527498499223
-0.66868541891431976
0.73473177437824433
-0.11414477758696501
-0.066343994076359214
0.70919669014560072
-0.7018821333646561
-0.11591572388496572
-0.96585725863626137
-0.2316965707468942
0.79085565831058235
0.49399546825058166
0.36126971235632804
-0.86883629183751143
-0.14708710403472663
0.47274610713650517
0.10587026150595184
0.96420878106992314
-0.24309034171746616
0.04676220604178695
-0.50717449986246432
-0.86057383342474725
-0.93471243753768352
0.33673180245699513
0.11368532150820983
-0.81374235699672637
0.054064243897134101
-0.57870582679047178
-0.94807442919483753
0.014952841865399172
-0.31769685114434393
-0.32783659594307463
0.92711215996130802
0.1816210593855663
-0.15279347988623498
0.31634923221661304
-0.9362570778264987
0.80965830348268619
0.55620416386035487
-0.18732421014364889
-0.69894681268659919
-0.10885279250055713
0.70684115796979075
-0.69349572167953566
0.33318946119231296
-0.63878671476679605
-0.50132250255290189
-0.83254336146514141
0.23568474646106882
0.4818700218919173
0.11226387446623419
0.86902134869732217
-0.22778263386140693
-0.40165187890806492
-0.8870123110085798
-0.8337789363589958
0.14458617900959186
0.5328297308929637
-0.23089333444827911
-0.93864227545446366
0.2562009891413809
-0.69263327569469524
-0.47820072239491068
-0.53998445764801584
-0.83691031345987188
0.39828232027198252
0.37543617378093075
0.31893812217544032
-0.56303802759931876
-0.76240845594751427
0.92529254480645395
0.25737975909898991
0.27854867820857093
0.89403412023327145
0.013168471404031178
-0.44780529610490466
-0.19299416398760419
-0.84061630994606851
-0.5060804996434668
0.072908996099722623
-0.55097155603953407
0.83133303959550731
0.46411402302983634
0.17793413427384863
-0.86771978050939735
-0.7292345787651805
-0.65583659016985596
0.19518016325320114
0.98567647469207997
0.030662991535154661
-0.16583626921969924
0.40537036385147296
0.90183922136554928
-0.14953557074390059
0.91574489575715334
-0.23987373772362724
-0.32229160064329448
0.11078292117519963
-0.76840871292498414
0.63029770289670195
-0.79049596988295567
0.59557412941617982
0.14285509430525975
0.88395628919195557
-0.45085188519454772
0.12391067917863344
0.078380058358599555
-0.94006554475759985
0.33186343277212682
-0.4680133802039016
0.33843211406432788
-0.8163499127947943
0.18819311139920553
0.2644956067066998
-0.9458464076448887
-0.51526230911837356
0.77731715121919864
-0.36094708645793422
0.91204620367933675
0.29803881386882464
-0.28168171360912642
-0.7186878091711083
0.56927505704232406
-0.39926650545505477
-0.83693498112951059
-0.419104705108443
0.35198165224583933
0.53709013705636621
-0.12604851847456733
-0.83405392851250371
-0.012491991813116853
0.070300789916291823
-0.99744761720988961
0.83676827886081939
0.54032377098734952
0.088707778679844959
0.59991800474975321
0.57588975105634688
0.55538219471399508
0.32907134599561588
-0.3925570197854712
0.85884284677802525
-0.42544330942837111
0.89971282574818368
-0.097543947258933644
0.56130838251936532
0.36206944784931622
0.74420334227117324
-0.35130432565449804
0.10456644938183986
-0.93040374485494926
-0.96248217544294257
-0.18773351027959528
0.19591883797307921
0.089725571036647633
-0.90287751685841211
-0.42043015050509291
-0.45781641359939979
-0.69226853666437749
-0.55782470775642867
0.19762305089068849
-0.96759294686417385
-0.15719102689199629
0.49062391236924574
-0.86883405036170658
-0.066449752020350986
-0.27727641763117561
0.54221843972656125
-0.7931689302072511
-0.18082848297728757
-0.66784689944183995
0.72199832316290991
0.27568513682298151
-0.95282642943410623
0.12696259569946572
-0.21835377031311154
-0.43064337511312228
0.87570994881937236
-0.44623617272347366
0.60912729067583593
0.65561972354942322
-0.20712574089182426
-0.13378001752622909
-0.96912426157366149
-0.4886086436926903
-0.45475236343539976
-0.74462197204938008
0.59549646097377851
0.3821550078859704
-0.70664100851520006
-0.016770957976000263
-0.99863984894641622
0.049367874826104857
0.013902284066451248
0.8723798442881856
-0.48863087681547168
0.43417357678389629
0.88754286347047773
0.15414593969775245
0.72337711978097985
-0.63759262117696647
0.26495507543366581
0.27429473267591364
-0.027661267737062654
-0.96124775884962532
0.77795055363152588
0.28924852648605037
0.5577886929922935
-0.84546827493181287
-0.45167878535591743
-0.28490291494336728
-0.31268104944446151
-0.94970409453212656
-0.017108306380931266
-0.46599438807777888
0.0093796258516444572
0.88473795719348414
-0.1270452536980676
-0.85264437311249908
0.50681069100048282
0.76263050848021474
-0.45326266543610116
-0.46146252681769329
-0.39535672507252417
-0.76916496614503682
0.50207401326401369
-0.53024565368654419
0.57863032809799664
-0.61969870917384862
-0.23222571932105268
0.91261356174474262
-0.33646352284518805
