-0.37704380181579794
-0.62082350952645637
0.68732535347646184
-0.70493934755388754
-0.68799750313303953
0.17239475616445749
-0.14869752348212389
0.06845384160539647
0.98651057677033871
0.41958666745372186
-0.60756374231731414
-0.67439849311550237
-0.047487351463357405
-0.21081340316592498
0.97637219363140237
-0.53962395260130191
0.11643198087172232
-0.83381627689151927
0.48496629387380008
-0.35724071254250866
-0.79823979298731496
-0.10102319058456319
0.57741557486477857
0.81017625790175585
-0.43797670278940543
0.092473574878177547
0.89421756064336533
-0.21428857453876216
0.78161711967263758
0.58579440510881897
-0.50145209046250938
0.34814526175100124
0.79204840615400918
0.88934756736478904
0.32058406769270476
0.3260165025944719
0.50274172020751307
-0.23829989384590164
0.83094158841390453
-0.99358181805485968
0.11288947048270179
0.0071511037564229718
0.50008226111968157
0.45666878376976178
0.73577941942111513
0.61225206765419804
-0.71661019551978733
0.33409165408649705
-0.54098259042241159
0.73583579027121604
-0.40728801432867134
-0.76395144647062785
-0.63334149615203283
-0.12351816339040994
0.91500961279207649
-0.32857049256748722
0.23409152037622638
0.22575014363470922
0.10849973173952208
-0.96812431064474358
-0.18274439259092701
0.52802445200791137
-0.82933386826917788
0.98619118253708604
0.056680944499479066
-0.1556091964401552
-0.49090516028023629
-0.21896574221261536
-0.84324737019899076
0.29953997544470851
0.90985704182142213
-0.28711664277529148
-0.37943601264077204
0.65919994412174876
-0.64921779549019987
0.32821158152225988
0.36569501520805847
-0.87094449513538752
0.11942916298129341
0.5808674322004409
-0.80518923318587277
-0.88787916588701243
-0.45165826128267955
0.08760937049705271
0.48674326834953185
-0.83708377656066024
-0.24974335173405196
-0.17807903487238122
-0.68676022565937012
-0.70473275061629737
-0.3767364964661688
-0.89637705198459272
-0.23361890528338478
-0.22023710080769329
-0.44197415882955748
0.86957142452746639
0.33479113769260965
0.28174958168625452
0.8991841120383014
0.65277891750051376
0.57876688957890443
-0.48878274559769169
-0.50140737628224274
-0.35104359239830119
0.79079645879698579
-0.49052867941447692
-0.63477935526984441
-0.5970232698941389
0.95351214218977964
-0.0031112277331149262
0.30133853878760691
0.43067647038555396
0.90245566668271349
-0.0095680472668108803
0.2218703058982969
0.95581094326096561
0.19287044382999494
-0.8467433597061701
-0.0058484960892465137
0.53196943322619705
-0.86244431072763139
0.042587466612751382
-0.50435713396466253
-0.30479779591194606
0.89015815505632778
0.33869863093011499
0.90255787457065295
0.07524469761142509
-0.42394282460241089
0.87740035789911786
0.47703359889423264
0.051064248594456511
-0.6274956903814547
-0.092001286095558452
0.77316552038322606
0.18852236914581388
-0.93991627827271051
-0.28463433765030216
0.74259025329037565
0.12412225769682987
-0.65814389069745038
0.5108277269872934
-0.62478631775770221
0.59050579208316556
0.64066413706262437
-0.12340977126989396
-0.75783869776946311
-0.8407758753778598
-0.25202040099761147
-0.47914678843084896
-0.3336387386002948
-0.16802397773044306
0.92760613140106174
-0.43109539821069215
-0.87342456536777235
0.22646475720006123
0.84919393581389346
-0.19632437155335022
0.49023096649547843
-0.36125621285896603
-0.47594752668999507
-0.80185279229324513
0.090789493763568693
-0.2041106717153463
-0.97472873227070977
-0.24221675949742111
0.34324165155200598
0.90747793915798292
-0.049425163946099249
0.047137857690601921
-0.99766486133432686
0.43828319025531964
0.02319501805249807
0.89853760982897279
-0.6532782055819859
0.47863128857236503
0.58663419241562964
-0.097978113281055726
-0.68290480899572448
0.72390697687506622
-0.58205835215563784
0.78449643371112809
0.21394723690757228
-0.9588019152529591
0.059519103058605326
0.27777034341044476
-0.79368749470666011
-0.48977099745689956
0.36081093497334471
0.52004114525281908
0.81610135472286649
0.25206305969665316
-0.96357460213137913
-0.11643986851347973
-0.24076075915297759
-0.70609024040626589
-0.090497195114881523
-0.70231533521585654
0.76576328175148267
-0.49167719461290993
0.41456016767024079
0.29567957017243074
0.84866693278973582
0.43856359740852729
-0.62447183738853151
-0.50959120467517771
0.59190516844025998
0.34077436981405584
0.67543367347678052
0.65395885314864788
0.72732723647190589
0.40832810858605545
0.55160062257458953
-0.70001699213747559
0.17740050341227201
0.69174075498547405
-0.84302890585866319
0.2902354171522129
0.45284176763768852
0.19440861393611628
-0.68738519223938788
0.69979060319316788
-0.71448363012720506
0.24138458298027868
-0.65669370743116484
0.67571699375629357
-0.42345291694801607
-0.60340216396460966
-0.29130539999010441
-0.82178883661150548
-0.48969814371438436
-0.63991517015917809
-0.39125804181244073
-0.66138167476672982
0.18342107825644019
0.52391266653143631
0.83178857043071031
0.69336659958031188
0.71965406805567134
0.036616675400131408
-0.39805952783086485
0.89118428474411127
-0.21757569470921093
0.50784083192029972
0.12969320527587774
-0.85163217526099078
0.70222176152435922
-0.072181148218932359
0.70828982731888968
0.025878604106501904
0.92089851474412587
-0.38894244226049934
0.36723219414832248
-0.13150467139602476
-0.92078609730057959
-0.91784363899814547
0.35231450616065857
0.18285935332766978
-0.95022917860327294
0.16426209185163035
-0.26473094513387713
0.32025922973009191
-0.81570848027948162
0.48171952521444139
-0.83047916533123589
0.36759238934805921
-0.41854532758605578
-0.083798760714044934
0.9867297468079036
0.13907614629116177
-0.47284026726774969
0.40584447600389068
-0.78212041460844772
0.60186790944142443
-0.66278617106711246
-0.44549917062415001
-0.194098010397006
-0.26204177570911213
-0.94533595623097877
-0.63769130358117765
0.52035577153086721
-0.56796097785979482
0.2376219874422674
-0.23576300315492724
0.94231183661639129
0.020293442189811522
-0.85734633972120611
0.51433980010372438
0.79338504498831142
-0.59523611902016693
0.12741323715652511
0.81887266589616048
-0.44805543258141733
-0.3587393014187239
-0.13855040905896354
0.97796137018120666
-0.15619008477778185
-0.98302489292661777
-0.1782111997516474
0.04362141870331758
0.62571258369434557
0.201240944326423
0.75364835628637594
-0.37756810276337033
0.58794795616703244
0.71537369857626032
0.92282503382629233
0.32837891042385381
-0.20139823269419432
-0.61724652127028312
0.78268832555606838
-0.080035723386322241
0.97652089310506374
0.19597827280863411
0.089439711069710034
-0.2780148253565779
-0.82010688771284324
0.5001324320696523
-0.5604627112082089
-0.82763524818183898
-0.030024078872293958
0.44275930089879001
0.75995270213068744
-0.47585301511273531
0.15071191680192472
0.037979524757436829
0.98784790015117663
-0.25549988449304439
-0.96674987954392966
0.010699505868896779
-0.58368749711569223
-0.7372172794795856
-0.34032277112696574
0.226314177284726
-0.4387521902379517
-0.86964269025924534
-0.0016776613978828989
0.91458408451643269
0.40439230680302612
-0.052894941505538536
-0.4905007834408992
-0.86983395346870074
-0.14255816602113203
-0.95083573258577492
0.27493377191382656
0.60014421726521361
0.3762836864936599
-0.70585940934570313
0.13387412664752318
0.98802603642958309
-0.076695955249354755
-0.75434774415667638
0.60109851430512273
-0.263894026051951
-0.24951482332060551
0.85473972394333408
-0.4551509170116656
-0.79310760348782583
0.60635386982842898
0.057578762003764612
0.0376592664564546
0.30635787384574792
0.95117119005081008
0.78531765655966035
0.57725395745180041
-0.22372761765566312
0.90768584846786893
-0.41472041844420732
-0.064135598668962054
0.82304024750367599
-0.17906360578082803
-0.5390185303622278
0.66030562495395684
-0.38029007611919369
0.6475924178520176
-0.9002009590751926
-0.38726664130135707
-0.19915517019467385
-0.55143701788478272
-0.71839315544768123
0.4240618934922844
0.60116389606617837
-0.79880907293754688
0.022495223030455137
0.57074120186558963
0.65767851344584916
0.4916436244320474
-0.90953273772833587
0.40154033374869558
-0.10731057437822443
0.18515702105977358
0.7867691333711615
-0.58882188166427896
0.011834230282694843
-0.85217896741812138
-0.52311658211511558
-0.50655419336527185
0.71537275977183523
0.4812947784471453
0.066115564716853176
0.76050404188876719
0.64595846180154648
-0.086518510659866696
0.74691053875340629
-0.65927171516173411
0.98920692592813975
-0.13976819860938719
0.043983046202903942
0.14253458910133415
-0.95566787193203018
0.25764861627149971
0.83442810349007701
0.12326218761246271
0.53715563220629392
0.029968343715066376
0.33699905596193941
-0.94102791385576734
-0.36747372263949596
0.92774084321353223
0.065268606564834408
0.73860584631625581
-0.65081717975413966
-0.17577941382401843
-0.098183099117469183
-0.95751840966263624
-0.27114308806389525
0.75535500889985185
0.58683264762035925
0.2916611976536887
-0.7523525461944387
0.56636300695255359
0.33644998230109435
0.81078830099224408
0.3502906592189472
-0.46895499255052775
0.36567722033680922
-0.48286222769651005
0.79569104531263168
-0.26142841477062501
0.26856512074035982
-0.92710730763608695
0.070841519070752285
-0.47589095340544429
0.87664661046661529
-0.32102755739339872
-0.012060563566889868
-0.94699305710257309
0.032330063047005426
-0.99945085028000813
-0.0072639450676416206
0.41454403878913881
-0.88208940248001821
0.2237666774496003
0.3190963796992573
-0.94718402427408688
-0.031936258747286665
0.31854312446235328
-0.80570475984988921
-0.49936972056082279
0.13344134626878015
-0.68172973225009603
-0.71933161981952942
0.58237182802741283
0.78091833095003282
-0.22585308124137765
-0.76574720505682092
-0.26752490536008738
0.58486036193243873
0.94159966466784273
-0.20452648131507051
-0.2675051213309429
-0.918614437816059
-0.2301839951711028
0.32118973053781746
0.40085194824037235
0.58802259831645487
-0.70252910221645837
-0.74450142652040108
-0.52015036342159582
-0.41852267004484889
