-0.93708915119623326
-0.34641771558092743
-0.043112516071495903
0.9979595859422099
-0.033285473558465638
-0.054486164078981658
-0.95994367373027911
-0.12459617021804727
-0.25096600891796278
-0.23354796438609213
-0.88110836279400995
0.41122183957758346
0.67780209581122541
-0.15026646732271956
0.71972516123327268
0.140345602353045
0.60422971245189927
-0.78435296040141034
-0.24718596025488818
0.46138676175045473
0.85206886877428978
0.51846727339371823
0.85140214906411582
-0.079410748571515546
-0.52483820030127759
0.14291450687036994
-0.83911876825066611
-0.046477441946657157
-0.91612968570285402
-0.39817866136206348
0.26386419638886921
0.95930033468572395
0.10059102214370104
0.95060958783160987
-0.3098095631241044
0.018959064308879107
-0.84202366418805275
0.44096655020426567
0.31071635062911374
-0.072499039024295595
-0.07363627578541633
-0.99464646394033285
0.0015572929257752514
0.83790748230872725
0.5458100639689536
-0.66278897935169334
-0.74322824285673794
0.09122799937533653
-0.42774996605171084
-0.71858129648411673
0.54833464862797632
0.90076057568577261
0.20143944605093955
0.38477595411476312
-0.086620350113761041
-0.98999647463866147
-0.11137277561950057
-0.013102031760358679
0.99847405105750608
-0.053646119417562067
0.81576578127577581
0.43616102222343012
-0.3798549101861598
-0.19095063738928669
0.65472887205365426
-0.73134667441643209
0.23494305668559531
0.35249621987699864
-0.90584114230236612
0.22509979111987402
0.87090619223537158
-0.43686667115250971
-0.82904368396402828
-0.53024943445945838
0.17754466292957646
-0.59827642077329635
0.39355159025011555
-0.69798457730690511
0.66966975465482936
0.33774649304226162
-0.66141494248179344
-0.22781434217550972
0.89538343786297181
0.38260831760408154
0.67343340030341603
-0.65706975564474424
-0.33874295796774156
0.65590874916335251
-0.75301603637202241
-0.052445798092272476
-0.67846054196858696
0.58668054119755186
-0.44215069328435874
-0.47239182704537591
-0.5845210612333398
-0.65968256814575754
0.86893842704923885
-0.067673596246563064
0.49027165364545777
-0.26620708245295416
0.17860141314657166
-0.94722506537460971
-0.41989760469904236
-0.31744009554410474
0.85024572172340651
-0.35808084423405567
0.42747703392446051
-0.83008523325003891
-0.29481552334896649
-0.58125887727100989
0.75843386315889139
-0.7106466872024082
0.092929793738628766
0.69738464236312137
0.97080831760411113
0.22131049781693501
0.092481749695253176
-0.72662588648692461
0.66759929630509252
-0.1622528910683452
-0.59283397734266363
-0.784780795185684
-0.18074008635552755
-0.83953466985945735
-0.11708667545766356
0.5305395824387128
0.82565927082498536
-0.14187399195742603
-0.54603895365332489
-0.20361295704767068
-0.58186834149616418
-0.78738237019049817
0.77546636872702457
-0.42236124237853873
-0.46932173602953814
-0.23501814666957468
-0.78401609504987102
-0.57453044605029424
-0.97408224064058302
0.18245859097084899
-0.13368863470599798
0.03210636066897523
-0.60180572206467975
0.7979969013065169
-0.25132775075418984
-0.099543558571375243
0.96276967216867981
-0.45575190423522222
0.64299735063509234
-0.61550354090144865
0.2142537713875507
-0.8574002392567972
-0.46793178046441569
-0.21852010318407269
0.70501836311010613
0.67468368305597004
-0.66033353510608106
-0.64160732579234536
0.39025589284968032
0.078505046283064192
-0.50486852390149872
-0.85961894539476957
-0.78333757261100923
-0.39699177497633492
0.47830929108374104
0.54232380409221437
0.31041796188926418
0.78072119252103367
0.71438406398057652
0.66232688263522133
-0.22578421040742727
-0.50496531688226687
0.79280341745192984
-0.34128107187849271
-0.92605916661629784
-0.28082109293281887
0.25209905531347199
0.020739740737013925
0.61572637892031479
0.78768705045585108
-0.82928558780962225
-0.15502911732403479
-0.53689047917892907
-0.073811600793568979
0.44696912187250321
-0.8914989914076259
0.16067625252887827
-0.2422516616400025
-0.95681621762276481
-0.95440750871443691
-0.0071179584114224679
0.29842191939861784
0.28105306997546214
-0.076545716952603635
0.95663468736690704
-0.61653022056695861
-0.1449961588658375
-0.77386471753259956
0.8364032671405337
-0.52655088249989079
-0.1522292444152146
0.97258600103315274
-0.053998924513201527
0.22618706140218894
0.45869954095364368
-0.73511242420606282
-0.49920382100581123
0.37597543368825675
-0.39251087817969016
-0.83939125786103808
0.61743244752137905
0.58978939059889857
-0.52050518487786379
0.45589574442249509
-0.28536480186144536
0.84304566903343803
-0.52819994382340407
0.84764863719934103
-0.049966060471614775
0.015140981292700887
0.099924809382055196
0.99487978326803583
-0.49983438300235938
-0.012706762906343374
0.8660277869359001
-0.66241444473262834
0.61772772801613463
0.423815475707988
0.86194837357942544
0.45009195165316895
0.23337145571132809
-0.28707842038646669
0.93694618639742711
-0.19929331234070269
0.63923716258597363
-0.26277579185853894
-0.72272036997870159
-0.88124180064198232
0.47239150404479396
0.016098313811517797
-0.65887310262388699
-0.21739632898125391
0.72015628219452976
-0.43334360468136685
0.74867285279857887
0.50169939183159917
0.74339905580771715
0.13797225491589551
0.65446275730374281
-0.49829006698077771
0.83431581333258853
0.23584768977344939
-0.5724099380922254
-0.49083965677099367
0.65682820745929293
0.40501834680848631
-0.91352519442081048
0.037839898347394638
-0.79181546612814069
0.33275198565810499
-0.51215660070027746
-0.96169071173227727
0.23044543031690554
0.14847854597187515
-0.87017995137579629
0.41942551155730928
-0.25859058853428146
0.68834940439731629
0.62740752997938087
0.36405341474985842
0.3281096564681833
-0.88738455085355283
0.3238714440001913
0.19063941350837418
-0.96321726850427836
-0.18939141393510933
-0.16606829964168524
-0.97360292867697551
0.1565843450851192
0.017624689342161881
0.79430471585407647
-0.60726385426564544
0.028148825863053856
-0.74285066113614862
-0.66886511259903381
-0.72027862059802439
0.67997052094845789
0.13725450575660464
0.017809932491816852
-0.17887796694617486
0.98371005852631188
0.72445060094441638
0.68530030882728843
0.074396327278280536
0.19338718762726911
-0.3830211181464569
0.90326973751778794
0.51981500147371873
0.037191996492909114
0.85346887444109476
0.24188573446343761
0.037531107998942298
-0.96957862362752989
-0.25802184632826641
0.19019225588696928
0.94723367371413592
-0.50470751859413598
0.27693918694736347
0.81766436109658291
0.5067111434490339
0.83797126886130624
0.20260298533719812
-0.36109912338869499
-0.10023067227886141
-0.92712525336248031
0.52548787541139064
0.55308255928440653
0.64649994231324848
-0.46941080728592177
-0.84163140718556229
0.26703945109670535
-0.0031453655301480407
0.97217056903155019
0.23425304989381404
-0.25900830140158043
0.83183478073525008
-0.49088246797396051
0.35375317694361591
0.70193369643381187
-0.61818102171860934
-0.47915199385051149
0.53848322501849888
0.69314441724849529
-0.69689389177608818
-0.58712122504542552
-0.41185867807578908
0.58711092725494696
-0.77649129391045046
0.22882751053820163
0.57300113657685392
-0.47844295095490141
0.66540366707976562
0.89714773494367661
-0.33420117174367658
0.2888520702549735
-0.1411970113278205
-0.39647788288613839
0.90712110127271139
-0.80189524409790136
-0.5835772109313565
-0.12806895164225501
0.28708006830334165
0.21733440483533237
0.93292592999542057
0.45765790323561606
-0.11387331826406903
-0.88180616407094226
-0.10639108706490776
-0.77040234140982766
0.62861846054932435
-0.99754357638686364
-0.065740403749141307
0.024187032149587707
-0.74238056117073015
0.092804633019872809
-0.66351970768461632
0.9474069698986497
0.247381850717969
-0.20303264102801766
0.44294236625813294
0.4776827711919997
-0.75869706094064815
-0.27304138798113037
0.95777046252751408
0.090134019987847744
0.45978664411023518
0.75575105396173103
0.46630096111157709
-0.90934504065373534
0.10428378078525258
-0.40276108315425629
0.84044141787717896
0.17740557514639729
-0.51204051111564708
0.47721249320760223
0.191403129498186
-0.85769054929204203
0.47129461313327253
-0.71830590979329634
0.51177925669919833
0.1895300212948558
-0.78537086305890957
0.58929702059833544
-0.69954795244320145
0.38379205834769164
0.60277385326651844
0.24872390966535229
0.7164457131066958
0.65179901574934873
0.32555187590524642
-0.58274533579201393
0.74459643412202015
0.92185861756718102
-0.27855799892089711
-0.2694107096132437
0.94464842566318341
-0.0046703631764091818
-0.32805112345466736
0.28937863652480406
-0.63997213573704859
-0.71182558973614174
0.29220022099908755
0.48235892715475176
0.82580197156594459
0.020782997902122971
0.36973983601522264
0.92890285857114063
-0.47932497359007509
-0.75963068498544228
-0.4395552207873562
0.49096534482798282
0.79493910094847586
-0.35640546567241188
0.13146792404411217
-0.9858851046969519
0.10366650994516967
0.68249428376500831
0.038900034019384237
-0.72985501298640054
-0.39918317957240401
-0.91686998069890502
-0.0014925279412298165
-0.15059787752452752
-0.33513898222861732
-0.93005491336580448
-0.30996049012203575
-0.91051431149699769
-0.27365705385108507
-0.42818177978790073
-0.36395191138702304
-0.82716344796865759
0.23021689023033021
0.89467882254978726
0.38281847909107325
-0.86138798292943797
-0.37377989807768947
-0.34394669740787814
0.80895920616446582
-0.57285608272543576
0.13198829965654593
0.74576056353643205
0.39893071910705968
0.53356861154545765
-0.8622471200099292
0.19720757334705596
0.46651803507383105
0.774904797691086
-0.33611195930034693
0.53530487138696858
-0.68084008876401847
-0.38603874774429042
-0.62243944185103151
0.56572042749325413
-0.51933811770875249
-0.64050629771422196
0.25567783313369163
0.95072289964239931
-0.17537050418929809
0.011489756827956686
0.19454725635030753
-0.9808258512776884
0.048322245924030907
-0.92367364370416816
0.38012098136662092
0.70819594964619748
-0.58077690339100063
0.40144325301626504
-0.033470374544075351
0.94161458003089415
-0.33502494937112087
0.45369873732969412
-0.85816276999989971
-0.24023762388839195
0.8755419311658732
0.47910388225293465
-0.062336159494303281
