0.20956979015237218
0.30890999047433843
-0.927714999792843
-0.22876389030242517
0.81768348612773611
-0.52826205524123393
-0.20309634364034429
-0.77489790158074612
0.59856922517423117
-0.73660525077804218
0.66730772200155253
0.1100595687948854
0.24587383987476563
-0.67161464523859382
0.69891331591712846
-0.02089387850248791
-0.62553004720898486
0.77992025610305094
-0.97554270013197675
0.17598685924713633
-0.13170066663286381
0.32442277866353514
-0.84090426532265927
0.43316264525740156
0.64383087230362557
0.66348560286897662
0.38114126338451382
-0.88192644504741924
-0.40795221117394564
-0.236179463383906
-0.012125554151364161
0.99259920630423659
-0.12082957659746145
-0.37861763285303524
-0.26202587149257894
0.88768864516863044
-0.25674878458463712
0.60932389700943002
-0.75020293930879334
-0.57827374426952416
0.17719689599602612
-0.79636721224437579
0.42699742127116264
-0.79972160160829431
-0.42204094842662088
0.24927552336640174
0.93843789155368817
-0.23915692995745411
0.70681490871053299
0.68565281653691934
-0.17404855644190406
0.25462203202288802
0.96563247876705627
0.052168350162967239
-0.66302360010343542
-0.29754177038458007
-0.68692692521278398
-0.83178385082648243
0.4679434761594426
0.29860430108102126
-0.5637598524794879
-0.81959329197697783
-0.10218446300023534
-0.85025433274903206
0.23517143285930844
0.47091609317201949
-0.94764214243936939
0.024803626763619527
0.31836951796975271
-0.16946085539553427
-0.92454096629238069
0.341331246937289
-0.49445704918193156
0.31403546636376622
0.81048994588457968
0.83869290205987224
0.42875996666110644
-0.335796228423067
0.94841143998471111
-0.015293418466294586
-0.31667309935916815
0.76656327773522981
0.42360634507079264
0.48263692942374975
0.058223537402291477
0.089172481667049122
0.99431297296460119
0.82770265096825801
-0.046281344776114237
0.55925518210011471
-0.94185283782013707
-0.33514918239775032
0.024254018806672027
-0.63742941034498535
-0.75142028348179501
0.1704444319987698
0.95884444832165627
0.22424694079637367
-0.17415692195892202
-0.68558600068221909
0.42056689974041617
0.59421824148312308
0.70737662912499066
-0.49094946125552114
0.50851443544965258
-0.43324501916488656
-0.44469446162143683
-0.78392958176869265
0.566693806527507
-0.14923914986898187
-0.81029982462650696
-0.82547362208948416
-0.51588390888398783
0.22903513221566021
0.32077212833164387
0.56948488787015605
0.75683036684127769
0.20412599535855583
-0.44134279446090607
0.87381297529638313
-0.38212367557623744
-0.91756487568895284
0.10980070794864201
-0.17004632224360475
-0.089183428488358238
0.98139215626297238
0.41059523012365728
0.75001570891658365
0.51854410938516637
0.013848686265713797
0.91311878015042636
-0.40745835029523086
-0.46488470224283762
0.58365533568620109
0.66575420595413126
0.41968698753437578
0.086571474125734432
-0.90353096923238785
-0.2576733044081434
0.1862710738910574
0.94810735427316495
0.4941050140800457
-0.65954302847098056
0.56644790462697026
0.03331500418972512
-0.28934415145742132
-0.9566452176816771
-0.43535216206010607
-0.81908439573534675
0.37358967819313899
0.85002731819162891
0.18918902728478931
-0.49159034803684093
-0.0042370856306850543
0.98578242755426226
0.16797336881358224
-0.69842141108388156
0.5506959213288275
-0.45710123033239969
0.65093570912140242
-0.71574134909862086
-0.2529763304760016
0.86651715576530475
-0.28623995875317992
0.4089189464641913
-0.51555626883929484
0.79079522841196737
-0.32991611112731217
-0.96881260488273802
-0.12192018085628335
-0.21572576600929028
0.58144058892997175
-0.6001935323579487
-0.54926729855367851
0.96787711039325808
0.22398802148377156
0.11420711627820142
-0.52210149329278421
0.82420781506801366
0.2192977616900274
-0.068964273945184298
0.23270638078808487
-0.9700987935564731
0.87496566514449614
0.48140843123522353
-0.051778442945792681
0.21551336114649233
0.91049546702954653
0.35291924810923792
0.94321205292366128
-0.30934133471335828
0.12107419980032989
-0.82882648591931107
-0.074615229987497506
0.5545080916384888
0.31415514803463634
-0.22594123338469646
-0.92209386833442164
-0.52682200739087715
-0.1189240729647834
-0.8416148985124452
-0.028226039351790921
0.49460663424232565
-0.8686584875922122
-0.9064087281759271
0.10181872408852984
-0.40994653908952844
0.70297238610624024
0.70322283704343691
0.10633656865198683
-0.64048716475337153
0.64617148753076292
0.41501638580719757
0.16529272421315092
0.015724535494571593
-0.98611918869154724
-0.44960016984784368
-0.65480287475575472
0.60753014944477413
0.34631108561272111
0.059640503589467611
0.93622200482221796
0.45766370847049986
0.37793775296350507
-0.80480245081257429
-0.10501598066309051
-0.049546208004990579
-0.99323552950833149
0.99899631091437202
-0.039202572908031599
-0.021668619173028231
0.17891442917655001
-0.98385065939778893
0.0052447149555775686
-0.75349683416014201
-0.45217645057416367
-0.47726195999345511
0.68178595102502226
0.39613873603908689
-0.61501383626245398
0.6049489639072656
-0.0087436048197902187
0.79621623975040923
-0.28509398920363349
-0.6906710580530413
-0.66460131423873292
0.46251032670411535
-0.87984401448207872
-0.10935587717224945
-0.25939349857501004
0.4852951523224503
0.8349872023147098
-0.30837475587851987
-0.93422295045899162
-0.17925537306468575
-0.38108950082452675
0.78541297166371926
0.48774712331666137
-0.64234627447993409
-0.15962885847938654
0.74960649090193798
0.30967049458823404
-0.68215506816456906
-0.66239614111109579
0.68164624519176453
-0.26156795413209011
0.68333052162706875
-0.14427796386255895
-0.50142299014481151
-0.85308783492551932
0.64743704916621581
0.14849041721693015
-0.74751311919034924
0.80983713546778724
-0.5386050638349299
0.23252612590567029
0.14101339450007519
-0.17705623357506267
0.97404636066451133
0.1206925725904814
-0.85360615568293674
-0.50674434767611332
0.23500454986008529
-0.93476498616663228
-0.26643438626039717
0.94265619481326912
-0.29021539476882297
-0.16484636186262733
0.89955722809258709
0.19020357135969598
0.39321672755415449
0.68516572109931639
-0.3516812929219339
-0.63786221305169866
-0.76341051942777094
0.28757079890808818
-0.57836615948928494
-0.17315262921922958
0.71924080241904331
0.67283789662152549
0.47025386086372717
0.85190449026136494
0.23047786404616477
0.47037067125816878
0.80881137995900143
-0.35295266434602135
0.60498927649943512
-0.73027311409084339
0.31731554351583879
0.22826283277345183
0.57943969822655195
-0.78239741518831818
0.50012526473672514
0.86359040996892633
-0.063924356717314029
0.47711846101901972
-0.45360000540133433
0.75273169805366336
-0.79140093256820543
-0.60988089199343942
-0.041591603857768361
0.0077404249262212135
0.7374309388235486
-0.67537818760142176
0.78234596216425656
-0.058251261594112133
-0.62011417175224925
-0.88824039645127006
0.45876386021052251
-0.023763810233855976
-0.10967169300045673
-0.99241286213980584
0.055577250866629686
-0.53986764789035824
0.83958093118894306
-0.060388597808191412
-0.0805667342237079
-0.36212344654797535
0.92864180973976296
0.66845042453009462
-0.74244023344338894
0.044232676948859052
-0.87148755321608129
0.38324469700656866
-0.30599501107990523
-0.56235690571860164
-0.42279408752774855
0.7106334288099444
0.65494925484803013
0.61521432108078256
-0.43880840091219964
0.7271192902312883
0.20612836304563961
0.65483481559983692
0.83916941236592191
-0.53987981711379485
-0.065760781797426143
0.9624850009019984
-0.052280859304380457
0.26625051134049665
-0.26694483525185936
0.92464896452039735
-0.27159666298339313
0.10795768610375264
-0.95529383405093538
0.27524321723775025
0.41966264371360218
-0.2146690325338361
0.88192996997624307
-0.99722720057287439
-0.050620375151867521
0.054548034401546021
-0.75208392536768243
-0.0032952174345866623
-0.65905911020605512
-0.26295531992518312
0.9257415671691529
0.27176653682571933
-0.16582026784477077
-0.86636538887758285
-0.47107818005813301
0.86373470686438203
-0.25076862087906376
-0.43712407270740961
-0.95550155051102836
0.25200516376207732
0.15333031144646367
-0.061643109809416487
0.88524653489022787
0.46101919643098255
-0.77136437228882637
-0.3612014195992817
0.52395662000105392
0.78709949693584458
-0.50211609926681089
-0.35826499240146598
0.45678599177408297
0.62520715717365427
-0.63282111875142499
0.17120381909183111
-0.50566073419905366
-0.84557464142300631
0.56385888833820308
0.51438256029625307
0.64612207492476015
-0.54366856997903168
-0.6072733271768157
-0.57934755727158715
-0.031228520946080262
0.34745707292446604
0.9371757369641418
-0.038502102906961801
-0.9716455313790473
-0.23328641071196268
0.40993392165433279
-0.89638241777095184
0.1686794029755917
0.058861604682112947
-0.83633933265132376
0.54504296358597726
-0.43816501104045907
-0.80550364870610913
-0.39896778694658985
-0.32057344851977138
0.36036978142765308
-0.87599445474153947
0.44804257212923165
-0.44142455449066204
-0.77743309438982766
0.14356608197192453
0.77336145600816575
0.61749561817729559
-0.46721272725599772
0.017342763521279086
0.88397482772048297
-0.68262894708391131
-0.66455164303997438
-0.3039553163476193
-0.28450594612541596
0.9586740136620957
0.00070862422339335626
0.24962752003258931
0.80503469349379686
-0.53814983370222047
-0.34486173382631607
0.081104731430426902
-0.93514298750613822
-0.66221438303604518
-0.61052255283834655
0.43443563778301869
-0.28464613293562707
-0.52412069620210322
0.80266685169964258
-0.73813286513756937
0.64796527556470307
-0.18788527101974029
0.85266783227147347
0.47193164031854096
0.22413856133141793
-0.46817669302166376
0.67299917063669212
-0.57261042641015814
-0.86234059276834951
-0.1856781161340452
-0.4710544971156137
0.50603311066632739
0.28552745735045121
0.81388240060118433
0.0011104608925485517
-0.70541908370456718
-0.70878959023254229
-0.28549821656088287
-0.25193052543885952
-0.92467387693859693
0.24681259677251197
0.33651509531871154
0.90875801657924749
0.040027854094787881
0.58546125748318001
0.80971160722987046
-0.54589806119876971
0.44324145171552376
-0.71100796216395457
-0.69290024428997221
0.13643899142564775
0.70800681711523727
-0.9183576056442736
-0.25456208195072111
0.30301395114454893
