0.83128487412919727
0.55542241933051495
0.021711613229840297
0.68256835063429555
0.14734723996686913
0.71581368915837529
0.032800105047767064
-0.15849802434869145
0.98681433379659467
0.49232873469353838
0.51977513427064526
-0.69817349333026957
0.48158288193054866
0.85579457235758449
-0.18892744044941237
-0.47749096634796834
0.65108206520930656
0.58999535711636553
-0.30556901759816685
-0.73087118085849245
0.61029082614324437
0.081448596967352307
0.77885374232705096
0.62189466480682853
0.016454299112952951
0.57987361065727683
0.81454027015488584
-0.84608653363588071
-0.063974277703715846
0.52919265810506821
-0.013370069258983583
0.91997218708548145
-0.39175555674063645
-0.96128357376686435
-0.26709624260270171
0.067775275680180075
0.37839999766303811
-0.92272585404485352
0.073419616219430356
0.30666368258389365
0.59125304896112407
0.74590697669230821
0.44481605587290424
0.15429589487223511
0.88223095233801985
-0.8883581871063726
-0.30580067876379968
0.342499162435003
0.61073019502472103
-0.77460748436870897
0.16429203889734414
-0.20239370867714909
0.74548143278810586
0.63505450164226229
0.19472433939749553
-0.93683603980141184
0.29055234670437008
-0.50586994918263661
0.72826093550648674
-0.46231115531552286
0.73739569405362393
-0.67283158112369745
-0.059542034175525969
-0.36652068558583217
0.83883475475792546
0.40251564099784076
0.47634624138088055
0.10173930211843141
-0.87335180352865949
0.88685481249629439
-0.44523113870723635
-0.12352236509078129
-0.079006321773400889
-0.97585325331545247
0.20363798543858513
0.31953184422868364
0.71569295417421264
-0.62103381217869669
0.27258951972642431
0.87512192326365035
-0.39982067625205042
0.34592815203185717
-0.10206404719571266
0.9326932206796914
0.36629238463724306
0.92724075035167874
0.077810538129600038
-0.65053315952804458
0.50696721479723494
-0.56550053180805582
-0.56722659593728586
0.80415603978326922
-0.17772746704290815
-0.54914770922232348
-0.56028093086189912
0.6200984373213646
-0.075974311995163621
-0.83767001778165462
-0.54086675367094239
-0.89132549653084414
-0.41812251776319259
-0.17524959164977469
0.52590689837849769
0.39915715867370199
0.75106291142449966
-0.72352617156724142
0.46516715704288192
0.51002881787786603
-0.90390822929148662
0.0598310356257023
-0.42352114492087084
0.83460928945384483
-0.37998164075085139
-0.39879980773520879
-0.08697926184953074
0.98852580565954318
-0.12349631392580834
0.6344712473600842
0.77190251206759875
0.040159035559502898
0.44321495060587213
-0.81219269146911965
0.37934620003841052
0.88257672835581846
-0.078978700661166953
-0.46348752238502994
0.47026587488519744
-0.38006722585120867
0.79649162629134151
0.50105672648515875
0.81210185250906719
0.29905306886122746
0.71706533835231401
0.65964866733019545
-0.22512426840120692
0.71648350489098389
0.63081732637196453
0.29786051763880655
-0.96693697096381948
-0.13344501517036175
-0.21731387923806353
-0.093933829077967504
-0.42896071194010993
-0.89842592536423671
-0.858895197059236
-0.2630323968672254
-0.43944624092926149
-0.22977260770716645
0.77896240197058142
-0.58345704645986651
0.79722036837667398
-0.12271759948354738
0.59108381387275022
-0.75514063229767192
0.19605516136869688
0.62555974866815578
0.045813992335132912
0.77452829309247595
-0.63087796070680102
0.18752788111017862
-0.44132416000063523
-0.87753420423711148
-0.66891509789682624
-0.34471950636968424
-0.65857501754463843
-0.99980540805195528
0.01095104804816454
0.016407942488619667
0.22009634567305686
-0.34992217890422284
0.91055591115114254
-0.84510448117717019
-0.52288165003509102
0.11132473198192112
-0.66404981737289748
-0.0992225449709251
0.74107538524533012
-0.63741162581054545
0.68806192947390921
0.34681003516362996
-0.19661839569585507
-0.9790850984299535
-0.052283616041705297
-0.74110397109208015
-0.55450855858528836
0.37853026627631109
-0.023325637281705763
-0.87287673971108437
0.48738292124032234
-0.0024657209294890845
-0.95827800958228349
-0.28582717955316095
-0.52739668728867939
-0.57717019736809949
-0.62347998966045104
-0.30218286274979717
0.89254194506974927
-0.33474526695899065
0.53019351256525704
-0.83377388524102258
-0.15399982962264869
-0.96172070791444553
0.20380975667707052
-0.18317986530121477
-0.38709288920982843
-0.41911522046725519
-0.82128041928191109
0.1494712518364131
0.11047418148699509
0.98257508623984258
0.21006633513792283
0.91612793992699604
0.34144067204543788
-0.88963011510173196
0.24127949867649229
0.3877401988735496
0.19800493470852645
0.96897084316549165
-0.14795117750876019
0.70360721346215316
-0.62810396028365922
-0.33229851675866334
0.34093783405178357
-0.65137888133268407
-0.67783991197469307
0.038940436837857029
0.34271836928830496
-0.93863079095629609
-0.34764798227089361
-0.76989768442435635
-0.53516206511765252
-0.069666424620530562
0.90700521150584812
0.41531690981926528
-0.73979895585014488
-0.65939576894824337
-0.13377116586241658
0.85988847284019521
0.14174764005007309
0.49040740289762313
0.60686744356893396
-0.54212519227757916
-0.5812161231711529
-0.51550530418206142
0.84375055036786761
0.14946334036840281
-0.15011100767550975
0.054233010435371806
0.98718056400729459
-0.95867227548964928
-0.021644921320126624
0.28368814848093965
-0.75760416136491848
0.23948399473183093
-0.60719300963519263
-0.40443242489994685
-0.90420794547939021
0.13726764011043815
0.034923150403221408
-0.1783519540317664
-0.98334681270595703
0.72379514813876
-0.28182668208290873
-0.62983672868206853
-0.84865887550918662
0.37297916045974461
-0.37505287478197891
-0.60395307084416416
0.089196775525367339
-0.79201301975016869
-0.25087944985750499
-0.17935362896308316
-0.95125799729461846
-0.27010990680145514
0.52952962940092185
0.80413867574830133
-0.56970681543096935
-0.73877420279497252
-0.36006502431665899
0.86914290269547345
0.41774227502264222
-0.26473006318322445
-0.39145668564220271
0.58582940571913622
-0.70962354150689322
0.064301534781952122
0.99054357081719613
0.12119714079714834
0.23416007729569432
-0.59502022814920386
0.76884327810948816
0.17397901002660049
0.56047977600960086
-0.80968742410537153
0.066121816090163377
-0.66808337824950448
-0.74114270228051771
0.2000832899748167
0.093952454076417447
-0.97526386862524139
0.96064420347579105
-0.18198843467152298
-0.20986406070161617
-0.2921433218082089
-0.9073951850946641
-0.30213615736929827
0.73269710028425883
0.025893492031615242
-0.68006211944604533
-0.95485858245321531
0.27362779324681341
0.11564133464430264
-0.2163948811473882
-0.63471411650684018
-0.74182966085223989
0.95442758176546816
-0.28078339574551964
0.10113691630129699
0.95386898488003491
0.29952497199374079
-0.020463402358373614
0.63631873654023208
0.28803857481895911
-0.71563415579757339
0.48152308635796803
-0.62176339435772832
0.61769393613751233
0.30732795249852529
-0.1742153240629028
-0.93552047036648101
0.67488450399137523
-0.61346254605293082
0.41011536287070632
0.84581480563947276
-0.360532075494228
0.39320978764634712
-0.21590790698382215
0.95936117998899761
0.18168627364768963
-0.037146462838449482
-0.69901797355220796
0.71413865106823371
-0.55850512433409571
0.15441690648086809
0.81500150005103356
0.93923505994538936
-0.10545943502448314
0.3266738583567681
0.54111562297477556
0.71590467716924011
-0.44121919244274332
-0.87734838935552717
0.4731814658668777
-0.079743990716134555
0.23262057192442945
-0.7914074224098514
0.56529811716663847
-0.22999633350027421
-0.26584271098024914
0.93617804908847457
0.95889065105884164
0.12260981369471023
-0.25592098956064435
-0.533700230621174
-0.74833205336350139
0.39390760559256977
0.55913447166925367
-0.15509353712008869
-0.81444130379955815
-0.65570869785495789
-0.74296596878034415
0.13434162717356252
0.71278140038102655
0.49334467912083213
-0.49855160500596718
0.87077576261911094
0.40607831621929663
0.27721827560896245
-0.73305061692265994
0.61532911590460926
-0.2898393902652977
-0.72658304140156604
0.68623163146259358
0.034106186064076519
-0.52049940649385174
-0.17275965425759798
-0.83620240952794622
0.96193010695975423
0.15470692480146203
0.22529144844594182
0.59690624724323771
-0.11905583022834661
0.79342840968207962
0.10994005866659745
-0.99387244479112224
-0.011434464801770079
-0.11459266861498063
0.58637422426431651
-0.80189387665583178
0.74438357124790022
0.393983752436531
0.53913811001658241
-0.032075108405585404
-0.46780941384786934
0.88324715665326814
-0.29975285583917644
-0.52394888567606912
0.79726143178700382
-0.35353610075452113
0.9335582123017212
-0.059002455095561096
-0.50671746300178111
-0.85488213014019632
-0.11141793507330398
0.83832694502512628
0.22845756912298987
-0.49498997197443645
-0.51376530827281353
0.35052064171397918
-0.78305841911556062
-0.8314470117436118
0.50380789275376681
0.23425087803811337
-0.7330004922847263
-0.3409644178288162
0.58860304457673773
-0.74500799694495001
-0.52271183268671617
-0.41440973016734051
-0.50386209051586384
-0.32555034876637728
0.80008747281723747
0.34186455614361572
0.34382188993170099
-0.87459426779308469
-0.088725030632147747
0.087569078285227947
-0.99219933756660017
0.28132089933218857
-0.92992711966638786
-0.23684193823709493
-0.76779841309867225
-0.075484043148674435
-0.63622932663709353
0.34701401957697348
0.77057135998775173
0.53460363764536678
0.57093478569298917
0.60959903392514014
0.5499295303247832
-0.40646747969330027
-0.057132654476470091
0.91187721089204155
-0.36061461997990774
0.092087898962680145
-0.92815780701418749
0.19810329127388202
-0.84084877907315991
-0.50371461832830666
0.99991821667458092
-0.010803981341205348
0.0068435334078735723
0.68129709991491161
-0.38896343575583564
0.62011426954436955
-0.32116625295239309
0.26958943007126362
0.90784017159319996
-0.044615579611518644
0.33485426227743975
0.94121308591124031
0.24446081307475839
0.36811582816752503
0.89706724827259487
-0.53802163764354327
0.42062928457034365
0.73048184261431215
0.8256302790650194
-0.53700408809435529
0.17309318779480651
0.45610691404101433
-0.41373301948213564
-0.78790321204712543
0.46792719037779906
-0.76995689552614199
-0.43383236801428832
-0.24872002027066448
0.35555155211765938
-0.90095585091794794
-0.28165471526663388
-0.88134905167126087
0.37933424639259833
