0.31059256311566963
-0.91771696842128603
0.24764455497523735
-0.93725141829479897
0.19349684352443661
-0.2900323265611392
0.56328020235491116
0.81479842775459066
-0.13718212625432555
0.77882451189048707
-0.36083061592257443
0.51306300421242645
0.37625711451722604
-0.4194806346590495
0.82611535569871364
0.79468334318192202
-0.59905108320649403
0.098062142431877303
-0.44154618121936595
0.87595797218208982
-0.1942539596024645
-0.65995949990281999
0.56839064632877068
-0.49131001582909145
0.20260725717097305
-0.94741402248160533
-0.24770338985746509
-0.98167705199313104
-0.16403381228685865
0.096969448883219123
0.45180890757984488
-0.7706981885482318
0.44932506406829925
-0.61046516427988928
-0.11776068670525047
-0.78323987632617087
0.57798021424491108
0.048408641255223844
-0.81461369703266684
0.17349144905311281
-0.84598062463141399
0.50419986102109726
0.42017780326365484
0.3581192590318496
0.83378726900511524
0.057762247779029018
0.88083033157083135
-0.46989514757691792
-0.6095044959952699
0.36545995624552002
-0.70352206059410416
-0.53422714080971001
0.65392246927018483
0.53571145797515518
-0.44882064479059719
-0.77330289229314231
0.44784223291334796
0.88965405968881817
-0.37149804166782657
0.26552751103449657
0.32402198439241703
0.10143306415282732
0.94059613391028185
-0.19906215427678542
0.91536593210525374
-0.34997066887921507
-0.17504762170911828
0.95389637153486617
0.24380328649671215
0.21744990162638025
-0.19924013634014476
0.95552022917039181
0.47690735374904725
-0.12442428309742951
0.87010227773278004
0.84458472127875805
0.37784219149727016
0.37935725498139999
-0.83885073806472477
0.47768262839033271
-0.26105314742858332
0.18481506261502936
-0.25589674740058205
-0.94887314605294071
-0.54841714413753118
0.43599213049870322
0.71354712399338838
-0.76774818957090651
-0.59108855554787965
-0.24733992178966349
0.14638295178281208
-0.68888417129788659
-0.70993706056422712
-0.86353314108934909
-0.34924072452916616
-0.36378761739606447
0.55420246794975159
-0.56639921282628514
0.6099602906978201
-0.59362073746065447
-0.56612907387973443
0.57193731454132524
0.13767918228606774
-0.99032700688032393
0.017229689738895902
0.89966135970925565
0.39697876944258059
-0.1817066164396548
0.11686733714663264
0.48598608658802617
-0.86611751463130615
-0.17126962759025466
0.98275646710696674
-0.069688169903714486
0.59505101469929056
0.1191314160899503
0.79480940835256086
-0.87841005846182518
0.40191774918512368
0.25856893100884537
-0.40369841556654051
-0.91403225432260915
0.039656365529303877
-0.96602560254016068
-0.13887458207942863
-0.21796418441841145
-0.30838374573492033
0.43006168805295225
0.84849655852899319
-0.36503659262048699
0.36557562624216111
-0.85621419489849415
-0.68348380071572656
0.18897205811917167
0.7050811693765402
0.32414728632780804
-0.00093948343482842746
-0.94600615967190915
0.98552498883195139
0.1685338260154324
-0.018353361446400398
0.90340797567068931
0.41535259065020791
0.1064718504335679
-0.62720062771647045
0.77747167620411239
0.046445293544482097
0.66336633574481818
0.34953260871401659
0.66164345386776646
0.95346775327808786
0.1425148668474587
0.26568544594366927
-0.74366141821482346
0.43400832570952275
0.50853167873155591
-0.92010805260497663
-0.11530113215973256
0.37430845629528786
0.98549259677277501
-0.075303399384181804
-0.15209779665478101
-0.54031922008337785
-0.39359496089317264
-0.74373257772400425
-0.12292143679891517
0.25293422671480592
0.95964295304632619
0.14935716040828739
0.32959495156101754
0.93223366520431106
-0.0071093392351958178
-0.86191255031115432
-0.5070071132753079
-0.88626891075571179
-0.022745023105699643
-0.46261223692397663
-0.077760138699246348
-0.96421462917986767
-0.25346303419829191
0.4385369952745039
-0.65865047171695601
-0.61144489521349443
-0.72780879734387294
-0.59673694392554744
0.33793397914868406
0.46959535974325467
-0.22819579834467457
-0.85288151329797257
-0.11182260744243905
-0.25048604670572949
-0.96164049668808627
-0.50167280231695777
0.12562259335673726
-0.85588747125646059
-0.13839511811617516
-0.99017647474763237
0.019933392535166666
0.90867956596484745
-0.31296960026110848
-0.27631770792031818
-0.76582804531043758
-0.24069921575679773
-0.59629798972498393
0.73818682260177271
0.63496400193259661
0.22781775871700688
0.80410433968431549
-0.55936825237173859
-0.20130417069558637
-0.45251753840872572
0.76874151877252395
-0.45195614250480171
0.45955157567824889
0.58963760110021113
0.66418359559720164
0.47607006255107986
-0.82391779913073748
-0.30743577511111597
-0.42762396574603179
-0.63652792632715316
-0.64184884741291759
0.070891319399346203
0.99156544593971985
0.10850063249670167
-0.39335688301362026
0.91587493854569246
0.080271162503935192
0.80275037914631842
0.36525138114895683
-0.47136319049032815
0.93353412861690799
-0.35844261850718923
-0.0057375905378326143
0.98488507207754095
-0.10933722156323093
0.13433825508636699
0.052495097426371873
0.032861504695279667
0.99808035060077083
0.59012621587888492
0.55652488808417677
-0.58483424854856303
0.32482702920517298
0.94557493340700882
-0.019376439561298774
-0.91609520994710114
-0.39395644417683029
-0.07461827124454784
-0.42763522865575054
0.59609096340682977
-0.67956138395089927
-0.89159714157200143
-0.39331781681327321
0.22440060632243664
0.36571482427536722
0.54493377170640522
-0.75451961655020516
0.49402552001260414
0.76681739454382358
0.40979247064983776
0.29152396743668263
-0.66130190385957721
0.69115379501358043
-0.2965865313520627
0.65833525310860197
0.69183171648529163
-0.050789080675138452
0.53359304448974676
0.84421497982228288
0.6267114596915887
0.31893960993874454
-0.7109924553069179
0.93312735376155653
0.15107783789631765
-0.32626496679620542
-0.71125130871950992
0.63797008567155034
0.2951537660830692
0.64573148093859067
-0.75764629052553067
-0.094883892087949367
-0.6305786180669215
-0.29633546551701745
0.71732551767912467
0.2123906960488266
0.58362434913910854
0.78375558136695078
0.25619197481535755
0.78480665610142375
0.56430858985054333
0.31364304735872206
-0.47977435863616047
-0.81941723416022638
-0.2767441098267408
-0.46653359016991469
-0.8400947011613481
-0.86093926955693079
0.17381231834074334
0.47809293252232299
0.73903962601269924
0.59436699594434561
-0.31709352770926097
0.071524875903498861
0.97872331263121215
-0.19231450657497448
-0.015898880232718352
0.75279162356773843
0.65806686369516743
-0.43832570935993148
0.1890188825276399
0.87871635614805488
-0.61008566965773681
-0.78478234938263469
-0.10914274953355017
-0.4775497027116884
0.81710899970633466
0.32292284533444071
0.40302973856295959
0.28933074085065685
-0.86824809371094069
0.30933035184061214
0.90003387373105237
-0.30700775163965965
-0.73973340419704869
0.09940836106042758
-0.66551669285324877
-0.96588726961555471
0.12917772835488966
0.22444352717705854
0.57792777705373599
-0.43556478471891746
-0.69013245310048299
0.020116291346246897
-0.010223348576262297
-0.99974537656663409
0.64665460842539091
-0.63568292978624485
-0.42159818569412794
-0.80689229437886867
0.31479626181235254
-0.49982810927455257
0.70516130278052214
-0.60562884413675566
0.36872922342886566
0.78835505043503196
0.10962665641057848
-0.60537452098499756
0.15387651368541486
0.22755345259053164
-0.96153078200864206
-0.067551079647891671
-0.23861338817871797
0.96876235611231143
-0.55511928959691581
-0.052747238827898335
0.83009656252357056
-0.24738319887198817
-0.0015220617794137973
0.96891652697422903
0.26543018166494919
-0.83034312140749988
-0.48997665188513007
-0.66892325530686991
0.70520140777500084
-0.23501628237596001
-0.28052299417852494
-0.82762204120875904
-0.4861569773669433
-0.11293342760611738
0.29955687340202392
-0.94737095191204679
-0.99628080605040481
0.072253994079190531
-0.046945881982983308
-0.81308680537528122
0.58189383590852295
0.017012073838430144
0.41089774565197629
-0.91120820889036713
-0.029370779167952447
0.066541015288221109
0.7080105489053361
-0.70305999454042145
0.71093367747605107
-0.16979788422563311
-0.68245291760155635
-0.16331510840118402
0.56556890023849393
-0.80836872431516693
-0.27419112739463691
-0.91829886899194324
0.28556332549222074
-0.11907396844660736
-0.85237809331134251
0.50918854669100388
-0.24721946578546489
0.83666800073612457
0.48874246007582128
0.017548320444599402
-0.49030067364949892
-0.87137667278188102
0.29267321899211762
0.9156208341411971
0.27564628597420004
-0.67709537896752148
-0.51894288102785269
-0.52176635960105766
0.52406356758639716
0.7504111872327055
-0.40279079831175263
0.61165174927469934
-0.31603071904891616
0.72526320892943785
0.54726322455582121
0.82555711899543849
0.13768952874026505
-0.78504017706391516
-0.6173798704656186
0.05053727277280326
-0.35613261907568716
-0.24558561872116541
0.90158597011468289
-0.28563216978465344
-0.69288765123420881
0.66205812913312412
0.66966473337056576
0.56269640964987333
0.48468742035137546
0.019669382627529208
-0.96029733229418612
0.27828429523730119
0.76832045372609392
0.63859539535538545
-0.043354370218332342
0.0093828837175463572
-0.69633476512343007
0.71765580634008697
-0.37601114770094191
-0.19084513639498446
-0.90674900094734057
-0.42484310815413112
-0.47777302749686412
0.76892214667703374
0.88472624209479878
-0.10237087723003108
-0.45473033772112614
0.11354239538161084
-0.47018622604278232
0.87523313310834583
-0.79670385148451073
-0.34863593762016681
0.49367596258016616
0.82649715525684497
0.14920102974941915
0.54280890290603734
-0.2526835220538774
0.056200527616460771
-0.96591538882972505
0.77187530863795606
-0.39462416973197256
-0.49847795596035277
0.57776225451873009
-0.79426366259537917
0.18797875287916935
-0.14357658529842066
-0.68844575435877142
-0.71093474205402807
0.74454722144811647
-0.083432965611922094
0.66233554583993837
-0.35367803697874367
-0.90635939749443828
-0.23113738064705455
0.90350817582877019
-0.10967201703539473
0.41430064553408086
-0.78057125410074224
-0.069736610226550394
0.62116448905720989
-0.58400173268781286
-0.78661668812091223
0.20043992164067467
-0.94008285891263133
0.34044747729590469
-0.018431863213151097
0.30850581524334347
0.75573025931083748
-0.57766420792967133
-0.54748734259542631
-0.74067656283343275
-0.38943014645382845
-0.19970386624016467
0.77394007561392364
-0.60094519314779826
0.04350567772552897
0.90848880028652235
0.41563849167226724
-0.16050085355426119
-0.49107470438817769
0.8562038955286394
