0.5062358687493822
-0.49764199707310797
0.70432782703840924
0.64198095825053869
0.64915706406186791
0.40798965112156449
0.93069420900446254
-0.27705179259414897
-0.23885266074700964
-0.65876600774853666
-0.6665071698141215
-0.34899217702038071
0.4215192301702636
-0.77390716627276268
0.47264070559816462
0.058381104343296401
-0.27578488886186769
0.95944480911155305
0.13975150823380933
0.85367342540114355
-0.50170828048802818
-0.22167679995504583
-0.23028109731839433
0.94753892404456241
0.28009131623214006
0.65209098592958836
0.70450422329516582
-0.41684257981895678
-0.42752442490575782
0.80216278258148932
-0.24617652692381989
-0.934716522802438
0.2563242859969484
0.037304740678782554
-0.96409892152089738
-0.26290991964003874
-0.93189019608334633
-0.36273000855614634
0.0027574148400987186
0.70191769150781447
0.71225695405236256
-0.0012592666084386855
0.77374227648945382
0.41610674013613286
0.47767988275224499
-0.30112163540405695
0.67805349683317162
-0.67049922902557779
0.63897763520874695
0.65067007978776126
-0.41028773924165224
0.80193955487355317
0.56031861482758405
0.20721003886613487
-0.85234815835943301
-0.15142468113423879
0.50057285472214419
-0.27830479191507856
0.05262171367101217
-0.95905025835324753
0.20200064604305629
0.2102687030838005
-0.95654733887123666
0.051273773736877838
-0.27220480194765245
-0.9608722838772169
0.63305092612468949
-0.60391691725363761
0.48428388574010572
-0.015310880664226213
-0.7119193876832226
-0.70209426886567827
-0.85832532091225788
0.13730551328686508
-0.49439340560114658
0.26726652901360082
-0.070917639818789208
-0.96100951651456323
-0.36013651878276154
0.33428055040206567
-0.87095246796936387
-0.13450907789823804
0.85919600133445062
0.49364920667803802
0.53896076983283048
0.54333313829814778
0.64366947217363712
0.27496384139505187
0.65467316288456179
-0.70412920385679267
-0.2919584009303734
0.92781466256963541
-0.23220732987348403
0.8487371391125923
0.15497439930248968
-0.50559687919508034
0.86378302264300122
-0.1246580049793479
0.48820003235179044
-0.15608113427530099
-0.48825718330752227
-0.85862890847672957
0.27807046068373692
0.92568594505803337
-0.25648070106179532
-0.15098640469840188
0.98853305910165967
0.0023444955459489482
-0.61396469029418654
0.62328429454860501
-0.48431812607108921
-0.49075255834376463
-0.15839102084394993
-0.8567813087334839
0.62951401951737207
-0.60205737537726833
-0.49116088604948649
-0.93146838276647292
-0.26027512785066564
-0.25421154523099665
-0.16220451881215053
0.51770714700319831
-0.84004107281651852
-0.52272324087965072
0.11927382188795174
-0.84411739044786649
-0.99574997877083293
-0.092030554118169253
0.0035152363488993991
-0.41519264285124358
-0.79021077411001084
0.45075714281934243
-0.29545054285797834
-0.67086555462783737
0.68018261102354716
-0.66264204633955559
-0.30901988021021087
0.68221128109830698
-0.44941826202999841
0.89331544644010386
0.0032770269229473311
-0.66789946007222223
0.27693222157155839
0.69081028936363953
0.71095727487996119
0.0082924581709543504
0.70318631132349418
-0.70836819520094063
0.70583226723265713
0.0039128711924576358
-0.077465819723120957
-0.99699374078054293
-0.0015898487489002817
-0.91917497127182179
0.30843792215050697
-0.24491512890575678
0.13417577557169483
0.99095666187416842
0.00132496676906868
0.80157076254017012
-0.3947720382631581
0.44904270447956474
-0.00019137462941802333
-0.005783413184448135
0.99998325761369089
0.2799551231493117
0.92473815697631578
0.25784582613356422
0.29054843462927854
-0.66760729301131083
0.68547947412930288
0.38801771768190174
0.39830455364866957
-0.83114122344380337
0.40742080472562675
0.77711632844029621
0.4796858346336656
-0.13615745619977884
-0.85722430711265107
0.49661618420712034
-0.92957047419762862
-0.26123834689553566
0.26010240216361591
0.1220710462899004
-0.51625745900270692
-0.84768915038577508
0.90688680432413105
0.42136662103252109
-0.0025484941438038461
-0.88653427926930006
0.46264427240756067
0.0041531781735611563
-0.85601818463140045
-0.14956610730803024
-0.49483618210988206
-0.2902091376946293
0.92697122497900541
0.23770360632405613
0.67866116492535733
-0.28751123573335891
-0.67583748974826319
-0.0033479527389873713
0.70973997553016088
-0.70445578878088866
-0.91731391156376885
0.30753280523037679
0.2529006946584233
0.39405660309797108
0.39528975695692492
0.82973815243112892
0.039220403783968689
-0.96508365391783746
0.25898899758024096
-0.96407506940342746
0.023677241901113096
0.26457257751084629
0.96707848203861879
0.010639184844494505
0.25425581079638171
0.92197267369718061
0.29203385107747354
0.25432777823220992
0.92008820070087383
0.29298183201360828
-0.25999874815271368
-0.66767479675486707
-0.3064466525807088
-0.6784547257558351
-0.34906839563174258
-0.9370971370094171
-0.00045932541309988845
0.41804958785923724
-0.77207900473980884
-0.47867374330613544
-0.77726223206960088
0.4075751481324415
0.47931818369742685
-0.5164879663591796
0.1160307644571677
0.84839674817012589
-0.57305302979098016
0.7851263231294956
0.23491888339709302
-0.010101403789353019
-0.71453149593178178
0.69953034456195995
0.54969912846346414
0.80889997742415587
0.20859457013476673
0.0017846284723265432
0.70713318430400174
0.70707812493196154
-0.52545753099540582
-0.83210707440837239
0.17746041767039669
0.80040515814642077
0.56109137544647214
-0.21101670837208428
-0.78152412176645503
-0.42919364499565266
0.4527834605995637
-0.080131631086166902
0.27147477575290063
-0.95910394005518651
0.40806390902667683
0.91295334506685366
0.00018942309831808046
0.34105028215092353
-0.35364792690448121
0.87098670991062654
0.20044702898151251
-0.97970108331923034
-0.0026030588950504189
-0.14968287570481129
-0.49147805650644899
0.85793027496025676
0.1283969707149494
-0.51940854201067299
0.84482482468117093
0.89978463492204208
-0.43631516538292925
-0.0040849987851099608
0.7930056784175582
-0.56193376449639165
-0.23531348944848404
0.99062956289230419
-0.13652194011161967
-0.0038508430195737164
-0.50623586929033559
0.49764199760769001
-0.70432782627189039
-0.40388538626164366
0.79328771643228457
0.45559981751745054
0.20898299429553793
0.20676874885235016
0.95581001909025043
0.11799439592998374
0.47914179392863254
-0.8697703512077023
0.85242413361693348
0.15311698801638168
0.49992827926434752
0.15071599537213787
-0.85533794364287485
0.49566288029644079
0.86019705764890786
-0.12281861683599463
-0.49495111816284892
-0.55930933503868763
-0.5709294990729602
0.6010096295625218
-0.2712264231923644
0.049012244125367449
0.96126688660749771
0.71610732902333574
-0.69797913572185522
-0.0039267564268840646
-0.0075477604542826832
-0.0020697170848474446
-0.99996937332266
0.6518260718199147
0.2857683980291425
0.70246650794445498
-0.15611566358810997
0.51459167295600761
0.84310338020125464
0.79468751752868427
-0.56280202107949973
0.22743270334964444
0.7057803982715215
0.01085430087673275
-0.70834752316089156
0.93239384201678333
-0.27794559214089976
0.23105837179947941
0.40390263450616276
0.77888490923386466
-0.47979262187609306
-0.71554289787941794
-0.021801571424738354
-0.69822851043031531
0.53425502558444571
0.5456911596293067
-0.64559486207697292
-0.85463305527579769
0.13547143185153557
0.50124827379458392
0.58748951615852929
-0.77273864212919852
0.24027288520376044
-0.50103573251317146
0.49501764584017877
0.70987373880982307
-0.57476382782869595
0.78596519418056898
-0.22782724981091657
0.54816467182741024
0.80967267661931341
-0.20963217619550734
-0.30050247764460813
-0.6683117945249214
-0.68048336219802696
0.96519744411230191
0.011600667488280808
-0.26126484339249739
0.47555063354531063
-0.87968171904305825
-0.0034158624246245057
0.98888474766878176
0.14864656642552182
-0.0033397781292386886
-0.98252135721659961
0.18610678005153367
0.0040061243242115897
0.32046635086033398
-0.91317194662642187
-0.25182993043078189
-0.6729953793155462
0.27952688525537511
-0.68479335557476928
-0.2480766013613297
-0.93375550108201921
-0.25798965881616104
-0.82334146242565276
-0.53854443867278645
0.17910534281645712
0.27431260247632727
-0.074433504079401594
0.95875557343523499
-0.65618470232192017
-0.66781279951414918
0.35135125052256155
-0.22868956953395192
-0.22671918708833902
-0.94673094963267068
-0.96601032093927919
0.024642096883057196
-0.25732630432972992
-0.40724448772196387
0.79490675381424347
-0.44975013058427987
0.64667900823451874
0.28833069788058979
-0.70616688464449495
-0.70191768937976184
-0.71225695614670814
0.0012592682010876466
0.12430584449769827
0.47595021171008772
0.87064312608372263
0.47254171039228537
0.12968893540985296
-0.8717138934144576
0.51532830354710846
-0.15008781216272046
-0.84374782263628234
-0.42280057042777608
-0.42448670190630866
-0.80065642915713342
-0.77985489248196838
0.57480429307156344
0.24784344118503071
-0.35376397008069016
0.33098846082149297
0.87481294702111478
0.32227862167539922
-0.91412657202212388
0.24598597588904447
-0.48440393315109492
-0.16166225290484956
0.85977796292617203
-0.0020529148481377144
0.96573100204995543
0.25953692843257459
-0.073119346190890971
0.26792462274078133
0.96066120861718296
-0.78167049137760003
0.57569737422334821
-0.23992452192688329
0.14344020223133755
0.85181774042152048
0.50381687693745247
-0.41851919888625488
-0.78852634714123737
-0.45063053605775988
-0.0039531371312436772
0.96667301715299536
-0.25598369208827781
0.68356857955500727
-0.28997308854680515
0.66981311196764148
-0.71037709818075578
-0.024457997710233961
0.70339617906859231
-0.7848504884743942
-0.4275090250329337
-0.44860421783226151
-0.13982918208958706
-0.85536745947077875
-0.49879285190814698
0.33457918981143853
-0.35045582940022962
-0.87477853047758236
0.50103573069252505
-0.49501764405055754
-0.70987374134281311
-0.56375118295868687
-0.56867373438749291
-0.5989948142767717
-0.52676282122268547
-0.83144691711345098
-0.17668320293693779
-0.13813871792228211
0.86099106933576808
-0.48950186223837699
0.5215079442796996
-0.15311115738391581
0.8393964721975663
0.47890194648144624
0.12654686301239082
0.86869949759281273
-0.82464669211735975
-0.53788422056881824
-0.1750382770795329
0.28544773591763251
-0.66501747145859991
-0.69012415746321165
0.79830230590263263
-0.39306102147368915
-0.45630742026467164
0.77022627141011824
0.41787751896874847
-0.48179857821520217
0.14706802537047192
-0.85345891392055984
-0.49997887771701793
0.58570770635381664
-0.77181127273951855
-0.24749513528543512
-0.6103292424633906
0.62152474711623618
0.49112646489082867
-0.7808226611411222
0.40931118206769812
-0.47199611024121774
-0.29620944338090782
0.67559648818563167
0.67515135399643134
