-0.8105006224027993
-0.069220308769265673
0.58163329507393446
-0.24894518340820701
0.93905780344994072
-0.23705851057835206
-0.66738367575782909
-0.73989158303277103
-0.084613679090491958
0.76635666136902869
0.49977384076782916
-0.40363792643839685
-0.67871102064685507
0.66342376585525897
-0.31499247189564855
-0.57824025796812262
0.5868462488995253
-0.5667889238662972
0.4960770939399638
0.21752676968518173
0.84058885392230265
-0.89734833869797281
-0.063075096014376775
-0.43679227477001648
0.68029106695903785
-0.26184604783363813
-0.68457337915641892
0.91045503572903053
0.2974433174201927
0.28740059296689074
-0.34805847601360274
-0.69171353075612818
0.63276195258879087
0.68396948815872682
-0.65430538835509999
0.32259912900900833
-0.77301194957526798
0.21801884930416413
0.59575188389289335
-0.81931827725851913
-0.32693488904433932
-0.47098953159884327
-0.14437223415862388
-0.59268848644217575
0.79238691057016475
0.14088155617391657
-0.84897237052678032
-0.50931159540320181
0.55594182373987688
-0.81741411080038151
-0.15087365602119349
0.97483095480894055
-0.20842474915861112
0.07914375202414628
0.13234457604494773
0.57982218029008248
0.80392235473031726
-0.17545476932709902
0.18057428781056198
0.96778538452597151
0.58943779337430957
-0.01999325029152051
-0.80756631782461374
-0.54378005215526704
0.71412165416924833
0.44083275504956709
0.86369366667255842
-0.40790537353934248
-0.29605144213031781
-0.91699263563786204
0.096563852940008993
0.38703995722833007
-0.63733306641397003
0.013565416272213323
0.77046904021948071
0.53107569389788456
0.71207773790225781
-0.45924274902809681
-0.57275467975280991
-0.74743921840689787
-0.33658088419953636
-0.71704498935880701
-0.56252117613730335
0.41160224687498143
0.74028742934469971
-0.67066629372675701
0.046703794417922398
0.92589869949254744
0.046969349751790741
-0.3748406040731227
0.35680373741495669
-0.06186744176505133
-0.93212848503635293
-0.11492344156216339
0.17268460923842374
-0.97824977807903479
-0.5678995574339134
0.80958605549419327
0.14852781360983719
-0.074813992500443599
-0.92621820311451752
-0.36948979247803043
0.16169870256225294
-0.85949526634995266
0.48489320134613978
-0.42185007183329309
0.097343416840073152
0.90142485881638823
0.13454397319388511
-0.96827648368758579
-0.21056725864864989
-0.50274465057463524
-0.18183023138976789
-0.84509501434532874
0.91835077654089958
0.29417688174614476
-0.26474858540290913
0.049569353860719693
-0.99718598106124123
0.056240539940155369
0.26102835433564375
-0.93682151741134123
0.23287258908668884
0.82559839517553402
0.54040447001020009
0.16232775079011447
0.35965749071867331
-0.86888115857869452
-0.34013529901627804
0.29918837552305266
0.86294858222651616
-0.40719290316153911
-0.99479338153707608
-0.0019212434441826045
0.10189424357468747
0.62239842439312754
0.72833208925244608
0.28662269463201839
0.89303783168019935
-0.44864619364547681
-0.034641364224772528
-0.0719966901861884
-0.13907740247436157
-0.98766084903838236
0.78093638598058723
0.017974335913791537
-0.62435189140422842
0.99412224097961632
0.06147928811824982
-0.0891137874974397
-0.65206240265305881
-0.33364728776844255
-0.68080401762260645
-0.0004043022580310986
0.76394633721661276
0.64527965285835998
0.454024857928084
-0.29875683487695676
-0.83940799495697327
0.09691354254205245
-0.17639896210666192
0.97953620220982252
0.073454547508770993
-0.67592536155350269
-0.73330030346308217
-0.57504937087375552
0.30085000982568855
0.76079398830799216
-0.87157882856135749
0.48583951038554762
0.06565299499598809
0.76954927662034256
-0.16339137170983459
0.6173306816479206
0.44585973473814916
0.89057005592354022
0.089967063037368178
0.47475044550512729
0.8598338681214952
-0.18787691109849086
0.91259013310040815
-0.2121510720172021
0.3495299294906391
-0.67504079816593043
0.49156740796520726
0.55016488822703968
-0.77707572055485941
0.17453759020527579
-0.60472303919189407
-0.41498620042385048
-0.17968090824836863
0.89190875355543908
-0.49929602190638528
-0.85111784698885962
0.16217858380657568
0.34091084564918095
-0.71027765828981437
-0.61586154568465956
-0.63613663266792142
-0.560220750238965
-0.5305496165106609
-0.12961696559350505
0.88840154195381282
0.44038862665198331
0.23585646276944922
0.9638802227190344
-0.12372002756622738
0.53401400615489802
-0.83522981434684729
0.13122575378532825
-0.33573020152982708
-0.86899270822533281
-0.36350640273858104
0.10509236208206083
-0.67436623365467374
0.73088013951565489
-0.30596175427439565
0.75029159730179562
0.58604600838129972
-0.26583361217236323
-0.31838368810035422
-0.90992544628173244
-0.40515222911073367
-0.70223436370749071
-0.58542170242906044
0.71544607874930177
-0.48226025446545134
-0.50553135942804384
-0.96520423013923107
-0.25925388317259118
0.034179206855438571
0.52510443226199133
0.65065214554780815
0.54855913146428048
0.95279684249717567
0.30272929874727289
0.023090010987364091
-0.38450994156395496
-0.44300304694040138
0.80987678398630769
0.13560032286598422
0.57749432422306068
-0.80505456829260436
-0.10761994243688493
0.66999559629051297
-0.73452287162565721
0.67314671710600149
0.73912054730560639
0.023964845087623206
-0.78181295220372282
-0.55184362055632286
-0.29023632821855494
0.36187336577850171
-0.50356433965844583
0.78451935792846583
-0.57137923625391807
-0.52125045831478134
0.63389567602604746
-0.17004321458885399
0.59583428645437009
0.78489923446115084
0.10753938755607899
-0.44357774829850027
0.88976067643973555
-0.36220670825964646
0.88058810486128836
0.30556650678455566
0.18931582556510307
0.97042955941767528
0.14975309145062859
0.84692954294257017
0.51962183728291023
-0.11270978444581525
-0.16938469503045944
-0.085171892931939927
0.98186280800518588
-0.74123438965461586
-0.083273226096110903
-0.66606092019341223
0.61612604825265027
0.40514563284938654
0.6754596278443612
0.081255914618682062
0.10386581290905056
0.99126654803247727
-0.91012798795270167
0.20352046727735312
-0.36089675108592334
0.39037425705598144
0.4531747899705692
-0.80139911976687428
-0.85672497462479447
0.46885220955168971
-0.21494167453670707
-0.9836309188208594
-0.033054236761826165
-0.17713732800210441
-0.854182987326359
-0.51902098508955308
-0.03144266526373371
-0.11826230659546398
0.4365648825299997
-0.89186609431028829
-0.95269044941307368
0.25364926419188349
0.16746031879831097
-0.59794384217518182
0.35286611362588849
-0.71968650637575704
-0.012871277829144703
-0.43916505958933438
-0.89831418815631614
-0.5161492235405406
0.84692444243677734
-0.12770656929716268
0.24995395258836875
0.31544810069956369
0.91543187477304355
-0.72824954408302911
0.68399030065787758
-0.042542568667236741
0.34313376036357834
0.68099035250351492
-0.64692454142340972
-0.2457078062887445
-0.96008825174547885
0.13363466163044199
-0.16665975700652438
-0.97841870653065321
-0.1221530192234712
-0.62455295401781186
-0.26442995871054936
0.73485400220993702
-0.93069051207354192
-0.17216157173762858
0.3227623955065364
0.34429125793642829
-0.71038074823770259
0.61385887811596695
0.17525279199608826
-0.2587547912219495
-0.94991179428263817
-0.20025345443608997
-0.59238469715380115
-0.78037101725039226
-0.3178801536759408
-0.016752121288989164
-0.94798289769978417
0.96390984376942956
-0.17971184902776682
-0.19642164952829097
0.70520222757961282
0.097144374150694157
0.70231957739167583
0.73610217157991398
-0.63585199575709006
-0.23204704800333112
-0.15746362735454186
0.8578665123819097
-0.48915258661694588
0.6176378138327594
0.25244577455447537
-0.74484539458432641
-0.14986713872634122
-0.34600219819521322
0.92618697873272859
0.38789177050197021
0.20322384736045701
-0.89902171399853326
0.59959680818327876
0.49966163349616605
-0.62515751585369861
-0.44140310055381771
-0.47798105358941589
-0.7594059620723479
0.55888992887939248
-0.090555239745426175
0.82428259471605725
-0.288598282706655
-0.87208773682256913
0.39518857587544071
0.26350557619396087
-0.5047743760622494
-0.82205087469429505
-0.14316052123349493
-0.79050420186399029
-0.59548985885196193
-0.79038863716155672
-0.32830612117683255
0.51720488497665995
0.1256529735072649
0.056550190879146346
-0.99046120881148836
0.39206325532184277
0.84586298244808467
0.3616658938170294
0.76803693282302066
-0.41033653628065014
0.49167387241240074
-0.96633369506405209
0.23680208265108907
-0.1006179081275398
0.88932456084600087
0.033036925258905288
0.4560815574494384
-0.77171857937475474
0.4232312032361642
-0.47468493009055934
-0.87316020476752576
-0.42771104185100822
0.23378306501767321
0.8544928770916107
-0.20489546052551491
-0.4773465965687182
0.67969328788982475
0.69339851075336967
-0.23919769999422894
-0.03591985615483187
0.99699560526652709
-0.068625993712639957
-0.57404259969961391
0.088142770061128223
-0.81406753148375821
0.80149763161253584
0.27613150195898162
0.53042712991076624
0.33441436438997835
-0.94178013214489054
-0.034888616865668798
0.33135981208626775
0.019249789661465844
0.94330807297093699
0.80130378398775504
0.27063597846587922
-0.53354326246961581
-0.43424895817178399
-0.89503900699990635
-0.1016514548609211
-0.095225002410917706
-0.806585382112183
0.5833971377019127
-0.84289569138996068
0.38945745557759398
0.37128121920084589
-0.36767339669721705
0.50249612624106299
-0.78250489869000606
0.51702122207649337
-0.51756201710505279
-0.68177607348210623
-0.44832321885786108
0.80647768074396586
-0.38548675968800827
0.74108202288780667
0.51982863490007347
0.4249419086068616
-0.71556616646618754
-0.67774565753273597
0.169191858859709
0.38953702638272603
0.50884137800804352
0.76768571505778249
0.2777502484232896
0.74089064637085567
0.61150294326436117
0.14034995902477207
0.33170760335913863
-0.93288367703346664
0.13710873436866666
0.90039421518237905
0.41290610582301873
-0.32666830808526659
0.38212146468592056
0.86444838059828411
0.044605583509249862
0.94226367860041649
-0.33188778511751638
-0.5220695897513431
-0.74363927623422499
0.41766490192342287
0.9807296824175159
0.043219728516392344
0.19052911875145928
0.45346310127941764
-0.8031100027220528
0.38650425522345422
-0.36891357098634286
0.25671532639446509
-0.89330846762822524
0.097430279146498253
0.79885079962794658
-0.59358633798229044
-0.73584972592725362
0.62263809816094406
0.26617095929366186
-0.029884066640434571
-0.94792929795343883
0.31707568283066223
-0.085245149620001778
0.97739521580308997
0.19347314178328406
-0.92530221803006218
-0.30262377886165792
-0.22854901832241048
-0.45677747997964269
0.55699579295809998
0.69362094865309853
-0.31703705005093052
0.94770972596609704
0.036521010449724819
0.58910896477470165
-0.34946331519431012
0.72857808020519099
-0.34429474071030758
0.71038395333198745
-0.61385321565308981
0.55786847971315334
-0.70490133866214599
-0.43806034070074129
-0.020202750941498558
0.39259383253915153
0.91949003882946778
0.34877159885478642
-0.26043634531580045
0.9002951082122046
0.85819069523158653
-0.45876833340579076
0.2303048998219519
0.57717826417775009
-0.58313284256126074
0.57168290099248498
