0.0028293601229741855
-0.082115639352749528
-0.99661879196359915
-0.98384690854412027
0.039636338100622594
0.17456867201806528
-0.45669968133210531
0.49698790247325703
-0.73785393260887744
-0.72473728585363895
0.60220195700952528
-0.33482632732119322
-0.081134866722307658
-0.68042753042523196
0.72831003648266002
-0.58505868414907203
0.22153688895973708
0.78014597539934616
-0.83281845808307098
-0.16441473183764777
-0.52856523895437024
0.4478784282955931
0.084181414860963505
-0.89012268977904141
-0.39256476463518886
0.10129727026605553
0.91412896716139813
-0.21273960312878604
-0.47001813567929834
0.85663575304394302
0.1587928335151168
-0.9862555561820453
0.045659762639385745
0.35019573660688841
-0.38790108622361202
-0.85258178104443494
-0.17105725833664215
-0.023004791811422232
0.98499248419673957
-0.33156787896687817
-0.69553790128560711
-0.63740863620805988
-0.95248469322594609
0.29161108075212422
0.08795388992451364
0.086746071129276056
0.038507979182635384
0.99548593896795157
-0.86218216202148157
-0.48385547643177063
0.15008596676221167
-0.37042773794394962
-0.92839883921447997
0.029306762136655975
-0.68517673226373044
0.45385729687779741
-0.56968973980156523
0.82366958806621438
0.56555299708701223
-0.041451383339169541
0.76805047313264996
-0.43230675150882658
-0.47245036069474861
-0.96093579585571176
0.21999465929792775
-0.16794268702012136
-0.55584068954546251
-0.81208463780711326
0.17765041199871853
-0.45508417344005986
-0.79245469722010831
-0.40609598365185096
-0.80171535128540572
0.15211989143216295
-0.57802425048088202
-0.22461928942459936
0.81983797805826952
0.52669902653386069
-0.29043851961810802
-0.91138131932685329
0.2915982803517298
-0.14416855182260666
-0.53784709248901352
-0.83062382205574081
0.13095695779941069
0.97604285580200734
0.17375447862367568
0.53911952416188569
-0.81510653787850995
-0.2120176185489572
0.26988849297313783
-0.91965714891591821
0.28529095640859931
0.64096657005850832
0.76756429236599244
0.0026292873796043789
0.47150346799006626
0.75718280378527025
-0.45206048414478522
-0.0088590186259026454
-0.95184186511498448
0.30646138680658214
0.59749635298627701
-0.64764817613447934
-0.47281068951302363
-0.68930667355096453
-0.057711808346250566
-0.72216733308528269
0.58787760573998149
0.33267605239792958
-0.73737816948317414
-0.26376397788665251
-0.031376441320139239
-0.96407680342361379
0.59168437889962777
-0.41933115719087422
-0.68852812315483825
0.4574942872086511
0.73100115641974095
0.50629663882397002
-0.69025968371243496
-0.65588394119888249
-0.30554512713939702
-0.85881885629316612
-0.14668202302369995
0.49083047602708296
-0.063702618144673026
-0.74173902190008778
-0.6676564983823754
-0.70861096810189683
0.55499121466192458
0.43572382025059664
0.83396575025162634
0.45593487301308672
-0.31084484711473448
0.14662203400169113
0.30056871170952992
0.94242263803798798
0.85173158634450052
-0.52384672878872929
0.011743490129767428
-0.87335602712274962
0.35568682119178735
0.3327703939938893
-0.48097360385413152
-0.40687648264264931
0.77660538259009948
-0.27303968620055385
0.69469619571312446
-0.66546714826594966
0.57230417826145941
0.77607556105673736
0.26490498499451826
0.89001560565438487
-0.39361600344938441
-0.23008403577865336
0.74100992014734934
-0.62858939560427385
-0.23617720037521089
-0.35792437056532672
-0.64393703933287882
0.67619171418364854
-0.014707371247409893
0.6626605491631824
-0.74877546021069663
-0.74702042854479433
0.030541707634448294
0.66409915180756229
-0.35440722335925734
0.38277087024261258
0.85315999725988922
0.53602266244061636
-0.17435869677544483
-0.82600166477365022
-0.80827639033297749
-0.40985685178802256
0.42273707889503032
-0.10702465980892249
0.19219591036684913
-0.97550318002097913
0.90370080998163127
-0.18106934531171379
-0.38799321930535213
-0.55221139190805302
-0.82167194096917862
-0.14113043637328337
0.67239951421531396
0.069969433403789569
-0.73687391843663608
0.095271432524318647
-0.90111611422845994
-0.42298120859272836
0.65086463752129853
0.34757126759397544
0.67495884138767004
0.20985191290402333
0.9714039287028482
-0.11107016679196079
-0.013244112432720384
-0.98078516486675527
-0.19464083298003285
0.93205261912172055
0.12930091128285134
0.33846593555299637
-0.13119090943018105
0.24845825437187474
0.95971737564626958
-0.19055122841245967
0.48242529361509939
-0.85495968643608433
-0.34074624379340812
-0.22074616634603292
0.91387259909913743
0.77212337441093581
0.59247017036443805
0.22979249752027073
0.35269641812679708
0.33676647802305859
-0.87303698427985976
0.069030671478474206
-0.34032643249426436
-0.93777006016451503
-0.037122607256684273
0.71039137142677022
0.70282715615779867
0.98384690856398138
-0.039636337936619692
-0.1745686719433672
0.092729215497513062
-0.84312314133291766
0.52966466858015826
-0.28434578960030266
0.95477776530323732
0.086872842817170851
0.46186876461912413
0.57329096397321166
-0.67676784416509483
0.21992792421147675
-0.1967444554738334
0.95547021271850008
-0.1891330396925964
-0.82897472734780475
0.52633600932794955
-0.75570692208170809
0.30610567406773737
0.57897008922856052
0.19175553863035597
-0.66979330633869438
0.7173609552996747
-0.17706442976003003
-0.87159052322534392
-0.45714127743786909
-0.65460470716835373
-0.34212070651959159
-0.67412617478004022
0.27718060202578121
-0.93909364161112685
-0.20316014901101498
-0.48991271689949334
0.70342966382442373
0.51494877208516121
-0.51703305569577351
0.6791865359261493
-0.52094382493175651
0.66401506854054171
0.54706736831562375
-0.50970705633267155
-0.11438020804340637
-0.99175968375675694
0.057705265640534603
0.49123163820104498
-0.16118895102679984
0.85598457912347803
-0.46826371106339193
-0.76150741660452037
0.44814679666092633
0.82297539294170075
0.36233861865334838
0.43751826024160012
-0.82074169972531541
0.55165559711433554
0.14852327933501233
-0.51790282836531354
0.85534264948081706
0.01286904620959195
0.94270634711369938
0.31978095239625592
-0.09510460344320186
0.60371296315032696
-0.37529743772297403
0.70333668421519313
0.74597015235346897
-0.19690358109901232
-0.63620555762121955
-0.029395432395614183
0.84057160686463128
-0.54090228534115736
-0.78971899043139615
-0.43054843385353236
-0.43700338929839794
0.17829109257556297
0.13421582227386691
-0.97478120589164097
0.91482787346869165
0.36450846469606413
0.17384919065002846
-0.93002201170519616
-0.23819254520843802
-0.279863125743543
0.34252456212263821
-0.40737715633330307
0.84659363146700239
-0.28368252537845418
-0.93279354530066028
-0.22230705485955185
0.87696250415360655
-0.13238873474254159
0.46196319033220007
0.89570672137077623
-0.36753003236719417
0.25026215175168576
0.79899697424485294
0.12057462820582331
0.58912273269718363
0.38410283048747146
-0.81460642505564163
-0.43460486406571686
-0.20993706213481206
-0.29801793298840906
-0.93118834913218296
0.23491386131127429
0.76121538594843374
-0.60445563440107353
0.4024429537161141
0.91171358001976599
0.082571284426195685
0.07771258303235741
-0.47787935200693982
0.87498118800570002
-0.082971526937946641
0.49593381902520706
0.86438728175781188
0.061541253506577347
0.39109851664471201
-0.91828896562854623
0.99317892374067274
0.10464956342255921
0.051420757606115572
-0.049521649697021886
0.99836281415784034
-0.028623373632802644
-0.53279821677246331
0.80183729780108359
-0.27052358133652532
0.40973329116624263
-0.61017133521676892
-0.67809259824146739
0.19724913906941083
-0.75737886975529722
-0.62247090276137784
0.97222037665539607
-0.11031461383119119
0.20644182035458625
0.96682860341915866
-0.25491695943862119
-0.016118169906279983
0.77754179672368262
-0.38768483934032272
0.49510526122570703
-0.94439479464522091
-0.21519130847809731
0.24861852827674649
0.67590962488788253
0.68851128633219538
-0.26286572157112359
-0.471821323774688
-0.22416464079887918
-0.85272202519168616
-0.35595501054188822
0.2763449868178271
-0.89270906723902999
0.22756842636896202
0.73513734377714868
0.63858100277430174
-0.55541642142446546
0.48474003767438323
0.67567721190482521
0.45925723376603877
0.86645241219007518
-0.19581371413556842
-0.61560429808231165
0.25927475542670364
-0.74418273923882949
0.66918550045681346
-0.74270126705974937
0.02419904721692399
-0.73383057329132484
-0.67930683111108847
0.0059092223461593455
0.27776241861383505
-0.1367243756105839
-0.95087038229176568
-0.56364715960414469
-0.097113396519817693
0.8202870641955563
0.42950824802323478
-0.90225819532314278
0.038115795311615484
-0.92964204324989885
0.03700615975029041
-0.36660089411059715
0.44123487537483375
-0.58941597928742262
0.67668352138470445
0.59724569822076135
0.10147283674031884
0.79561349872954523
0.1385504154562939
-0.56718635300876763
-0.81185184814564659
-0.90107143612093377
0.10580225707985205
0.4205664625285363
0.4527759854746301
0.54336352761611628
0.70692997095472443
0.71836326818992446
-0.13116590984673926
0.68319083645023193
0.62002333992244374
-0.61687725855135578
0.48480254313852505
-0.70050466581254056
-0.63997543434709847
0.31579210979234962
-0.3009068877873074
0.93520491041485687
-0.18667303077331865
-0.4042579125235598
0.860205314766611
0.31084136888350267
-0.49664256515368477
0.049904480743302532
-0.86651930462010429
-0.86971711988330591
0.4774583428869093
-0.12500264873023062
0.30473851523597095
0.88500087380581804
0.35200552651160771
-0.2931530675948445
0.84840463556411605
-0.44076167405192102
-0.039323800536349922
0.95378301109590724
-0.29791207839931877
0.53751196462945616
-0.79783310862661949
0.27302604025874017
-0.85515092928151815
0.3444068197927555
-0.38742848453514167
0.36811838231067667
-0.78550980582869789
0.49745673334666191
0.059287940188827146
0.87633539631908242
0.47803892446791707
-0.85615082373363871
-0.49195150104590912
-0.15808063650836177
-0.63584817488754353
0.73448721479753742
0.23711944203530869
-0.11638860366785458
0.94891125057224712
0.29329359262292298
0.22632047577778633
0.89966632893402843
-0.37333569187272325
0.93028213735210796
0.17848787090058427
-0.32049528056583038
0.19233652113488253
0.53590654465117782
0.82207714847072966
-0.30629934814544962
0.62289558735121731
0.71984845390127394
-0.61024346519057426
-0.54841945504509804
0.57169835973198146
-0.41324783707435364
-0.47594258035159787
-0.77634070185816684
0.66398510743905537
0.56691433560356297
0.48757759709231624
0.22648650693761782
0.5625154216354934
-0.79516052630738621
-0.6941241063503486
-0.281991022719496
0.66232377889438809
0.84760165328724268
0.036999263239003218
-0.52934156445956859
-0.048050907346607344
-0.26006876042069671
0.96439377339155918
0.41327111477273293
0.32089589253448114
0.85219294285331959
-0.95942883770748832
-0.28184923543164231
-0.0075705919092832153
0.78100040562616757
0.29998036605217099
-0.54776833277852721
-0.71416974151193102
0.69696856260182394
-0.064779649995417646
-0.58251573216779473
-0.58708780604986843
-0.56214173458707906
0.35138866182347139
0.067845222688484669
0.93376819077341677
0.7538742214404206
-0.60419001477761614
0.25812416448411757
-0.99603665777932893
-0.029373275010903692
-0.083953481612841455
