-0.24046450461361563
0.37010014928421248
0.89733087627738073
0.7920878880200759
0.16062455797562067
-0.58889432755548943
-0.31747661476199213
-0.87876443122147174
-0.35634487999586689
0.39885153471703949
-0.76792929458340209
-0.50120061030938579
-0.35684773316193535
0.58132465275829137
0.73124643139822565
0.99119859824752443
0.13230343814381457
-0.0045977263368744579
-0.59753419614425163
0.38094507773865499
-0.70557333579503501
-0.5604272627155874
-0.77781833908892439
0.28446425888336302
0.39607998424771845
-0.059708161942036792
0.91627265673260738
0.65210822978720184
-0.033655232007415534
0.7573784932266886
0.29109818234643314
0.80874530909086251
-0.51107032124564622
-0.429437462151324
0.24859593140323794
-0.86820707725218804
-0.11716130854535754
-0.79830368759994785
0.59074905852169102
0.53323573741481523
0.7589469678899442
-0.37370997882627927
-0.99663511154535067
0.05812834286022564
-0.057788841408270557
0.34657978143426454
0.90484083926859615
-0.24727618302756127
0.37586807906235381
-0.92526026584640908
0.051152982198585807
0.1783420772865113
-0.90677163832006702
-0.38204620061907912
0.61392612915995337
0.78098933657607528
-0.11467503690489071
-0.36865005091900138
0.90460808560021166
-0.21396577161812122
-0.66625968855568907
0.11378816905826165
-0.73698729974677613
0.92591861285170951
0.34230827839630096
0.15968645814885585
-0.53782672161734502
-0.84304614022366386
-0.0039525900776033055
-0.8448591825692412
0.0030434411440932842
-0.534980092241231
0.7792362591301194
-0.52394932774409064
-0.34390108230916167
0.26741984039921773
0.8408538189585214
0.47058631950336904
0.77105496283165609
0.59222534616934253
-0.23397304042832762
0.49861927039747567
0.17916644293733694
0.8481027112994457
0.64228654290373743
0.37690088688618917
-0.66739322611873242
-0.4491881985140444
0.73765748122576158
0.50407479872274163
0.61183740094442141
-0.78807174229747712
-0.067807992138052303
-0.026567713945943858
-0.070626092911922567
-0.9971489916635744
0.76862820374446916
-0.61355780779034008
0.18099033374206228
-0.11069036410462864
-0.93541331601720501
0.3357820297634776
-0.078632363684884493
0.13045833267231172
0.98833070114091282
0.67405187680192924
0.56099676268336462
-0.48055873692877688
0.57432357989453331
-0.79566263707394902
0.19254452353068066
-0.58057712814863582
-0.62970896628502915
0.51613643162532397
0.89714526595206046
-0.28855868904741755
-0.33446114087445555
0.14222329408007947
-0.97013643228571311
0.19648877162056674
-0.58189101327669812
0.068979126971907251
0.81033618252550654
0.98589950936570148
-0.13087381172089085
0.10427944590432928
-0.094721614400001708
-0.67214473791112106
-0.73433593611088355
-0.95965024706614321
0.22047275571274502
0.17453700838022421
0.53175499730294284
-0.27960135163945621
0.79941210086208758
-0.32581531240017014
0.94335779995239533
0.062613444838598112
-0.30100269443976313
-0.75203411970149658
-0.58638047438911001
-0.26256982308212429
0.90171545710664702
0.34346225763768096
-0.2345918598240983
0.095521084317816779
-0.96738946746128018
0.14455458299009685
0.98735175736536718
-0.065118966239341242
0.60078059462670341
-0.56622230915287886
-0.56431814939585823
-0.77707578931763754
0.022383110896411661
0.62900891408863946
-0.19586367965077592
0.78011485405230629
0.59418703577291831
0.12412728570323615
-0.54835234280251877
-0.82698375140442526
-0.86580522415020467
0.47446082525683725
0.15895986641544047
0.85531942638269254
0.28903704617057813
0.42998402853288492
-0.75222808060031976
-0.63561692924229074
-0.17362037327733051
-0.67246658725289987
-0.2060058531504072
0.71087993184236864
0.08922196941250117
0.93412455694387631
-0.3456164815059628
-0.6823395239126685
0.62549759809899252
0.378372209443326
0.7898056837043228
-0.44667954699656542
0.42033839258779399
-0.3517035405860337
-0.81857714039198681
0.45413223268881259
0.38173502439739032
-0.52302298363355371
0.76205336410213376
0.60946828007322784
-0.66859687965161918
0.42605941851424867
0.46008841828749353
0.62073567847142197
-0.6348274291729491
0.12747883734280741
-0.87638294251197801
0.46443738448123767
0.08469295038476117
-0.107990605170038
0.99053780006122594
0.75461016730979658
-0.24142567064325171
0.61014518022118047
-0.54198951237605508
-0.66979822010898271
-0.50756055088354224
-0.17028015511930417
0.8922606753142629
-0.4181812478582479
-0.11966375331680322
-0.60029960551133099
0.79077238808969286
-0.2065930250861065
-0.1241154814486343
0.97052288445484125
-0.060480227907875196
-0.86064298690703611
-0.50560438202209723
0.87797226306062992
-0.064559246894841313
-0.47433828533712846
-0.95125225373373001
-0.11086550726952339
-0.28779852165077324
-0.0018856553590675725
0.91227183786411381
0.40958092990750783
-0.11542531353159251
0.98258111851428753
-0.14564114300342806
0.19071045183201837
0.95927208750481041
0.20839046450399473
0.15537152552741187
-0.98290184481621656
-0.098811196289504633
-0.71224468821351417
0.69120854128410558
0.12222216070554905
0.48865702224329216
-0.10333248446442245
-0.86633521933875479
-0.18128360228938217
-0.45332889444023761
-0.87271368100114999
0.029999737534217086
0.37610020241001352
0.9260932207369974
-0.82792412682066785
-0.26829001452162005
-0.49250594751355381
-0.8008039016945514
0.58918944616902358
-0.10755885623147204
0.13857348230543909
-0.71861796523403609
0.68145844337320971
-0.97704716336640651
-0.21243684457631118
-0.015793277814271763
-0.55388978041039727
-0.78852337633217306
-0.26727700262954196
-0.93505266079638272
0.162456961667686
-0.31509404491882842
0.57416543667594611
0.69416585455419266
0.43412880311926744
0.36616982327637815
-0.86494766669487289
0.34319847668782133
0.98126342422189594
-0.090328367636773821
-0.17018483564758397
0.83966716545554754
0.026356098352745418
0.54246143396140745
-0.90927571643630911
-0.32895936598365627
0.25495765732934478
0.24146592824400842
-0.089414613373894766
-0.96628113528747739
0.045022172222386608
-0.3210048137472879
-0.94600682532392277
-0.59818564991746381
0.51989464918278228
0.60982250039165775
-0.31100197774438038
-0.94540772560590058
-0.097375572931623855
-0.070579838440971626
-0.96715349887381608
-0.24419786244310543
0.78511621312624835
0.54122251301322477
0.30111579715111148
-0.30559544884943918
-0.4031810041558781
0.86258709677943102
-0.75047868819255437
-0.39624044855233792
0.52893784653759146
-0.43501293121191015
0.78464631218368197
-0.44169436769667986
-0.63537154138485996
-0.42781414463855194
-0.64286706405400118
-0.4769404724041007
-0.030790514439933067
-0.87839611224292058
0.30044946065583938
0.36045134815937435
0.8830656528263936
-0.3942479671122977
-0.55010224721676504
-0.73617664866177712
0.7984083817443639
-0.59607834571302754
-0.08505681473207484
0.388633812807062
-0.72080537989872628
0.57393672460655332
-0.2539456402281971
-0.20059398024649075
-0.94618902281624551
0.65058503634194154
0.74423826216941669
0.1511572678074101
0.16241082438475191
-0.75487273918333742
-0.63544462525109957
0.41329307784878516
0.40964647228373957
-0.81325186722673148
-0.08756193570109104
-0.99476649737379041
0.052654754001502303
0.3473990544961606
0.16646289013843804
-0.92282392857030515
-0.84536769989338656
0.42999322183016925
-0.31695312138717896
0.75587624193872738
-0.32892342092044557
-0.5660922981657478
0.92058818794979613
0.36678600803261663
-0.13410970329848687
0.81966613907166264
0.57219681351336649
0.027170334272945785
-0.88234855134926959
-0.46978313330066984
0.027655769706345413
-0.50609791367457846
0.8266311051928692
0.24606080082340359
0.60843122070900535
-0.48646763497211126
0.62702527045661427
0.15524303021557331
0.41488576305047603
-0.89653187628076603
-0.79457578414636343
0.27577194838166263
-0.54092435306054887
-0.72566046661777339
-0.68248402923794038
0.08736381987540115
0.55825312990516585
-0.35102290054763252
-0.75175552292099113
-0.76829776681349682
-0.556479826108919
0.31630482867509457
-0.82127621368463799
0.3931448855099593
0.41345190752152255
0.92849949311647118
-0.36253093873004216
-0.080374185818399668
0.43892409457118303
0.85648803141294005
0.27161349607715329
0.95644431548076869
0.081464723923800442
0.28031726693256503
-0.2254487569474708
0.73064186991826874
-0.64446513940877825
-0.74472364364286536
-0.52544795809440514
-0.41145004305956112
0.37831646582688538
-0.58003567888913266
-0.72141199248409937
0.68467023237843849
0.4799656798118016
0.54850671745900248
0.39828134050406805
-0.88847597567979042
-0.22799652288166
-0.8988444525886603
0.1313914851287796
0.41810875102806083
0.033914903589847445
0.79950015718332212
-0.59970766042992518
0.90542121088385941
-0.38451237034960911
0.17989626991611216
-0.87300798616035535
-0.16201068998101514
0.46001042643848433
-0.071143259464297115
0.9879581074544409
0.13739510379862591
0.60597134183611123
-0.72487351471337014
-0.32765396463407653
-0.93955032476970923
0.33327054619405683
-0.078587087136811909
-0.47193440416826676
0.6105919998338889
-0.6359680242757455
-0.35649722994365252
-0.6450320690094401
0.67590188266634021
-0.9754028400972965
-0.056394294282688495
0.21309383637844936
-0.34757907304593494
0.11180181495912048
0.93096140744521461
-0.68389373173005108
-0.15901152326225348
-0.71204262454586453
-0.4550975839471893
-0.17292770071059563
0.87348852277083633
0.39432718437948305
0.66767866779648311
0.63143587816092839
-0.092672075118731184
0.5967244444841926
0.79707705013268304
-0.49325903853312431
0.33600363818458095
0.80236966295598611
-0.31424957537751147
0.49149429857266169
-0.81220721422899278
0.70814762027626932
-0.092667898957837197
-0.69995686181349537
0.83780948819442236
0.3613244897747277
-0.40929191853789726
0.70483878099722386
0.23236908344285001
0.67022899210812814
-0.048938557433033256
0.59191899330849818
-0.80451036224341321
0.19360374405014508
0.58234966270624922
0.78954826365187059
-0.050276922348505712
-0.34136195951438997
0.93858630060088688
-0.4684471740991184
-0.30620204933406053
-0.82873249608192123
0.50529494452642632
0.44860217759081789
0.73717915413881052
0.31932207417638453
-0.34644477627277454
-0.88204842833996289
0.90765740941365258
-0.18320534495805221
0.3776159804818886
0.26979007130022936
-0.29483479674412372
0.91667102062663064
0.20457461391415474
0.12954550855661129
0.97024078895637222
0.21541885924062085
0.63656320257407861
-0.74052819271929282
-0.3378279522864035
-0.92276260385255382
0.18542235999261347
0.080456107299270885
0.17046746291662571
-0.98207314334779405
0.41089166111510594
0.91159480890379918
0.012765077583574876
0.073681307432900883
0.76567351565832342
0.63899540871151939
0.58657080292218056
0.14692608553464093
-0.79645930125066378
-0.12630291425549037
0.34360714124889741
-0.93058138082240316
-0.56178020230896908
0.82598240371566478
-0.046433533634498987
-0.53522165441716696
-0.43769584779035331
0.72246807920491174
-0.89616241683190345
-0.37726835307543138
-0.23358405858652495
0.12959136676499286
-0.51275368042430747
0.84869885169670656
-0.63884550620232727
0.71692291301411026
-0.27910205302085261
-0.68156639465792801
0.54954527348931537
-0.4831844803577065
-0.71683142606976702
0.28067597865840938
0.63825833453463665
0.94263297989368999
0.14007173689687236
-0.30302305809861335
