0.94431043884414201
0.11169207342771748
0.30952007337715837
0.73723186657711948
-0.59405487298079829
0.32185087042135507
-0.2946608434668857
0.49950241156966396
0.81466086696457529
-0.071552766857862271
-0.98671641280927025
-0.14584554243373452
-0.049805081883379163
0.89082944996668534
-0.45159976183634382
-0.22626355223646732
0.36861160015555122
-0.90162647097348447
0.80660256101921102
-0.55029751829110751
-0.21578913299769789
0.36537171312969347
-0.49232371597316615
0.79001320870922542
0.56694745609831521
-0.11135191607711747
0.8161931957628682
0.64684214658392758
-0.62928443745090201
-0.43080893001979265
-0.50314272789410786
0.6023007529208847
0.61974284860594497
0.98704902289264684
-0.093817783882318415
-0.13012474720083725
-0.7976650606165856
0.58345123772352603
-0.15269284289194487
0.45659689553567306
0.55168058019854294
0.69797407718265903
0.21034608415590997
0.85362738070123334
-0.47652368230490538
0.418525502982665
-0.0035765575044221102
-0.90819800241441007
-0.56862122669347959
-0.3789349430796824
0.73012205107557204
0.58649744692854366
0.76901549125328195
-0.25423595134987037
0.88904714918704031
-0.37624511628080204
0.26083477336666994
0.076276355314668878
-0.821599528618016
0.56493905175210202
0.076975091478426461
0.97019154954079323
-0.22978945252452807
-0.84086766829765858
0.40664118490273293
-0.35718974110766433
-0.66722594704491145
0.64088161094012852
-0.37957910420465285
0.61083604085863685
-0.7838996276097524
0.11126861651623479
-0.14433444502986031
-0.89585287614915066
0.42025610319567874
-0.032674582590928529
0.59172440919550784
0.80547786761321738
0.21311697396588319
0.47414207205783687
0.85426603052698169
0.36698148522011592
-0.44846181370622873
-0.81498870615055619
-0.73670800002786552
-0.0022022997737557583
-0.67620741830495279
0.82098905513532561
0.10955218449656536
-0.5603349803644565
-0.64011834132289758
0.66210146139809534
0.38970522695561666
0.63233970808795759
0.60084350061099567
0.48901286419557627
0.24214122791852419
-0.8283872410550589
-0.50511603082786538
-0.36527085431853767
-0.57116366358744963
0.73508453417465414
0.41451664079812833
0.76750517644404892
0.48899055065821539
0.59086365844433641
-0.35881780990297518
0.72258557723373296
-0.95725895165870656
-0.17488677991084225
-0.23036908143605303
-0.88512014845805653
-0.43162190127060773
-0.17396797733242103
-0.12478184494115589
-0.98399075697064586
0.12724653775021413
-0.94391210854408514
0.10533528957826638
-0.3129447365164047
0.36943605832491755
-0.91424313243408728
0.16636253666753237
-0.40708497810883731
0.80853890815730511
0.4249078189371438
0.78362644201802112
-0.39453152774663608
-0.47986922487703071
-0.039127014148335464
-0.20404083812507073
-0.97818015372479061
-0.99820716545956556
0.041166421573835543
-0.043448596755068757
-0.14385119539680979
0.89413425258158574
0.42406458463691321
0.46037580932852684
0.8877232543043535
-0.0012401420854139644
0.77226466177563202
-0.37834055527252231
0.51035841955301209
0.92281208986669361
0.34283670263775085
0.17572945717875532
0.58297407537990154
-0.57914772455756058
0.56985010360159527
0.94787624258022529
0.11560937558235934
-0.29692608681193855
0.29308438687116944
-0.86033958692896351
0.41703397623605087
-0.73611198289696222
0.17249576593246019
0.65451077865141116
0.0095222752535940418
-0.78219923776325162
-0.62295559931393396
0.76548912712651718
0.58868159374808149
0.25976985474319675
0.25727491881305609
-0.22955259727378025
-0.93867737867416245
-0.55932019153923995
-0.7535214637041131
0.34549432278073539
0.48719828594441222
0.53618841800824824
-0.68930385938759886
-0.28278653871845388
0.79571740686962189
-0.53559834010601737
-0.58621536407353947
-0.58549684721727469
0.55995088072326382
0.32780604553379417
0.91320826837695002
0.24206167618908284
0.8231043906203076
0.12895684898230325
0.55305451199870659
0.69260551925544467
0.33700949519703327
-0.63774775173569709
-0.36178559033962898
-0.76984727969855093
0.52578165864106308
0.087517368893559683
-0.95543716029005388
0.28192293783732203
-0.53376696413942337
0.11223267936605302
0.83815073445991806
0.19815120284105314
0.98015245163493347
0.006105109882151568
-0.8804989329065892
0.210337917267132
0.42482889462709911
-0.39694128708588466
0.15610487396488903
-0.9044716042701435
0.80167458665391145
-0.59503653294378611
0.057003347055403143
-0.97079150803377934
-0.022705178459301631
0.23884790725612842
0.78057176913855697
0.57580678045023004
-0.24321649781921398
-0.49204871242339193
0.64179825096019349
-0.58820325540319707
-0.22707404871265308
0.93794645866115345
-0.2620950535325775
0.15361550662732776
-0.079802295291007463
0.98490297481016686
-0.29978723541809998
-0.89713077206175207
-0.32447494710725694
-0.72600940111172452
0.67572986958810766
0.12766946715575322
-0.69953658602327706
-0.26680214680082803
-0.66292169920539457
-0.25184730072900724
0.61243032418079579
-0.74933439473930352
0.0042090691679162644
0.53864275443060239
-0.84252374852947232
-0.5006916493738226
-0.15288060531596806
0.85201842278529671
-0.52963782145743232
0.36719538618640774
0.76462495803187047
-0.87004359341735626
-0.054127997553915314
0.48999418918413451
0.078739378683345934
-0.43756374542697912
-0.89573326327231728
-0.30598207331417165
-0.13421044765133358
-0.9425298544616979
-0.88154846603475712
-0.46171968779995093
0.098423736617150884
-0.083548976233737263
-0.21632474260198475
0.97274003428895595
0.18254182506378816
0.22201494112488313
0.95780365838709136
0.15258609305146886
-0.98821343258603866
0.012316487478481315
-0.26534557988605906
0.94449317791845067
0.19371205460795843
-0.10048846465560864
0.9947427959914088
-0.019718983096313744
-0.77024281006478768
-0.51663625094269305
0.37391576291375889
-0.22150923892488542
-0.39442908904060547
-0.89182921615605093
0.7395840958949188
-0.17641819534712441
-0.64953212811204297
0.1634736535607445
0.87922290133970016
0.44748570295742573
0.3880300227857989
0.058433536058979246
0.91979248924988299
-0.51999045086904139
0.8357499055908626
0.17644269979195884
0.34829855631553497
0.90410748216386683
-0.24754348378381361
0.63778805451870291
0.13596373527109704
0.75811625771010827
-0.94444698695030549
0.30173520135997828
-0.13029104766154526
0.41991526394487644
-0.90269044311512403
-0.093920897646507739
-0.47774728947718248
-0.34143388387166951
-0.80943216537367257
0.93252510776286135
-0.36110509614871478
-0.00018145878700158658
-0.70994766741667792
0.42563722503547774
0.56107687725811362
-0.146514163729067
0.080692082496314141
-0.98591195735176085
-0.54720915783711699
-0.83530153932406792
0.053230404676614884
0.66484272406508194
0.57099344486300452
-0.48161253947670463
-0.033852756303013258
-0.9164056900508426
-0.39881650183151635
-0.31385378098496702
-0.33788940101709786
0.88731423793476194
-0.8818657158026767
0.46650137913821321
0.068478628446966797
0.91326509164707481
-0.3132576005558611
-0.26041610563259054
0.20342634065888385
-0.94476663932714877
-0.25697027287338303
0.2648755063274183
0.46606702084662588
-0.84416970937539826
-0.61383000090941475
-0.5105057051941263
-0.60215999115500496
0.89361226894003043
-0.11518495339259463
-0.4338081826242986
0.1259409214767275
-0.38118536151936794
0.91588023478014924
0.3473110879893036
-0.70116204499877
0.62269317871069463
-0.33012620643742513
-0.94229449829133227
-0.055657580913305339
0.53162911066350049
-0.22416718934714969
-0.81677387318359718
-0.46638724487151761
0.81931125725271947
-0.33348463466871064
-0.61579101767100008
0.78058508591298459
-0.10718370307995796
0.024095505348707105
0.2905530076835488
-0.95655546433441807
-0.017234972968694685
0.74253002105422516
-0.6695910121409786
0.031210931987154692
0.97417369794634934
0.22363247517752896
-0.0095230166174018766
0.78219929949590805
0.62295551046813558
0.45410652395015894
0.74336472439260737
-0.49111724815425362
-0.45914729727713827
0.43289315715645105
-0.77574949171122198
0.43736855782522444
-0.66073866357514688
-0.61002718224912922
0.7613711803361437
-0.12480136279575116
0.63619065192587554
0.11935186871413203
-0.62903630007920708
0.76815914016374642
0.27681900815902699
0.21710058054174691
-0.93607615857380377
-0.54040513040037874
-0.070824289363959084
-0.83841887805144255
-0.35483296710327311
-0.90223289793604378
0.24509052070330217
0.50389188562399712
0.28337614963657259
-0.81596012489547753
0.84236428816867293
0.35316156081824307
-0.40706181100479977
0.99161286147822825
0.12746602544433466
0.021362240247325765
-0.10977908046440664
-0.50419683761640921
0.85658280535509312
-0.2503653313925096
-0.7810505649504409
-0.57208147656371111
0.12296544806093941
0.0056091115274536467
-0.99239510098097783
0.23218454827473403
0.69232334167917164
0.68321206525400491
-0.67980855288097464
0.44018408900729711
-0.58659892534396185
0.19620234826819044
-0.63863366015360368
-0.74407774234474922
-0.61726757478156891
0.22119209390544151
-0.75501973399177225
0.84561055197718094
0.53369677891432743
0.01051392226140252
-0.38913963360854614
0.9195812190673367
-0.05422847124562543
0.67674062055105544
0.7362043093712457
0.0050346161104372917
0.64555521328311705
0.055109613820336786
-0.76172265101384662
0.56792221406768117
0.78153040587747513
0.25821422009148098
0.90109822785189275
-0.13727130247638797
0.41131323012834675
0.98110627768713676
-0.12462676114485492
0.14798189851949572
-0.54244850282458079
-0.81031185458323651
-0.22168518242148366
-0.29010051851346613
-0.03326271632082492
0.95641794256547608
-0.72665517620709075
-0.66809625218535929
0.16006140292812215
0.45965969275768703
-0.81451543872182286
-0.35394571185099183
0.24611621122354096
0.68305706480689232
-0.68764806172224635
-0.37684801951501912
-0.58366225779054204
-0.71925234724570386
0.6645972664350942
0.3740896885541235
0.64681324844539101
0.44139313592886126
0.3171163027333645
0.83941012031998208
-0.95917889948786494
0.23102255910174835
0.16310860174536276
-0.82119099500396553
0.2047503049915016
-0.53265623279023411
-0.26507760400628422
0.71645042922755497
0.6453159275222794
-0.10818340619866655
-0.60937791963583987
-0.78546476794541853
-0.30521692244999793
0.24330532448028772
0.92067646289545924
-0.058701962956367482
0.088504736369409129
0.99434450327099944
0.53304180278355473
-0.76045904156974231
0.37090225475195859
0.64361689822478074
-0.74936031553669791
-0.15561621322424229
-0.4925383611955737
-0.72708896140601575
-0.47827565791319532
-0.056957318365216419
0.35952909271446803
0.9313939528344356
-0.82461494538296931
0.46238985096086355
0.32589234047371074
-0.14129769991943067
-0.72117559550265897
0.67818929543960194
0.82381774146116882
0.37235872570256368
0.42740298109276437
-0.70818411463557329
-0.094316954446106771
0.69969962975682654
-0.74497933132599248
-0.65910612325171669
-0.10288301215054949
0.59976249560261441
-0.44642461667879452
-0.66407078725969804
-0.76716367818899645
-0.31978352020547485
0.55605610424895513
-0.97452807188413726
-0.22110042239024769
0.037545177168840246
-0.87386668922209843
-0.10396075107788104
-0.47492017403278558
-0.71166643196739099
-0.6038073694814583
-0.35909267629775549
0.35512941520914287
-0.24302525761650676
0.90267481554192186
-0.90715020600613705
-0.27996364235586518
0.31416375141295422
-0.82290147022274929
-0.36788615464332514
-0.43300455832125512
0.93163896046499162
0.33428618083462142
-0.14248367150909827
