0.064881093888200833
-0.89528051676825515
0.44075303737017679
-0.55403256859090655
0.82852185586836391
-0.081236982274112815
-0.42904243167589323
0.84772023806691943
-0.31191824216195124
0.92531813519031814
0.12756862792230453
0.35708905592013418
0.86429503023312859
0.33407033482112558
-0.37602009534972519
-0.15817593678201275
0.44948369907836999
-0.87917278010977906
0.2687308626152638
-0.96206594743878548
-0.047040793538888327
-0.073515851340041447
-0.5330537205392748
-0.84288145703947348
0.43925463997465169
0.6165580582655511
0.65338466621780511
-0.050360156401639926
-0.065126590465105855
-0.99660542937593544
-0.20929335218853687
0.89705518862245881
0.38921495512789595
0.88278051909257893
0.46748910283873985
0.046394976427055881
0.787693864436952
0.27069152471434565
0.55341166808823572
-0.36797356757824101
0.27848252602448437
-0.88715440384566902
0.45753803582546415
0.23313518093442626
0.85808329035336006
0.85025324974934213
-0.52329410547268751
-0.056856753936737475
-0.68553737183947572
0.61025646692330027
0.39702085132863663
0.49063515959575038
0.64441014928937912
-0.58652595821608167
-0.50290962402298411
0.63771922529987246
0.58343474335009504
-0.34536152397183079
-0.48125600482326586
-0.80567864287282875
-0.47662565861688361
0.25916533307078438
0.84003649425625038
-0.37241022289744474
-0.19825579427385373
0.90664506060437933
0.25296752056362493
-0.52924076237409334
-0.80988372559373023
0.98792750131043472
0.0025908331184522153
-0.15489525408569874
-0.60857768741729923
-0.27508201364595786
0.7442869635740621
-0.93485913231236284
-0.35002577499794246
-0.059332618088752426
-0.61142037601663046
-0.69432382133969917
-0.37957812754678016
-0.10365144494647857
0.20497719161234154
-0.97326292895559563
-0.62564740636190075
0.42029064144609735
0.6572070447168491
-0.89685411703086426
-0.37049419043348769
0.24163349854650368
-0.021767881245627417
0.80135198697522936
-0.59779691561342807
-0.94393954589388496
0.21043831420610662
-0.25434985671656735
0.049576727001145453
0.41517586092383657
0.90838931777405052
-0.59326440919576962
-0.53423740787470453
0.60218579592091903
0.42401861906030042
-0.0019504816593223116
-0.90565137128560258
0.32196672006924515
0.53282973751292817
-0.78257900686752169
0.051543971202235681
0.61897503008872323
-0.78371750724311828
0.81737151369207317
-0.01451503736184517
0.57592805305447048
-0.79969209489663995
-0.22194513051130565
-0.55788252562895613
-0.49934871688042187
-0.86615025962489756
0.020846743189252906
0.25338135357075536
0.95036178088692047
-0.1805834297273507
0.39754503883941533
-0.6621217820892501
-0.63525796947155522
0.16099036261530067
-0.073207720849541386
0.98423713237868105
0.12419281645931285
0.90720013834562518
-0.40195031201080339
-0.13804620585198629
0.98028428351967578
0.14137173881008538
0.21118064490431021
-0.74403890183948873
0.63388393872008431
-0.90386270350775899
-0.15262971757700922
0.39967034230726628
0.3749517549605173
-0.28180390999464605
0.88317480589278441
0.26099588089674813
0.79313151008170513
0.5502940649057052
0.83633382814347701
-0.44073643081202668
-0.32603240093271851
0.81821556738313728
0.53333418346336581
-0.21465771367774245
0.17743776088508889
-0.96243340657312437
0.20551831773381465
0.99300590031257252
-0.063882983451766531
0.099288702125259976
-0.19385976033700009
-0.94373800799477925
-0.2679122348608346
0.058953190346683622
0.92642125040313761
0.37184430632918763
0.93585385771775309
-0.33117797494444595
0.12041057223722265
-0.70032790240519704
0.17385332675397586
0.69232640415436419
0.38492395047411526
-0.29755459777592907
-0.87366745028861292
-0.23230445043078599
0.64598607794619101
-0.7271427847470866
0.2440353145551965
0.74822765870106223
-0.61692960376745831
0.46368556927110749
-0.66896651468535151
0.58092985383733076
0.95280663319055947
0.26906135458760377
-0.14058985459681855
0.57076944099482296
0.80392765195982141
0.16710049563309357
-0.15002458483556935
-0.36546001440361614
0.91865749973372757
-0.73165075984132477
-0.47736847094420476
-0.48662768989444499
0.21341070396845715
-0.82421973650203861
-0.52451663214067612
0.90251553443790444
-0.18466001116508871
-0.38905833800957512
0.78929975330410029
-0.57562686578650801
0.21368109607283439
0.16601055550169583
0.13972615754120674
-0.9761747263481001
-0.27408770058283705
0.80804162049437134
-0.52148314636049697
0.53814546344883607
-0.44487407666920858
-0.71588163552165285
0.97314749909629361
0.20291790742937729
0.10866585409921378
0.52363328411136867
0.83932223576950293
-0.14610396405856205
-0.90216183205736888
-0.28473157877166388
-0.32408634162686922
0.70582571155260043
-0.6681117923753116
-0.23544999001977807
-0.011615042470488179
0.80057672584098594
0.59911768195416792
-0.58966985741316524
-0.40005257899803803
-0.70160344447227174
0.92710372832129528
-0.13288452471704137
0.35045738688673683
-0.82463940567103955
-0.56193071556361052
0.0648361127820231
-0.80273802370287994
0.38212832921292461
0.45780957320105631
-0.98320988713907309
-0.075570401545549962
-0.16609464844544322
-0.99024554463061776
0.13933049925961913
-0.0008793834638612906
-0.76635015416226526
-0.087360763442388981
0.6364554487363866
0.32828092996239611
0.89029237867040845
0.31561228034474609
-0.37714480960368307
-0.89144591020089714
0.25116922935561914
0.95450656115231114
-0.2656776242634441
-0.13539802318690444
0.32476112436607374
-0.52878253711042877
0.78416786503116886
-0.21622532124758059
-0.69809925447460819
-0.68257163825738965
-0.52506938814385096
-0.74069314215306248
0.41913697856627391
-0.21474268978947375
0.34113124028224551
0.91515848577472014
0.74655694025239128
0.62000190561213364
0.24135113838204747
0.091660066159087922
-0.35207860447062944
-0.93147146416072546
-0.36538035943229419
-0.692743698709815
0.62177436489370708
-0.82852190481770149
0.27027580176807148
-0.49041048542611082
0.58889274360431743
-0.73904479352549446
0.32713625554658238
-0.17836833844490696
-0.28967100030121096
-0.94035921191048
0.38301343614896027
0.27638769578436329
-0.88142529425265348
-0.76233884106119776
0.64254297722293441
-0.077317616562836325
-0.81775828245667759
0.54880336395812157
0.17345391082865355
0.51911839498438261
-0.84504299246387693
-0.12813443282948803
-0.92156844107276092
0.3162324796000196
0.22518576168298127
0.39512841193827919
0.82887048913115902
-0.39603945551751107
0.076660361077234673
-0.70266112912539003
-0.70738287133329714
0.44807516102961575
-0.88189344516081181
0.14660355197156047
-0.13752044916742293
0.93214176267110027
-0.33496247602560597
-0.86416927785532383
0.12745238910110057
0.4867929207819584
0.11816475051251388
-0.33223007752125633
0.93576720787091883
-0.44984544186138159
0.49012202310791375
-0.7466053046296578
0.91313313892252401
0.078096463891664109
-0.40011100075993455
-0.058530253506976486
-0.76312595470371869
0.64359380565846569
0.71991690634970396
0.69331741675270098
-0.032103077410635776
0.11732493342080084
0.39238840680623777
-0.91228624795174185
-0.044617062494977357
0.1453670158590982
0.98837126042522105
-0.91406432615630362
0.40284700322211853
-0.046911615228863203
0.31527702665821095
0.45254182821339839
0.83415004056754249
-0.31207897958751529
0.07070692882146612
0.94742136386945131
0.21226420759265419
0.19850642344899902
0.95683807722338743
0.70240437393743294
0.49977464946090011
-0.50680705917518287
-0.6355040600982963
0.75468765397183257
0.16303721826954928
0.86753429800093862
0.38805506929281303
0.3111229740603681
-0.64159650999303297
-0.14551763436498999
-0.75311256559267215
0.76251951512463134
0.2349423076368343
-0.60279855767609158
-0.45120360061023762
-0.86084509984636237
-0.2352892366149876
0.75792120243777894
-0.27169455436235623
0.5930746327614359
0.06685371130654047
-0.95465641769194032
-0.29010636918918764
0.61203428909642532
0.12191391106323776
-0.78137764701807155
-0.486694582267925
-0.6271539262061272
-0.6081170417241154
-0.42491639471203091
-0.22233981236858202
-0.87750274377966075
-0.10627818582555637
-0.11736088010201325
0.98738613066991643
-0.74517490912693685
-0.55984283087475839
0.36234011581081954
0.7867649077886707
-0.042410247264747541
-0.61579408149090509
-0.82985617677073009
0.47289113033085278
-0.29616330753466885
-0.34217722653213339
-0.81249996704972327
-0.47197303862294482
-0.11548513801421072
0.59858347437164316
0.79269225245804642
-0.25632288218724131
-0.96657039702917735
-0.0063441038834664626
0.69118027208499599
0.52981205248901386
0.49149671465625194
-0.37079212900380948
0.50856607476010807
0.77709313770739119
0.5596671715696887
-0.42205442241514984
0.71319192479093529
-0.30329374137944132
0.0056254805526212183
-0.9528805068887769
0.67971068554931258
-0.54231505198707974
0.49384994516384667
-0.19158889184948649
-0.58636309580579138
0.78706544606972417
-0.26668160950535946
0.74452080026140011
0.61202099402696597
-0.28617388235477498
0.95287872796605533
-0.10063120215811738
-0.55751493912107086
-0.014250475378255342
0.83004458712066931
0.4138452302500939
-0.019553645938659148
0.91013723159189142
-0.39731735428723569
0.90654804184195992
0.14251164097960345
0.52839446302401849
0.7338464943750983
0.42692928470525154
0.32101008702289063
-0.89831467411500188
-0.29997211586948214
-0.77564712827804327
-0.34817955511557463
0.52644328259893813
0.60835959964681607
-0.17105299827469261
-0.7750093349752657
0.67626140222081865
-0.73518334969566235
0.046647167080085289
0.34128501179625009
-0.84855744884006801
0.40432016613232247
0.0045204521377027601
-0.99958596908063058
-0.028415769030723202
0.65986888193178594
-0.55908702956655598
-0.50199078878853909
-0.065980206137732589
-0.8563131767979586
-0.51222490728215331
0.15236426006642198
0.64165836065999737
0.75170451671487015
0.8486953990284295
-0.37693861789496402
0.37098975458549927
0.65866725219838929
0.11106677961454141
0.74419192507543253
0.12663928292682863
0.98503067741570771
0.11694894856188599
0.56267889681317129
0.40074309523485568
-0.72304732258870863
0.63543620723638738
0.69494629927232943
-0.33655678222363744
-0.90806164889642049
-0.0065098753335776135
-0.41878593974327216
0.071058367793818439
-0.5692261411690317
0.81910457731372266
-0.65229933852804467
0.68605107700863932
-0.32224135782230301
-0.65370109517497066
-0.73413246425880496
0.18364205152507537
-0.76376547869747347
0.064026085492830842
-0.64231063662879173
-0.22526624274366466
-0.8590848634210142
0.45959581952085893
-0.41470994749560963
-0.44606618926194092
0.79312080684188269
-0.81568267494635294
-0.52908360456261394
-0.23394938165208651
0.20365327975305675
-0.12401155602977465
-0.97115728675477553
-0.53744975544623685
0.07839337530650016
-0.839644114538317
-0.49432923183465521
0.67219454239076615
-0.55117429886908587
0.59083001458567619
0.39950021840561517
0.70094184449107877
0.37186015291087876
0.92683883753130292
0.051863242481750491
0.50985855143523728
-0.7554877779598167
-0.41143951545968466
0.60933588143275963
-0.15131117290516233
0.77834100017449037
-0.96529374753515629
0.06119155815144988
0.25389677859423881
-0.98361012036330397
-0.14934292732251309
0.10103376256296355
0.751535611165289
-0.31514213411638248
-0.57955125783228834
-0.68336868201523593
-0.72125969185154526
-0.11310040384973555
-0.68442064652072265
0.49376004772338561
-0.53644141701434256
-0.005278951805111033
0.99315653678547611
-0.11667144512741211
-0.46113438571978477
0.80241137021550613
0.37880215318251637
-0.63201399939762903
0.29743092303786201
-0.71560684079056935
-0.10331640939697316
-0.96778163466959655
0.2296180026599845
