-0.54115178961948507
0.66124524052431466
-0.51952812481671284
-0.29043878931467476
0.9549237831114934
0.061366750846525923
-0.71621467123303029
-0.61868440054189189
-0.32290270552703981
0.80563480248749064
0.53278107330670854
0.25903067954799053
0.013902788819467184
0.55361289587823104
0.83265807747259624
-0.067241127732074482
0.96971453792973428
0.23480278036905969
-0.34870380065553902
-0.85245082021152008
0.38952953486107933
0.32596673487094857
-0.17156575973153312
0.92968321370524631
0.82850159095714038
-0.34124607006063562
-0.44400026289368216
0.3752132563652838
-0.89705790304748134
0.23345691428573159
0.65158902253781759
0.75272392384319864
-0.094012978797130622
0.27623203814615466
0.55852032684476771
0.7821450668532246
0.68616642168574815
-0.55589705646135346
0.46920582303353692
-0.3001586854851761
0.54175668931333232
0.78511429302495117
-0.99873843543024643
0.034703263839998277
-0.036293540378352349
0.56660063729875765
-0.18272419769420106
0.80347718411268654
-0.77377329710529918
-0.30630080272905447
0.55448598082758715
-0.90737621685151137
-0.41893669939890271
0.034065275413423593
0.90263379960388646
0.0068109256619052466
0.43035547528093454
0.80222830903828013
0.16024201630977639
-0.57511062969359106
-0.31342349859607471
0.7048080495478265
-0.63640499983924126
0.93923012000785189
0.33610302777199541
0.069867992618461314
-0.13227836507017518
-0.94028719592109888
-0.31362784206954331
-0.56770983288125965
-0.45331657895456995
0.68717510497314815
0.60213672131198981
-0.79337932471843831
0.089334293286295982
-0.58756155485694583
-0.80827703174994192
0.038205486511645299
-0.96384346852786851
0.082839611564229476
0.25326540808419756
0.72901259465716883
0.45366233989685362
0.51257303693281975
-0.85981546560904076
0.19815149981339888
0.47058830013208908
-0.085046599955622137
-0.607693678568197
-0.7896046281932757
0.37699108043841001
0.7019094705931842
-0.60431847593919885
-0.44844387768962801
-0.059600270013345856
0.89182167296888804
0.60093976839232255
-0.77879553062607598
-0.17985804469478303
-0.21619343501976346
-0.73943240020394718
0.6375736225589832
0.90672516294085259
-0.38182036704723299
-0.17906056572512177
-0.038855071372561459
0.11504591498663728
0.9925999802909129
-0.96843850954916677
-0.20328736767761932
-0.14422586233020995
0.76199170206146738
-0.61188201725972047
0.21205905532101871
-0.098216452491841494
-0.88542262901292235
0.45429098218186403
0.38241210374939788
0.32499533621613425
0.86495029588047534
-0.36600027228885595
-0.92145135871402817
0.13027353610213552
-0.69691977453324061
0.31060892287852432
0.64639378469535114
-0.87236669633908681
-0.42392710355232383
-0.24343820158751733
0.80029158858671556
0.20669777994156402
0.56285824237065207
-0.63574890528189965
0.014708218805358919
-0.7717557889205886
-0.76857021655584645
-0.6086983624441813
0.19694193504957649
-0.97389706595698255
-0.17630456201825884
0.1429727468153667
0.80340486794552046
0.3903902765980794
-0.44959542935745667
-0.74028939080866418
-0.43519231327437047
-0.51242489042106365
-0.40832408081851557
0.0074453828589037766
-0.91280666698803137
0.64647490165246702
-0.38358419255108506
0.65949478296523711
0.90837826680891065
0.36956547124582967
-0.19562792963196093
0.38587788198554046
-0.92198332953202966
-0.032326463762467651
-0.47445918432021178
-0.67697405293854673
0.56266740980987773
0.95148052931824922
-0.18050899819495922
0.24920133205686648
0.78636912823036575
-0.6150911581026095
-0.057327666882624272
0.52059454855202592
0.52256071873624432
0.6752122712538422
0.80545762733106685
-0.20227325562494575
0.55706690857839813
0.44338369708207309
0.89360762186636455
0.069830618672418424
-0.017359133721270265
-0.38416034833622192
-0.92310318342135489
0.71369448100690613
0.004027884461497642
0.70044554672511683
0.12598339875235712
0.33338532783503305
0.93433527516793036
0.98728042509452896
-0.15800389378072494
-0.017667251492397094
-0.13946038304744574
0.8568861598879105
-0.49628309517130464
0.25728291867209446
-0.26845915715293178
-0.92829692485772342
-0.15671516178879058
0.36256093283736102
0.91868924454660705
-0.7851220426660207
-0.0066576279876050352
0.61930529959747138
0.6139207097054753
0.27790980969463058
0.73882846444233585
-0.53283385706718134
0.54943985974527854
0.64358676282689287
-0.21659161664823179
0.9516260980105008
-0.21793540598767808
0.47254890513083758
-0.37433651838121162
-0.79785318402941752
-0.47859471321897895
0.25415806911263927
-0.8404467718920563
-0.69982710485877186
0.25588498830874545
-0.66690696207433831
0.6819696337313268
-0.24154792440896539
-0.6903419579325023
0.89933062180943435
0.28760373167219527
0.32937596482452097
-0.38972175036861512
0.83793273677423996
-0.3820807322172306
0.43395084512346588
0.47833516921257779
-0.76346717670834041
0.95080785166286297
-0.12881446746623823
-0.28172905811726401
-0.32834844891426362
-0.66814369240264637
-0.66766106850568641
-0.12135241798337151
-0.80969466689589287
-0.5741673423749718
-0.070148876108420771
0.67322108755852639
-0.73610631191916853
0.41721088068284201
0.8482710733058082
0.32614608265692752
-0.2827136047539936
0.50343745682995178
-0.8164702963045215
-0.6335476548175637
-0.19279104910629213
0.74929899269894951
-0.69626141236477612
0.71694977089204259
-0.034685323548368223
-0.72627176161182738
0.47602844570686281
-0.49590951509641501
-0.8612110207116066
0.5081702054249071
0.0088667989308603527
0.14211233523116532
-0.92276353037258629
0.35820601780185934
0.25062821715845618
0.34422432968316369
-0.90481772065878019
-0.52486975286756665
0.4753922972574951
-0.70605517223017411
-0.12601752135015842
-0.36752437404752542
0.92143660595492782
-0.35389766481945922
-0.83513371391668245
-0.42107971064284527
0.75450378330449541
0.5913216369494998
-0.28471523080890276
-0.012507176711199674
0.44916530098673813
-0.89336112682397795
0.1210189969872796
-0.72350944449877641
-0.67962378275724356
-0.71240987690499891
-0.2224627807201886
-0.66556928901688783
0.98976709738095314
0.10695154350129338
-0.094458775583709478
-0.53258966978676092
0.83281623085201772
0.15088197130826364
0.64993201704424741
0.73968502208852815
0.17451200909590603
0.050198444369147756
0.19083236764000375
-0.98033827000879037
0.55090727593270949
0.73781693216198951
-0.39003505988496945
0.47678889724216267
-0.61327521741880486
0.62973474984831512
-0.10904561091402853
-0.9928182295118696
-0.049203840188576722
-0.22774279066737457
0.27560638296816842
-0.93390274813078877
0.037537201807374916
0.94657350999633927
-0.32029603284099933
0.9282489146936419
0.13651327517380277
-0.34600300298031711
-0.46726964372280172
0.33668781472739323
0.81749641923941074
0.55940591056387912
-0.70263245322147805
-0.43974158650980988
0.75602201397828483
-0.57052130036312554
-0.32083665659052518
0.18946737752880444
0.5986048438863214
-0.77831507355838236
-0.6970361224766336
-0.55233079280873687
0.4572431948952459
-0.19848610211312237
-0.11150019057826602
0.97374071228892833
0.4086973953908567
-0.41168433733919613
0.81454431763429358
-0.23486909776659329
-0.22485549504386304
-0.94566194449331931
0.13390116643752276
-0.97456632937367416
-0.17969682044430876
0.12794321374322939
0.75411001209741857
0.64416505936870361
0.23516509870098123
0.085436618042242438
0.96819314222445407
-0.55501459174967149
-0.79875797658899617
-0.23225954830834847
-0.13029707203247637
0.71531460040804662
0.6865476643779661
-0.56271780053568909
0.72245759261439213
0.40175079817480575
0.48725368422117366
0.06868795637355822
0.87055488733457631
-0.61026463337284431
0.108223009533246
0.78477057632270775
-0.031833441798841303
0.99901501218222721
-0.030913385737960371
0.20287773969799508
-0.51549525976884636
-0.83252943484953268
-0.57599835901152996
-0.75914160122876795
0.30319947180007895
0.23573028156466261
-0.61459205311007392
0.75280000173179384
0.82327996124090863
0.56757661450605368
-0.0081787581584467518
0.36974682458819536
-0.88292269502267751
-0.28936966033231282
0.55010537495527778
-0.75169337272733117
0.36378723155592319
0.37704024674084696
0.73125199146939446
0.56842869149053843
0.19555477495056584
0.96776800270694874
0.15869285721366555
0.84727714138526311
-0.38316509048203889
0.36783958340818607
-0.11428244910060059
-0.97118637982518818
0.20913282255450422
0.32308695313398206
-0.78622173056954492
-0.52675441250627419
0.074796648972382904
-0.77810670664225268
0.62366290123820056
-0.95012406629576529
0.023716982102673548
-0.31096907146136216
-0.81940710978627218
0.51460981022085717
-0.25248511175148841
0.28314267073739641
0.87026348003305554
-0.40307778818541928
-0.8725135622266792
-0.37934867470021089
0.30791990311395029
-0.63983622185331646
0.71296656316983997
-0.2868593540504828
-0.098662734930885149
0.87310145763764946
0.4774510544620984
-0.87944874969038567
-0.21436287335385984
-0.4249923001602432
0.66065222491929598
0.023575063100095998
-0.7503218336880586
0.04911523783092752
-0.12495342180525398
-0.99094618208658025
-0.038171894832772224
-0.59420997067105796
0.80340364524937036
-0.87515860668447754
0.39043015087819816
0.28576513158765754
0.90810876067041835
-0.40888174283614853
0.090300604476994659
0.84276218487546406
-0.09340442475689785
-0.53012028180382509
0.60451181780874419
0.67041835069926636
0.4302379541314818
-0.39272435741843931
-0.31405002872793408
0.86437269655297289
-0.31595417947414239
-0.54496586889729481
0.77664995861059427
-0.35779574493840111
0.74584887370491215
0.56186445206747915
0.2146640059505148
0.9698596308566042
-0.11528946605813083
-0.72744461230995439
0.5025051666153294
0.46723965322532324
0.26680510147714831
0.035630499722409129
-0.96309163910569795
-0.82377854466616296
0.014773258347195317
-0.56671920753183025
0.64687957310282762
-0.48880410222230508
-0.58533526081464604
0.32244128799364197
-0.79497676939181672
0.51385168280774496
0.099718320496611265
-0.89457762406509067
-0.43564564852571652
0.63644809402439406
0.31789157459245704
-0.70276508907019875
-0.1587407546611809
0.028984641455536385
-0.98689475800071658
-0.54224419194122098
-0.46614202056637044
-0.69905854759691888
-0.32923897660768409
0.88641918297874489
0.32536553033414489
-0.47397083963178749
0.87217804316803171
-0.1210665279683926
0.61760703547385787
0.55089083997329769
-0.56132061441453185
0.47479384600635877
-0.11123911503772885
-0.87303875233583583
0.4433251729874062
0.87498558797466619
-0.19458420242227836
-0.76725712075022179
-0.63803594712964629
-0.065012620532132234
0.14627178403850613
-0.39817493230750894
0.90557235408116532
0.16592169762067233
0.89437710232574441
0.41540292379096105
0.065184216837769829
-0.14801470249780707
0.98683466990156576
-0.54255571662796387
-0.66564180645058768
-0.51240050727874475
-0.7407571914729878
0.63430458907359177
0.22121589355476484
0.10976377408275954
0.80180290307601743
-0.58742149987720038
0.14157382926858955
-0.9857550255548595
0.090795817412295074
-0.86096336507839366
0.25490369430380899
-0.44018881246933023
0.46562054414001441
0.18730034998679376
-0.86493704266240179
0.41345065693827399
-0.60087626445939657
-0.68410983700472461
-0.31297229762606421
0.15632061360337127
0.93680958934103986
-0.94060025235719991
0.28022623193808205
-0.19168835175710722
-0.95949757550494441
0.2726223544639097
0.071003200256665192
0.98256215726289553
0.076379406945305275
0.16952225019025863
-0.49576725212701295
-0.2376310140927004
-0.83531211703153552
-0.90430175354725117
-0.11797630287475784
0.41026812024744247
-0.35269055204101069
-0.92569154033015044
-0.13676456654484978
-0.30391408663644981
-0.45414490469947044
-0.8374894826082544
