-0.84945585028137094
0.5100190625894212
0.13529713307443475
0.1774080128178579
0.47269629067431257
0.86318283913129579
-0.59678606316260663
0.27841850344611263
0.7525486906198855
0.81397666760512677
0.48240494949043045
-0.32361620679686026
-0.6877727316086929
0.44252093197208003
-0.57545103564254596
-0.33246795898194098
0.76462922120235466
-0.5520934797059851
-0.019725281027422072
-0.9072456750107103
0.42013830873029129
0.20525235628042945
-0.93416922471464303
-0.2918892424146094
-0.18643776022111974
-0.568597600304106
-0.80121016624362951
0.93742709404688496
0.30359301484738249
0.17047499723622125
0.57816722483805794
-0.60458081772815842
-0.54790938571830461
-0.97893399314488461
-0.13110202475150162
-0.15652634337857441
-0.27667481850907955
0.86425789642299311
0.42013013849695541
0.64286826860888791
-0.58827724457266495
0.49056118143795613
0.82550082265716229
0.28462876681670329
-0.48737547834575257
0.66450605528432616
0.46167790178425844
-0.58760974931883891
0.44681138320478425
-0.79239278546906444
0.41529900237684758
0.48624180431318381
-0.45020171165065764
-0.74892411268771264
-0.95807502668760569
0.26689725991087343
0.10420218754714911
-0.60137791291710219
-0.23251881713245795
-0.76438184537231957
-0.65302397473376228
-0.75531546370769409
0.055301344531122502
0.0075675870012818988
-0.99093683619823081
-0.13411531714319089
-0.70312245006107654
-0.64727184524374415
0.29437727251754275
0.13715818898678245
-0.83620955379416773
-0.53098136816391706
0.44906506104020927
0.84634611174009011
0.28642421352843722
-0.47215064028497755
0.55108121476945371
-0.68802853691304766
-0.19229918130194401
-0.9808833620762305
0.029813669224579231
0.81670526522275688
-0.48619476401785772
0.31081692553502566
-0.8953373376390702
-0.41007199395788274
-0.17381602803190516
-0.410581176956691
-0.41728866988741742
-0.81073624756294704
0.96634122917752896
-0.055166937217120668
-0.25127920293916994
0.92147185493346317
-0.38570494802731431
0.046057720663635837
-0.22891666540371261
0.96532260099294886
-0.12549675817586939
0.083231676697621132
0.093200491983421507
-0.99216236387405399
-0.68799024397555386
0.47487738953913849
0.5487812761920281
-0.28480979490897651
-0.8142838790353073
0.50579160240865995
-0.83217573745893381
-0.55276913691165552
0.043929753728232157
-0.97716217478040246
0.13692335782684895
-0.16249947156792516
0.72315964489276474
-0.080971360694572073
-0.68591819245872154
0.63608591288723437
-0.77048847394682374
-0.04173994419627873
-0.029844525538245785
0.81943390684141271
0.57239617103367813
0.21074120304027
0.9521435750957663
0.22138373414727786
-0.39168011268004499
0.13945271256807246
-0.90947217125558799
0.24048460463126275
-0.97065287596488192
0.00038641486593486875
-0.016913129282195963
0.63701624250817535
0.77066481224891115
-0.93401174832617795
0.12445182150753693
0.33486385011244879
0.43310472758728363
0.90109970078936152
0.020967216764938536
-0.27363234303630102
0.7211902029965217
0.63640398486048144
-0.30807363736802018
-0.39156060258211678
0.86704724696199054
0.31428856303627428
0.91391231627343605
-0.25687930494361971
-0.32326225261107544
-0.63327819473126212
0.70317867154424318
0.79123795544509523
-0.60585168676729551
0.082983320639078442
0.41056099476299179
-0.81005597762113046
-0.41862749873783628
-0.1515389828413507
0.90246525348259543
-0.40322748286296628
0.45821815368357899
-0.8789889561430928
0.13196415654748184
-0.84101986747903867
-0.0255788616926391
0.5403992083081256
-0.52430046228634031
-0.4575452910728115
0.71816525386809549
-0.24830524961564648
-0.92839252454863874
0.27646305969426854
-0.49389884872784212
-0.81809105902492796
0.29460303183909031
0.054379223390681443
0.36773569057370042
-0.92833903394272399
0.93029655018751289
-0.24318453299189857
0.27460810552990683
0.20965521305467241
0.71611392721771405
-0.66575185683843396
-0.35054983722170352
-0.82955494694294352
-0.43468770586057226
0.30994621509261894
0.020513598750221598
0.95053276430435318
0.012893345676139355
0.58225324858466765
-0.81290523196119047
-0.48506229143555013
0.51869582106354639
0.70403779631388186
-0.1492201457225055
0.22718000785489709
-0.96235263398694104
-0.54680347023217579
0.310586668937476
-0.77752291671716844
0.21103171953969044
0.86039955432441773
0.4638730648210399
0.99121195995582378
0.13004489167106648
-0.024231726946197785
-0.49150365568419491
-0.19782192825197034
0.84811004070919027
-0.7545679882927645
-0.31698910519175744
-0.57458250776850073
0.91038525235996914
0.40581398146969661
-0.080707525852228276
-0.66527809891932665
0.74149507633901357
0.087121196406425322
-0.07147183845459025
-0.29432976589496262
0.95302768334195698
0.022541556782689775
0.97371536135725933
-0.2266501120112559
-0.56824716982238399
0.67981360284284742
-0.46362551631535337
0.20478842947564177
-0.81946107715605865
0.53529920808752562
0.43672720038920981
-0.88526437318403473
-0.15992605169665591
0.29178836118113205
-0.29256889342518905
-0.91063878397484799
-0.76990850575991054
-0.50278035382586184
-0.39300484547303349
-0.61118229109456024
0.041027000619300334
-0.79042582970990272
0.40144549213845998
0.78684076312538964
-0.46874633900006513
0.87263248088396028
-0.08042312867923436
0.48171015525910188
0.19498945004829471
0.98017118166555839
-0.035264273737120558
-0.43716451349221774
-0.89836022259275572
0.042849721191707268
-0.35988969457882897
0.30825939100632765
0.88059954326150158
0.24682355037535442
-0.92482527817429183
0.28944142728702282
-0.20164410839608887
-0.30468642064127416
-0.93086295372947081
0.8137873142142984
0.46163065938029568
0.35305430395902576
0.99015908504070538
-0.13993397052407161
0.0018628485502817751
0.052190676196213322
-0.678123853707154
-0.73309219907972045
-0.91332289791133459
0.38371893737779439
-0.13638570764012717
-0.61562598981469807
0.75980943260424227
-0.20903173632320191
-0.036826300824663295
0.94259910756040788
0.33188965936572062
-0.78789961164158173
0.2251373427882909
0.57317307932008832
-0.27891504149378876
-0.93708456697413822
-0.20994978915781176
0.21838752576582041
0.69872026668883835
0.68124656146520235
-0.2584088908614488
-0.11465530883596174
0.95920748812730083
0.41348281509617979
0.52687530300453045
0.74258627559632595
-0.58847762551739746
-0.50668295230783678
-0.63005275184385956
-0.062045994468550761
-0.76244928477836149
0.64406628751346195
-0.78956506508355262
0.60607921710151891
-0.096202861689323446
-0.2887551476379559
0.40952433118141013
-0.86539602892721956
0.92209476057324624
-0.32012356361501515
-0.21739861209720512
0.61762020617294466
0.54507455622486789
0.56695591458521077
-0.91507868291890593
0.036990202973317711
-0.40157530919043488
0.47524928281727785
-0.20229290012719769
0.85628015376965871
0.9401147758960352
0.21338125085029688
-0.26580566195532823
0.50749145039331955
0.35554616705211239
-0.78488174324049365
-0.83538281550817417
-0.2757020792195739
0.47552488375230118
0.52807233398396713
-0.19172816460984091
-0.82727257961089651
0.7502899824741277
0.64682761753406948
-0.13667104811982947
-0.87100768490237335
0.29617482436313602
-0.39195163764739366
-0.14342996753065651
-0.78517282803367183
-0.60243794247354732
-0.57961484085576243
-0.69142930939414771
-0.43124487981943765
0.57833966566635875
0.31227249363645165
0.75366379827811603
-0.99709000017805582
0.0053531528654596448
0.076045218780167401
-0.85438773756388375
0.37684892552321381
0.35777993408304393
0.37082776330793449
-0.44712392290459263
0.81398216658993372
-0.66785951839479274
0.018334886376289498
0.74406148645864223
0.11255955778549334
0.20494274643266158
0.97228021507987705
-0.68720713322811144
-0.24329035919388364
0.68451161945120553
0.13580181664028362
0.8792502956674787
-0.45659258006000292
0.69154263675332472
-0.16242538952983168
0.70383717889036068
-0.27917380367048211
0.94649336820336893
0.16190210403573091
0.77264210912631126
-0.48005477316332595
-0.41541736358504938
0.65469952500402151
0.67807690703898249
0.33403628560375848
0.89583632418837711
0.17835394690300019
0.40702229654992955
-0.44933912546671695
0.065699156582350052
0.89094218170943817
-0.40875338370201253
-0.13223923334234541
-0.90301354169092274
0.69162565995626502
-0.34286112765368026
-0.63568875531513669
-0.38117007321538171
-0.66132159934686907
-0.6460364676411694
0.22150680749227039
-0.22277827598300728
0.94937061992913041
0.33915190490531294
-0.69202506263777586
-0.63724194626552966
-0.49753887360151655
0.82532920577948743
0.26699582645190267
-0.70391772804894026
0.62876430464673017
0.33038656349877848
0.057664747257831939
-0.17798599690065064
-0.9823419780458188
-0.10310296214754491
-0.5626712536651659
0.82022609047461581
0.43899155112638227
0.7282646769387835
0.5262290170286148
-0.072727769910231652
-0.92080551048624504
-0.38318126695083926
-0.50751781198241874
0.69957740362464804
0.5030080783231764
-0.51884134143180149
-0.67806754027087313
0.52060356630766225
-0.78896209702801434
-0.062003677194340447
-0.61130545021906868
-0.73178966018071978
-0.655803853713679
-0.18548638415494006
0.78919578771943444
-0.33176845427700064
0.51681689348603077
0.81855775449659707
0.56296995121537163
0.11414042483735044
0.85842058830005052
-0.22630959639857989
-0.46032386442645706
-0.89636197699720876
-0.23040012858128733
-0.37874924018852074
0.024126122575806964
-0.045475832825263907
0.99867406036119
0.54819579373397287
0.056946312670422654
0.83440906586974584
0.69935474887590854
0.18562838089688424
-0.69024998328889242
0.62916541555507699
0.65982759350968723
-0.41082651656462266
-0.042464042900190284
0.99681847432822424
0.067451718277017528
0.023433542787984905
-0.43243323038511827
-0.90136139829210293
-0.76107724994753778
0.1970890473433167
-0.61799460113304938
-0.46480114070674644
0.88516122461121649
-0.021201557548419511
0.64021249190628515
-0.72412351619480642
0.25646266492574471
-0.051787568774512314
0.78171931415472617
-0.62147643688066723
0.42208800159523191
-0.64527009253324008
0.63676387035657667
-0.17340967332779961
0.13772101946129464
0.97517280827291708
0.97483942882385644
0.015098226345331164
0.22239633893480018
0.59534597665454692
-0.41497287449325215
0.68801212308799564
-0.24934908786104903
0.53082487611524254
0.8099691248931038
-0.70020738620196776
-0.49274949569174564
0.51663096190969704
-0.7675914148511459
0.53937699663302696
-0.34623095666036519
-0.86143248278017515
-0.4301009395885218
0.2700875031841603
0.27618171332787517
0.49686313015880357
-0.82270936004890272
0.87050751865823595
0.030263413251524436
-0.49122376344986451
0.31115137898613354
-0.035905553676805611
-0.94968184702572334
0.12170658604750731
-0.45192757057689376
0.883713176242794
0.63124436310876775
-0.71284668577982624
-0.30558166930646202
0.24737952830016191
-0.52772875799382779
-0.81259198061775217
0.52421052490744546
0.078912397548557958
-0.84792461875416669
0.64117287087724384
0.763150092802932
0.080618146256965076
0.75644876830525654
0.32699032333263101
0.56644734033825417
-0.95580641831883062
-0.28790357559415503
0.059545124574807685
-0.17101288429618711
-0.037795110086182512
-0.9845436115572902
-0.22556059099796114
0.62145473478457336
-0.75027757023816577
-0.3998228503183982
0.86398226908923126
-0.30606588680004015
-0.52623709199368551
-0.82605445469006256
-0.20176362629753833
0.55166518564131539
0.80861715792106326
-0.20445981235195171
-0.069954195512720765
0.38175312743713585
0.92161323787266303
0.36015992505541744
0.27959125392738438
0.89000761744570989
-0.94805627116323987
-0.14119060358380681
0.28505178506315942
0.30396049875557668
0.24108362010613338
-0.92167602947715999
0.17045540793861433
-0.65718061718593335
0.73420609524819136
0.75030396812178712
0.084870495619482039
0.6556225700767202
0.80984665162569625
-0.56104295037348795
-0.17140364257173835
0.027016106026966
-0.98565626710002074
0.1665888746032945
0.45756657496392039
0.60438825035515342
-0.65218683849677861
