-0.09222582154741564
0.0854360876539801
-0.99206606270262365
-0.71020172234861212
0.60799927441118728
0.35489490823134479
0.85227470714293752
-0.46318700669972623
0.24307533891567007
-0.99886064473830338
0.045792120294873062
-0.013434809707663153
0.76948087245760288
-0.22720541217253185
0.59688934284454809
-0.72479225360121624
0.4172104520115143
0.54828061050160981
0.3893487461385754
0.82852869509349425
0.40242732919993252
0.37369095451913398
-0.35394641396131171
0.85736631993244661
-0.49156410233791847
0.80161656399291259
0.34025816320099261
-0.79776304046135715
-0.57546335232473977
0.18004460948615844
0.97641032521048599
0.2066008850933945
0.062761063574313367
-0.49367450902720889
-0.73206913410375007
0.46942545950270931
0.69679833328606067
0.44208598346324712
-0.56482923610158631
0.73409742156380875
0.030241881525253252
0.67837040343397959
0.78562530542403752
0.6109834172580062
-0.097427631158294684
-0.52512217878896228
0.44318846918038418
0.72651956486352165
-0.49130771180427241
0.77032571088457935
-0.40646651949676943
-0.43457334952961307
-0.24423232177005491
-0.86688902224069087
-0.74938147923114895
0.65781708382024839
-0.075525378645586769
-0.58769068518902357
-0.6270368484448563
-0.51131638858381812
0.34998420267270797
-0.063161080278095846
-0.93462384723355563
-0.37977640051234096
0.67674077028043222
-0.6307073928963709
-0.31068571475389156
0.60154397412317995
0.73594784723100759
-0.86879700349149791
0.36767341675308546
0.3316745774660852
-0.12991236002687404
0.72786035689780915
-0.67330682424051047
-0.20767625429192743
0.5252339172388546
-0.8252271842257759
0.11117519359358995
-0.77655991265739288
-0.62015705944782262
0.13405483938766008
-0.22736257005348787
0.96453904108409283
0.074051898857678905
-0.11528549044739451
-0.99056830757291836
-0.71398318686124007
-0.69901901867030569
-0.040005254863212707
-0.068518855755287766
0.23246858263151812
0.97018736566463248
-0.92532296353218302
-0.36140905449635208
0.11472100282019461
-0.18609763742623422
-0.18958390678897308
-0.96406722360580432
0.56799643761837182
-0.50995358936135737
-0.64600881073736693
0.5130412485667738
0.4102024453563819
-0.75400439726349777
-0.86755843437806557
-0.48687915319108294
-0.10144482799735832
0.071239770233047395
-0.91508507981254572
-0.39691836924185003
0.95136605934379392
0.18449939525625442
-0.24670345412810335
-0.2264033619403123
-0.97245982020706767
0.055348132623979703
0.37374938489590498
-0.5872553488625577
0.71794327946032643
0.61612581508761144
0.50408650905765484
0.60521547515632279
0.18174996448190969
0.14019312404758585
-0.97329997348227792
-0.074406361479798538
0.72098709470494127
0.68894216204284187
-0.53712186557292962
0.63676403597524678
0.553201287066444
0.16848028999569106
0.78501990669940258
0.59611923133600453
0.88125276510242689
0.016102551025161223
0.47237090495690903
0.14976189535166282
0.91549682639201169
0.37341255410983737
0.77872208005488563
0.49055717770950313
0.39108257111852868
-0.47986702214579985
0.22040102063643666
0.84920611818294123
0.2284197084527273
-0.30889909055362985
-0.92325824591254602
0.76819225026863713
-0.63944797654803665
0.031415790867478352
0.14103392473674065
-0.47762168968400776
0.86717181320471015
0.72422801675367454
-0.5174140452893079
-0.45582506017812746
0.31494013289539663
-0.79177569297328776
0.52335835209586556
-0.89063136308720359
-0.32546924594380411
-0.31756187590798973
-0.077414477557114184
-0.062331081152752259
0.99504865960760336
-0.28248787115184754
0.28878814944641085
-0.91476882729540732
-0.0850160564107071
0.87924178396455444
0.46872823200997743
-0.33409450962045173
0.91745733797357487
-0.2159928046021713
0.90988446304678583
0.25512484886079145
0.32714152197454266
0.60764808843340889
0.79006093995055782
-0.081040186251421426
-0.64215678474280813
0.75414119396922374
0.13749808495921775
-0.18669858862940916
0.98241052574442689
-0.0036326175611460692
0.67779819194383639
-0.70555686526225669
-0.20683114097969926
-0.35003390001717488
-0.43440853607723429
0.82991896750345484
0.79438604486023157
-0.036793047940568931
-0.60629785036280737
0.21451976268744136
0.93150741133655435
-0.29372642721007419
-0.055397266620887078
-0.98799815719778994
-0.14419009752651338
0.57905816225731954
-0.81351404468610555
0.053726565325068025
0.27330819473639839
0.9501522334507333
0.15004453991570008
0.21554458915230554
-0.93072947340246537
0.29543726479090832
0.3160922494977062
0.80051001211690953
-0.50918504525178787
0.72123549534397491
0.6736478924164423
0.16130058059045083
0.14711045949026375
0.074517419521195005
0.98630911325834647
0.36635495644053356
-0.48572996838962612
-0.79363117611373324
-0.015578223927819556
0.33136597169148618
-0.94337368616270612
-0.340879159976896
0.027852821046079126
-0.93969442833999006
-0.56135731193223781
-0.27771500076230043
0.77958472707705573
-0.14841835964032796
-0.79814771242162119
-0.5838940140794453
-0.27889138267116154
0.37519644222798049
0.88399503754898623
0.60259805282591161
-0.030702733319868416
-0.79745402933154019
-0.70555050235754091
0.62801457254987125
-0.32832329385534642
0.87497423244902228
0.46078333789575104
0.14865667851763115
0.84303653395385336
0.20691228915832383
-0.49646420516925055
0.89900495613330067
-0.23592862171616624
0.36895497598334692
-0.24826492289653748
-0.84896771198593501
0.46649582212978391
0.97153260367083127
-0.21191557462253641
0.10590651177796268
0.3467736222079742
-0.93595383911302399
0.061142996249389035
0.075754350084022107
-0.99402462322460805
0.078589610423537334
0.90597607098306898
-0.42326823069843245
-0.0071668464124757152
-0.50882345539959362
-0.86066468242250804
0.018841328662839538
-0.5353406851609408
-0.44953838320564665
-0.71507034118068935
-0.95726796179651419
0.12447296306120398
0.26104507423951018
-0.8880317871641682
-0.099790010967067508
0.4488223464770954
0.83294224021997254
0.43249270791931221
-0.34519165988469946
-0.018451165929299393
0.98156944499276666
0.1902129836063815
0.54645429505997301
-0.66044741479931857
0.51497273296302248
0.68156827156120192
-0.67381615163433117
0.28537078511609376
-0.83756528206821323
0.53036301998012847
0.13114673198960142
-0.81814090380205406
0.40099218638006678
-0.41212950390392061
0.99689707123353388
-0.015086079391208079
-0.077256971042131986
0.9267098167967176
-0.036897753881647344
-0.37396185796292586
-0.95245985269756439
0.21443897990908892
-0.2164166188047566
-0.087613859088756574
-0.9556282979805899
0.28124432046584752
0.78278833599039033
0.27275304293433489
0.5593283459717171
0.33324442264079962
0.59276503997318764
-0.73319694636869925
0.39948635141001981
0.4598365641279476
0.79307060803443863
-0.69983973814889988
0.32037177624783331
-0.63842483182555432
-0.23953529686326602
0.85561783258552293
-0.45884743228907698
-0.28847524029685523
0.082152312638169439
0.95395651539463377
-0.10937877750024146
-0.32727072581087047
0.93857879533887756
-0.3550708097925751
-0.91858673216039477
-0.17356017841697455
0.91376641430136218
0.39319262174494946
-0.10212983060871283
-0.87377158477339778
0.14893296980261048
-0.46297104461117178
-0.97259032327475203
-0.12365100646040426
0.19692255247594809
-0.33303613345138594
-0.18138533848259028
0.92530335177135647
0.13651377625218755
-0.57971198489782461
-0.80330442763574528
-0.42872511454837026
0.90086654520206977
0.068075281058355308
0.15122860561070195
0.36727687114435459
0.91773504279146689
0.10096276854595217
0.99348056220083336
-0.052942345024118646
0.59740519838441286
0.28579706700549451
0.74928436887094962
-0.68744889429150324
0.19577551149923017
0.6993468144165701
-0.74717910082488548
-0.41045753610603658
-0.52273129076445879
0.17684229203250226
0.60130794473596627
0.77920187329478319
-0.18246217714801019
-0.91566223559620818
-0.35814832711233202
-0.02271998541377749
-0.39012028844736535
-0.92048354836169788
0.059505641721150297
0.54990541162599471
-0.83310450537000424
-0.95195978598241249
0.30053396637987434
0.058752880136209808
0.5828442842854904
-0.20072097898775154
0.7874030917325211
0.74404576093015617
-0.469191999500011
0.47566245726044698
-0.6796196555736046
-0.22706017041121862
-0.69753910483272796
0.35745683023163238
0.21689523250026066
0.90839477796793378
0.8365468707038225
-0.49350173431462202
-0.2380028809575683
-0.36260044785905488
-0.64612399354360961
-0.67159861537950649
-0.84951904387484156
0.15650000172764322
0.50381062270780153
0.028101969581344925
0.87866542294295014
-0.47661027457466298
-0.56011118649446223
0.81511665410932632
-0.14785228762985916
0.4824870806180489
0.81693711431963401
-0.31594298264684006
-0.61405309147643805
0.55633995114794865
-0.55984342418655508
-0.8621297517519142
-0.35245164163219134
0.36401941082167055
0.60388342087332703
0.68846682269592674
0.40166932673693612
0.53818173569979821
0.049752583704178836
0.84135907897514906
0.54734578203392492
-0.71634620758898515
-0.43273630049089928
-0.070772405916090853
0.96536047235865008
-0.25113825867105988
0.37724515894087518
0.92213649628444194
-0.085734312127217771
0.97342533998504865
0.0071841106391070777
0.22889188720729536
-0.7447931005621905
0.059831307780284865
-0.66460774293131697
0.21403557769246256
-0.96212175770634156
-0.16885051030397805
-0.61600108911563978
-0.751560747279854
0.23600657057906846
-0.10879811645490599
-0.62490449992891595
-0.77308300707262767
0.67807937586022093
0.20376288604172677
-0.70617918852438544
0.14084040978847767
-0.69303888870286601
0.70700854147323433
-0.52924934298910653
0.22252203899570208
-0.81876680141954594
-0.45986146116966659
0.46013056239129874
-0.75947830915989056
0.31997910054226597
-0.85378071705339587
-0.41069680106369411
0.5152997764000492
0.84096532980105265
0.16505591329808825
-0.8486639774328576
-0.13892849935567514
-0.51036097565803573
-0.28075466790167075
-0.44511958826378473
-0.85032074454014206
-0.70466214530316107
-0.56217641846161326
0.43290753689722217
0.44778250901664929
0.17931341187943026
-0.87597803907341898
-0.74111542293094446
-0.065091540323290675
0.66821480174583747
0.26329066276942359
0.3786678358407069
-0.88729290372354108
0.46591834207680055
-0.83209318897180251
0.30090035457463565
0.46681316412210722
-0.86425207956065653
-0.18749350062705464
-0.87851182884499346
0.45169282363629937
-0.15553314648296704
-0.57601403565783027
-0.7773993468372985
-0.25270157550383671
-0.1030170097650817
-0.75119760757794785
0.65198899535822563
-0.743021368937267
-0.31818594796655764
0.58879278852514205
-0.26506903646287144
0.92360548468144532
0.27693196741257137
0.84940449041561561
-0.28154141852506409
-0.44637029618544627
-0.064507542380227295
0.51211792336374762
0.85648935168259155
-0.95644568243301031
-0.044332283088358813
-0.2885243581249719
-0.34246118612830379
-0.65407567005021605
0.67446671811436043
0.35766720685629561
-0.69449991099053743
-0.62429483641445516
0.69856000811520613
-0.27776196374885065
-0.65944082869994136
0.12746693515032431
0.73373045251280722
-0.66737680773213426
0.52621396574329571
0.64227735375081396
-0.55729584882319472
0.05617264498943686
-0.87097769323744789
0.48810090333625172
0.58645387817884576
-0.4385294888486489
0.68100200893913243
-0.97365980317204481
-0.20977179932507181
-0.089344165421681693
-0.54072524038249714
-0.028640518972323038
0.84071156473923114
-0.10731754886852175
-0.55837433121781699
0.82261841089408405
0.68117205805349001
0.64755724148668159
-0.34157612083594524
0.40993849763111639
0.66889281889951391
0.62010710767141297
-0.5611473924861069
-0.51389454221327591
0.64886516580060805
-0.56641006833334051
-0.029585185105328083
-0.82359234534623016
0.3478748452041549
-0.092941573041296813
0.93292280284855
0.49614428796951671
-0.26383861681999715
-0.8271819810596287
-0.31255850617229003
0.78273526404959037
0.53817533075435964
-0.38000743647651003
-0.89015187980753396
0.2514437891411615
-0.75157343208503435
-0.58295206187218085
-0.30871389625816181
0.95021020183792115
-0.2398938116345026
-0.19887566835238274
-0.40059932150285477
-0.79969364560813772
-0.44722506278765151
