-0.43596389345954617
0.83315099989415675
0.34028648955690316
0.64356132846944702
-0.051572726328851279
0.76365507292078538
0.67047325666170843
-0.30605787843807192
0.67586550965959891
-0.60038353571314051
0.16789405763883519
-0.78188950335335472
0.87345495331352707
0.14666860190550293
0.46428952793181677
-0.55390823729490046
0.64724726435428803
0.52369518180211172
-0.25412540648227688
-0.80211208473569551
0.54040399822833851
0.78158876416309675
0.60212819562100239
-0.16297435311176631
-0.14851275546209292
-0.37363524321643637
-0.91560945085317413
0.25366331987176116
0.84372522696696373
-0.47305672126203019
-0.85891797814379489
-0.50320659217079255
0.095094860098919695
0.94041581046658196
-0.32852557940826776
-0.087687211718377248
-0.3244897535940916
0.7549418898894461
0.56988520133672294
0.030255013290984224
0.29076378331499125
0.95631639977735139
0.65832082689325844
-0.74667217254859131
0.095364330963642871
0.7205975067912147
0.60709338373226784
0.33492813652303194
-0.60659474220944876
-0.12462939658511824
-0.78518171924127333
-0.38678108767732944
0.32189655033939613
-0.86416607263577461
-0.70145596960025136
-0.3424428697990034
0.62505392058285192
-0.19885309725101499
0.18419940313938452
-0.96256325797153353
0.81480876417013537
-0.088036871373866427
0.57300627144058203
0.43659412658545893
-0.8867850274297413
0.15165053167566939
-0.0029836906935222711
0.0091914253867560816
0.99995330655446357
0.099341312884434693
0.95405262718514705
-0.28269221445861548
-0.26451663332453212
-0.37125910230705195
0.890054846427352
-0.89766976353226824
0.2601919441018038
0.35565312857395964
-0.66321627196919508
0.69532442303621966
0.27689009249995022
0.66390051082873081
0.74131026388868537
0.098464228908969151
0.065242627358227875
-0.21784955755446284
-0.97379924514692462
0.6519115102343469
-0.53395467941657537
0.5384271382026683
0.96909465722254384
0.1039934320160112
0.22369825980604191
-0.45016839013903298
0.038033021950600376
0.89213334752207107
0.93223588573926253
-0.12399393278744514
0.3399437570714236
0.41279573735131325
0.47470592020682517
-0.77733774419178747
0.72016022644519484
0.18417751084220946
0.66891546008922054
-0.4960313979561779
-0.4428943014375174
0.74685841362055594
0.89369024093428251
-0.27176688849869352
-0.35701612228940421
-0.5766506464469775
0.80424709493052682
-0.14373810297931147
0.49105015260329576
0.0084075706524119435
-0.87109073028244566
0.25383037030472499
0.014536079722099467
-0.96713951707976387
0.46541110651955753
-0.87970129019871546
-0.097560965303529298
0.82079381373101723
-0.52275637415877707
-0.2302678627539258
-0.40539220955921224
-0.25813583356682185
-0.87693959190896498
0.30968994269370531
0.37778514999692753
0.87256548168957981
0.33728478312522703
0.79617774056023205
0.50233453047602905
-0.4180474956855279
0.032559708300297613
-0.90784148216880811
0.86786883007052606
0.37427946511633264
0.3266780919869719
-0.45038771328102339
-0.79936391804160656
-0.39770370159034535
-0.2093221338108382
-0.86202143163442002
-0.46163112514194971
0.58404132425619304
-0.47235152475842174
-0.66013617430001992
-0.82909931708947915
-0.53289715501998569
-0.16915952403977938
0.55644048617025554
-0.23979500214683944
-0.7955327411841745
-0.63596922417395407
0.15059573702582213
0.75687784344187825
-0.77276440658541179
0.59759418835153943
-0.21381383950334254
0.42441384252464825
-0.018755096611406692
0.9052740671335725
-0.037519875427793926
-0.73221774923042893
0.68003634216106967
-0.74208721662675925
0.66947108470822336
0.033392059815833902
-0.078518581726528619
0.81780188296370626
0.57011833205455775
-0.37421411164204166
0.55722324589498018
0.74125977422373335
-0.94579422083622799
-0.25067289702620815
0.20648581193215318
-0.022541091017458655
-0.27385076965879329
0.96150801097704286
0.91920350926273753
-0.34715796660141601
0.18586622819715934
0.83055609113597728
0.54943512845068687
0.09109126797505733
-0.24936162030059164
-0.59807782225586081
0.76165720691578209
0.090882591703010496
0.26935594774834171
-0.95874278507738264
0.44636449666410755
0.89356739700328802
0.047917044259492461
-0.2873130003406647
-0.91217603544657522
0.29220903509681856
-0.56424747413803089
0.42809403690115583
-0.7059463743787654
-0.82697621817698896
-0.43817534295717325
0.35229632895340945
-0.3469476088826568
-0.50558191879354697
-0.7899457450228099
-0.18275818478507927
0.42219106491766045
0.88789309637915015
0.23677936788218187
-0.94338862383300282
-0.23227878802806687
-0.66101969673036864
-0.68856619154206378
-0.29821059739678835
-0.14727987048922955
0.92564305136872727
-0.34855929366675509
0.94240331755240436
0.32262125713692463
0.088269538967938307
-0.34158616352715099
0.92976213492623039
-0.13733632201359042
-0.97574879865499364
-0.079748262323217606
-0.20384920058652176
-0.9521364594129933
-0.30073674454382249
-0.054713555337528905
-0.30305122644134752
0.55971168794168502
-0.77128644519002465
-0.75088698220852723
0.49676310560165082
0.43519553865219468
0.28313688565614853
0.92805373690026916
0.24197058789527118
0.14107612918919726
0.73004001781339334
0.66868460290634268
0.1050910372768124
0.90258431847105125
0.41748942733227579
0.20831816663038466
-0.15168972334352901
0.96622656208764968
-0.90595743294464315
0.13393282316705121
-0.40162560746403569
-0.058904276250539123
-0.98590239035543348
0.15661022613751149
-0.7688563191514125
0.27718422107418078
0.5762194617404387
-0.20858130656767468
-0.11583720592317087
-0.9711207856257813
-0.75440382542588069
-0.27144476070768997
-0.5976559295005297
0.82391991038153156
-0.34048786733072944
0.45301654878984327
-0.99808472450365937
-0.034940489584010623
0.051049435844917848
-0.50084704975322303
-0.8543575858878667
-0.13865550183584216
-0.12063931972799249
0.64143735353866616
0.75763069896941171
-0.38448431289320856
0.83935614256565416
-0.38425652769516166
0.19027390021841134
-0.66168627044862072
-0.7252359080985088
-0.53529922172655253
-0.62165741831027566
-0.57183633801879907
-0.86989736668663675
0.37495220929894751
-0.32045188745503328
-0.084280919830613588
0.99290031155122405
-0.083938655421609276
-0.70356610030796674
-0.66778767249436743
0.24301104288076208
0.78238211069402641
-0.55182437347687263
0.28873533504373411
-0.29174955465163616
-0.9560377770115559
0.029562920819406788
-0.25681585082246472
-0.94040563443108627
-0.22289652643457628
0.58434834932900792
0.24689103851947486
-0.77303416595596786
-0.90118123956530094
0.43027914048311627
-0.052270782667360516
0.16026676801510872
0.49514932599246625
-0.85389794942908581
0.78577131024294478
0.21419465139274024
-0.58024486151436838
0.55016687807872289
0.42912990016763825
0.71635461542955403
-0.046037233298861523
-0.90311935300161783
0.42691451999683211
0.34785864379627934
0.25660603845272389
-0.90174702936345308
-0.083445703693781376
-0.60500947295323859
-0.79183353817067781
-0.68504102828127078
-0.10494601612078105
0.7209057658749275
-0.8329577645144296
0.032929857917536491
0.55235585177732571
-0.59250946748021871
0.43108428784472219
0.68051367930388917
-0.97286980097298925
0.18060339365964456
-0.14459171675236346
0.4601141996333884
-0.48897201467249135
0.74108116435573468
-0.2340341034720477
0.7696226742821376
-0.59406142581625798
-0.42542513987683689
0.30593983243564882
0.851712550858575
0.00088313830796435768
0.98387455080229202
0.1788577321513305
0.92707495180093247
0.16818409710349161
-0.33503155556571412
0.48387864066144365
0.78809031175522659
-0.38049326095107572
-0.011951447156204352
-0.78877583331116408
-0.61456476281605266
-0.96768413888209948
0.22467334193541083
0.11449583738976583
-0.21722085988056294
0.16238501038161277
0.96252075636638212
0.42373080668686602
-0.67802028913494927
-0.60061692532416844
0.35244349417018805
0.59914246541249561
0.71889629958467938
-0.65986758729226636
-0.56544507292510171
0.49481980229757311
0.0014283176794939961
0.03178246997919007
-0.99949378913059217
-0.013544820439788011
-0.51692702400638246
0.85592230353645926
0.59726295968770493
-0.72133978388425157
0.35063638312488932
0.37142582423972154
-0.8416232195858625
0.3920627670944673
0.62470601416105709
-0.65806888307676525
-0.42034240922978972
0.21456255920769637
0.69158536006585392
-0.68969021881481463
0.91106843224715883
0.37869460132626726
-0.16292547587484194
0.22493705051421373
-0.83549800260407447
-0.50134460299335804
-0.85346375171255118
0.4828327424843003
0.1961432315881079
0.64294082496082672
0.45157793906909299
-0.61863111831268403
0.010525772998578372
0.83628991870719671
-0.54818644635880287
-0.18568649989298638
0.91600537068833598
0.35560467464252499
-0.47237173448822073
0.64967788972570562
-0.59563712447944661
-0.044497002527413933
0.65516116186368345
-0.75417761087923019
0.32374960005973036
-0.23721121277434945
-0.91592414369056063
-0.024265746381631311
-0.99443228015063079
-0.10254566664154957
0.82949163153826766
-0.55783677148492328
0.027600173681707141
0.87164618435294761
-0.032911762929532865
-0.48902939089978764
0.75215552924999796
-0.23360033679857753
-0.61619229341679282
0.37087424883618553
-0.47130756310280125
-0.80020089509590919
0.60047708896936036
0.7852908637137902
-0.1508161960484761
-0.85851701689761972
-0.20645948040287024
0.46938578445558926
0.21210684027992635
-0.97694959105487189
0.024087026470375503
-0.88678880716785369
-0.33539667826515612
-0.3179853450876543
0.097684193962252322
0.52475208375820981
0.84563174540775254
-0.70122657235323027
-0.71262991609548931
-0.020973719543175048
-0.11188873476289221
0.43071672751619722
-0.89552443387709812
-0.51852567778753078
0.84963952999857006
0.096144633437289503
0.23409380311680916
0.14004222318852377
0.9620749799608781
-0.71019858135098446
0.50463634501305321
-0.49087690344822305
-0.45139767612040793
-0.65276863068979618
0.6083857762805307
-0.88754801373414627
-0.11630336309989953
-0.4457937315039599
0.97276997742442406
-0.080288226502722729
-0.21742210491744621
0.34700412242309603
0.91637152711811565
-0.19962806242757919
-0.95082413501076224
0.0034850203031984131
0.30971167061401206
0.21334454291646737
-0.62919382511582245
0.74739496683071371
0.16818827312250412
-0.94564394425329701
0.27833475435370481
0.66732666914970928
-0.7260271511693025
-0.16601112133390683
0.014277912962614596
-0.93311108196524795
-0.35930467560981749
0.17955744680649097
0.98370213100152548
-0.0094467327363433589
0.99118725485641035
-0.11551197056458232
0.064844509917962354
0.81801017979322321
0.40825314027544929
-0.40520207207008813
0.1704191365244426
-0.81530877700216886
0.55337954068567718
0.67319508624412872
0.61893934964159536
-0.40462631812821953
0.55330311483282413
0.63729133697480922
0.53639110258574829
-0.29400000936275555
-0.70626014315737407
-0.6440191027306762
0.75693215107130263
-0.45072196483799093
-0.47318435000235537
-0.51654318431814383
-0.84651362610186864
0.12883252523465513
-0.49965344607403733
-0.77763381285451194
0.38161772355551427
0.42900882910708349
-0.6865647794540567
0.58700956394369919
-0.48629050909526189
-0.21178831457610017
0.84774244353629358
-0.27336769057093979
0.955070872084959
0.11449775127393043
0.99021009816223027
0.12254909095263014
-0.066825757041953884
0.70065611081409662
0.0035323550323351494
-0.71349039015728144
0.45980958452974663
0.65448204747982686
-0.60019029940610968
0.46067699303924475
-0.26193419652227179
0.84803725435652388
-0.76915287009556688
0.015124589878357972
-0.63888583424956558
0.73405358601229231
0.4150536746223733
0.53749026041869741
-0.24210548714315566
-0.11456003302529756
0.96346298939212915
0.44451550164716069
-0.82301859025922197
-0.35361896001642218
-0.73547641044370493
-0.49658258217934653
-0.46095573405364582
0.12016993358295183
-0.45399576075098086
-0.88286297707107808
0.51616817539540372
0.79827687631054567
0.31036179445424245
-0.6004993287248106
0.70516694557098492
-0.37701476771492587
0.22900307996530073
-0.40280051107118242
0.88617680947269217
-0.76478694224109667
0.27194203690784491
-0.58407915691276446
-0.57456959451889766
-0.4038785831168703
-0.71186506527143101
0.51135642581166985
0.20663053304986398
0.83415731645334334
