-0.68641205914334635
-0.69641247093244463
-0.20939951144250074
-0.081361330582575053
0.79171136140503129
-0.60545309819012816
0.69553340649360251
-0.43981406466825546
-0.56815215301131483
-0.026506062857617134
0.35442722123947434
-0.93470785461354333
0.47769812976771586
0.17826908822184548
-0.86024684190119427
-0.3921811979413331
-0.68157763266675075
0.61777490935589852
0.28965505478303577
0.95676960439385272
-0.026303485447123635
0.1711386354075716
-0.91244286892013149
-0.37169823570691601
0.67890291733794528
-0.2296694953832141
0.69738278708356916
0.31909151751117593
0.80188836707079103
0.50512934007930621
0.45488961522219218
0.77322243338281649
-0.44181727724995296
0.56608106735130115
-0.79236514591086971
-0.22739767090288729
-0.28817646290480164
0.8399418841749553
-0.45983905601449648
0.57698050977236592
-0.81640237380023173
0.024096792238127843
-0.23916603204661468
-0.25465859466165769
0.93698911908304849
-0.73012521555409315
0.26985632454802794
0.62776965020102571
0.98008948863926626
-0.19229510926585963
0.049469032851398045
0.49931711348892643
0.80669362204226203
0.31611361934187943
0.36508220730313268
0.62618794389298216
0.68891482843218854
-0.89104430704020798
0.21864894821692427
0.39778471606494459
-0.95252932312342231
0.29809378239298612
-0.061870715921815519
-0.23577551477993125
0.18941587623511413
-0.95316920452789611
-0.76042352767134413
-0.64875262336483086
0.029598855402167966
-0.44447164012689067
0.89444759219678183
-0.049076123892291136
-0.50946389773718603
0.48943034105479483
-0.70774605485118847
0.36931632383452723
0.13717639926153288
0.91912354361913229
-0.15464474266870359
-0.95019898335305331
0.27056772830430909
0.61480702299546475
-0.47953418534563891
0.62614638029804859
-0.37957545012257915
0.67054997626017054
0.63740505724517593
-0.83969215637686556
-0.34643378102846745
-0.41821133160340074
-0.76112045644874093
0.60914723880023625
0.22278979383559755
-0.90191900255096702
0.38654057973971978
0.19268755292428752
-0.360276098943629
0.91358099481333199
0.18860248791000342
0.90541855477889011
0.32069955949507384
0.2781528953683054
-0.58025830920122157
0.48711756932938555
0.65269960031669305
-0.92443637134885071
-0.093885893208416379
-0.36959820668372767
0.31600399349276825
-0.1421635259385006
0.93804637837867899
-0.077323998792678442
-0.95668065872883612
-0.28068330271833053
0.28826578608513387
0.92706202375775659
0.23970573768454639
0.84073185055345179
-0.11990071732324036
0.52800925508019347
-0.43456428362757066
-0.4973048840601127
-0.75089395768324974
-0.48295191658947728
-0.24327108333160979
0.8411757404236142
0.19646648519843826
0.48965626415978042
-0.84949259158797807
0.85181205545130534
0.51292423942435905
0.10641873330746389
0.94106987544553444
0.0074118588998750637
-0.33813097148379412
-0.77467003583741578
-0.18065414624965395
-0.60601189346288054
-0.022139557097977724
-0.84191813269169391
-0.53915090453085257
0.85050812177686441
0.50093404135418496
-0.16031537981165134
0.090884874528134943
0.90300096825715626
0.41991569500156056
0.09534772559447155
-0.16328695736342477
-0.98196037637928968
0.8033756118838381
-0.36645968049681393
0.46935586584215788
0.89896207053783639
-0.43641043475269098
-0.037591597110170093
0.51892569612264017
0.85249985617164403
0.062929461549893415
0.70979653807912069
0.70243010550158136
-0.052733494251116585
0.29617451226318592
-0.0043826407849030862
-0.95512378817900589
0.76024312258674587
-0.63653637458729728
0.12981463086576234
0.50905829496866684
-0.39353458438165473
-0.76549995638089507
0.062026440025557322
0.98888190571379375
0.13514916681064473
-0.42959826388514299
-0.01905144776336317
-0.90281912585245505
-0.70046871535080169
0.65835332645460243
-0.27552581795715125
0.94084501061391923
-0.16173276901561187
0.29774683445745781
0.031225134281190378
0.09873433531436647
-0.99462380929633476
0.50480270248344628
-0.69494349626659779
0.51208179870228365
0.67371995741243118
0.6692223417791211
-0.31343719665646125
-0.74089692851074251
-0.44473835384700411
0.50326885254385123
-0.67449250203732747
0.28423691542618501
-0.68137305538481174
-0.65122255189802836
0.028990074830316244
-0.75833288433296375
-0.99467208743477209
0.011874079396574267
-0.10240334328837684
0.93000485465590421
0.26338361205396843
-0.25635920739824286
0.50879719487362263
-0.11148877695175925
-0.8536367301742197
-0.017667861786023385
0.92315988838421725
-0.38400998312328999
0.48681407943249311
-0.62243870888093478
-0.61284753875081288
-0.50629408468754555
0.69406396721702268
-0.51180221689766858
-0.30619534111653068
0.23645753444950957
0.92213461462011626
-0.59967430388416676
0.66004386490829259
0.45247411600882032
0.95182997976933925
-0.22555694313245089
-0.20771074843888943
0.69817803918837895
0.68183134292263814
0.21829669123324383
0.67180105401970791
0.080319209736616271
-0.73636415472597161
-0.36410218392571758
-0.92426559505444628
0.11472885190383952
0.88344831531828394
-0.4132318137660046
0.22081336520451811
-0.57935459112153698
-0.22743541763174452
-0.78270134058468988
-0.53520142793761372
0.25802594161611336
0.80435194099763152
0.99528648851762613
0.038787217117882515
-0.088883955596628025
0.78856926682045725
0.45323096359289611
-0.41562026546705017
0.98255593965165544
0.073406270745281457
0.17086645332107364
-0.18676966611835827
-0.52680454654729025
-0.82921291690080468
-0.82549808826269011
0.30837797192674421
-0.47271125722262208
0.76482998336270114
0.50481190513368579
0.40024996812580654
0.26048923956749792
0.92297312878264315
-0.28331247698385059
0.038053532884393546
-0.21156165574558616
0.9766235684506096
0.12942435998865603
0.69130315280281673
-0.71087923444591627
0.50191129887694141
0.84303536591412276
-0.19332982149089814
-0.59442201217252677
-0.66261716771496182
0.45563248401992423
-0.40630464928643734
-0.83702332802688628
0.36648121412566342
0.13239520734873692
0.035297465659417639
0.99056832070741441
-0.05645557631704376
0.21148222534058414
0.97574998655788092
0.95668603523088569
0.29105743546616525
0.0061154929537650567
-0.17471181072725483
0.98443693886516548
0.018965668725000089
-0.30470777278286626
0.66217555105348758
-0.68459967338052019
0.22798419173272197
-0.75983356363513621
-0.60883180262984515
-0.82761278060956389
0.06659021262018941
-0.55733547254315685
-0.9049735779535556
-0.42314308296215886
0.044415701584230596
-0.90057371123684016
-0.32954346401192214
0.28349267354929564
-0.95441043636578793
-0.2496162696601652
-0.16368395424417681
-0.83507065674899139
0.54967037716637879
-0.02279198768380741
-0.26741836272067582
-0.85739060703743764
-0.43973715585991541
-0.68974331019969137
0.52052121487429914
-0.50330093473046145
-0.16098994602148647
-0.64885942143823694
0.74368251861317469
-0.77694798752596306
-0.56747704033590629
0.27261994309102944
0.8334763594510215
-0.46144626523211374
-0.30394819055162248
0.55445923816881426
-0.78666618164066382
0.2715350288124101
-0.57947796864333434
0.78677452075609866
0.21258207202397419
-0.63409541579115591
0.017587675726742278
0.77305476994529432
-0.47909574335451816
-0.67323654071989203
-0.56322271699488013
0.29351729291235495
-0.55842154301547975
-0.77589495362298466
0.68808438547676565
-0.20867911326058847
-0.69497691051705912
-0.13311942020368775
0.65289331189052935
0.74566047451454076
-0.98283499392991669
-0.15804829541315185
0.095163601359855951
0.070602029410185757
-0.91045833384152697
0.40753033725315929
-0.98150452492592799
0.13172806947376672
0.13891214224337231
-0.66362428648378924
0.74734326025787312
-0.032876400898127753
-0.94059817466460716
0.16478675704900902
-0.29685080178244416
0.13736850025550842
0.5578160741509457
0.81851763729096205
0.66267139581767298
0.33596043806639486
-0.6693259334728433
0.34931411396692152
-0.93246630563171828
0.092120782915905433
-0.85539225357797477
0.44823107318811267
-0.25960161314488484
-0.77318399743913369
0.45574747807947635
0.44099970785504899
0.1008331203913668
0.75274995561215208
0.65053838177162393
-0.23816901320988226
0.94402802861911084
-0.22822489419023967
-0.14578067222841146
0.82330179080793853
0.54856372178359902
0.2196056655823678
-0.38947557438046065
0.89447310110764966
-0.35423047012962899
0.47216548537973707
0.80720538182538115
0.85335474622055674
-0.25466699631188461
-0.45489602998084278
-0.082591361011543477
0.58088454903547282
-0.8097850380058379
-0.41311300415701574
-0.0019613235877948289
0.91067765922204846
0.47039642033604945
-0.32771243266780697
0.81934838085516404
0.90021016990822444
0.10627148388108373
0.42228902626935266
0.09498779509065082
-0.44883118739640782
-0.88855381604275774
0.022903708576254733
-0.78109169867717521
0.62399613651933683
-0.29253982210901663
0.43246558385890371
-0.85287394804742533
0.71237342018177985
-0.59009878545209615
0.37987831423559065
-0.32022136591022665
-0.93206190484007334
-0.1694664638224411
0.58071041263658507
0.22663508760471851
0.78192835587529941
-0.18090824464497574
-0.063871143007865366
-0.98142380453621691
-0.49280614671453454
-0.80288655522311503
-0.33543297572291936
-0.54219950827497243
-0.83878138342368858
-0.049653640835501174
0.75561435728027659
-0.64229568618700361
-0.12846476006080651
0.38903914508918741
0.40796026593159512
0.8259642637604222
-0.33474047545024194
-0.47276852488523319
0.81513111581707298
-0.55626148507315176
-0.47575716520574707
0.68134299730723225
0.039978740977068848
0.98942944380402864
-0.13939539448467861
-0.65242904313027617
-0.42544755839530046
-0.62716083960622859
0.54506144529403722
-0.049008723756726887
0.83696246382362471
0.65663299652215334
-0.63538089569860512
-0.40635480218594144
0.1266943036673544
-0.60688076178204775
0.78463003663961628
-0.81281327529336789
0.033901151194864761
0.58153700781165307
0.40946374810033137
-0.80347169206531599
-0.4321720479639175
0.23930173186747855
0.25633613549074746
-0.93649691231039023
0.44741320738717294
0.42632939026738248
-0.78617089290418551
-0.49667057396097097
0.82070196162926601
-0.28242986941744391
-0.94339724174638495
-0.036207539405123328
0.32968266311036049
0.27265743479298105
-0.76617789857736518
0.58191868073097985
0.17124095537712125
0.3203022446858434
0.93170972263400842
-0.19882578576151391
-0.83588655599099326
0.51162679017994406
-0.097703579961141915
0.44723162528170302
0.88906573649571208
0.77753544991290391
0.29514194038016406
0.55527457996685725
0.31346865379418942
-0.29228144265696854
-0.90349818005728144
-0.8471818967362208
-0.49061041998742927
-0.20392216564703755
0.59989404029449356
0.45641297135370629
0.65712581748035848
0.32319755796999777
-0.88055961159658658
0.3466382970000555
-0.12608899160850945
-0.99201833894152014
0.0010869217343823854
-0.13725683493190055
0.9412846787373369
0.30845374829757766
0.35356686586733399
-0.91983166496527302
-0.17000052790495845
0.38245351738609579
-0.56423830650677409
0.73168602590822462
-0.15854645364675085
-0.020503858211143807
0.98713859910070179
0.10153792874823708
-0.98170776380529379
0.16105873310667546
-0.38386291495351366
0.81855092619442882
0.42734487682624012
0.023959045077750925
-0.66668866328680909
-0.74495113289652093
0.20129485443444681
0.83443121548278754
-0.51303501654968198
0.8333523451777215
0.22021327570368499
-0.50698124421978819
-0.68384795099570983
-0.22936820021889257
0.692634253157693
-0.68982084628513685
-0.57969733247016653
-0.43370289687461239
-0.59968380125008725
-0.77402562396379992
0.20313461538028485
-0.35749303619259359
-0.28343406770672036
-0.88986732625544995
0.11828295635393309
-0.98776655032762417
-0.10161881858218375
0.60189123768596831
0.56707783515600141
-0.56227187985140803
-0.23857531887183703
-0.71376573106211949
-0.6584985181354317
-0.11110591506971441
-0.31017306014733337
-0.94416531836080497
0.82423525202436976
-0.027143654339375534
-0.56559656235644529
0.56935851359155076
0.65070218073604913
0.5024117385035608
0.73665919962812909
0.059935988910014823
0.67360292519898024
-0.84294581063003249
-0.2043508066727549
0.49767771514653125
-0.47769046050360664
0.2374675792725543
-0.84582561603340278
0.37754538534968435
0.64630176204597001
-0.66313913651467793
-0.05941790636417138
-0.44754482120592404
0.89228534977049589
