0.70864468955063586
-0.0015957072326200797
-0.7055637162511339
-0.11690263053746502
-0.8889806006167511
-0.44277225150239657
0.24961165571400967
0.96789256351325081
-0.029631179987619896
-0.55180583912640657
0.82776546027184661
-0.101561108141552
0.53333968331104498
-0.84571753984140141
0.017624557023705294
-0.8261793683138956
0.26300285487898634
-0.4982541015365104
-0.043289322675735604
-0.097881789992187232
0.9942560986638207
-0.79777731715253819
0.4351520637525596
0.41736558752344077
0.32013183904854414
-0.93805095650167802
0.13257453991503812
-0.43430408688121119
0.22627807881873704
-0.8718819823602153
0.73210478626095354
0.5888708361592373
-0.34242330565387069
0.71529461657099869
-0.69375598145851702
-0.084001486267076597
-0.6400163094322614
0.65844839337599814
0.39601115757169586
0.11677034043427187
0.32509857860145869
0.93844317983891568
-0.2210710278360129
-0.51901772785361089
0.82568044595061352
0.85585163376842521
0.08104115750185463
-0.51083295877094392
-0.8039905519202597
-0.58998370114001242
0.074286101069369018
-0.53480891644567197
-0.81085968121836827
-0.23766783599101637
0.068681504353402825
0.060772913964904918
-0.99578587250872752
-0.17386314846572129
0.65066901162617108
0.73918972051497611
-0.69134314568123734
-0.237019958409523
0.68254391377780166
0.55516854431116458
-0.78587258927189341
-0.27238237982386532
0.62328204797438258
-0.22356681206292905
0.74935797134405546
-0.4389263367772378
0.83103704902405795
-0.34164468974755102
-0.26758383639326971
0.80860903064275402
-0.52397550139681681
-0.17318010171181489
0.16440741079571872
-0.97107098383513313
-0.97993414006134272
-0.19697432723358332
0.030499107415034192
-0.38730717486330191
-0.92182160996421048
0.01542957233363175
-0.69306704851246104
0.032860138892459104
0.72012379320377562
0.77572007130002263
0.18369537248779447
0.60375026385821007
-0.50915174915537087
-0.15785867658840066
0.8460763172183613
-0.49456844025276547
0.096809440074836745
0.86373027631219645
-0.12540099332221505
0.43873567882933134
0.88982335044432703
-0.087282668247564629
0.1717696443718543
0.98126292353066724
0.30127126876415733
-0.02474709019338658
-0.95321729114834852
0.95063316188731961
0.30944080165637017
-0.023301969667395488
0.48127819373793296
-0.50117536588891098
-0.71916239672167848
0.87859590742536575
-0.45961714477429066
-0.12969699952168118
0.81542994978034922
0.57533438915743429
-0.063752158034526579
-0.37759478535943186
-0.80850697603325083
-0.4513741771246258
-0.28201130429767651
-0.0072493840918586043
0.95938369314816474
0.8152147277205356
-0.18685595559232979
-0.54818774116830671
-0.30130921124659188
-0.92665492219844836
-0.22477414082439329
-0.13477958485500463
-0.99049306643335466
0.027530870922706889
-0.026937281687710493
-0.41806673663668315
-0.90801684267046001
-0.76478785275180738
-0.53033984748902308
0.36584038384054784
0.29864396696243029
-0.68123817457639058
-0.66837589012229504
-0.62956627501571072
0.76142455413509691
0.15452816482121096
0.87017530753517824
-0.34554928656829376
-0.35127001680787018
-0.14286382941409059
0.93280682377315471
-0.33084944577160819
0.74171085350137067
-0.36341591552759372
0.56373210139170626
0.20336202833871342
-0.18525577881722308
0.96141779775745162
-0.94070685003418952
-0.14132835494220561
0.30837788245605924
-0.24006021025001612
-0.55007992236322556
-0.79986447256243731
0.09513522231573103
-0.81309074366633349
-0.57431065812769411
0.9433039807326864
-0.095062379645921569
-0.31802632581269447
-0.31274906200403485
0.93937906754268063
-0.1405524516977211
0.54797472124552349
-0.50113861685467775
0.66976398199132137
0.1440589608808352
-0.77069271698607633
0.62070907176756607
-0.47117967570475788
-0.40819624864078657
0.78189867361337084
0.42322034792045837
-0.33790557625780898
0.84065709932169386
0.83035378354877987
-0.54833164550875824
0.099221976798910455
0.38861374044232877
0.18804318124197955
0.90200838284786389
0.37990006761078188
-0.30591019046688955
-0.8729804659886925
-0.918100055867204
0.33726083346404312
0.20820042657923662
0.49976274750348249
0.52077853764770177
0.69211770020227892
-0.65404576822118843
-0.71789356232281254
0.2384386005818222
0.3035626191689888
0.82069982132051877
-0.48404704268049381
0.53704964420825896
0.72974018920404848
-0.42315119746518759
-0.3922804356475435
-0.63312345556203797
0.66728610792175014
-0.41751775662737778
0.90005415603155381
0.12482563483182825
-0.26505827109864072
-0.31274600526588336
-0.91210418764110024
-0.94026964144262692
-0.22753950768233533
-0.25321685138440947
0.039460317415119496
0.86668223114138032
-0.49729749001306756
0.72208504936260842
0.59687604404301497
0.34976016001620325
-0.051765085401589632
-0.97611201098298273
-0.21101117967568334
-0.28175290384327256
-0.26732996974966872
0.92149334693720109
0.16728446115708498
0.9431852123699529
-0.28708459419138249
-0.99028978448023475
0.00063035463373531408
-0.13901706876181077
-0.82586500987593314
-0.30836935167270535
0.47207555371103466
0.52398705749766716
0.68515342462738038
0.50596674623566806
0.63284310895902995
-0.28516769514839907
-0.71985344695071019
0.96229123152138751
0.19072102204423366
0.19396153610304828
-0.30565675813021809
-0.82065824429980971
0.48279808644202316
-0.13807209750165206
-0.73800955124419665
0.66051343526368467
-0.83961581442127375
-0.22848411582288211
-0.49278828414476017
0.31510040489553737
-0.59875964037528873
0.73634137999458071
0.98164289211764022
-0.072133840037711741
0.17656143824835763
0.52154674693425684
0.80356049583558686
0.28684406965241566
-0.7856405022088897
0.021909013794125985
-0.61829523401327635
-0.81645799222080984
-0.45596093615428285
-0.35425410603135415
-0.042025664378890659
-0.35349014706519588
0.93449374500921023
-0.43432773003441805
0.82011745832587679
0.3725141305672221
-0.49776923075076923
0.45231763945726083
-0.74002334149241467
-0.77048659030219391
0.24515042621172539
0.58843154461050839
0.083341738177958591
0.57497097431184341
0.81391801391563157
0.31893253824278789
0.43480780700446259
0.84215450305628747
-0.98695988128892542
0.046949017961117452
0.1539674720148273
0.19312922452404621
-0.42909274985684448
0.88237209535152006
-0.48654918237487038
-0.19727721478313448
-0.85108847581068459
-0.90960200501667809
0.15328714982733307
0.38616996538758908
-0.18764851915044101
-0.74449168167720858
-0.64071847887671263
0.14217364914584801
-0.23213591549059553
-0.96223675372950512
0.88038977658114015
0.40684674704596241
-0.24369974499274485
0.15914234986246678
-0.92717619884423341
-0.33914305060993188
0.86495982591859055
0.47186610847457144
0.17084166710713544
-0.57649248233341377
0.30997853728579522
0.75602230405935611
0.42614727025084842
-0.071184076375475913
0.90184884062037851
-0.61262847181320002
-0.79037096608367241
0.00030248270342049071
-0.38705828825281141
0.49921942745347203
0.77521986864877968
-0.099024484624510717
-0.13239032288694619
-0.98623879149561966
0.23618822713820195
0.49233652177379894
-0.83774690133058138
0.41861217465314249
0.63257439132780879
-0.65162373089722514
0.63756922124089366
0.75449626269263492
-0.15569482235811996
0.3569123352921319
-0.81952364835497926
-0.44832418482975139
-0.7437959172212748
0.66330894638952553
-0.082394630678097533
-0.91837449175312913
0.013401538394339709
-0.39548538742391859
-0.44724503443124553
-0.63862877540924246
-0.62619898306838973
0.85994281899553005
0.33023742941149908
0.38915496691383294
0.50543220925989851
0.15793006523348371
-0.84829026655856765
-0.48337966474975402
-0.43215444986025231
-0.76130587228288094
0.17317262590470459
0.071926792303299666
0.98226156301986456
-0.9033331142563028
-0.38049262606893947
0.19802688250631967
0.93659958102549756
-0.32061451885665043
0.14137735009958596
0.4748109214942135
0.40811613149081766
-0.77974086211175664
0.29777855708203932
0.9252482379841469
0.23503963293319274
0.70301407368259528
0.44244111596264357
0.55679176638123262
0.63322946979088679
-0.62495429622623411
0.45656605898459507
-0.67648849187496407
-0.45290749986355827
-0.58072206512933344
-0.031936843205672041
-0.88667475961817499
0.4612893979944781
0.81074787412404847
-0.47379891208532937
0.3438058689291012
0.030490142143037833
0.32484712736180427
-0.94527493094701343
0.41017585103672949
-0.73327869609643903
0.54227126521456104
-0.59421362092154761
0.032202709241165493
-0.80366234092984112
0.94725184161060272
0.1614123123432234
-0.27687544851310913
0.29559575356185291
0.82854453386154847
0.47553875329393464
-0.8439554419582953
-0.044712189536196593
0.53454656681701507
-0.080333935574288889
0.73310816740221063
-0.67535092632150739
-0.63846707212070508
-0.48400461289272079
0.59841401430463015
0.97194510868801465
-0.21623087202873878
-0.092557634364402841
0.059448465091128326
0.98467338092169221
0.16396405978918954
0.063342885446286135
-0.97437725165449307
0.2158162420244952
0.21895609213291609
-0.49560697307991847
-0.8404950671791257
0.99762735902028621
0.041685997301462288
-0.054789872815980224
0.23367496488971085
-0.88750451248976281
0.39715456826543111
0.7085427683513007
-0.45082082491768716
-0.54288832114681862
0.68343767507621067
0.25900166409884262
-0.68251819190440222
-0.62499053933784998
-0.65379386844021092
-0.42654472605832028
0.6733312996236025
-0.70995735224848433
0.20636259093041143
0.79374000046485715
-0.088985513387592377
0.60171288009248669
0.049385131268777999
0.7733473207445577
0.63205619236487176
0.030141907708102982
-0.60466742386570371
0.79590751467449383
-0.20132833636491773
-0.94248051612104755
0.26682836751128697
-0.19866267717496269
0.81624347186986246
0.54247556196340285
-0.24499411755789538
0.40428551862001327
-0.88121002138887128
-0.33664488994461966
-0.019523591697526144
-0.94142925779975806
0.62525966825612622
0.03884667865849846
0.77944934589070136
0.81177116849773667
0.3375366310512608
-0.47654652731331942
0.27733636682333568
0.2455938461010754
-0.92885316514210858
0.4171658809287162
0.87869174358956004
-0.23210654350213208
-0.42399226027614917
0.68383243449107967
0.59380448361723026
0.73719616866978899
-0.59197206005162983
-0.3257466638613718
0.022673345590904309
-0.64565946680566144
-0.76328878697642633
0.053741523138214516
0.90928489465214113
0.41268974914362666
-0.026934847131552721
0.54674225015407096
-0.83686762746951993
-0.88603551009063541
0.46053072509849818
-0.053409045101732749
0.47603701799309139
-0.82422927470007457
0.30665103982806585
0.28839604882390979
0.67296385258294966
0.68113682336184922
0.89457587867684074
-0.21829519652654625
0.38997590241320668
0.63589006287383543
0.51041836036905397
-0.57889284443364497
0.69436970160800915
0.71039301015519329
0.11485855915624167
-0.74656452609373247
-0.63951774052723243
-0.18346244283063509
-0.68600550243163139
-0.21677231193391888
-0.6945546885684013
0.90971709077478402
0.053699033086645816
0.41174170131020577
0.5804781004432763
0.2891882801030965
0.76119334833981467
-0.32202404330457057
0.27872322255050824
0.9047728337791956
0.14225886086428297
-0.98885273798484052
-0.043962246137804237
0.36036236702124719
-0.91786458855682018
-0.16632366490750253
-0.97361091061562155
0.22753356792299734
-0.017614488310787445
-0.61887011701148398
0.50388892871932611
0.60257424918783409
-0.93057236305699986
0.2502711278032414
-0.26720673588554011
-0.6637167293505073
0.26077628331449615
-0.70105337403149481
-0.18018957613486497
0.9809183699736187
0.073012794088682081
-0.80031489814644918
0.57163645582478995
0.18090833639418494
0.52010086143818701
-0.097344033119512396
-0.84853947058889567
0.48746194476632965
0.8725623562962066
0.031871410063556212
-0.54491022333893357
-0.69390477355898961
0.47071117867834955
-0.6526570732465331
0.68026930267583041
-0.33357520977765875
-0.009754101495340145
0.99348781244969053
-0.11352014807049476
-0.29993968610260652
0.61285679573327201
-0.73105590253018016
-0.1937209870685537
0.92789219049965499
0.31857222411713371
-0.49749062348790257
0.66529609138083667
-0.55667242641880466
-0.44460067742287712
-0.85828903071537488
0.25626193121254076
-0.68647193170586507
0.487104303684186
-0.53989414176518202
-0.90126096458275251
-0.42332880468567097
-0.092311412310545835
0.54662025763194777
-0.65839429202103494
-0.51741980072326499
-0.81880357497185996
0.48389322230224813
-0.30888194350471321
0.17501630209815391
0.70156659400376398
-0.6907775388486842
