-0.72942601465820356
0.23355775526430728
0.64295292525638925
-0.49574019862896207
-0.83876535711686839
0.22519842620215968
0.96449458618764938
-0.1406989830765536
-0.223503891187466
-0.84100819319173337
-0.52879584454660578
0.11436858735954473
-0.65775071053580747
0.0029593237399141393
-0.75322987539836928
-0.4917956210058898
-0.10575165968510367
0.86426480527282679
0.56257909034446574
-0.75228967248475576
-0.34287755216691063
-0.70604987318684798
-0.64127463014816088
0.30043372863441176
-0.47211458373497145
0.39011117643275312
-0.79051950630392931
0.17707249539230793
-0.96393945426628469
0.1986606651664036
0.42223447138150372
-0.84112030972481755
0.33798620644282051
-0.39396917027451411
0.74433168559015062
-0.53922039529281163
-0.80335054294752151
0.5953363836639991
0.014230088959459966
0.94615598338355766
0.098376388386273439
-0.30840061821527859
0.96996938273645561
0.17796577899079877
0.16579378173519535
0.18351453269218773
-0.71142536693306346
-0.67837774401503159
-0.89713680186959965
0.27133979107921219
-0.34859758534487317
0.38400147578962385
-0.75671473585079629
-0.52908002715813263
-0.0586519405279331
-0.95597658174040545
0.28752169489664181
-0.13351022462542417
-0.42887251072869254
0.89344467621769197
0.73411124079755663
-0.13700267526372792
-0.66506462325495341
-0.86042055153319208
-0.38676326506148895
0.33179911286544123
-0.81990958600141184
0.12790557468321498
-0.55802189450589645
0.16281036061120122
0.20190937854071292
0.96577709091433406
-0.57880083903121149
-0.66333305990498226
-0.47431934429649703
-0.63181659469956319
-0.30052543515931129
0.71448740610633199
-0.90649926051069241
-0.39753049027478754
-0.14222728288009587
-0.77992599109588534
-0.61482305012405081
-0.1170814479294649
0.37281165262090299
-0.33002625798228064
-0.86723361368911678
-0.97564123443245188
0.20972542499960595
0.064338384995709472
-0.94224927506770773
0.13783891935000181
0.30523226557296168
-0.60213970215731394
-0.26237194495987332
-0.75404823558169976
0.25176695608524707
0.77985441122413779
0.57309728416545724
0.028211661744209231
-0.25188927492942587
0.96734476548806447
-0.45631706228210051
0.88919678683453851
-0.033223680611359739
-0.8922389135708646
0.4113513503974191
0.18627879008653339
0.4579956409087596
0.87752538366019506
-0.14208868336571354
-0.01689018952421335
0.84142350526893883
0.54011221637616025
0.25914448885841962
-0.34913746051359834
0.90052605046185308
-0.85228023986610291
0.043083876817502857
0.52130813564738487
-0.32381915458484817
0.59154695739802188
-0.73838563929500756
0.72580803014381223
-0.28153288214669003
0.62764794243981792
0.09841714499843722
-0.53227999922517266
0.84082820361546318
-0.99551498204888311
-0.041359939687301304
0.085083934472229519
-0.19142194582752953
0.87578295754186852
-0.44312735182430318
0.17177915784758327
-0.73225741695157331
0.65900758436347673
0.20434890391378352
0.14830579387319459
-0.96759853088606784
-0.12888627957100773
0.74215795550295538
-0.65771566502708245
0.13099401349773315
0.4391636954518468
-0.88880583764106402
0.90428308409372971
-0.36512342418104471
0.22126226279291636
0.4946193001588125
0.66843799220705613
0.55546592918432558
0.74663395675842392
0.66289677777890799
0.055727880146306426
0.7910717717324236
0.54579895405914025
0.27624075317750074
0.11727671081111057
-0.86913794932670541
-0.48046373238934104
0.074972034289575287
0.67181568328125074
0.73691443314120864
0.88582821915819576
-0.37165420876560806
-0.27781561376177044
-0.65404145382204959
0.74259136645818113
-0.14417988467227674
-0.92243646657742306
-0.024630321458898784
-0.38536257264164903
0.49729436339668254
-0.85840856769089835
-0.12582943633644983
-0.75299181577306729
0.59031485402429773
0.29074335503507442
-0.55631563245055338
0.40099900396832272
0.72781365465863168
0.95768189014501248
0.26684366953906674
-0.10788815187591898
-0.52151813733066854
-0.54266946707391495
0.65842894980465672
-0.6981247072744563
-0.037663526469735427
0.71498486128506133
-0.54420278942163225
0.1520247389449991
0.82506472639085693
-0.22542807937974882
0.97097903145747388
0.079886804273694628
-0.2699649147014882
-0.95580568449516734
0.11642352991102324
-0.25180384901279879
0.94669618503979791
-0.20090085826952606
-0.6296308898270575
0.76690750442496425
0.1241685235164747
-0.30633468270537445
-0.74840940659087851
0.58825370572405788
0.35556084340454819
0.33168157923522473
-0.87382138714583624
0.91199377778447233
0.067386831376359105
0.40463114590878996
-0.073662832994838487
-0.68326283106710295
0.72644730759865983
0.87086329532350049
0.34401017697306108
-0.35107565993280815
-0.55990603555441987
0.73573161103344309
0.38105672527311052
0.83501833624069211
0.11334344145667621
-0.53842143569938172
0.32311970956287939
0.93808254071929009
0.12487914193187619
0.9994250395009926
0.017145591934663834
-0.029250967430998424
0.87634535459384832
-0.14041877267115546
-0.46076174728736824
0.17794426934835969
-0.48930889536758165
-0.85376380921202999
0.56734282128274882
0.35507640349084746
-0.74299587537410727
0.54086685888006791
-0.13333243030703629
-0.83047306036597479
0.56080962868105244
0.43580564120611781
0.70396449020639151
-0.7991816534036964
0.5399628638041114
-0.26409996322490586
0.61225411515345196
0.18272011344707953
0.76925825222713717
-0.95159059461513251
-0.29177994791380119
0.096642652257883349
0.74114231379576867
0.3598820634610424
-0.56673889146632317
0.11855606825213932
0.66350059749342549
-0.73872282745726858
0.41299792928998469
-0.71976101916624768
0.55801145659470963
0.76816837942589855
0.2565932274685821
0.58658098883909038
0.37959728563303502
0.34572858183531952
0.85812449472216501
-0.93576686164102307
-0.13173105260706117
0.32708914753251317
0.61628020598311029
0.71826752044126685
0.32294036104607504
-0.058365652140799626
-0.84870567955839549
0.52563496852426139
-0.055712052412482754
0.013491234179323677
0.99835572508816073
-0.23521193665332712
-0.18597822042120257
0.95398503467546791
-0.10321389280000468
0.50654877241926466
0.8560112344435703
0.77824513026500997
-0.45849808329281155
0.42908510209003509
-0.46427271479532761
0.65390904162576036
0.5973724228457955
-0.031997648968985222
0.99567297980252956
-0.087243726144685424
-0.28212501649457522
-0.59447134192278994
-0.75300019834024812
-0.76770495708228237
-0.53241147575163772
-0.35660499065388063
-0.29333238011900831
-0.87994610582506305
0.37369903079486955
0.28952497272294053
-0.097536773145620287
-0.9521879373601202
-0.52620903683015741
-0.71557141456376272
0.45941441011084289
0.46433387611822385
0.10164371348197074
-0.87980827854630983
0.84124345822073143
0.51865256323241049
-0.15267273054895936
0.87777074670401312
-0.20093067845236381
0.43490847162058344
-0.83677794903273905
0.33668664161992928
0.43179250730791546
-0.51559244554923889
-0.52084665787459083
-0.68035519331700878
0.62216414070879567
-0.080597090545455219
0.77872709662094941
-0.71148938303063003
-0.481274209343101
0.51201366510657365
0.90258854932130761
0.42174783189728499
0.086386786744253222
0.029882601751521121
0.94544771852964038
-0.3244004340928941
-0.71614663078234153
-0.40499788981299883
-0.56842828260574685
-0.75923687113605542
0.41895562273305481
-0.49803168542562726
0.35862890476004833
0.55631735467731924
-0.74959743166278103
-0.23809236135295053
0.076761104734978339
-0.96820440004435093
0.78702213737607951
-0.59023658769111154
0.17949074023676043
0.79025744144894905
-0.0065102748225306806
0.61274039572750227
-0.34101595520215755
0.53123728345354815
0.7755611303865444
0.56376031649898428
0.57910157320940014
-0.58891058187755707
0.86344924053164296
-0.50185741841133946
-0.050936633289163979
0.29006193862596424
0.88828768756115328
-0.35610259180158504
-0.35356582019596733
-0.74954236106398286
-0.5596226047612648
-0.47201074220961153
0.14583148003056975
-0.86944754796987334
0.063225934585159169
0.98774852410603842
0.14267212174134131
0.22737413079560612
-0.97053034945797523
-0.079823839959770299
-0.40443241121251244
0.88323293076481546
0.23734787712012095
-0.2566258515159282
0.33884759735925768
-0.90516599477531379
-0.438307665785373
-0.10886962372410598
-0.89220726019459695
-0.97959328647261312
0.10869165659942735
-0.16906542190364371
0.35475026677487831
-0.55428298859611813
0.75294263843675924
-0.67728580608538569
0.5116709068509121
0.5286556723971042
-0.97606110814068514
-0.15302612595755066
-0.15455652024292568
0.52261748989124002
-0.35296909848894731
0.77606943940067619
-0.12846878383910024
0.93844231581654469
0.32065837189099455
0.41098605036139052
0.10033619805040161
0.90610325778530076
-0.029204714996590473
-0.61666898848102336
-0.78668064884536171
-0.80926254591331892
-0.22331934721259358
0.54334390669486177
0.76810352958399508
-0.37706467631253615
-0.51753183256484903
-0.91608625571572044
0.38652098498686233
-0.10671223104001391
0.87444521086048732
0.32173037333628557
0.36309109060406874
0.52201960133639735
0.75853526205019906
-0.39002537359385325
0.59392628608854903
-0.3703190700686686
-0.71422360156784193
0.087265597732378422
0.835198873294832
-0.5429802551653734
0.037320189188665434
-0.96794548135308633
-0.24837219773369193
0.66414325333229141
0.72703952522845494
-0.17414725897579506
0.40338964254140225
-0.56143678830077182
-0.7225410223875417
-0.11586150846996514
-0.41300528729009733
-0.90332870181650293
0.40273737572940044
0.84342755883882059
0.35557356367112503
0.15589095007274517
0.91807594936432657
0.36446476219822321
0.59998360114008509
-0.58331428140817698
-0.54750719398765668
-0.29788543600972717
-0.56778752048828762
0.76738621214552516
0.14059973045988616
0.44849231877334034
0.88265868590068264
-0.3747130713018102
-0.36406596970680943
-0.85266997361054353
-0.87865918067132709
-0.28694757018914802
-0.38160075495802687
-0.79292163603187005
-0.14638346338446187
-0.59147879147109983
-0.60987031002079461
-0.75796421290081539
-0.23140539517648939
-0.30266110060623369
0.82635807887734314
0.47489849826459757
0.69857960032324706
0.50383409696327586
0.50807257823013108
-0.56898415265108859
0.54643025101787757
-0.61454944048828331
0.33007894542502847
0.58353183554804988
0.74198280754275192
0.70773083787311442
-0.70021296867359029
-0.093908783533475038
-0.2221205405705802
-0.96345024956452341
-0.14975340420401501
-0.45937316269039491
-0.88671036657497682
-0.052163427880976783
0.22166733593446075
0.96886490973173001
-0.11029224301937775
0.40221710450875808
-0.9102443728284576
0.098369622214984034
-0.40923386871479639
-0.34917774992555933
0.8429724429977794
0.31385215497166247
-0.89566644729397582
-0.31508481399685245
0.012821005154599489
-0.023392705929634747
-0.99964413824926501
-0.45476037173827677
0.83750794737594203
-0.30294131837469868
0.96331942805040349
-0.26832193382374592
-0.0043611202378248271
-0.65883954532555922
-0.74993492383329086
0.059397504411941755
0.3354988847625836
0.74554053989129965
-0.57585571257186652
0.62885421856227575
-0.6762468417409051
0.38370897934747467
0.75087835802350522
-0.5772302769629285
-0.32091571916817263
-0.096248806623754235
-0.78325231868407819
-0.61420841129010784
0.4144413264067614
-0.15400296081071366
0.89695121106319819
0.55212862314918565
0.82850392303436593
0.093462468488960407
-0.088208564014614896
0.26887237882891291
0.9591281943188622
-0.66798728189812229
0.26819293416216228
-0.69416535586836114
0.72441360170878366
0.57063644339496244
-0.38678027758516276
-0.029825470067070536
0.25151409378659456
-0.9673939745326029
0.19313526986261145
-0.056590073035468487
0.97953883596768976
-0.30744139710757412
0.066082524157342865
0.94926965997314849
-0.022045630439448204
-0.99957910555544471
0.018857410095351246
-0.1585648655285323
-0.90152104410907441
-0.40263754227394505
-0.096800886560349853
0.53265556697899819
-0.84077799407894371
-0.62713260685241579
0.66754974834655689
-0.40135025464666391
0.59460569258246287
-0.53091803967367424
0.60379641063655942
0.61677230963942109
-0.77539438741000266
0.13548233108092286
-0.33625559794573695
0.30867569813979678
0.88974799029166896
0.18639915578672631
-0.87693975715723671
0.4429808314577533
-0.18546171218810945
0.71097299431570693
0.67832245625956733
0.67319224498896701
0.11389687720286738
-0.7306433484608954
-0.19282072410067277
-0.18152127725174538
-0.96429777261081928
-0.40062467599757662
-0.85651373372512252
-0.32539836035555963
0.97318213708587775
-0.099970956638444436
0.20717706409194556
0.093231675757307689
-0.26771789538340651
-0.95897600758671941
