0.75891842605388482
-0.20675090590325348
-0.6174924173656533
-0.31340686987399979
0.56053581874512737
0.76653488493317201
-0.43026450499053176
-0.74501513831304356
0.50973022220548114
0.11283397377541456
0.61871399602653265
0.77747121199625713
0.81627642575873893
-0.2849686275066648
0.50247953001839374
-0.88532644895538248
0.0031242091309153907
0.46495948005967008
0.51286085735457865
0.56417927723402717
-0.64705137673388591
-0.80445052809521977
0.25967344679990789
-0.53425560256713966
0.84672242786338092
-0.53157084111727992
0.022216458471352687
0.88066489569076845
-0.01368646493347336
-0.47354199621109916
0.054745295994799117
-0.99650946114594496
-0.06302258653102169
-0.40304340390988519
0.70657622431132605
0.58164082886493096
0.12139008709830185
0.018539696222371792
-0.99243172380685662
0.30853638845622622
-0.76648961861488574
0.56329296245736604
0.84521006082304873
-0.44462461216284299
0.29652808862321917
0.13084166726804344
-0.41088919846260685
0.90224748527955179
0.63880567084217432
-0.37271956502790354
0.67305827440518862
0.65981214093437535
-0.68466802108553104
-0.3096411464557301
-0.26138310135225351
0.29342505383520373
-0.91955457266509488
-0.83822743949416989
-0.24213728580964924
0.48861466873169512
-0.25427100796474222
-0.65844853503391343
0.70837262879101104
-0.54952075543705958
-0.33064911984417561
-0.76726664132500588
0.025131098449948385
0.30199861831878355
-0.95297705241219988
0.87512631178460698
-0.003601685632742966
0.48388114892282558
-0.6482466130434944
-0.61508802531372564
0.448824074435964
-0.54029098928223496
0.47950769185186171
0.69148971095405587
0.4908055049061737
-0.6040074660431054
0.62792112348445694
0.94356138512171683
-0.29696055198848348
-0.14665041107982649
-0.3471088336366302
0.33827560049416033
0.87469141742773127
-0.4661908086776928
-0.76545171099830944
-0.44356488593462773
-0.70306435817919088
0.52359386880045666
-0.4811963931833369
0.53365569886602171
-0.74443616446183802
0.40128093913013763
-0.25417600880423408
0.67497512330850962
-0.6926782366026899
0.54434352900451621
0.80649701276268582
-0.23076544549774733
-0.45390491880847489
-0.8679584332815915
-0.20154027581810322
0.15732865929073003
0.48928087700389489
-0.85781811380040274
0.25624621881374993
-0.94106285869981432
-0.22076813927600347
-0.31704206558751047
-0.49120681448029274
-0.81129538027535197
-0.2930303921788272
0.95586498204797232
-0.021338354059121385
0.709693277433742
0.44904750457075032
-0.54285522066581959
0.45517452647031348
0.86564540236822241
0.2085046469776739
-0.55662981955418056
-0.020978179776606699
0.83049573144980149
0.72941619453824225
-0.10598648766804669
0.67580979541372466
0.31806713951817106
-0.94728667885801543
0.038486917476973137
0.34263556719974669
0.010375535971676432
0.93941110081955526
-0.57038969880634161
0.23786517313082947
0.78617793845099182
0.50167801990697247
-0.85623444226123879
-0.12321422088299908
-0.040780080341346607
0.99323755537217984
0.10870208666649046
-0.28903710702098678
-0.71757960045673141
-0.6336695256782483
0.59435520948252252
-0.39024818022618313
-0.70317013786930627
-0.91175375794928337
-0.3976208126402424
0.10296977333505621
0.55742188507689594
0.57881636275103121
0.59519111237398925
-0.33893436273432148
-0.88970831817901308
0.30584735787799677
0.69309486506656415
-0.54235003023964301
0.47484308220444721
0.82129332761568685
0.22465677080665433
-0.52441072199629801
-0.13218316038798575
-0.022771825564544441
0.99096370068247297
-0.56410367516440063
-0.78225160918265058
0.26432832537806056
-0.34421580773529631
-0.17476598926307993
0.92248161320539845
-0.96831738302035031
-0.079888405501102794
-0.23659942604983528
0.82675756308502524
-0.51013196276972672
-0.23714407528423917
-0.72066443996080753
-0.13126331043285636
0.6807442311986075
0.092473237826122115
-0.13367552056162027
0.98670135070776765
-0.94260025789052715
0.16481622311774896
-0.29041412917059045
0.30850537775030051
0.71188767650233165
0.63090440475816612
-0.2171894726813873
-0.96398187543737479
-0.1535176758051745
-0.2593430389368232
0.93414855867413815
0.24516863274498168
-0.80528814026219608
0.49439642701841491
0.32723567058693154
-0.85702725728411056
0.39749952204753186
-0.32786950185105451
-0.72086764263813341
-0.38647764372038501
-0.57531284767653124
0.38263266714005628
-0.5398909640620041
-0.74973994755614215
0.33528459462040833
-0.88847968148015954
0.31334979847949856
0.504041172894935
0.12207446953845111
-0.85500895896686602
0.11081471865921667
-0.87873049887029064
0.46427665080601321
0.40405604803173745
0.40405598651895108
-0.82065673079989498
0.35883014439933997
0.50778120678602678
0.78319804232727452
-0.061326196192098476
-0.55116355444252907
0.83214051332385297
0.027342730541751785
-0.74083715066696953
0.67112792467469784
-0.24609119800016177
-0.88140952065216482
-0.40318281110504472
0.44491605256707079
-0.8173675534252195
-0.36600544910671301
-0.39278942547837331
0.46777587202077897
-0.7917715584608791
0.80778809579697686
0.58182940006185657
0.094619984740826016
-0.50167332583762336
-0.56468761542561063
-0.65532569851025635
-0.20565267867973741
0.84892380485828289
0.48686276228192354
0.57400923112713642
-0.61059235810132995
-0.54561009412316686
0.62308452025394623
0.29676609543309701
-0.72366813196471758
0.53562658062731849
-0.8321654884951688
0.14354360272434274
-0.11410002437817493
0.24108295075193406
0.96377393370729869
-0.99115814398596114
-0.13093231863555943
0.021500268533701978
-0.091272612105858561
-0.39898474943380191
-0.91240368258716475
0.78845047902980725
0.50408755128746885
0.35247919478271444
-0.17693811806087004
-0.82570350381807878
0.53563665498136481
-0.82280019010322769
0.56430017320763537
0.067565980226184666
0.71877380464622886
0.047200765397860264
-0.69363989612784038
-0.82376514017271396
-0.44840666144596286
0.34690410750971878
-0.11258361227651476
0.83332142168436019
-0.54120267775458042
0.6449676053779001
0.64988022807611157
-0.40208516158749064
0.14110547904238449
-0.2460595990921044
-0.95892852574050158
-0.46373241514733021
0.86475051689507465
-0.19276615540941128
0.21340111483721333
0.96356913915138698
0.16122803187190937
0.97289064031005712
-0.041387843844779559
-0.22753208208726719
-0.49048412922705897
0.86509241389251024
0.10507347144738127
0.94369045547547614
-0.31457626452486609
0.1024211796557237
0.22491887086580967
-0.61061190529730069
0.75931851198140132
0.016239483035230224
0.68809550579886725
-0.72543838752174505
-0.87822085972836283
0.24872576502884147
0.40848943113475145
0.16934751671314782
0.81912706804102053
-0.54804403562634585
0.42420044990139422
0.76107100270536465
-0.49073914368481497
-0.65534297411479625
0.75366258239578965
-0.050182648145380891
-0.12115436254844057
0.50684134666439162
-0.85348313969691714
-0.23942814188027151
0.91737620097667427
-0.31795451051583662
-0.82091986026139074
-0.47708156320285527
-0.31382123108600957
0.57551942344381246
-0.14172495144248617
-0.80541382616486445
-0.75059960681018534
0.126594111139157
0.6485168935974468
-0.31121854046382946
-0.43319370979796734
0.84586419114597711
0.28312504385462889
0.6486229513991052
-0.70649025220496031
-0.74233763075611936
-0.14770185752681267
-0.653543421087322
0.98426084802949987
0.17383782321746735
-0.031796135854255454
-0.093888071594381423
0.48228524610728257
0.87096841010425063
-0.73082968737279574
0.37662317235840037
0.56924770890823662
0.35206684900832436
-0.064821060806178027
-0.93372756407065094
-0.35433233976428052
0.094305552125780623
0.9303521138985078
-0.4087714268426606
-0.91102515798749606
0.054213301973530748
0.63183560412535344
0.77456797330854243
0.028778882609416384
0.96891431196834343
0.090748938583094768
0.23015144190066061
-0.68481739335347669
-0.40686397137565006
0.60455508149132609
0.17944739736859489
-0.86722590505446429
-0.46445436931963824
-0.49709993985648132
0.20503905209100001
-0.84311958636501072
-0.15829674549907854
-0.98319784929341381
0.090907257736692115
0.11818061199856435
-0.97434157297253743
0.1915511475430163
-0.77753335423766401
0.59688070189710918
-0.1979275391418325
-0.50378300803146281
0.61427520249229861
-0.60734558236791081
-0.99147392438748183
0.12559630086213677
-0.034713491173220451
-0.10788872972874126
-0.15592381820242682
-0.98185935088213894
0.69740668968527886
-0.71485896030874863
-0.050995843443522815
0.71617792195958119
-0.66172416139354751
0.22183398821114514
-0.34678025446080524
0.011491873733468516
-0.93787600030824603
0.13787425632619257
-0.69808837409169866
-0.70261177858082324
-0.55549021620354277
-0.077753778970224244
-0.82787980381091009
0.17136425404860592
0.98029721939929437
-0.09824283216793267
-0.67127894845861025
0.70635103317249537
0.22461698798722016
-0.6275381841586648
-0.77854194785315123
0.00826213385676898
0.75367803548203194
0.63742232198301807
-0.16019426415987176
0.87490045111792902
0.24896127703592139
0.41541242539226936
0.74442506264485431
0.15835071763235858
0.6486573643546506
0.75174798339459725
-0.45033197499588817
-0.48174275475450506
-0.091618364051514564
-0.93992711774898685
0.32885116494944389
-0.65545262568567342
-0.60001319634600236
-0.45865675585606497
-0.075411577894486881
0.98685401786858906
-0.14294139126259481
0.27351419904069602
0.22096817651101358
-0.93614264291961624
0.88549547054098354
-0.25791340865544327
-0.38649507795977484
-0.382071115645849
0.79200721966568954
-0.47617877586738422
0.0018022032841962148
0.93551895121038853
0.35327191225674504
-0.87081438775549913
0.010235487591269915
-0.49150537827350776
-0.46324812101992213
0.81024435419498164
0.35903379348839654
-0.93177138017778005
0.32398073318282405
0.163824844293882
-0.6635098588349011
-0.71114148514905862
-0.23244882303182579
0.048239011369579171
0.93252850084275707
-0.35785973914097324
-0.11666385311201595
0.097635054251066361
-0.98836073452887085
0.41218164941310836
-0.43622837808668474
0.79988192256041746
-0.12519555392473905
0.70896914483047824
0.69403805728203272
0.15012771435363081
-0.48777945114160109
-0.8599609737813414
-0.97317850501865555
0.067388813161970429
0.21995987186365493
0.72157042941582705
0.40264093689605379
0.56321966525337785
-0.10962487866283543
-0.30022835746148163
0.94754700113194357
0.35639949411284344
-0.72945783000409203
-0.58384130963972614
-0.94515574910411448
-0.19325292154587617
0.26331334612856894
0.30701111912879658
0.90006119727465317
-0.30924749617709379
-0.69947868026232074
0.10653347753270068
-0.70666837627225954
-0.62064553836883141
0.37546195390737225
-0.68835124527447589
0.93906858495332812
-0.16410521542080694
0.30202594429195029
0.11518133746985421
0.13100958947433503
0.98466732806792234
0.65764673548981023
0.69587914116908556
0.28853594608882177
0.83486117102573532
0.44463820574949253
-0.32450530211602052
-0.6007394545731134
0.72011838777260218
-0.34719103575839372
-0.81617884582975142
-0.57378216767698442
-0.068015554661533237
0.4815120923082199
0.75457978834015593
0.44581997262290246
-0.75850408620141918
-0.62613463376613065
0.18062937638796084
0.3810781079461904
-0.3159988931458278
-0.86886372646967103
0.069987832697413113
0.81379151344008382
0.5769272709165485
-0.091476253256080331
-0.62426912207764973
-0.77583513603769594
0.25665727635882052
0.87782897174702013
0.40440491942314621
0.31180316930611451
-0.23885907003394088
0.91963314874638091
0.53790072254507271
-0.17793134198333846
0.82401653516510021
-0.53522519302878979
-0.29563579393043382
0.79128595974806537
0.99673081110325468
-0.075299092114584729
0.029287146057060169
0.13893814538536137
0.3855660011408098
0.91215955321487552
-0.93401249331727632
-0.32580358447987279
-0.146535615695677
0.56566495160234653
0.083795353738607761
0.82036668704947824
-0.92333622223055456
0.37457111612454153
-0.084538155185828079
-0.055309376898709475
-0.81990692350216832
-0.56981883929919874
-0.34055293859719105
-0.25021928237804214
-0.90631893213097747
-0.87566717628231872
-0.24205834349340433
-0.41786930340356399
-0.0080343978588458455
-0.94935768496464523
-0.31409462658507126
0.90622751239356691
0.41434485527193432
-0.08408351021839823
0.92130657103188351
0.34843733270308253
0.1725851307391057
0.40842298417293937
0.91183920907210225
-0.041712381831226955
-0.48826380688492088
-0.54811873341573503
0.67909079581818443
0.55938860602131502
0.34363352292065741
0.75432114472462453
0.35857964136958953
0.26046267679262292
0.89642614575506352
-0.628006971761086
0.61658870504145202
0.4747900717525334
0.93516274565259405
0.20638193406311867
-0.28788389401956527
