0.55910465714599444
-0.18227177850760609
-0.80881331660484812
0.96738340703437864
-0.075474572167119391
-0.24181177132378814
0.71510705747683001
0.23631283980124587
-0.65785875238678726
-0.56600198230036713
-0.82360215253928526
-0.036349007754140981
0.76027204954463379
-0.080205110235862354
0.6446344320413353
0.14018470726035881
-0.93307756479439752
0.33123180090034271
0.36205206446932053
0.92764326004819497
-0.091631243037838817
-0.76027205051473079
0.080208984039060224
-0.64463394890864112
0.87155911075924331
-0.48890244179156123
-0.036866229300078684
-0.78176134462540481
0.48048495660002982
-0.39747126503754521
0.51951764964744818
0.70572205244770325
-0.48172377603123617
-0.17119466054285337
0.74767894562544357
0.64161404478864259
0.72728881398659695
-0.25698462566350266
-0.63640386801351123
-0.55622590860197652
-0.77166264586012767
-0.30846312516093843
0.57233592959356872
-0.44430580429240463
-0.68921980236231251
-0.18426026466954509
0.35901763724421487
-0.91496146968683378
-0.73070224358476832
-0.66179662014302165
-0.16762894972963069
-0.086341061320440587
-0.82732285934046623
-0.55505144585234167
-0.8715587922633794
0.48890292732310026
0.036867319990782584
0.95217138609052676
0.18602896774827316
-0.24241054983015239
-0.015605776530699196
-0.50033951107353758
0.86568864691502523
0.37740351207268258
-0.36660929845792317
-0.850390622807774
-0.87905323932682533
-0.085909435330722969
0.46891893899710568
-0.21497912883825504
-0.61096230746731683
0.76191143384133353
-0.97307879532949126
0.099242178365420639
-0.20801117304941116
0.87753950610008957
0.41259609035618033
0.24431308081313521
0.55352358375158739
0.079037354536481308
-0.82907462801527954
-0.09449304775987491
-0.15650175391751281
-0.9831471227368731
-0.33237756271351881
-0.87448987041852422
0.3532599925550779
0.82837200622628826
0.33874899956604265
-0.44614900492283904
-0.53245653346319222
-0.65173206746440893
-0.54012531158142141
0.76592917926700799
-0.58522949152326909
-0.26619341576902955
0.27920004241255297
0.39658814775393481
-0.87450853476563151
-0.35144821790542474
0.91861497875027742
-0.18063961621617902
-0.96738346097811934
0.075473754198491838
0.24181181082234363
0.3999062116262681
-0.82219623671053632
0.40505353996941962
-0.13030610537417597
-0.96551974640232441
0.22537066847619078
0.13030624242191866
0.96551955215725782
-0.22537142140903452
0.71854004070005062
0.59508550562641593
-0.35996312436709743
-0.17542009191341823
0.52641213861865233
0.83193632669094619
-0.87754076104784651
-0.41259375267476195
-0.24431252107357057
0.015609274117602179
0.50033760741473099
-0.865689684106276
0.21498301149136886
0.61095963477449589
-0.76191248148741897
-0.58248473812255264
0.79006684387157711
-0.19106520371094893
-0.95823591960821297
-0.16072217371760744
-0.23654239630157084
0.33237803968955876
0.87448930143971659
-0.35326095227126708
0.033517370102212833
0.65850470879274359
0.75182985734753538
-0.86004469018954532
-0.50996606046478432
-0.016054533652421207
0.38252516532669045
-0.60523903445913585
-0.69811188863874907
-0.14972292707633064
-0.9874488850198051
-0.05027668028857276
-0.015402055287375793
-0.73409706658988427
0.67886985020477364
-0.16062270261684444
0.26037247832031496
0.95205384298231677
-0.076680557650911418
0.99312275685173734
-0.088471927194732014
-0.76592963346993814
0.58522825848791471
0.26619481970881553
0.74278299051110241
-0.32163163450924376
0.5872193122593089
-0.72711872366180941
-0.67674910826456325
0.11536466600974359
-0.54928840095624454
-0.80060928366765582
0.23938886248130839
-0.46745293532537352
-0.48770900490673036
-0.73731111465146049
0.13724212190651816
0.93657379555837272
0.3224812016970599
-0.073400262699971464
-0.88131320526099732
0.46679699620730475
-0.74364547120253877
0.010826230133175121
0.66848650390345021
0.44933783894981377
0.56330020329127839
-0.69338905923003702
0.17541734935710809
-0.5264131747536519
-0.83193624935466504
-0.71510540095814945
-0.2363158428238471
0.65785947431874769
-0.38845391275925567
0.77440937466038506
0.49939331002741333
-0.3017199753105676
-0.30261605814908066
-0.90409544731123537
-0.73180382406520827
-0.16663917348482077
-0.66082868350566759
0.3455493816228053
-0.89400042564432292
-0.28523475210406296
0.97307912108068739
-0.099239265135389429
0.20801103906337426
-0.82837072590956939
-0.33875091948736552
0.44614992435561107
-0.13053200476995933
0.89279766619896817
0.43113074926338868
-0.32602819961933854
-0.1581705075515864
0.9320341751211948
-0.11383173650783997
-0.0025354673330741594
0.99349680783030825
0.14972208210477614
0.98744903286150665
0.050276292933011793
0.38845192755218277
-0.77441006192786288
-0.49939378847346227
-0.3786891433018007
0.1929543398175291
-0.90518680695806086
-0.61039230660178179
0.67215212501291999
-0.41908561521719206
0.77162555555066137
-0.60899450336469485
0.18362923757594227
-0.89072697202280926
-0.037195730348243305
-0.4530142811821038
0.073402509656399065
0.88131230584077036
-0.46679834098866141
-0.77083596393489884
0.43488694791388421
0.46549463932327062
-0.069846546677424889
-0.25934155512000912
0.96325667280594207
0.53467433530829866
0.24692246967809353
0.8081785997727855
-0.39922131402208866
0.67491218281001586
-0.62057706042448635
0.90930713912136008
-0.36859264200506875
0.19313205586502427
0.70965047080641475
-0.70304210778075837
-0.046130293424414812
-0.57642142587968326
0.76476039955637876
0.28788864350161658
0.83982241310782901
0.29096478930034098
0.45829881718061549
0.53245383079318265
0.65173391635484546
0.54012574493949106
0.7318023101982003
0.16664275744828241
0.66082945619774702
0.36548703592894161
0.91330830870800384
0.17968628164888384
-0.073097792996882432
0.97817071794593813
0.19452187335133503
-0.8398240194231843
-0.29096145632947551
-0.45829798966449525
-0.87489704779863986
0.17157259076466516
0.45289954940530164
-0.3654884651012289
-0.91330770460131427
-0.17968644521450775
-0.5535225883809638
-0.079040564587735632
0.82907498653721912
0.18634296051171714
-0.81088910349673515
0.55473882404063757
0.78176311833095791
-0.48048162462645921
0.39747180430034906
-0.72728934306303172
0.25698138811438753
0.63640457071720202
-0.97132652988843793
0.23645324513182198
0.024791837396936092
-0.39990333043857196
0.82219686987933871
-0.40505509929484385
-0.8716412820733046
-0.43720956286619239
0.22156099278518987
-0.3825274363793883
0.60523772760137662
0.69811177722835671
-0.88582306504772779
0.21717090077360332
-0.410066210857016
0.58896427443487587
-0.51368251938193954
0.62390011437795367
0.88582398375732718
-0.21716700008379261
0.41006629204910822
-0.038129159878025433
-0.40636564156719601
-0.91291463594395139
0.094491626317397104
0.15650118705475183
0.98314734959025685
-0.44933462129063595
-0.56330292436073648
0.69338893379995847
-0.27968516163102508
0.95856141824362462
0.054186878653401806
-0.23496661207609498
-0.52757153011636981
-0.81636938442114193
0.34235650892932895
0.832845887320526
0.43492499211589097
0.29814669265561483
0.70257028245245257
0.64614514458687955
0.30171743971526632
0.30261705400647493
0.90409596017021709
-0.27919706232449859
-0.39659135579434379
0.87450803135167032
0.99947872136682503
0.030333586838714118
-0.011052558275579072
-0.37740494784261758
0.36660711587839201
0.85039092653393134
-0.74278148049780013
0.32163556571218388
-0.58721906908623089
0.19566766374742109
-0.61090116030232822
0.76714662073484696
0.28267709793363915
0.76713333728069377
-0.57584728977082211
-0.7716243059273481
0.60899636293331838
-0.18362832144342051
0.72711803820884136
0.67674980966934484
-0.11536487170638932
0.59871966284128342
-0.62344130004989184
-0.50284760188283739
0.54928812586137743
0.80060928815198928
-0.23938947870042371
0.57438451530734225
-0.0080124503869494091
0.81854641237619874
-0.5195160143621278
-0.70572348179632272
0.48172344562265695
-0.90930619484651176
0.36859522152248542
-0.19313157868289574
0.32602963145379243
0.1581671181884203
-0.93203424944476931
0.16062099924364576
-0.26037447895857663
-0.95205358321316258
-0.96029733522070782
-0.27896661348866125
-0.0025800245493529991
0.58248602786896808
-0.79006601182050085
0.19106471234500663
-0.19566402161097432
0.61090049637090915
-0.7671480783921687
-0.35545624586110725
0.096002655821371477
0.92974961540920864
-0.28267448183133581
-0.76713512976282994
0.57584618606460525
0.076680378105204589
-0.99312282783072514
0.088471286048901657
0.11383180389915883
0.0025332253605639247
-0.9934968058279483
-0.55910489191905854
0.18226885270582471
0.80881381365891625
0.37868994897958907
-0.19295320079709644
0.90518671269743667
0.87489677184828973
-0.171575100344213
-0.45289913176259783
0.17119176513574871
-0.74767931706072954
-0.64161438449376107
0.73070088142747613
0.66179814839188844
0.16762885391894092
-0.51095140171601294
0.85804717635914285
0.051804519364082549
0.74364594714631893
-0.010829464125700848
-0.66848592206538215
0.89072654437498278
0.03719947328292901
0.45301481469514265
-0.39826468413303057
0.45366129433489921
-0.797230626227318
0.87905378837105996
0.085907127571259567
-0.46891833253024245
0.069848545250244976
0.25933934228950289
-0.96325712365249216
0.65609708072247508
0.47930647080456457
-0.58292531915530921
0.18426261230817734
-0.35901815178597007
0.91496079500356331
-0.57438503316839407
0.0080149570168528816
-0.81854602444588342
-0.57233724291741017
0.44430334380312125
0.68922029791283923
0.23496299445416147
0.52757223097202122
0.81636997271110956
0.61039483822128127
-0.67215016706851116
0.41908506819330665
-0.14018301418340634
0.93307737030253646
-0.33123306532373592
0.34966805097271492
0.059524975548243479
0.93498076526467855
0.13888367851348549
-0.10200273057103493
0.98504150511469091
-0.033520864334382845
-0.65850464392286834
-0.75182975838037469
0.510951198732156
-0.85804726891344751
-0.051804988411799487
0.95823534667029953
0.16072482723008527
0.23654291429571533
-0.57910399218130204
0.26572737478854569
-0.77073181362109766
0.72819144106034672
0.55480737546345704
0.40240029982320602
-0.34235862939834888
-0.83284516199153291
-0.43492471190285492
0.57910502780694406
-0.26572498146218648
0.77073186063354049
-0.29814987655745206
-0.70256943245136672
-0.64614459967853988
0.97132677748860241
-0.23645225295205125
-0.024791599535051369
0.87164148166491595
0.43720947556039158
-0.22156037985433524
0.55622410258299182
0.77166397459408742
0.30846305778715405
0.67124251757923115
0.41609942638896164
0.6134286836729046
0.39922496451569228
-0.67491132824466904
0.6205756414124397
0.46744973368352893
0.48771095012006083
0.73731185777266972
0.27968467674209385
-0.95856151952223334
-0.054187589786757105
-0.59872099230574405
0.62343963525507107
0.50284808298873862
-0.90364799022686326
0.3449801387153521
0.25378930956777362
0.13053007922819243
-0.89279777235701163
-0.43113111241365942
-0.6712450814889398
-0.41609638738928906
-0.61342793951570951
0.56600078641553753
0.82360299238667301
0.036348599817750328
-0.34966895509621121
-0.059523818059744681
-0.93498050082636186
0.57642060492149649
-0.76476108722708169
-0.28788846049327527
0.038126201157025211
0.40636508583612574
0.91291500688658411
-0.95217114580773354
-0.18602940410596297
0.24241115877609282
0.015405970077795268
0.73409545799504561
-0.67887150082840131
0.39826715262255918
-0.4536604451454242
0.79722987629188524
-0.65609476267381317
-0.47930894267395519
0.5829258956889527
-0.36205275914872354
-0.9276430509210406
0.091630615356987771
-0.18633922165151698
0.81088875682792516
-0.55474058669288728
-0.70965034810742478
0.70304215560115735
0.046131452163234284
0.35144921017802716
-0.91861482023521113
0.18063849177147048
0.35545600966274271
-0.096005820540622941
-0.9297493789279786
0.514429476944821
0.33140787436542324
-0.79090526237904735
0.073096779464824901
-0.97817071775582576
-0.19452225517128741
-0.9994787640006193
-0.030332259251500415
0.011052346379572595
-0.3455505421220692
0.89400018024917161
0.28523411533964954
0.90364778846746274
-0.34498128463318467
-0.25378847028716944
-0.13724371039130276
-0.93657355199823866
-0.32248123302826598
0.086338411571418819
0.82732310205004156
0.55505149626104144
-0.53467646592124984
-0.24692009551515512
-0.80817791557351348
-0.51442708068865328
-0.33141103549963336
0.79090549637944152
0.86004388165701062
0.50996741634494769
0.016054777818473365
-0.72819347042840976
-0.55480496996895523
-0.40239994399002532
-0.71853923405865994
-0.59508633812056388
0.3599633582750506
0.77083526958155113
-0.43488942426530541
-0.46549347560554349
-0.58896158031916301
0.51368502726398213
-0.62390059278121857
-0.13888319306670091
0.10200218220606606
-0.98504163034300141
0.96029693201203736
0.27896799556846474
0.0025806620819882626
