-0.29640577894592157
0.93716231379991788
0.18403915833497472
-0.46057466146775933
-0.11222671524843485
0.88049766927482886
-0.49585527398355578
-0.74633399463731132
-0.44397422865680669
0.92695455050449183
0.28429220206392369
-0.24481259188338511
-0.52857258090410619
-0.16595515288453908
-0.83250820653459101
0.13695737868741911
0.4849966017951497
0.86372505617831175
0.39622598498038114
0.90846399947009782
0.13303432073386576
-0.91993133619157452
-0.29244167470150756
-0.26115934521008799
-0.97408899434689888
0.14403253733840146
0.1743710391094497
-0.80017907947757572
-0.46672516891197546
0.37667102021592758
0.28861420774681923
-0.45165025191086405
-0.84422383822984348
-0.53492401336377737
0.32861662320310431
0.77837485499043357
-0.3097316926716171
0.5026716024077631
-0.80708583105366605
-0.29573142548235554
-0.92862034173301422
0.22406959834353721
0.54304967525890169
-0.83486408310500104
-0.089994516179861025
0.22703257298665125
-0.17386930174344561
0.95824092832351271
0.52120646440266516
0.41794774065752516
0.74408568561970301
0.21433603686120536
0.80279782574741387
-0.55639528599535859
-0.1603671849009522
0.14700767844075044
0.97604872239371576
0.98049269930316052
0.19654744367954963
0.001780167474288858
0.53166636040422743
-0.46292399136370149
0.70924767143390854
-0.40255472089828698
0.12946560223154377
0.90619443527386867
0.64259573007987991
-0.56247558675537224
-0.52028063772093802
0.51549034617208234
0.5449759011678893
-0.66126467480853202
-0.077054043304465414
-0.89291963708158473
-0.44357321393939531
0.28339813216151172
0.21386345058189257
-0.9348518188422017
0.41886245775616365
0.38603057023151843
-0.82190914359751155
0.2916493051551175
0.62401224995228688
-0.72494785654695326
0.52857151647984568
0.16595459596396439
0.83250899337162332
0.17598055016171077
0.45500146903834759
-0.87292869647968774
0.64528746810387871
-0.32654415395840503
-0.69063231825890903
0.44149900995455582
0.81899813171621938
0.36649786418816843
-0.95015819314326444
-0.31157286716232135
-0.011034330563168208
-0.65207007561688124
0.74925636631249137
0.11584262611490012
-0.7343211848029777
-0.12342249437035853
-0.66748729233817616
0.79501311344299486
-0.12209548043126109
-0.59417745086121831
0.032909705766351119
0.98981495110652262
-0.13850384049680473
-0.2934816554046451
-0.18400661011003996
-0.93808852747315952
0.27137910089022138
0.77689696953014575
0.56814125209747846
0.85175136616039582
-0.39216222157711683
0.34745992892936539
0.28504079485608241
-0.76366889586710163
0.5792767583400309
-0.070144521582896996
0.49738489300420186
-0.86468954793214947
0.035764981268141066
-0.018365187698270329
0.9991914661343424
0.76969210922742248
-0.56551658313718145
-0.29625166867021835
0.91799131296069592
-0.13277927126158087
-0.37371327839928475
-0.12916535201545068
-0.97050895946534976
-0.20354034351009845
0.85432313513084879
0.033252224066469473
0.51867742420008123
0.62140079157728201
-0.075846149450752076
-0.77981306595915778
-0.87870521006487978
0.17908402695171818
0.44249979106841625
0.72535342552177862
0.68216443340607558
-0.092271847708764426
-0.0409599108051934
0.8395422512742613
-0.54174818322923424
0.80845662391026252
0.5222532593949929
-0.2713842668743468
-0.51549053350917351
-0.54497704857519902
0.6612635831411654
0.31798022417472876
-0.57624445350314435
0.75288173496283717
0.11711706033440697
0.21889834242402592
0.96869350666897769
-0.10472324476682957
-0.99116385448920752
0.081407957593861741
0.023196062295874176
0.2673172431490779
-0.9633293487738982
-0.46825168780766002
0.26637119425581934
-0.84248842350266517
0.75135770764765186
0.11768708412213612
-0.64931605970382
0.47524362900853179
-0.80178094099451458
0.36234074535546229
-0.82540741339186063
0.33934858659002426
-0.45115977069892993
-0.016750241817849808
-0.76181672831787683
-0.64757602013515725
-0.2713796074867974
-0.77689696189911384
-0.56814102055056603
-0.69738093370359688
-0.39126245258345227
0.6004777485511692
-0.042706628212880744
0.9473710067490474
0.31727640863761553
0.51176554209082536
-0.65448260018537019
0.55655058708358252
-0.67180817148964733
-0.17056763505539779
0.72081929954139357
-0.51442367033235581
-0.84065892333167513
-0.16929519197135051
0.79168335531090495
0.59708434511815123
0.12933580223006985
-0.9220534218654034
0.38593848828541583
0.029478305349328826
0.46006252294982147
-0.26607121763397451
-0.84708239394041185
0.32817503868440812
0.58316514888145221
0.74311476443047542
-0.17002558722027167
-0.40644794199761625
-0.89771452596931067
-0.32429364629002416
-0.94488181938123517
-0.0450774708554878
0.13029898962879277
0.92551287454865072
-0.3555954054067757
0.3341881285841713
0.32830594498642518
0.88347807058238847
0.97496192319982433
-0.19838826819351982
-0.10045567855365838
-0.61750035371256007
-0.36644676214461402
-0.69599574975612599
-0.79628625766275285
-0.31033088343706317
-0.51925228804755386
0.40102984547356346
-0.010561253968430814
-0.91600410640676933
-0.37502746923938501
0.5675008069600368
0.73300561485953786
0.68465016514504973
-0.62960183593304087
0.36722701365313587
-0.29989813840076696
-0.55044226690655773
0.77914980420104341
0.93373992289031027
-0.13849095205307052
0.33007576796885851
0.70903096458809145
0.23994910322440532
0.663098423401145
-0.2318642942776824
0.28937380192424605
-0.9287097241867448
0.41490536874123973
-0.89899916146426684
0.14019287669579028
-0.22385363281450318
-0.091079007128890707
0.97035775131451651
0.16448071885355975
-0.42832561910472305
0.88852870361287251
0.28113114508369136
0.95353892219681002
-0.10829959888973884
0.81452400714470985
0.33877807639344654
-0.47093529995115119
0.051282703631530736
0.67787031916922857
-0.73339069717146588
-0.67393853938274273
-0.68555862000331547
-0.27534745990076737
-0.53166648659092397
0.46292330635381562
-0.70924802394544195
0.37979608492584199
-0.86456211973991826
-0.32907031921129232
0.79990421662088684
0.48793177601565574
0.34939351194081025
-0.4858748135673947
0.82339750297156855
0.29315903131412346
0.89267460545546395
0.10363938322897055
-0.43862390155901282
-0.64425424624851013
-0.55329079666338443
-0.52802060614938273
0.81114287579831601
-0.56176749411350635
0.16267918612738766
-0.41486946359353349
0.87293920930160473
-0.25663293834093687
-0.93374009959941662
0.13849255034395352
-0.33007459747653844
0.73427501763766778
-0.67509216979007647
-0.071349567352082324
0.64228136354796017
0.67615641211641675
0.36095312215414799
0.39730982396991449
-0.32207873937989756
0.85930797122827385
0.23970358311881867
-0.89652098397857138
0.37254840964107439
0.88330797309464593
-0.46583495171699979
-0.05258157877288297
0.84837809863236757
0.27118898449999262
0.45465496417260365
0.67873631212660968
0.5575562090238303
-0.47796243825194495
-0.25490437430828616
0.86690805028272222
0.42836222092232934
0.48100265481490723
-0.51975971572872115
-0.70603561097625256
0.9433530179758477
-0.30431244988277639
0.1322082309169996
0.25165452755876944
-0.66437947454457913
-0.70375415633802219
-0.39045609831838279
0.045540801044938538
-0.9194944647610287
0.98089113310415132
0.037458537952304596
-0.19091737200194717
0.16082166851522944
0.97991219670508722
0.1179342091362299
-0.4357259466733015
0.66471877969750282
-0.60687053257932866
0.45226046161383909
0.73002080780497192
-0.51237690720075735
0.61085453326010264
0.78049409824738569
0.13298760016100133
-0.46995673194256848
0.88264675745031995
0.0086816855677220844
-0.14614891401817751
0.062084634084061639
-0.98731251037447898
0.91905809147925932
0.34680108626113643
0.18724644470482515
-0.72762912104914346
0.26104603404463278
0.63435859756987545
-0.32330244695173838
-0.88680246990272582
-0.33023765256167242
-0.24967241298732124
0.96339419367718648
-0.097648931290475374
-0.80217528959004536
0.0030270617031593087
0.59708093393489969
0.63237961624967098
-0.7599233069594663
0.15037482665561899
-0.023196455800618351
-0.26731940128683379
0.96332874042765837
-0.30007640843543126
0.82536221267803678
-0.47825868207875494
-0.046176143712398234
-0.1631936089252447
-0.98551286635832724
-0.62610462150942003
-0.6302945401785004
0.45904443744121182
-0.98250276692324634
-0.071325408825652928
-0.17204940872905791
0.04096018458812873
-0.83954337468071549
0.54174642159244779
0.036886274666511169
-0.58472423939566542
-0.81039309387752501
0.12314968092647297
0.030815267828629842
-0.99190956006904063
-0.19375134766735838
0.74532183148666487
0.63793086050640779
-0.84431628014807802
-0.52434519672120461
-0.11041799559996418
-0.93772858455793329
-0.046114043634767746
0.34429434599282294
0.95332678143184202
0.11410417209800421
0.27955014883672336
-0.49577456617898197
-0.34191099893780202
0.79831350253856825
-0.2140614029918898
-0.61366107607880438
-0.75999855227161295
-0.56127609489931107
0.72648060117853963
-0.39647834922710112
0.080304452029845041
0.69039107454211135
0.71896547843187542
0.71086124902765724
-0.44867048333571741
0.54163740824848206
-0.79450968610441608
0.57049613918300102
0.20805891921172764
0.67732057542231416
0.47474174474273073
0.56201166705702221
0.49737157935467025
0.65180133616120239
0.5725177117161635
-0.43934216310238322
0.72120631827827575
0.53557437410318032
-0.70144947405434699
-0.71242010277183609
-0.020645399377253376
0.79112769127725502
-0.3596770264394793
-0.49472155071916402
-0.62140039310974671
0.075845664780728933
0.77981343062108244
0.89443129987904957
-0.35516652789941072
-0.27175243744362448
-0.64411170763363901
0.65700941247393796
0.39173810129974418
-0.14601501520530327
-0.72227370649628653
0.67601797922741014
-0.63237850912876048
0.75992416964531662
-0.15037512287929286
-0.90039944738465472
0.37771299678800596
-0.21590212413691581
-0.51759380255914567
-0.85003260431618055
0.097679205319330789
0.89265012227115792
0.44817899017574647
-0.048076522069869752
0.081472197897526577
-0.99353923876213734
-0.079006721294449814
-0.07028470621750571
-0.50839049492446509
0.85825355504208456
-0.79990541174900454
-0.48793052872727982
-0.3493925176510978
0.0154094481564836
0.84535287167076956
0.53398602160121744
0.20929327710669868
0.91072232139826725
0.35606344584201544
0.99517895741438134
-0.041736282948276471
0.088752044513275549
-0.40435139535894166
-0.40221652270530822
-0.82141452259752945
-0.62181968122903497
0.069201904576456252
-0.78009703270760622
-0.38044656389254128
-0.7286731089626286
0.56946985196504973
0.43934318049073329
-0.72120592301638642
-0.53557407177940286
0.69834822114540351
-0.0040916538849460884
0.71574647773603228
-0.92695476841861668
-0.28429090984782796
0.24481326737716427
0.6089774820042736
0.73096758657134531
-0.30794936888033625
-0.84659863303328198
-0.51460228880674508
0.13585006036449782
-0.081471474943174096
0.99353939251373347
0.079005533312708071
-0.76249366349828007
0.57621925718904443
-0.29423592705425561
-0.020245751732587639
-0.94863976455751742
0.3157098456447634
0.4895797306704982
-0.08700509918906138
0.86760693867194494
0.19509274724320061
-0.82885809463005766
-0.52434061347499217
-0.13866879667086449
0.93618698926872457
-0.32299363144467014
-0.8025947337500603
0.59456813604217651
-0.048274475243154313
-0.19444652945625815
0.69559451287250473
-0.69162043119335292
-0.31202145574795154
0.36867471182959521
0.87562638608615162
-0.84185656361109251
-0.22435255332288856
0.49085991700527265
0.30957114626079879
0.06624060688127445
0.94856622720966377
-0.26751270642222902
-0.32850557506545108
0.90582616381597836
0.08914623237872514
-0.66686822788493771
0.7398241114550681
-0.68721250485190111
-0.68981410197331083
0.22780578986042183
-0.67211472986153542
0.52856894119784925
-0.51853318534510395
-0.59136441582990007
0.51768732956111219
0.61829439307019873
0.071474181883997068
-0.37062350481800127
-0.92602897308908994
0.51759336494822783
0.85003277136523581
-0.097680070468379024
0.65809547575721283
0.34495856223731097
-0.66926372614019292
-0.81835172752855945
0.094263023249036182
-0.56693468098095223
-0.98406015952491654
0.16001398912768566
-0.077595913031813485
-0.89827487035114495
-0.097749606052976626
-0.42842417276820599
-0.76771911404129667
0.44265279901912569
0.46332047381502584
-0.21035436573300856
-0.86535922283709199
0.45486751507207857
-0.9931693284601788
-0.08348170991750295
0.081519869450382226
0.17363387394170091
-0.9736308924783883
0.14796676326707578
-0.44503224583043166
-0.59889692707087694
-0.66578432762883744
-0.47522120462290002
-0.8076982474534482
0.34898187307851397
0.13408555669036973
-0.94021045341859233
-0.31309002981481004
0.23727892003884749
-0.19113040497271055
-0.9524536116788922
0.3212257428606593
-0.94213983636204701
-0.095846496353872199
-0.071474454635749335
0.37062211409049789
0.92602950864516853
0.81106216194394409
-0.21140035540856489
0.54542465950481911
-0.89443024142974592
0.35516835000414032
0.27175353975847799
-0.12826465114272764
0.57756309026773933
0.80620658396444134
0.64012358213163589
-0.24323370995681312
0.72875178348982983
0.54691744505323969
0.16822135845315545
-0.82011150635545382
-0.69221691079599168
0.28237650250084456
-0.66415303902296841
0.5948979859015443
-0.73778775427998711
-0.31900723503516265
0.37578704404688901
0.86846535916039813
-0.3233450439776403
