0.98546798686862902
-0.015485010729263745
-0.16915395738736386
0.58469620817055368
-0.30666276861139086
-0.7510581139289908
-0.25464165350758278
0.27303032624375823
-0.92769179647669142
-0.40667222133221509
-0.82553460982240179
-0.39129312846266084
-0.67248546850250468
0.10612601619138794
0.73246198764189252
0.28271524784452701
-0.013303889085199007
-0.95911161768139186
-0.40645726457248538
-0.82915172453008623
0.3837967037183056
0.81286322246687481
0.19959844715852801
0.54718720878020555
-0.33521977837726563
0.0014548878140612355
0.94213883450696667
-0.32245478887015877
-0.34120524387571266
-0.88295067285008444
-0.016038145877289297
0.26137056290498262
-0.96510528271456042
0.59940482057521183
0.76873431767251355
-0.22307265610955843
0.012229934705410363
-0.36207757348376279
0.93206773330976955
0.041071061174393381
0.015208901109454769
-0.99904046827996507
-0.20084290310688155
0.49971120369079491
0.84258580641825243
-0.58860955829713624
0.56374923484651995
0.57941831873976279
0.23399150336982405
-0.25440884716807077
0.93836246452708405
-0.75778393087953788
-0.63554201576088021
0.14781698245923194
0.08739374441227428
-0.80531181379778272
-0.58637463791958744
0.44874153110787662
-0.81381489382603001
0.36923753444887741
0.37562484222692288
-0.26034919928652067
-0.88945166947556331
-0.22858892485462814
0.82487373039333578
0.51704006840939087
0.61764129870989348
0.76352726027012352
0.18853474203009668
-0.034400526733140535
0.66923923542153707
-0.74225026071593869
-0.64226589642036402
-0.49495606759686933
0.58524611014887518
0.56361345393444506
-0.034521220713627288
0.8253170056799547
-0.86210151351726616
0.44809094589587195
0.23663365060232183
0.23891626200197874
-0.82477820251150469
0.51250359648776433
0.92333134654974924
0.13462169404881286
-0.3596334578012102
-0.20856817604151009
0.039163684639208524
-0.97722337351712907
-0.80328724737714452
-0.48560712872567235
0.34484099920406602
-0.69335286979546962
0.62521980307966829
0.35827642370578527
-0.62912234802263223
-0.65952790605836165
0.41137332478998068
-0.36574014120092418
0.64952964674861302
0.66659236952499679
0.72648099809953171
0.68663264847584982
-0.027585602174834505
-0.5559835596859819
0.80075094261869306
0.22289057686268079
-0.76333561430276975
-0.54008162791553782
-0.35444403666180607
0.31457322843480251
0.79147792811617335
-0.52402898131404452
0.1227045528250152
0.7065386561557373
0.69695532143291516
-0.57875504503815922
-0.78735572337078252
0.21239953558835781
-0.97604453530452462
-0.012576554900759339
0.21720703342434103
-0.68720511224493763
-0.42410354520924387
-0.58981803689389944
-0.91888259450353948
0.20753465508012373
0.33553560833273421
-0.36570186105962627
-0.70343255344420685
-0.60946270728608898
0.4745236191380911
-0.87549078620671661
-0.091341218227223353
0.883607383569329
-0.038304694629987299
0.46665912834859236
-0.78356683253617732
0.40716691230902535
0.46929534886887225
0.16310310873699677
0.9270327542223592
-0.33765018661217189
-0.89675567145293655
-0.41122213872453195
-0.16347971843569689
0.54385035184307073
0.7052581686604632
-0.45479414061513357
-0.58042561919680813
-0.63718143422914419
-0.50705613146247708
0.104319831997278
0.47428363459984524
-0.87416955254848605
0.91263871332539603
-0.40271665034434817
0.070070525010115861
-0.96323388015191413
0.24983411087002313
0.098809964949255522
0.74691595889898388
-0.041544144911639998
0.66361934447812188
0.9153810180610592
-0.14597669989548481
-0.3751911444332372
-0.31123537780555888
0.90170445207571448
0.30010268360857179
-0.89363705885800782
-0.059341073273514781
0.44484991183359462
0.041083457024246567
0.99171934297188191
-0.12167536453348204
0.2249811307367173
-0.97434627313164979
0.005729820842971768
-0.75396183447840692
0.64689293229242395
0.11432885156453061
0.95503106447685537
0.26156707403856461
-0.13963642670560028
-0.61069990393535201
0.79145032192413522
-0.025534589472611356
0.85799777046537029
0.38160450620225012
-0.34382819361214534
-0.75363457018706881
-0.10747645787856887
0.64844718028597215
0.81253676125481367
-0.48149183365347842
0.32855688355983215
0.65576251880107583
-0.2780699888039147
0.70189215714542608
0.27770117838027392
-0.92986719692758957
-0.24130696551122277
0.93927825211269278
-0.29557507934858068
-0.17433226200621874
0.44396945436251406
-0.5006260182180271
-0.74314514966876777
0.5148093272838421
0.61976887495881194
0.59233259084221113
0.83408762312936258
-0.53274108098389361
-0.14312504174505267
0.40954116221133524
-0.90066175534123794
0.14520481713851208
-0.39057071995500031
-0.27001505831001138
0.88008316709256185
-0.21681974139182053
-0.65516072442602136
0.72370824571256254
0.22291747529703354
-0.45221229143353275
-0.86360398487016621
-0.401817399153785
-0.11137415432856797
-0.90892165530637692
-0.75024168800278834
-0.18403003372261079
-0.63503571259479685
0.024313862121826797
0.8498301413592757
0.52649555263648173
-0.3250348120068009
0.86368057277423116
-0.38523789948041115
-0.61161329247367324
-0.3013950592815775
0.73149859788667237
-0.55977628631389131
-0.27646727974667051
-0.7811634608134872
0.9914169625269591
0.11965943982921283
0.052669012460621493
0.92081548876553798
-0.26654824335031191
0.28469434419451739
-0.62139703703787807
-0.022527584826757117
-0.78317190340462228
0.78319839306520456
0.27501056954309344
-0.55764636082347452
-0.62006631132221313
0.25821531414335874
-0.74083913308160976
0.45423826293263769
0.5993770733373488
-0.65910145231632911
-0.16907612565155758
-0.18867932446507166
0.96737447570941382
0.86762275675552292
0.48982291056292199
-0.085465011832997248
-0.95786309310300866
-0.18607047104017446
-0.21880602066219385
-0.12394730787866465
0.69485821547314086
0.70838487085701785
0.64936082312063381
0.19568772671481191
0.73487198545684262
-0.18809777054836666
0.79182000729173296
-0.58106824450081074
0.69295412280985103
-0.093496799365233876
-0.71489365096445434
0.065578234845524511
-0.088587593600719078
0.99390730622859336
0.019085568382418889
-0.58556327925974294
0.81040199102796895
0.50395598787084206
0.40611594065214712
0.76229797654024078
0.67829438709646239
-0.72526807691611539
-0.11791073335296673
-0.60958996672147925
-0.79203728404118456
-0.032817878681748902
0.026387549658970826
-0.99101620519558398
-0.13111284552910674
0.30693050834050206
0.7730398118938846
0.55516043832112949
0.6836067603149929
0.5062173734253731
-0.52576208316495798
-0.20970216214658294
-0.81988555991253276
0.53274071727056949
0.57772681166811068
0.38551508011211194
-0.71945107831314781
0.43256763982531976
0.19280302411573139
0.88074527013647996
-0.43000961739583482
0.8880301271688732
-0.16277045858362227
-0.43535796598383864
-0.49377718030415824
0.75275994690557868
0.05418237136395556
-0.61264003386231303
-0.78850266933128554
0.0084454914811365901
-0.98886417617814193
0.14858100398491925
0.32273702923749381
0.57360743419575533
0.75287138436410206
-0.64997208005677698
0.34533977355221196
0.67696139915771691
0.67375069651060004
0.62086471643286423
0.40073308178913869
-0.43797900746929014
-0.68019996223277879
0.58779452225649542
-0.12916243798809071
-0.72605181706422639
-0.67540049122776602
0.50086123368025526
-0.67102925553965731
-0.54667884795937194
-0.21013601997446976
-0.44873253440093264
0.86860921344377029
0.25669794952968372
0.37236035135584999
0.89188224079494016
-0.99931143395193878
0.029359502491203088
-0.022686506703080977
0.017903620204145747
-0.76763798945613004
0.6406335750858958
0.00094148041731779313
-0.90732191930525319
0.42043554602680239
-0.23267490640184194
-0.54866182775890682
-0.80301468647288743
0.7504351244641313
0.59218512273675816
-0.29353688759635427
-0.47284702818583307
0.75567761164287706
0.45317439821501737
-0.47621925225581124
-0.50315990109124209
-0.72114169045671439
-0.85145358757979295
-0.31620372760913373
-0.41838019891432299
-0.16810366747455641
-0.8620688161227219
-0.47809885301093574
-0.45444492819855081
0.13537514363219469
-0.88042795146518182
-0.078556216378064203
0.92374377731060153
-0.37486844992384255
0.98616011497804279
-0.16274882319179643
0.031639345381639143
-0.84412649994007238
0.44257420283210197
-0.30261944267751906
-0.75304163799747648
0.63651375327499349
-0.16666893331949528
0.20917849450153153
-0.93518008796581642
0.2858016104054007
-0.77583092167707191
0.095761085605755178
-0.62363145803696618
0.16808120068480986
0.14935639222834787
0.97439282534144533
0.6933530519497787
-0.62522097473743232
-0.35827402654993368
-0.82004733460034918
0.1614147644240633
0.54906069140012859
-0.74710380948483313
0.36672398808448786
-0.55439103024549241
0.34656826885653791
0.4389794282228402
-0.82896772954013764
-0.19995048736479429
0.96735541392199653
-0.15570261962595222
-0.96355672404513115
0.051687871171942533
-0.26246295647410434
0.20702716957024403
0.90829844714187979
0.36350196970495646
-0.45642401606190658
0.71239734151174594
-0.53307330205977976
-0.94960643457731331
0.2732030047966818
-0.1536480965694878
0.22156916514470573
0.2353241091936471
-0.94632429361677828
0.83324200462909681
0.02010952766056304
-0.55254263963874639
0.21681951768761748
0.65515969293271392
-0.72370924652516422
-0.13289054714408249
-0.19342020962576456
-0.97207444415953637
0.057422876766700236
0.52762643646605978
0.84753345465884911
-0.1930819440935298
-0.98118260394721368
0.00024612279071517057
-0.54489134523834248
-0.079239167442649028
0.83475420108397502
-0.44004024835961053
0.43932883117196153
0.7831696865460831
0.83097854953306238
-0.41417445253077495
-0.37139490180502044
0.78614882667841424
-0.6086144828506167
0.10751015569065718
0.45958652691021912
-0.26551429563393603
0.84751541761587867
-0.89338143758710253
-0.43993733500255633
0.091240058338706589
-0.10390642901168887
0.083777935046015078
0.99105232536403676
0.12163087477804803
0.98408504100204275
0.12954752941192857
0.12873109862085791
-0.22757171877921573
-0.96521469998117027
0.67188484838031315
-0.49437038059558269
0.55151489309604529
-0.26431034667398157
0.27208823843346391
0.92526106107803652
0.6164932292822235
-0.77649169218133274
0.13037158518076736
-0.88379198484998411
-0.067683420369830993
-0.46295861815281736
-0.1941939612106291
-0.94763981439509404
-0.25351033036654785
-0.68540831958771808
0.58430568289561202
-0.43451387132729496
0.68720491641993919
0.42410556991551607
0.58981680920002588
0.66125637846237262
-0.48265201472701336
-0.57427087216990413
0.33755357237929939
-0.029969128666479532
0.94082912215818715
-0.2040148438824379
-0.93868338107892391
0.27794145707660073
0.48157712815974874
-0.48649803907063871
0.72897402396370214
0.82671093602361634
0.41509903417382771
0.37979181150587127
-0.56100935975839783
0.51580009794629
-0.64747104740063111
0.39166406046379981
0.87365125287480982
-0.28867412785229674
0.059501680095625689
-0.9268002724197667
-0.37081100996119826
0.65315072933926321
-0.66733293695037232
0.35785594311786817
-0.31051594744179728
0.6211443115630727
-0.71955513381335789
-0.41951625166297113
0.40774654961391443
-0.81101717976168564
0.47229425280542148
0.79397440586002088
0.38280906677637033
-0.13513810326776407
0.98702206932023007
0.086747494027218319
0.28063910476398313
0.9568961467634749
-0.074776046876552232
0.5115931141098462
-0.79646985560521333
-0.32234803350974628
0.070885715449560432
0.82243366375103466
-0.56442721769441095
-0.57578201403824347
0.75785180381983619
-0.30681544250100007
-0.48244085869642783
0.19638318627773249
0.85363016699719474
-0.92224657992843728
-0.2621427599789059
0.28415210574785871
-0.39649727511407445
-0.91134386530654199
0.11064479199332167
-0.88073608427373495
0.21478461928899764
-0.42210368059879422
0.92675660019718109
0.19751157635041885
0.31954871490671805
-0.059409315998886332
0.9462807995850262
0.31784144083059424
0.50484384239747504
-0.046066117234331162
-0.86198063066191122
0.78614863894874021
-0.26130164528214117
-0.56008192941023294
-0.80094932685830289
-0.30652335637468209
0.51431858589985957
-0.013733186194778464
0.31934968914894052
0.94753742703780008
-0.043589065440174969
-0.41444065822982357
-0.90903186642718004
0.27918437899343873
-0.6719916014514844
-0.68591790332715286
-0.61352424327724864
-0.73959539993379297
-0.27674292639171894
0.80235333220924565
0.56932256879969867
0.17916736016370927
-0.88022868984588909
0.47400347911807278
-0.022763026076340065
0.30669083093113075
-0.82795895570060229
-0.46949409144092619
-0.38114176935145855
0.92173761088740536
0.07162910254371227
0.50676547129935967
0.86189368738788286
-0.018111563699916702
0.92580508500286063
0.35741553979548824
0.1230409545458169
-0.14962342628003242
0.48597016801388632
-0.86107248597825892
-0.77943762958991603
-0.61762945303014971
-0.10493255133146548
0.66074766952763597
0.15073656926697154
-0.7353169411209165
-0.4156377374838518
-0.89739316521911938
-0.14809043925019263
0.81262537987524364
-0.27902448386136758
0.51164961583930979
0.47715081666097064
-0.6718933422324902
0.56646838819427725
-0.97606330152384979
-0.21483156523192118
0.033879639879502543
0.45125316726120229
0.20242741137850503
-0.86913389196333313
0.97001455724214436
-0.032172543284496653
0.24090804510628833
0.37050949646294123
0.91142911704463636
0.17894043040635699
0.25759338742761317
-0.66740241195055416
0.6987271765690457
0.25349614788019098
-0.47549468761481239
0.84240400346864219
