0.98299420223046596
-0.1527386673023523
-0.10194752518816234
0.98880391315305805
0.087755021688326884
-0.12068917723508102
0.066179405192451593
-0.056752382827911924
-0.99619247807425626
-0.38912223661931195
0.86530562652372567
0.31595894935065028
-0.59676985652391534
-0.62454246832438665
-0.50379801865798179
0.54427308580624556
-0.83846860558136038
0.027151528896114666
0.069617618164738368
-0.077664502379871617
0.99454593273068881
0.27275545547375929
0.92823897127761512
-0.25293650134129902
0.54226974726931776
-0.13592368221186116
-0.82913706575598178
-0.59428159365896971
-0.0016808538559524436
0.80425528420301362
0.70811024099774977
0.62063379155873188
-0.33673963736029255
0.78885848330113961
0.23277534120839691
-0.56878636925399317
-0.81350840864518004
-0.57149837694120142
-0.10767392542839359
0.97632163039943864
0.18563851978638779
0.11106040692209299
0.15154171183908732
-0.55085913172065659
0.82072487873394184
0.84938844710642369
-0.28381941114502313
-0.44495596161803513
0.61771669966429565
-0.68513182563897157
-0.3860316832236188
-0.59675404651243291
-0.079491410526498302
-0.798477127802384
-0.4154556255973329
0.40763978602146594
-0.81315830439829007
0.49066359680841903
-0.83835000758387879
-0.23752578712875658
0.84288882090002293
-0.010674036898559362
-0.53798187751824622
-0.089799724694183708
-0.48186581713276372
0.87163142653521997
0.35802246006274135
-0.30310429946990214
-0.88314647807341817
-0.86961852213080615
-0.2489929287624349
-0.42634041257349437
0.38769254899242428
-0.51139723540348581
-0.76692069673299901
-0.99871754470632113
0.035257780905316248
-0.036333934295784881
-0.96763577817649427
0.17898320951522567
0.17789325873792719
-0.52681623106767794
0.8448261267406344
0.09345305912630307
-0.090835231400558797
0.72487708569377718
0.68286321571197806
-0.89641454708723867
0.14475262477028675
0.41891244597468524
-0.88511949236563781
-0.094161045121691364
0.45573806272461642
-0.65193288638514579
0.34846921462705538
-0.67346322698922156
0.22161072448305813
0.3618432561115873
0.90551540285113774
-0.40596841640130898
0.021328083603074748
-0.91363819848692496
0.50368443624245884
0.070062729503942087
0.86104192849220407
0.50984182265941769
0.80607849557147337
-0.30049754548840024
-0.014235123614003916
0.39462425507621784
0.91873231061133043
-0.41464174455423158
0.13690924515783301
0.89962663492325279
0.52464430868856149
-0.39169982880852
0.75585686043858702
0.30963798507398127
-0.076035380908729994
-0.94780954787836424
0.78909502113110708
-0.53216699292030456
-0.30680179150757642
-0.97831577272861669
-0.20670760567660804
0.013046631207082222
0.12375928014528101
-0.84159021734562423
-0.52574665633370099
-0.35081979943221092
0.7475215339658049
-0.56403636813928348
0.24539753944267872
0.86689313419106384
0.43390821786165035
0.83923877421569903
0.40185536758179041
-0.36632027434832931
-0.60927709166661848
-0.71846488599350145
0.33554378725378281
0.80374282122111806
-0.38459276744355403
0.45396682760486579
0.26391767402704802
-0.6978744766871301
-0.66582180508362532
-0.17711413714500793
-0.97675466041553505
-0.12075146284791731
-0.26007356760800432
-0.61918839083153177
0.74092339421231868
0.090765243695967598
-0.32030853773706902
0.94295498895204555
0.70800904789863306
-0.46187980403112266
-0.53421927588008544
0.54382694048026592
-0.78726208151360322
0.29063839013238096
-0.11499970685698846
0.77595787934226323
-0.62021321890900094
0.36522992378640867
0.33239142319683651
-0.86955335923458743
0.55143877883585357
0.46856972718129047
0.69018670225184264
-0.34676341284046652
0.64011407124382325
0.68557210511432698
-0.95814007195337425
0.27298574764949646
-0.086292433604738678
0.70860917765515063
-0.26480400118132802
0.65402742626074206
0.35278704928579341
0.67030516393173289
-0.65286467591888908
-0.85318440181280852
0.37659001260499209
0.36091043059115357
-0.17732602033470374
-0.026867872740458879
-0.98378534240283266
0.49479967848974671
0.48654383626214565
-0.72003359196759542
0.039045765217738317
0.97691146353468128
-0.21004623451299523
0.70320962124650765
-0.017901352001573782
0.71075718088729789
-0.74599488070630493
0.60742471571975531
-0.27299606717452946
0.30638082433263253
-0.12783724630091217
0.94328597410300574
0.84917480928301614
-0.1214921309623946
0.51394727880724245
-0.47139354517552839
-0.54780398415072373
-0.6911576669005709
0.38275260089179836
-0.583684284500115
0.71610970007265828
-0.31800666402544947
-0.37913154964284762
0.86898275569818861
-0.7694249328168592
0.099511133227685303
0.63093803746763721
-0.26826648836853567
0.60316305148432969
-0.75115073356985163
0.91156895569759711
-0.35187256464098021
-0.21266813880168145
0.80838853180443004
0.4948073533107869
0.31886308152034809
0.75379213006557988
0.37806542212243627
0.53746066018507799
-0.61154353095962033
0.7363623803963526
0.28945630841019365
0.21696797703060147
0.15561694796903242
-0.9636951086562866
0.079624062879195753
0.89149941849334546
-0.44596950056773699
0.51896653844234397
-0.61420003863954753
-0.5945015092599425
0.68893324570120518
0.46090076679211023
-0.55941171433752424
0.41027297776233373
0.69584092298517919
0.58947560900953433
-0.28489658505560078
0.22781507903748657
-0.93109302735376576
0.47551654006272692
-0.70966293844765227
0.51986780427394896
-0.59659659817881683
0.25294337970057917
0.76163780480429921
0.1020828903768192
0.96261528378518157
0.2509001771930196
-0.69882779663318173
-0.41020716523023082
-0.58597763800898617
0.71853404279906585
-0.68487383537297386
0.12106468915560382
-0.8763673795736886
-0.0049332561488430833
-0.48161798035675163
0.36363897822707492
-0.9104268609652969
0.19720452415409978
-0.14159930141262028
-0.23021712231063091
0.96278227779413872
0.24089791098366575
-0.91902024437950491
-0.31204164290097702
0.025777392777307756
-0.84919538264032501
0.52744926592418018
-0.19091828307065739
0.96783521727497512
-0.16384505299719707
0.94027867522800856
-0.08517289111881185
-0.32957789903135853
0.73320440847982249
-0.20168269072652778
-0.64941157030581265
-0.13345181604662784
-0.82101247118849596
-0.55509380733963865
0.083233376239923662
0.58781495918693993
0.80470229205325339
0.5470815995807462
0.66415008571904965
-0.50951583590655081
0.31750193322081732
-0.36557649318605462
0.87495505600621004
0.99051286719950349
-0.063415345052412281
0.12191289482291229
-0.56017650591318424
0.49991448156924301
0.66052085004203409
0.84610912954424766
-0.48489056358548011
0.22131534571201969
0.44436251628192869
0.3075012870657321
0.84141839329581514
0.17238143251604576
0.74698730886272946
0.64210170699176095
-0.25102411942755504
0.8186690322218233
0.51649579586537187
-0.91894511675199275
-0.35087960274901836
-0.18006492377017158
-0.65229705896005297
-0.55999749158655465
0.51079482797776243
-0.528388995235335
-0.83785727949179023
0.13711399971122307
-0.21925910977803378
0.27123920066850182
0.93720581453598339
0.16030137871340791
-0.51522296388860089
-0.84193156816004122
-0.75301484479680436
-0.17223199550594748
-0.63506281834137013
0.43258986315865072
0.89876309754069483
-0.071350576672056548
0.32673316639369965
0.54910759119663932
0.7692374739107366
-0.28157757308518011
0.95417371086557112
0.10132423120105943
0.90334590239492796
0.4177900703152943
0.097044514385072708
-0.40182553175981967
0.4013671761844021
0.82306781731987144
-0.51360074883936535
0.56298880901213466
-0.64750125229125333
-0.1539095011002572
-0.92528461154473052
0.34664138978140935
0.19663580199876779
0.98047010909501864
-0.0035674281357473882
0.037124308597017618
0.16565450070505486
0.98548484113524148
0.84352689623955746
-0.53528319050955486
-0.043980464735730404
-0.96453537001596257
-0.10889803795192721
-0.24044279427421142
0.65727901318049409
0.74480347634173472
-0.11511768092583725
-0.73406594709208584
0.091671892985702164
-0.67286213250280114
-0.40980124820765845
-0.90633776362057827
-0.10302812821115367
0.095839716648905254
0.37752344514505148
-0.92102703384779572
-0.040803098669345256
0.18369760597905288
-0.98213557958997921
-0.74153744194312032
-0.13999731733379456
0.65614249468830632
-0.26831485725175042
-0.89935713801837436
-0.34520121041701401
0.33749242182717926
-0.93810327707872654
-0.077853110043075033
-0.14103557132866026
0.94190705843388012
0.30482792013270926
-0.85118838256893703
0.51921921675731075
-0.076744656684369195
-0.02643515131522646
-0.69331113191909088
0.72015335667620817
-0.014172369792485668
0.60397625810623845
-0.79687629126386461
0.47022404631742137
0.10529814720919486
-0.87624291521197606
-0.7971444743526751
-0.5216843170652431
0.30398381591322915
-0.47266207595493526
-0.50845315202101227
0.71976798633578332
0.66599052038771911
0.68864803175369138
0.28674119884568755
0.91936803400576506
0.16757678731024783
-0.35592195549467059
0.071918027949069305
-0.98825990384677787
-0.13479673477007648
0.0019768966041161969
0.87046903350087024
0.49221921294874066
-0.30924724514320828
-0.94228494496007331
0.12831688849456988
0.77209077904660817
0.63079260048107844
0.077307982055672672
-0.37698615806761837
-0.75105594199556147
-0.54202989642507404
-0.31327913515649541
-0.4372561047143349
-0.84300847111143851
-0.15892312863857325
0.89989644632571775
-0.40611553168288472
0.65645457395368323
0.23042658012169889
0.71831120241070068
0.94234704370959577
-0.32878049993958691
0.062333234083115953
-0.37064780583420953
-0.21431216405929951
-0.90370930080779088
0.90076158434311149
0.27331422232153857
0.33753207854729889
-0.38958443161135864
0.85359101212768673
-0.345841516681971
-0.49056555817572084
0.7101856247486793
0.50495723733012421
-0.18674021506066568
0.53277617663540422
0.82539544322031289
-0.74406357788054744
0.33627355234984557
0.57731229855392308
-0.82742775165718951
0.24886077712498783
-0.50341993345146319
0.69056096959667379
-0.7099574552710235
-0.13815194162513497
-0.92226725611222149
-0.28530506255272253
0.2608143584717319
-0.075511807520878188
-0.49389818746084696
-0.86623469530365726
-0.15209755467355277
0.42409457796228323
-0.89275423426905043
0.016296901311489819
-0.69431866086593053
-0.71948315350742198
-0.1720551797982259
0.027010225612615384
0.98471694553153488
-0.54470333257811965
0.19126279234651156
-0.81652729516048983
-0.12478511990658392
-0.26632965780519541
-0.95577046785473907
0.68413717170148047
0.042271813676220807
-0.72812734055577233
0.56452645198935691
0.81795896570266513
0.11069333959608679
-0.90821890996076748
0.40026829851698975
0.12216259980857114
0.16389528301368478
-0.98254126286431032
0.088039780638473383
-0.5697907269388689
0.69385631744631493
-0.4403429779550414
-0.65865783987174598
-0.36752827854670189
0.65657658688380227
-0.076279347081151277
-0.99104185540855738
0.10962436789891783
0.11936416105863598
-0.29359304441472361
-0.94844890285458283
-0.94694686880697132
0.1350552715392575
-0.29163624823764583
-0.71067088760503583
0.70347184819945485
0.0086167454130658145
-0.36522435688463661
-0.11086173256004599
0.92429478273545851
0.52709148384424687
-0.16520752476429804
0.83359525035842408
-0.72123747820906592
0.48934400717379406
-0.49026415601155354
0.6246056568172601
0.59698855909111581
0.5034604590096351
-0.89340498376437261
-0.44261477974759894
0.076939532972103819
0.46940883064711919
0.80081725571124385
0.37195036317446517
-0.44702945249780868
-0.70035228600149602
0.55648121629753866
0.12445222397212556
0.75083571867672616
-0.64865812837549175
-0.62386055031417986
-0.77752201330861692
-0.079104567391545047
-0.49048409875969312
-0.80949290919889971
-0.32271749072616651
-0.80052942902528845
-0.47304946743525073
-0.36793591102754791
0.38710165212632058
-0.79419517043582022
-0.46840830711836362
-0.2325644327513384
-0.6500239508933553
-0.72345189742237959
0.32196081017443406
0.82340986096719926
-0.46726591741084617
0.92515988511136726
-0.23523223487420108
0.29790096115455955
-0.97382084208658026
-0.051604630639858151
0.22138186378813293
0.83073535037013446
0.53857237096560973
-0.14077847448346567
-0.41089269479404139
0.90548082775235406
-0.10616809284244774
0.93747128057643203
0.3204212436535061
-0.13593316265696545
0.23045416265360116
0.53911205926382688
-0.81009201111475193
0.29781297618097313
-0.85176730977448878
0.43104510346106611
-0.52679132764638481
-0.24577131859364124
0.81368750517216526
-0.59594920641317817
0.7792070769114231
-0.19411562190266646
0.34375606508407125
0.92024349453143262
0.18703924318306267
-0.38883997479984189
-0.84769264802748001
0.36086098220480595
-0.81432851916479609
-0.33602663415681039
0.47323901362008991
-0.044901124807499644
0.99778956339190772
0.048988531078276089
-0.55515825640602767
-0.32299359664017308
-0.76646881663487409
0.82636061956051032
0.13512011694139045
0.54669066247496356
-0.21780907636282007
-0.79804028856384712
0.56186377715858016
-0.68534516884677854
-0.66948944821338541
-0.28650633198817321
0.94005853836931463
0.030998862674060417
0.3396012587607154
-0.02565895110625949
-0.93613985836728164
-0.35069043871228156
0.69601255478312773
-0.61529832869417467
0.37010064886516858
-0.69413340762315523
0.55726599087775774
0.45566811149398823
-0.7827540461725756
0.58553042186329407
0.21083222778563612
-0.7366595395897696
-0.66622651326075033
0.11608167710630289
0.098696109313645433
-0.94328319009618122
0.31697933889816965
0.21701898235571371
-0.73891766473254394
0.63788983848584258
-0.87299860048280564
0.38403071833090491
-0.30065570164776795
0.62664711280673235
-0.51981403121001857
0.58060896390615269
0.57870674503795883
-0.36803813043129291
-0.72776812089855214
0.27674346293084434
0.11591324481377221
0.953927238001823
0.60740950556866513
0.27537350278809214
-0.74513295894561427
