0.98647490166125951
-0.1103258626389194
0.12122488368889775
-0.59063176029340414
-0.1894425362540427
-0.78438871051944048
0.34658760144932177
-0.76077031998968936
0.5487308582031738
-0.15896520144781245
-0.97820121102904012
0.13361308120830001
0.057506893486481574
-0.31845966903791789
-0.94619046518013195
-0.89254681653979351
-0.4107358657448949
0.18616183517432261
0.31879253030610044
0.8558026150821294
0.40739809356405043
-0.83541474207571464
0.49069756536834597
-0.24758454730484517
0.11866273819809822
-0.98320328813746949
0.13867389357408916
-0.5919018069117491
0.42157037444526335
0.68697210304690448
-0.61266983945965658
-0.21138086398116973
0.76154697698766616
-0.52160912751669108
-0.74557917854004163
-0.41477175243600317
0.34285648660454221
0.92897927796986479
0.13945225238689463
-0.15619246895346003
-0.85158504828846737
0.5004066528072455
0.44846501804450922
-0.33598574179112611
-0.82824676812131592
-0.78670475269673612
0.23124301128302055
0.57238300273254827
-0.56643596353154158
-0.78061147338840975
0.26418937683500898
-0.99710079814202879
0.075372774963702496
-0.010437582996075619
0.85102892133026342
0.30383517284185541
-0.42829191307285763
-0.14523836505835025
0.57868481938544736
-0.80251460866953039
-0.30745428253339568
0.83374136715242031
-0.45863623586747704
-0.089406022763154736
-0.86652257183871884
-0.49106536793759581
0.20637549523199972
0.92076147653011065
-0.3310701712716469
0.632602088939896
-0.19497109834205431
-0.74953376700464469
-0.52484003168746995
0.0092044063995136878
0.85115111469182014
0.69949581322380583
0.4824757869674331
-0.52718376518299814
-0.37815660333368789
-0.22311774028089962
-0.89845203396011797
0.71915091207358017
0.27263046643634348
0.6391358184567969
-0.98020937583428769
-0.17172273933617285
0.098493047071542009
-0.9540490135273777
0.26919801212953348
0.13161652651906969
0.69532519787161895
0.71116134468584513
0.10379022607844415
0.64321523613940546
-0.4255435498345691
0.63654288715869145
-0.44622597780850443
-0.39121087316548603
0.80488286691042343
-0.10150822853628189
0.11893188039115443
-0.9876999986666245
0.52397247826882687
0.85173400275072597
0.0014249824736062681
0.16956683054046023
0.2095487856877839
0.96298307170855191
0.093879501126641049
0.99470013557532444
0.041931844159827474
-0.91835664568721143
-0.20589652839408537
0.33797587327706857
-0.49150167170656411
-0.85646766202656199
-0.15776327396579931
0.29986308905808862
0.072070456518939979
-0.95125599978012887
-0.94632110003288838
0.29332859429846353
-0.1357744872920961
0.10717716063861578
0.23150174328391659
-0.96691261192206601
0.13080439360879242
0.59842243408739471
0.79043076926037847
-0.15231377951240854
0.98817889645621193
0.017406354277347762
-0.12371992788378872
0.77307063297656875
-0.62213758596763558
-0.071899044800439571
0.15795739447498253
0.98482485188355162
0.28643400418936243
0.71165334360161514
-0.64148661699577936
0.016066664162478518
0.98225630758290938
-0.18685397645294888
-0.9098061205736433
-0.30638126756616585
-0.27997025172558321
-0.037127396894116899
0.7458911367221257
0.6650323064026602
-0.86596959326428047
0.30577330524068774
-0.39572635664544997
-0.51730777110413539
0.69916307476814465
-0.49352169641873439
-0.58731254273002886
0.80787082421961487
-0.04907859540276345
-0.51512387306483054
0.62517627715131674
0.58634632930198205
-0.48590240109572952
-0.60880039763062166
-0.62710520046815266
-0.42850528740745486
0.79586860423326833
0.42775738855061696
0.23909652837695322
-0.45993352183481129
-0.85515729875311008
0.79507581767252911
0.52721043018130487
-0.29983930106042234
0.60711602481124249
0.52338029307143863
0.59789898916275963
-0.006502127528338582
-0.9977902015222172
-0.066124398551957383
-0.36180952369775909
0.45912171164803234
-0.81135757989617729
-0.80244924711364018
-0.43045047036273032
0.41326456220108698
0.28790006218054182
0.40885636326430946
0.86599655219563276
0.85470968785742818
-0.48278489291042226
0.19076188471529126
-0.12793963015893384
0.36289277576344375
-0.92300611283647416
0.68300265372765057
0.71438165125858255
-0.15220457071339155
-0.29842128056327732
-0.76178775958294243
-0.57499925970089272
0.096078767039418048
0.46284212364721339
-0.88121849679969988
-0.81020532026538949
-0.58601454163321542
-0.012421594425427059
-0.091557844810433359
0.96150585714939818
0.25908231842615104
0.95226825787950253
0.099142132588287885
-0.28871439621360023
0.91791993453444043
-0.13547980374372379
-0.37291851195918202
0.47941874215913127
-0.064427511338783855
-0.87521812449768621
0.2416958321372854
-0.90355505185863716
0.35379569385197546
0.14416418940097711
0.95108052945803667
0.27324441985185988
-0.43072360855139674
-0.43167648033895617
-0.79254816216974089
-0.36968026617221089
0.51290523297381752
0.77476752822438111
-0.46212668891987901
0.84630756933874418
-0.26495739557124282
-0.33396796725616401
-0.87445238165092631
-0.35185000933893457
0.92306835579534297
0.33118621020638883
-0.19560292609879765
-0.75749509049880492
0.64747699784423252
-0.08351481983951764
-0.12694827328051278
-0.16611434432170691
-0.97790089504083466
0.67782861316471521
-0.66711497870494518
0.30904041218374595
0.62758731181530714
0.09312243764333758
0.77295690543250795
0.22808708366891634
0.75160784875222297
0.61891996571242092
-0.55505560006384347
0.50732607313496569
-0.65919157788553573
0.35566595019226305
-0.92617121466870933
0.12533400573237066
-0.27833998648033098
-0.95696340449932149
-0.082145568201802605
-0.38435861586650694
-0.17479793670199528
0.90648449282594357
-0.65568935507861648
0.69403013281431103
-0.29731068662652849
0.473584927027214
0.84892284358889669
-0.23462165826191314
-0.045008309108329911
-0.72908824482057044
-0.68293819879669126
-0.48712952018806321
-0.58044713177919305
0.65252276417812083
-0.68027487434554801
-0.56810866815472083
-0.46311838281547191
0.84655416308818943
-0.52400367809963044
-0.093627956808392213
-0.34369426708426187
0.6649272384073821
-0.66313348459970312
-0.30582425412838649
-0.9004166977729966
0.30938858407896702
0.24170895881983739
-0.46140304062401677
0.85362990419100371
0.50795966206253573
0.61414775102287666
-0.60398635881190021
-0.43775887522973367
-0.76882534682655068
0.46612740021868743
-0.98172270477576373
-0.11894841604632637
-0.14856582799496176
0.55022208675239903
-0.76014712413380425
-0.3455893588074469
0.10810994817589081
-0.94313788708598512
-0.31432970754987483
0.69600048443235452
0.036056022916612404
-0.71713547456625271
0.52782544192400016
0.36853530766165171
0.76523331727288613
0.82308127542719722
0.53242393879642436
0.1976409963485295
-0.12734239194756325
-0.95452200724221248
-0.26957680334808282
0.030337168655107636
0.40481251595724982
0.91389631967874385
-0.32199531285799926
0.91816279830977343
0.23085946871949051
-0.6427803131532237
-0.61626120573819931
0.45503361999389091
-0.9555493895425724
0.095755139870082828
-0.2788481976511204
-0.64638988597466218
0.66058935742965019
0.38184004001721056
-0.19685936309186283
-0.34053478472758814
0.91939243609766619
-0.43028047772077804
-0.89751683525553583
0.096551752574804112
-0.43512354726133512
0.28110140259416355
0.85536512676067566
-0.24887740341114617
-0.60224090628321603
-0.75852879238068227
0.86697539891438169
0.1734529223492535
0.46719133275966562
0.61381873107898821
0.68740178552924291
-0.38820787038362503
-0.8459249882569847
0.099039752289497865
-0.52402484836966956
0.1094002562276255
0.83599987165804812
-0.53771349111311761
-0.79842936197236092
-0.35210893090264334
-0.48839518294001039
-0.30270815153186464
-0.0019955730350241529
-0.95308120991047962
-0.76710108176449732
-0.14765618619766352
-0.62430247559440211
-0.635602537320341
-0.39832075467312877
-0.66132442186008344
0.79824047947492083
-0.17071680389235522
-0.577639948234562
0.85134333536490892
0.072672652032892859
-0.51955097052768417
0.75455611690757274
-0.57411930009963064
-0.31785546352151267
0.97213633661113519
0.10905220694046341
0.20750556426683131
-0.3405653686079555
0.23613355198630454
-0.91008580657609339
-0.285439713319599
0.71155036252697812
0.64204380819983875
0.50017722493947359
-0.094911973338303993
0.86070579234072553
0.3888800971816096
-0.73994889337653857
-0.54886055169492542
0.43370494556808348
-0.55648190328324687
-0.70868040152669731
-0.55298944036838349
0.28205992354519005
-0.78399290709211367
0.99299636238608158
0.10959638656540527
-0.044123195031818899
-0.88071717589417564
0.47287626276475303
0.026931323744447219
0.52322917465496499
0.80939865757004448
0.26665529042884983
0.67189017947498142
0.64356082902485889
0.36659657127408246
0.31894560135875943
0.52742967583394884
-0.78745897697822653
-0.30844446905036121
0.090658185187106971
0.94691240512035801
0.30202913989848035
0.0037647193653108433
0.95329125955307303
-0.73064059844255147
0.66492491162190948
0.15504572813239992
-0.047800395362086356
-0.70828761022951359
0.70430375790463662
0.33132420021024939
0.31302437690057527
-0.89007865597431624
-0.72693095421250542
0.31363361036241355
-0.61090534967270838
-0.88197282628854945
0.01150317728842915
0.47115985673745497
-0.65995301515348415
-0.4139605236325497
0.62697583897921483
0.77122966386936853
-0.47051852567134095
0.42873899119162084
-0.75371238704964694
-0.61664869832308777
0.2272928077708673
-0.19156463650853103
-0.39808714512959531
-0.89712296532968272
0.91952102551034476
-0.055452026604967987
0.38910944011910786
-0.6337493846916622
0.19357405433971725
0.74892643356301936
-0.38444324107216993
0.92306631467306843
-0.012327737416309457
0.94085222275747005
0.33596828876733709
0.043845226365876885
-0.90302496843166402
-0.10795922537245305
-0.41580128913457215
0.56892145481529632
-0.63641497793736335
0.52086884539952283
0.42584353462446017
-0.56505609755255659
0.70666037856754194
-0.73650605499654065
0.46094680347153139
0.49506249638082062
0.00047629148223326487
-0.51785737769125162
0.85546683718140959
-0.73762449961590326
-0.015559369087019204
0.67503185376691843
0.52847527093342417
0.17684036909905845
-0.83032606358511518
0.27474078496293741
-0.19945573461090674
-0.94060348234990743
0.60907460308712313
-0.60112121788023465
-0.51737936689478337
0.087113123532148395
-0.04537985016535101
-0.99516429442953946
0.043004969664011267
-0.29375435735410399
0.95491305893242173
0.56715267768184818
-0.81683534390619827
0.10544126869472162
0.64005529070322842
-0.40953231743579416
-0.65008653717676212
0.81417575698231848
-0.24679675482406005
0.52555608506664775
-0.13080129299834503
0.57177623159317814
0.809915404678208
0.15608306263766941
-0.83020110088069887
-0.53516745944995636
-0.23956914148236455
0.94536996739106505
-0.2210933088187414
0.38956628322137221
0.80384093452157834
-0.44953071415039164
-0.67298570721996387
-0.70673813288452014
-0.21820047984490615
7.2680248672444536e-05
-0.54503245368693654
-0.8384149444908402
0.83744780690629095
0.54381007845706308
-0.054330187523756214
0.9451993339288921
-0.32602904822649698
0.01741490318385347
0.7170022782523473
0.26527052895689979
-0.64462336247445318
-0.89606612759160509
0.25221315568314323
0.36531359006110881
-0.2846062667742148
-0.71202860865705619
0.64188358240941257
0.53729298005028547
0.40783998304727803
-0.73822950484024918
0.77803207063000523
0.43373434704494462
0.45446739516128343
0.3366658694623228
-0.87829038767991485
-0.33950270580400882
0.90355380697037202
0.32267654000909879
0.28190489253843121
-0.074558714541142906
0.91174547905843784
-0.403932147151563
0.24009797507276634
-0.96555895837271466
-0.100244003671819
0.66935481688728726
-0.72983831100660324
-0.13892504776610581
-0.79961916292748114
-0.22151833891198619
0.55815662658865639
-0.24666188523252297
-0.54221900022601788
0.80321632837451418
0.099538848922123807
-0.83333993047109711
0.54372472615992506
0.46665221531040885
-0.87648201283151017
-0.11838492779366913
-0.19347354214335002
0.8624187434017061
0.46776265297683567
0.071981226025695469
0.66537654180493189
-0.74302944808099447
-0.69754221029465224
0.073805966175182092
-0.71273244925020696
0.054174680256699137
0.87372996483749599
0.48338499414457681
0.66892202554593738
-0.18915376558502367
0.71886311402416969
-0.21102562242695733
0.34986551689376222
0.91272246973983051
0.4764022412148371
-0.34430115899352876
0.80901026970069623
0.38330530480564767
0.58197589264861482
0.7172036695972055
-0.016876734015902346
-0.94235582335135826
0.33418659165912129
-0.54063091179215694
0.81788046702340345
0.19695115860629114
0.19250003443918676
-0.66495968596405897
0.72164558668607692
0.79899928126959197
-0.38497162257730649
-0.46194912960289425
0.90667858574552307
-0.344145015624791
-0.24392242695396152
0.47403555731859293
-0.81211100623276322
0.34024403588198249
0.074647536100094669
-0.048923906034902605
0.99600913488404974
0.42864884649757823
0.19089765060460429
0.88307318688200365
-0.92776106154194371
-0.37008856583025945
-0.047894322505570366
-0.71544492839296014
0.51861887273246654
-0.46815918156381131
0.28122090798694277
-0.23597538777279262
0.93017762673399085
0.91455756046247971
-0.27858380941530192
0.29321584154437585
0.98361876483405819
-0.1209928497421805
-0.13362206321408149
0.78952700961455768
-0.0028617929809227143
0.61370914220828454
-0.64381838138303349
-0.7646471273577089
0.028507234466613251
-0.15714455631319652
-0.10126932366772851
0.98236964148176398
0.28799765651638476
0.95180386008122642
-0.10548346683508017
-0.51537250252497158
0.035134256195043706
-0.85624574024211619
0.47541247846366708
0.71215634633098301
0.51654265429056123
-0.96995343711929893
0.033514013590413505
0.24097124457810282
0.20094428356412156
-0.66629152476302278
-0.71810653731314
-0.83563893036019354
0.47554350722083127
0.27489261686444572
0.7469245450812142
-0.66032818418005501
0.077912856016786547
-0.81400867768799945
-0.52118921188552858
-0.25642090020662556
