0.57228410439207511
0.77165163463095299
-0.27756919611430014
0.64601771512182571
0.730800964249809
0.22043380503072782
0.41688796139291939
-0.10192868874885844
-0.90322476164883458
0.23697553194410759
0.81253217339732475
0.53257306020303641
-0.1473727250875364
-0.81458926136267407
-0.56100411332973876
0.67522109918010143
0.24543156742907915
-0.69558594934869189
0.0098928232581283367
0.95595168640204586
-0.29335729974396058
0.12314822681348855
-0.87319270235751456
0.47156019635066176
-0.98710213281743342
0.031390163977060521
-0.15698419344878975
0.1023264654220674
-0.73582695720575475
0.66939374326590972
-0.71354619977748723
0.24447050611968041
0.6565713917166156
-0.11289946897931548
-0.83187859136856102
0.54335229743403812
-0.38070792548862425
0.74231398324043085
0.55139044764655964
0.5628146777410421
0.49452875692749665
-0.6623299382415021
0.84479070317922378
-0.35063197984826561
0.40421019597436941
0.53955909118226497
-0.75096707222119718
0.3806894319022941
-0.9709502703278996
-0.20578770584484105
-0.12209419590339271
-0.1253613958922638
-0.98088450977014807
-0.14882909296545371
-0.28412475256881625
0.47497783616053957
0.83286804485101995
-0.68922463036985304
0.19806634222587544
-0.69694987837634481
0.44151979286693838
0.89052606569355142
-0.10965217201268893
-0.84261963189920053
-0.51152703544598555
0.1683218581940483
0.80161500526916252
-0.21482226142192495
-0.557911085500988
-0.27154020807709212
0.73971175663576061
-0.61570482578284769
0.33800916823645455
-0.76928806126254512
0.54216757648075453
0.89509190591089893
-0.44569517014538212
0.012895552794409302
-0.24665968956436291
-0.25863845921003753
-0.9339513611326179
-0.21548764457167938
0.97615495205508995
0.026202759688144551
-0.35529319918381175
-0.5570745503395349
0.7506228666765602
-0.68803010535220688
-0.22918650395506104
0.68854057290321535
-0.99587341501452575
-0.03858387459476096
0.082142716588643763
-0.83522412517365929
0.3243678146082824
0.44405650718590156
0.90980238419917436
-0.24819434053759545
-0.33265476252506293
0.51814236393504476
0.032251725978507902
0.85468609259026251
-0.60668653005509099
-0.65727262548956378
-0.44712878461553895
0.90794540306585669
-0.021965189370294777
-0.41851245561811667
-0.48531658158288848
-0.18770107988852908
-0.8539532307154647
0.50393606628903731
-0.79464072568558142
-0.33851817997712275
-0.40622807640640929
-0.42046302048572065
-0.81128885012871543
0.19994642306904772
0.64323273005043935
0.7391028906003223
-0.46448005507618745
0.56333930386412012
0.68330601282171544
-0.40092346057538236
0.55966505713141457
-0.72528298104005617
-0.13487209241192502
-0.67007829408226283
0.72993465357402598
-0.041445436446850524
-0.67785891946626897
-0.73402286142718498
0.2722488772806812
-0.4155385570088751
0.86787571486843118
0.76565955624022497
-0.64253690810275743
-0.030195457667841669
0.9091441978164716
0.40723410310796465
-0.087276645458542079
0.10623679021052373
-0.82216327054619232
-0.55925066023255976
-0.69931357289448326
0.58129105374849654
-0.4160062951416898
-0.67046373955099492
0.46895154652986398
0.57494592872247097
-0.89635590005777988
0.39129849992947746
0.20840245772194727
-0.43201774616375788
0.89567833357651594
0.10545610347998875
0.039873107013616724
0.90856746812128131
0.41583084446534868
-0.80812523445978746
-0.21887393782848455
-0.5468343485634074
0.11125126686772431
0.59137389960532627
-0.79868646319185599
0.86500994730044589
0.072491250013955108
0.49649049310404131
-0.94879207906042151
0.26677423993614618
-0.16918952573576937
-0.43205468976288175
0.89114194120162338
-0.13854524779039673
0.47121025961748997
0.32041122833437585
-0.82176489094416438
0.41743476314403916
0.6692251245382318
0.61472428877153384
0.10252277440436151
0.18291207763673392
-0.97776901801143479
0.47396955995891565
0.69299384734996838
-0.54324247235230116
0.37596151183409632
0.47693777594593934
0.79447045224801272
0.80989846216184957
-0.16461041765685733
0.56299901544026365
0.35103118131122774
-0.88170607619907171
0.31523246174986624
0.21770739420870963
-0.1976150125247032
0.95579903605920991
0.96561742868852596
-0.24306866127317373
-0.092198738168298794
0.69283720615675537
-0.39854258331085313
0.60094959443601703
0.74016009626558021
0.4553328425875261
0.49480807830641815
-0.71651518426815786
0.0077315174833202382
0.69752864769167211
-0.13481253646837027
0.87345982700953062
-0.46786056748933791
-0.0060583164475445251
-0.27480744356221309
-0.961480195201452
-0.37056876239662562
0.84297981345556228
-0.38995362088620056
-0.76186504566466662
0.62693010190692355
-0.16285054349725017
0.87596164487214456
0.29179622645398073
0.38411737651413796
0.23380901100525664
0.94912163635647351
-0.21095370528330104
-0.72108432622202157
-0.58384628473467359
0.37304277271976655
-0.30997038831833285
-0.87410297718708796
0.37398174238651155
0.9446284390901406
0.20560919899757293
-0.25573808740526094
-0.62518028755821542
0.78006798182232417
-0.025368322456819366
-0.84791127883194795
0.43469626555527818
-0.30345612523372445
-0.52689341115905042
-0.13567966886301761
0.83903179959665519
-0.56606738800881362
-0.82386718696736394
-0.028470519337760632
-0.89004233554805079
0.45474368603701892
-0.032137531666822663
-0.0044644080714745758
0.7616281649902259
-0.64799892542672666
0.82041956910508174
-0.52629375620197416
0.22344263875153486
-0.54132787353631839
0.1167479908250386
0.83266682410851722
-0.029052439610884519
0.57059348216781658
0.82071860820884357
0.036664151407332708
-0.047939367571536926
0.99817711706811896
0.70190602682384762
-0.57265234079871119
0.42355309712728684
0.60849569735914988
0.65137406911550688
0.4532601994211588
0.013856635468066019
0.76777977203280701
0.64056398221470112
0.4891724569386241
-0.86461351422556487
0.11468992279685711
0.067378754269460328
-0.55200664418017209
0.83111296961005288
0.76212423369539994
0.61891388844379047
-0.19003223701673977
0.98315397423613904
-0.021462068879301254
-0.18151485488274899
-0.21617627903130027
0.95147109953610753
-0.2190218325458258
-0.58453516352679258
0.75939231329601831
-0.28573056733158225
-0.95113090284318225
-0.28334604189640489
0.12273966839760375
-0.14116925503253414
0.11020181475595203
0.98383271009763351
0.44138107958262857
-0.20111581139421875
0.87449137959943224
-0.21009901957726801
0.67603031181929396
0.70628706591171475
0.10381623129973787
0.19646205293203381
0.97499992403920233
-0.97656435678575326
0.20659451196716058
0.060338749412618818
-0.88819868986762174
-0.3208759248819556
-0.32884909631712522
-0.89811109566450831
-0.43293056146902625
-0.077250170164278945
-0.31190550632501507
-0.028964701701831116
-0.94967152278009248
-0.17085691343199377
-0.48164763486819989
-0.85954841106150714
-0.68676601639630863
-0.091188300328175292
-0.72113600146324941
0.14162658456069882
0.87039260049813427
-0.47154918252899813
0.23611807620864725
-0.27547800736338035
-0.93185842355297122
0.46570647145996846
-0.56733486252593468
-0.67915288131832618
-0.92653670122613185
-0.083039477357375227
-0.36692531458215238
0.6395023198880404
-0.19995167790086402
0.74233153601503676
0.38641506080333554
-0.90953852351973596
-0.15304598987851084
-0.58759938165442616
0.66898834415910458
0.45517201370316618
0.99492996335087847
-0.062863366950317759
0.078502007122680489
0.024354608554136889
0.98320423705685078
0.18087642542805538
-0.52046167450405389
-0.55797349803326102
-0.64636307201522791
0.34346865807824556
0.13812452904139166
-0.92895150325246967
0.74173122844535333
0.40810665696161103
-0.53224406177294759
-0.26058460325809962
0.41527019853810365
-0.87157691958366046
-0.17580512021003389
0.85025783977805103
0.49613926029281108
-0.46486187290778497
-0.83554480242602314
-0.29286229230736505
-0.013788523029567406
0.4097679053569987
-0.91208559925699995
-0.52205915633904354
0.35326188060480179
0.77631197401181762
0.066157813147967218
-0.49288009671700356
-0.86757844257433925
0.70997970430623214
0.030454923877533492
0.70356329998433609
-0.76340824310067734
0.54840786407770847
0.34125748194532352
-0.28955029848057906
-0.64117446645105336
-0.71067287004712298
-0.34523832025551032
-0.015167494221304317
0.93839248150558008
-0.85855639241379644
0.081168755911312632
0.50625344849118503
-0.51330477665958685
0.34102960514396996
-0.78753857980025299
0.98474080968859634
0.17380057914221397
-0.0088823658829495344
-0.45073917440774175
-0.87540691965819595
0.17463367850668496
-0.1413150563295954
0.60592015371558272
-0.7828734394369552
-0.86801879093798984
-0.35078157430581075
0.3514195010327219
0.49725676884254283
-0.42087027352442835
0.75868565210088601
0.29998758571130618
-0.47921822871300235
-0.82483776446539736
0.17277704587454368
-0.050726242070149183
-0.98365387244919977
0.526392255090668
-0.60601677770983342
0.59636805658481706
-0.62263594809855582
0.47416557122025021
-0.62248814222022442
0.00098414240013525644
-0.92975154550639327
-0.36818622338730939
-0.16925360653755042
-0.45598208036854648
0.87374685067060731
0.74120462604084236
0.25303518645609413
0.62176273348503674
0.15349008560099106
0.4262673325382475
0.89148020439767905
-0.94521160703887164
-0.10220326903192187
0.31004759266632331
0.84673093346743489
0.42612652503973114
-0.31853243314759921
-0.41125569974878406
0.84631082412333514
0.33856570764892802
-0.94588665649029335
0.14563019079527273
0.289983241933989
0.0034886130779776198
-0.99864042243479667
0.052010924410578876
-0.24497857535914766
-0.90385691811945512
-0.35075371585002901
-0.35713307480307044
-0.30371339104081457
0.88329731290443414
-0.16917809891371829
-0.17835440594524765
0.96931340480149042
0.35270105151818687
0.54843444824428544
-0.75816991778687148
0.46139507562076731
0.87594938788164867
0.14080928258701986
-0.77916870142810135
0.61829790874151291
0.10297490354799067
0.014524756633944466
0.99822669588047308
-0.057727766943459165
-0.36485688385240661
0.2009935174279692
-0.90911003748580632
0.64263962308647438
-0.15478087195260767
-0.7503713723996035
0.91986609242616724
0.36202316556563413
0.15094899667918096
-0.54328828390918515
0.05957336235747978
-0.83742991053845039
-0.65944038508136993
-0.71842719899823737
-0.22136110377227847
-0.62734390292897357
-0.33506826955867536
-0.70297146612988326
0.20828900368688111
-0.67013014659575687
-0.71241931302195594
-0.73166480456329086
-0.45165015899165956
-0.51056708437400267
0.66912976828191129
0.60958802967269965
-0.4250503349942823
-0.55413545729614144
-0.5967102758532733
0.58040566990537457
0.70574060891062196
-0.65262174112071891
-0.27570828052676594
0.59486707623728918
-0.79845414822329519
-0.092758475590703562
0.3692302557782684
0.84490108875749281
-0.38705447734694637
0.60486503899498267
-0.62315166757220086
-0.49580266619249175
0.94171910588468688
-0.28256334635367669
0.18254610625581161
0.67100126742408961
-0.71928721231979398
0.1799533420319975
0.44327633634414609
0.80954478651092932
0.38489391820381541
0.57450833071847607
0.47816821015321503
0.66430064032329572
-0.5353223706163579
-0.40293249796875513
0.74234450331254009
-0.3441123662046332
-0.73806812596085114
0.58038101352963434
0.3105288128814665
-0.60980643615353303
0.729183081808783
-0.84045710761566239
-0.16486874000250704
0.51618809442711899
-0.79636861917783774
-0.53438428042081243
-0.28324982476237215
0.13570716389498216
-0.97714866103872189
-0.16359724905331846
0.13725659786647185
-0.95933109857344001
0.2466667177630544
-0.9078953201720561
0.16862821157268537
-0.38378459306162516
-0.72689705069347532
-0.41761246707066713
0.54517933291741538
0.48143668973832243
-0.32296719984688188
-0.81480727880700154
0.5674212490321785
0.071859006090885455
-0.8202861753012739
0.24579263260666923
0.96838812185234358
0.042549115285434612
0.29389188821330592
0.029377858458789839
0.95538709404868605
0.25891302221442136
-0.89249008624218817
-0.36935821757097276
0.85140512750967001
0.20134232607389427
-0.48432486677992898
-0.3353405835854632
0.24513345545922338
0.90964624003795125
0.77535284444147479
-0.44591659279381846
-0.44719834401266051
-0.66494579439242563
-0.72456756375665465
0.18124275453538075
0.64870901140345916
-0.39804350601796129
-0.6486431883870174
0.79514181566616093
0.53838133525532894
0.27909681264358766
-0.23169307366659742
-0.96588609906604161
0.11568216477015662
0.27281484263249761
-0.96075571272833704
0.050204801555931093
0.76944559532731249
0.022346205910130281
-0.63832133202080887
-0.38984697878702007
-0.75914472473370431
-0.52126636189151987
-0.092964970140511596
0.35161035239118726
0.93151901452311692
0.2517529564892319
0.9239481123554163
0.28799363634253061
0.56058258151504126
0.26207354919807241
0.78553461038496419
-0.089910925253269339
-0.94444279163467104
0.31613895496982075
-0.61695192293271139
0.7540050736086028
0.2254920702865516
-0.50277129988420477
0.68471970675576654
-0.52761723170594432
0.34766594773705345
0.25631878186637291
0.90190302740740091
0.02064704875542079
-0.32971727896924125
0.94385391630633753
0.9328323725434251
-0.10631099774814681
0.34426985998312115
-0.13529394303708317
0.19408670115421722
-0.97160995333135214
-0.82191279670458106
0.041970483813258075
-0.56806499020951362
-0.35559905310304291
-0.93018465906295933
-0.091136235801931517
-0.78783743393704209
0.33000569471787444
-0.52000809526513136
-0.070961938889707157
-0.042520750823744534
-0.9965723199940878
0.36977117992562292
-0.75412694423891613
-0.54273550323273245
0.9633887382901869
0.11790017053290809
0.24079387185714085
-0.76979898764396615
-0.63781673357027913
-0.024481278562696586
0.80539272444302545
0.59076710926667431
0.048340273302270163
-0.19892578743351327
0.94291909055199763
0.26708073641981422
0.25233063903510938
0.73278218659743866
-0.63194898180914083
-0.52818655126161163
-0.75358274967203898
0.39132084849020476
0.63952939416627663
0.76838267623496503
-0.024294379171078167
0.85688718738869485
-0.46524848966880566
-0.22200943887588967
0.23581052843175712
0.37721729373467167
-0.89560064090431835
