-0.94945834043108879
-0.16955434295807995
0.26415939235601027
0.31823579271477781
-0.37203083050708768
-0.87196275229358489
0.61356897395237275
0.17082197758530196
0.77094290720965775
-0.42241279861107373
-0.77535070235966419
0.46946641617898072
0.70273093993737101
-0.42043285712657857
0.57393853216448265
0.24987034560093369
0.3712084146924895
0.89429811766030165
0.236766240826775
0.96934192839517641
-0.065711285635559571
-0.84490982456275476
0.45197133058457561
0.28609317483460395
-0.61219205889381034
0.74797405099489644
-0.25642874656645187
-0.31029684080622283
-0.56854382738180698
-0.76188830344855907
0.94911219141725967
-0.23099468657124669
-0.21407359220365943
-0.19807663355779309
0.96787493613294395
0.15486689524899
0.42808182926121208
-0.27181691861773255
0.8618941409532469
0.23587582562081708
-0.92407934386623602
0.30073237459150332
0.5185576652296412
-0.46331205630582889
0.71863752080812449
0.25133705112848514
0.95214630456733262
0.1739169383033452
0.90426789444681333
0.0051023633555309462
0.42693505473422427
0.014502277614356575
-0.91137495864947582
0.41132149067446305
0.40799284287342252
-0.90994911429020309
-0.074393881243940072
0.90062393757699444
0.42146685852843924
-0.10602928946983854
-0.21610693542536491
-0.91588940476819847
0.33829630606084449
-0.46853804966567392
-0.45227212794014648
0.75889526174827215
-0.66390806680895564
-0.68420511815069995
-0.30181026344771972
0.21479756997154151
-0.97501839834118187
0.05657850148702253
0.43370549735029174
-0.88506135298591526
0.16901462368350673
-0.58819342754151971
0.77259205754164539
0.23901883695752124
0.48501332732806413
0.64504253063160699
-0.59049318877573198
-0.89064824227555994
-0.39385338791485736
0.22721183366947306
-0.89659735596623069
-0.44252778993963637
-0.01680286896649456
0.18663167782644799
0.83342945521476419
-0.52015762996625003
0.89576860523262913
-0.43934740430289593
-0.06761999860912396
-0.59997007144502557
-0.79324600918871291
-0.10390708482308263
0.94452442151774774
-0.17436135930634741
0.27833744544600342
-0.83592559874713113
-0.32392561973738632
-0.44305821991810573
-0.62067885849493298
-0.7734087270480885
0.12882816284990722
-0.89439359959926523
0.39620630743686913
-0.20755878912517858
-0.9741821845049583
0.21110276592688326
-0.080029329693350845
-0.42272206613679802
0.90305618704202084
0.07612869266027919
0.93695219071296676
-0.023509410720441958
-0.34866588580724384
-0.22551506197919352
0.92234787731397683
-0.31371539655382158
-0.91169532609789672
-0.097564524809229183
-0.39911501584129727
-0.93435831949564419
-0.28326012244039955
-0.21619027227034412
-0.34101476788108681
-0.27988890400523775
0.89742472079932989
0.386399901430304
0.74068891490136113
0.54961354378953897
-0.63263448321508631
0.30780948396574276
0.71065246937439408
0.266492911702435
-0.12956476259846961
-0.95508873949238882
-0.18318679614159469
-0.11077269194244765
0.97681728508416643
0.90062754831070013
0.40847223057437138
0.14839291112939026
-0.44028188296910825
-0.85910167254685055
-0.26095244730866313
0.69777436728967412
-0.23332606254426219
-0.67725171161916309
-0.42031377897391853
-0.90737509444047182
0.0026009986175412796
-0.23726052346857798
-0.95839689059342736
-0.15869103347154215
-0.34556268519142541
0.62833083731984918
0.69698406687400605
0.0078119395108534823
0.84855264609280623
0.52905328692861919
0.7344641075297581
-0.0057918153707771378
0.67862281837941962
0.23954090057991767
-0.81631987976797227
0.52558730087870786
-0.49241930129753864
-0.73762476006754107
-0.4619880356080085
-0.82716004103496898
-0.49746375492932415
-0.26141170411181996
0.43088848703147853
0.04598975893389786
-0.90123251928507619
0.56904489665278701
0.23091262907666193
-0.78921940126071588
-0.61734944233079125
0.78663541863537256
-0.0091860874268161249
0.9757502257537668
0.21806248711048898
0.018980217508267228
0.43206070281453335
0.85085836227242295
0.29893744568805986
-0.74796540381109
0.40821341539588513
0.5233636997275789
-0.78174518446030217
-0.59727980949122106
0.17925204530843877
0.81475365922762366
0.18097816765621444
0.55083879457332741
-0.68518510479799932
-0.35369178242161103
-0.63672874539349844
0.53555035773161241
-0.40266471695056327
-0.74232535997139748
0.044673553567624417
0.95758131765865839
0.28467928214527299
0.39386372557995891
-0.65924367320663657
0.64052255620648979
-0.063797937469740884
-0.83272782628159925
-0.54999471862094262
0.31775612791289365
0.57074191678187614
0.75715566933224177
0.17745112480698752
0.14572006348678054
0.97328143997619909
-0.084196746590874894
0.70604479034039558
0.70314412597752596
0.95119872574015418
0.20953756756742584
-0.22652812613058321
0.94225485605835657
0.18773192067477851
0.27733105162279281
-0.21760275278351232
0.01897676619263201
-0.97585292146199365
-0.49035297323168392
0.72233646119718897
0.48763100646694851
-0.2063276644445361
-0.80657667278173639
0.55395213313896219
-0.37772512784599266
0.66679641874251272
-0.64242218497331482
-0.28922793790709356
0.096142164070932054
0.95242001460582937
-0.21755571918215796
-0.97066886668394559
0.10233015343308562
-0.95088443118066757
0.26569263170748958
0.15882765500556367
-0.63783280831915223
0.034278249653140198
0.76941166499632729
-0.28649728669444935
0.24671682202977763
-0.92577001163585193
-0.89181592568828283
0.45151402091911019
0.028274433720390495
-0.38463905390533643
-0.15495379958721353
-0.90996819625978875
0.16932827728136682
0.73252789318361478
0.65934120167095522
-0.23438558845505769
0.31960081198796725
0.9181060488316195
-0.5651428767546206
-0.59355453277159409
0.57298040584282317
0.019195584404137569
0.99882321832307985
0.044538837862125903
0.84601561186053786
-0.43861619084521059
-0.30310628765612502
0.58194821866771373
-0.7882339372873971
-0.2000588185956384
-0.69684377473360004
-0.53441283229241943
-0.47834263692067219
-0.22795206211426591
-0.47827442264286552
0.8481105081435365
-0.47919208930950985
0.19908500239838101
0.85483337754396516
0.13320064695920608
0.36184142482761178
-0.92267457477074377
0.8456322446022152
0.3605903897289488
0.39354882508291678
-0.84650889255218653
0.31387873369480163
-0.43000329692249883
-0.76141717359125471
0.5618398653513661
-0.32338808491078302
0.22777139732556961
0.87372693829484793
0.42979230781654143
-0.16630886857474814
0.62815503594759781
-0.76010697342351696
0.87146864180160855
0.18705245148864122
-0.45338039960782317
-0.44960603421210349
-0.063952370907601377
0.89093462625232012
-0.57326036722144613
-0.23522546704466063
0.78488313208193872
0.82006666669459127
-0.049686661380773475
-0.57010691791738022
0.34932453696497923
-0.58197264486760836
-0.73435700343906518
-0.87489951562002399
-0.035913965632477333
0.48297103913215811
0.30146829508742046
-0.47940294157673369
0.82419032187029417
0.12886933219204788
-0.7297375549402968
-0.67147285584015448
-0.46097281138014845
0.062909330668978844
-0.88518161033940534
-0.38805478951549244
0.8649365928766567
0.31827373538670722
0.67586897060436413
0.56950466088233709
-0.46783071276637184
-0.16659980406014893
0.52552695714113073
0.83430565298642434
-0.68144869319665557
-0.38616321067928011
0.62169578835507677
0.68011649644879646
0.35365972585835198
0.64215757378077343
-0.99796567337233999
0.015928215403233806
0.061731731909612834
0.43522595458113117
0.87905684804851336
-0.19451844734614757
0.58942867813441169
-0.62676084307793667
0.50965152700345595
0.63409787599481104
-0.022208191856888871
-0.77293381338463718
0.40398829268652797
0.16127756860844489
0.90043489783324859
-0.43431594257615924
0.88477582380457176
-0.16894201264079842
-0.77983321769824865
-0.13193063807559141
-0.61192684146992882
0.77086159488577144
0.58151198095635859
0.26003118569582473
0.36423568659034949
0.28676356565758482
-0.8860581369331274
-0.61967950159701879
-0.69999927446045251
0.35496243611868328
0.096557076088438692
-0.30344664633818796
-0.94794349192520866
0.70039207558230387
-0.60891169248028498
-0.37239426851430846
-0.53298270847429952
0.48812059763667509
-0.69113509144755125
0.082119627239748083
0.55938584737441333
0.82482958274980323
-0.97410771265651985
-0.22441044983955336
0.02746113883093931
0.59428789795642722
0.73614557366772004
-0.32390058461193649
0.63568076451555888
0.7675725835800199
-0.08211147642813349
0.85769891234981532
-0.24728729960238791
-0.45077884512175409
-0.16505428423451265
0.91007661114015759
0.38015476468338394
0.58144573077731587
0.70555483869076285
0.40510891345523958
-0.20638132235992832
0.80601671116603246
-0.55474661882886678
0.61715444682755538
-0.78619955258801366
0.031790757640885486
-0.57104803385996872
0.66118406783869454
-0.48655911404570445
0.18583447812966056
-0.29382396982508557
0.93762093699666482
0.72477840323995046
0.37431759409340398
-0.57843115834909298
0.97531841224447002
-0.21896161271077477
0.028457106248227549
0.53379784396472807
-0.049704433263088779
0.84415006432067685
-0.70455415873526339
0.470600756606462
-0.53116698437522525
-0.29569956638497513
-0.74224407832027273
-0.60136136776336635
-0.42080882896871563
0.42796808691565619
0.79985201509012394
0.63175825619816062
0.75762182622328389
0.16398376186548308
0.99394770963974044
-0.0049520936136557749
-0.10974254995559232
0.61980422791345102
-0.73783129220321131
0.26729703198193233
-0.98480187606823111
-0.050853330397194287
-0.16606987589567834
-0.83506451884870125
0.093048343254768726
-0.54222620296102408
0.51559131215083276
-0.74603539764241966
-0.42142233483656188
0.81455990112915977
-0.17912709086783674
0.55172969177821074
-0.070024697775825429
-0.31140115209125585
0.94769502698792452
-0.5134226645309502
0.27842450859447498
-0.8117123631926918
0.76171102920408873
-0.63338089398060404
-0.13647326159060921
0.76907836659611484
0.59846855781630892
-0.22439663843096963
0.84217031920366947
0.40710841771629119
-0.3535702047358163
0.20184803616762304
0.12223716817490628
-0.97175894388055606
0.7824336320049885
-0.61420274319107593
0.1027258573292982
0.0082978329428107303
-0.98226276478424313
0.18732593757103613
0.13595667308547504
-0.53986719379243331
-0.83069801739874916
-0.49847098521089267
-0.37972112868050822
-0.77931928074216339
-0.25547142702509595
-0.87779402013946894
-0.40523080852910354
-0.77631373922323388
0.62285291943772758
-0.096908302230204774
-0.76003976580554533
0.63270442588814713
0.14840708829365973
0.52532466821819068
0.56478518308944425
0.63643671321198214
0.065376253837878873
-0.090214307289445211
0.99377428231687048
-0.078559485800935386
-0.46605032833194582
-0.8812635806910315
0.17091380266028203
-0.65755846511640759
0.73376108987459698
0.0084799761128188308
0.75326018072675649
-0.65766799385147234
0.40219983824292949
0.80459085955243581
-0.43688538410209349
0.6408311521100486
-0.23867223499078558
0.729637580398523
-0.10634979909231622
-0.65109043625330243
0.7515124510295943
-0.77815409772537092
0.14303174651569694
0.61157020830145359
-0.040233664259528255
-0.94925425685491849
-0.31192564515132171
-0.84243025369585978
-0.28385802294648937
0.45796931170858984
0.84818478377382212
-0.34916372632721765
0.39833059735833309
-0.75515440149777635
-0.50738479709313311
0.41509336007372544
-0.56683665904984359
0.53760817654077553
0.62423845642007147
-0.21890506494229786
0.97256915764296381
-0.078675321062351103
-0.34542073564709902
-0.64548231495705144
0.68120268383404281
-0.51781205847148204
-0.57508785376243088
-0.63335979707939083
-0.68610416004061803
0.60934825910895674
0.39743651152837201
0.70403641210056689
0.52142844176491099
0.48212561698708523
0.00096600911079742656
0.98081195931215293
-0.19495375681595253
0.47515447387380177
0.37801307568318077
0.79456550426648442
0.35437946101143653
-0.88069595067163031
-0.31430851099490925
-0.26261361033656594
0.79020152251579701
0.55372885555993079
-0.089707137822587629
-0.6668754861827243
-0.73974976536139181
0.89665857343263133
-0.40878758810553589
0.16998855991100531
-0.33376650546548559
0.46428854832883321
-0.82038775205390702
-0.41057818373432753
0.81282484753289308
-0.41320856994325489
0.33073032131851149
-0.75832514234638471
-0.56174765958203121
0.078213609927327871
0.57516555909937006
-0.81428939011143009
-0.12936565031784489
-0.21209906278525104
-0.96864777710138761
-0.056519491424323116
0.12511017066373448
0.99053167152071775
0.99051090964302846
0.0054959361852225923
0.13732418783152608
0.4405046402614578
-0.79881980585799472
0.40968595250157086
-0.94112601681846975
0.13725262378450767
-0.30893937549569428
-0.2888806026418444
-0.36668068507251628
-0.88436037485407204
0.010758304436974522
0.35366730536026941
0.93530941190861938
-0.87632750295201789
0.24296512986794988
0.41595438841071436
-0.95569078944406471
0.065240101751708898
0.28705198848850877
-0.59607164012218905
-0.15864119971599844
-0.78710327759113818
0.74185691976285195
0.15520872794580601
-0.65234849687066665
0.54801242881385859
-0.58844273881056275
-0.59448929427421926
0.26549798596452717
0.68456459326245145
-0.67888300693138137
-0.43063562680668116
-0.86851824123860488
0.24541601732694113
0.79421790414751847
0.60726858215328949
0.021042572586461659
-0.042917591696862413
0.19378413632046623
-0.98010498867900508
0.32301448284839729
0.50066276192406967
-0.80311795067271707
0.75535896435154559
-0.55821609270388006
0.34326029310156692
0.15012304823291528
-0.88155485082067753
-0.44757582082122227
0.30759357831174838
-0.069922897442336929
0.94894519282972434
-0.66690815259857694
0.059505076821723665
-0.74276016440705395
0.046919059578722333
-0.49673494431315018
0.86663313861544666
0.035162705552719019
-0.046222510149859286
-0.99831210735604059
-0.74796153171622104
-0.14171575669796888
0.64843672889206905
0.45610386589668345
0.88859633796110793
0.048639610156832415
-0.76996786429776798
-0.63508921884569225
-0.061734690852892057
-0.70398897953872086
0.27187480941968106
-0.6561124939299986
0.17487535584814115
-0.96601349755564692
-0.19035895686122012
-0.020948135422687943
-0.99818494623830623
-0.056462277013439144
0.020302030146468315
-0.79081136918055084
0.611723144851259
0.72295028420624763
-0.42881613901704829
-0.54171912047168636
-0.019316698998592795
0.90266370587873712
-0.4299128972583427
0.53916875373319384
0.4526196429477698
-0.71023412605677272
0.21514017760006834
0.92907845545518908
-0.30087859277657386
0.4864056447439688
-0.19441687484130799
-0.85182840263643678
-0.10459007794104064
0.42320233765730275
-0.89997816473383463
