-0.35578730940348424
-0.87277611623827556
-0.3341814498015438
0.070707299373387461
-0.89760837043251651
-0.43508584342035822
0.67624361364501284
0.20527644771800826
0.70749993287392632
-0.59018887908216322
0.31726259859306899
-0.74230824496412073
0.56470033189281565
0.2196414626615735
-0.79553200001007407
-0.54510677426730059
0.4350481056882094
0.71665315905603788
-0.71930309483598232
0.28302781211853512
0.6344275493125856
-0.50999965945816783
0.79815967156135792
-0.32068908002240754
0.95294405895696099
-0.29883802901313389
0.050925955211241575
-0.15270170927275345
-0.90261249553294109
0.40245853313475149
0.13020705649110648
0.9738561750807363
-0.18614583717354585
-0.76552879075458813
0.29421985105319531
-0.57218908568064597
0.065002571066470533
-0.40211626339821427
0.91327825796161732
0.35298956037735491
0.2032977169017206
-0.9132734577152396
-0.23600352753562842
-0.9593096666448504
0.1550074142500481
-0.39928019075300902
0.89672951133896217
0.1909227926833961
-0.0067849590827908013
0.46413189987223974
-0.88574011078376158
0.75728214518003178
-0.39046398562277351
-0.52350895744304871
-0.90391515216452056
0.42465835395936513
0.051016468908718415
-0.19213815025393799
-0.15494183376853127
-0.96905931674249957
-0.33922746764636236
0.56641327080269943
0.75106639643431261
0.6636475573283086
0.0052955581422452873
-0.74802665508398258
-0.92422661847402232
-0.072052868222257149
-0.37498472220214513
-0.82427700693742334
0.36125317383335459
0.43596279684121098
-0.080815326074576574
-0.78520542135168325
0.61393919027163046
-0.045439003177562401
0.033764819277887964
-0.99839633110772241
0.054330838513597185
-0.16670384481718961
0.98450900864825797
-0.94598537241289682
-0.20316522065241202
0.25265701711626742
0.83474604349681114
-0.45246524170810631
-0.31380606736078992
0.347057657424303
-0.92883117564084006
-0.12970593502538885
0.2621311994364301
0.17888626427990434
0.94830740729681051
0.30508773390703875
0.95224688362855314
-0.01213866710873001
0.59674314147971119
0.61112642557548025
-0.5200212640462526
-0.83594628948229777
-0.54877775500042403
-0.0060643810461718448
0.40808168053795452
0.62823779650162104
-0.66240970181308989
-0.075751675875947749
0.82338756008619873
-0.56240075524245325
-0.96210056036303926
-0.20477755801880357
-0.18007960317865371
0.56573980140152424
-0.824154538579705
0.026604015648720399
0.3586572065459277
0.78919294663079931
-0.49853736187057035
-0.751688485041903
-0.62927459811279751
0.19742821891863876
-0.19036589733034612
-0.71098149566651547
-0.67695357149025881
0.97808635760565421
-0.097464247314182101
0.18397770941389602
0.93562208145550052
0.10880018552745105
0.33581816556295557
0.54375137918339167
-0.81286991896583205
-0.20875088616971427
0.43940958923261253
0.81569948940326353
0.37623603745213208
0.56607951864731643
-0.6862693515835151
0.45671474209309726
-0.81258295412533921
0.51969441378449954
0.26386863956545153
0.7879656180111313
-0.35035553476573383
0.50632122619079734
-0.073553139521774752
-0.36297052988943596
-0.92889306709560082
0.084820410551067829
-0.8801057781564452
0.46713950508342372
0.47346350179125657
-0.17386842120865342
0.86348253287369459
-0.87623928003556384
-0.43560842126745408
-0.20603404438012882
0.23851709664124673
-0.54378606226432269
0.80461563065658415
-0.15029898052379503
0.27887555290871285
-0.94849282677486169
-0.57277482600457541
-0.72942943419517048
-0.37398088082834097
0.23054951367476481
-0.92837436698570652
0.29149263535845643
0.4598188672658437
-0.0088000146012358078
-0.88796912618028256
-0.91084334430782687
0.19879544078558348
-0.36172472247967713
-0.87867456906231345
-0.099047250983359439
0.46703387859532963
0.27115044183796938
-0.77871860551974181
-0.56575151021315251
0.87094189330353644
-0.48346822693329944
-0.08785608706756308
-0.38503297069172099
-0.15891191278597294
0.90911859262420303
0.38870727957341883
-0.42968746049355244
-0.81503088107214317
-0.86111517024091055
-0.30426737851291979
-0.40731072408401292
0.22158893683448239
0.39815552810223953
-0.89015196371978567
0.051763570291506439
0.54002985158166295
0.84005255323185768
-0.65710285951930669
-0.75358154312576264
0.018184880306039253
-0.45381178655533189
0.51979806664793204
-0.72378507327281205
0.015762431659417857
-0.58904322222766048
-0.80794778797632527
-0.39118871097504393
-0.7451344926799216
-0.54013514996185874
-0.58407216821369656
-0.052184789056071039
0.81002249975499119
-0.9446149623402792
-0.32712599385581498
0.026289866236217353
0.89142412139356586
0.37969331110516119
-0.24737830401979188
0.044172286751142771
0.077443193293671261
0.99601775129545456
0.75202976279412515
0.20211729371520362
-0.627375354515185
-0.16641726019019965
0.45134564881034306
0.87669401777972567
-0.25264960216115567
-0.64084652102738993
0.72490269348023595
0.64612076863887902
-0.5922717244251684
-0.48139604981755041
-0.96591787140973817
0.036527851921903436
0.25625842761800466
0.10894482188963593
-0.9730159789684556
-0.20339845244124613
0.84014946011077163
-0.0048339200245673926
-0.54233340104844663
-0.046149358615688141
0.6628800852798733
-0.7473019665695444
0.27662230122070935
-0.30396837218378286
0.9116377192609465
-0.62663878525933325
-0.14409248217821091
-0.76587282846986382
0.43161802260579474
0.43167106010978129
-0.79206437770269733
-0.17497308471470296
-0.026106494501637188
0.98422704218602797
-0.68442579067482778
0.63003238950239504
-0.36690669827224381
-0.49167818432006943
0.68530081563854361
-0.53722933198855261
-0.7380109457063635
-0.19600728267699835
0.6456941916690736
-0.99593143499976022
-0.081989400222985703
0.03739405073528667
-0.50400864383535693
0.86040184130007358
-0.075392031586152791
-0.14955970593158782
-0.48233936305838493
0.86312260612620284
-0.16622071678847211
-0.26191887317664825
0.95066775331037778
0.23997962805639314
-0.61663890659014053
-0.7497774583149529
0.64505768640998606
0.70581402446133379
0.29279198089615038
0.15474525722923022
0.76651315101727202
-0.62330690248274345
0.57979098230346349
0.6330799571743001
0.51288613225917024
-0.57258625085821357
0.18988698149094926
0.7975512018600377
-0.0030098208072823329
-0.97361684165824303
0.22816920611277869
0.88022098164774376
-0.21287077618178607
-0.42414273082872261
0.16357882897667503
-0.40978229136784183
-0.89739647892775964
-0.75088537288413459
0.043750291791601434
0.65898184250918757
-0.32327706745352913
-0.77376711200056114
0.54477187339744093
-0.36576097724238993
-0.40156275778053779
0.83962268852763933
0.030033704142585452
0.94617002126927419
0.32227359101666525
-0.82140076183711075
0.42761972213797389
-0.37741510527806921
0.26664517865829562
0.93437957287843032
0.23629465183496573
-0.33784365641585223
-0.33736383562234701
-0.87866222533675897
0.36634473260329881
0.72410607942134508
0.58434743315844728
0.73177498596952029
-0.1963927285872816
-0.65263716264655869
0.64596251554012707
-0.022763718126234702
0.76302964664168882
0.84067318536067215
-0.52078382698615333
0.14850185509008731
-0.5863217907555065
-0.57874762610404484
-0.56681385212800572
0.41168064314684932
-0.63863479733563444
0.65012663665648229
0.088380749148522217
0.22284566293573102
-0.97083914923672121
-0.081217078050378463
-0.99629785752304456
-0.028184487363616222
-0.98337188672402553
0.052359206052879005
-0.17389147748622535
0.73766526226447582
-0.67451933320544888
-0.029557232285155603
-0.64968651500887176
0.5025174131645187
-0.57042412438646695
0.34001131774566068
-0.80853113943082677
0.480280855724594
0.26946325852857739
-0.061859048482264554
0.96102185741221824
-0.71820470774663447
-0.55662138163597441
0.41755794241785221
0.36769337603718699
-0.92441066480435086
0.10132375839038855
-0.086254586934358154
0.93469875119688683
-0.34481645950239015
-0.67739204058298697
0.7221955983473175
-0.13990547195366229
-0.93614741116261957
0.31311519543807542
-0.15995905400852153
-0.72498549953468427
-0.66049199604639419
-0.19531090246858843
0.90795074180710889
0.33767528999538005
0.24819518322976539
0.30099906871141291
-0.88629991539428299
-0.35195457179435685
-0.37934692905716955
0.31431268940261764
-0.87023183158017636
0.93405033324390774
0.35705799085907747
0.0077179097315134039
0.67966168283112882
0.71345944249351156
-0.17039841785652127
0.48817214148824645
0.8606169241327708
0.14500506946665098
-0.46999818029452817
-0.55586758984263185
0.68564782000847613
0.68256510606786769
0.7280499359442687
0.063625205305026189
-0.142934617614809
0.97664226847267488
0.1604355774753719
0.14748577292133261
-0.9883160818853971
0.038461267172235289
-0.20936968997719108
-0.52558179288599571
-0.82457753541167811
-0.87188744825596309
-0.42953319689632041
0.23518824447181066
-0.11964290088753621
0.67227209020868206
0.73057225035835072
0.58986802010217843
-0.4253872807986685
-0.68636825407025548
-0.68844069396660557
0.085007032415448019
-0.72029383957569537
-0.28322619370991464
0.76382626138182275
0.57995893442558599
0.074031194263224007
-0.182413118163785
-0.98043094432893418
0.042757111325774637
-0.76710177506873067
-0.64009897368881774
0.26707113459628001
0.59675491532870861
0.75667468577750208
0.21792687023310162
0.010296013540781775
-0.97591079066458375
0.48287097207088492
-0.8284327611434652
0.28378651235661795
-0.65915073327449591
-0.43797581945615277
0.61130801761093045
-0.70969407391487227
-0.37488324484292218
-0.59648711150045286
0.50641242728119529
0.85670077610652751
-0.09803179950221115
0.61770317275910591
-0.50338107742341087
0.6041939103097449
0.82362411834998128
0.081730113486128061
0.56121609048722099
0.27559974199780102
0.39752375839289306
0.87522548164683489
0.71050876497446747
-0.65311397413046479
-0.26195310971616204
-0.58101438167923081
-0.76620516227897117
0.27450307389709966
0.13868367047634272
0.89650128430749254
-0.42077581534378333
0.54136962951752787
-0.22162832515249634
-0.81104858653853407
-0.92980576636589851
0.27717617670547057
0.24214583188579161
-0.43092230598438241
-0.12241550359560487
-0.89404720830867568
-0.49455150815149951
0.64757087633351973
0.57971610803022777
0.10711396329852189
0.74060366171141745
0.66334969294190793
-0.45817034723387323
0.79637663537764203
0.39479638744570378
-0.46024034720440643
-0.88366154909185501
0.085563365184819093
0.45384246568325715
-0.62088704840324649
-0.63916061320113116
-0.30840516565076559
0.91815682126718245
-0.24874546299473874
0.95386412715321633
-0.023654579806093288
-0.29930534205795584
-0.27638327016866487
0.69038080257277479
-0.66857059119426276
-0.16198344415963051
-0.85639831935193866
-0.49024818452428642
-0.30962647571145901
-0.94587578992511845
-0.097213350791105616
-0.76813931561568372
0.63693223573636937
0.065416503157374323
0.99641601282200343
-0.062749859840903505
-0.056723755886297349
0.67853798682753186
-0.7026422959663452
0.21419618192484977
-0.83699679712974762
0.069375116468028963
-0.54279227593029677
0.78413033906361251
0.39150896171873495
-0.48151878909747869
-0.23494755781987603
0.50522517239865972
-0.83038977007741421
-0.22846770437145927
0.89886939286842227
0.37394695161692337
0.62377244217443517
0.42254938434701494
-0.65754084144766212
-0.0547754695484447
0.84507485467572296
0.53183469041663034
-0.37874393673162604
0.33204916811769197
0.86388447164038018
0.82791943560971637
0.29636804337672207
0.47614639661005731
0.012487152626225212
-0.63046485329091351
0.77611734923538211
-0.87443876508032248
0.13419075993131746
0.46620777135720964
0.76467109569001457
0.51273413545978785
0.39036114272624062
0.98582171501542082
0.13639072083740719
0.09774005050902658
-0.82859983665939219
0.53567505404205773
-0.16271000941880448
0.94615960930732312
-0.26019348644848977
-0.19256516643773611
-0.37946093867922343
-0.86448666644870986
0.3296546671125401
-0.53482392310427129
-0.68349664602837124
0.49678537231215231
-0.5241281594310282
-0.8361757247470375
-0.16155441756637132
0.31760565876125818
-0.21375535705221282
-0.92381561626458131
0.89582772090375073
0.18810578512051526
-0.40262750535027558
0.19702210942829504
0.59878793448920176
-0.77629588296382235
-0.82636554775547988
-0.33372673222558141
0.45359282366547732
0.46896114008921308
0.077959143081290261
0.87977145958268976
-0.74960008109989895
-0.53034903359991858
-0.39601719782688405
0.34248201118598193
0.89929005652061555
-0.2719990188532912
-0.60134454094188816
0.78775929317296189
0.1334917192151828
0.6314349673425308
-0.28908143028314853
0.71952887967237722
0.74975566132423588
0.56898035114638024
-0.33782807509382567
-0.53997828893983346
-0.3645421253525794
-0.75863857423481573
0.77929478142694364
-0.14054689118991154
0.61069322496453438
-0.50372782733369903
0.10349559523614406
-0.85764033122072059
0.448660303887224
-0.42850766614481339
0.78427362047371507
-0.30006164440215444
0.83006394568612407
-0.47006048082205143
0.48864145491372518
-0.75879162817854773
-0.43065623593063912
0.9737023608656411
0.16970229295204056
-0.15200277698613507
-0.98482166487953204
0.16978594682279385
0.036041928991024957
-0.28453271097137983
0.079476238763833237
-0.95536624592835151
-0.55941335137255832
-0.29353616106178693
0.77517302872018934
0.20208916259524318
0.86080430235870409
0.46709305646979832
-0.17622223911679363
0.21658814322012904
0.96022669128551119
0.67165635700497628
0.41934230394911198
0.61076163125515204
0.53923859843179323
0.76579692560390678
-0.35039520929504658
-0.38769225937591445
0.085792348479405325
0.91778776684067165
0.82095557625760662
0.54832203966215165
0.15929495482368139
-0.67779765893299859
0.52089200210980302
0.51890447645302451
0.9041303002726444
-0.12326709238087984
0.40908877284137435
-0.78933628264438671
-0.15407673613983738
-0.59431354711266315
0.045755775253100761
0.31907334554032857
0.94662485135173247
0.08453667752741123
0.99363066245082099
0.074509440946560423
-0.12599488023984309
-0.95460069389402802
-0.26993111226827438
0.75094126492777491
-0.54155182892744413
0.37790055995461758
0.18107960172289717
-0.74028187329645789
0.64745109924114275
-0.087886351101450225
0.99057448540235282
-0.105062734401577
-0.30070013207331947
0.95361921559186991
-0.013777598667225005
-0.41078315425741402
-0.56425876726286017
-0.71614889774775703
0.49037400129228154
0.30336108309241827
0.81701003183656951
0.89828486372547756
-0.33279009973708262
0.28694085299706418
0.8301108341976553
0.5513696166488693
-0.083111664549278513
-0.65291900854388274
0.67822163191017748
0.33721237564948431
0.48121792142979153
0.51420663862146299
0.70994425477808265
