0.041205262955899435
-0.55158525593980268
-0.83310013307798569
0.031519061942863386
-0.92452129384206738
0.37982486222841128
0.66071195476968436
-0.41150099963368525
-0.62779506220175085
-0.0081857981401367314
-0.8052044612842334
0.59294077970466519
-0.28430698475730015
-0.045813808695889843
0.95763804923937146
0.84747330609416482
0.061045257209310949
0.52731629220997434
0.75265838684495501
0.29778772395971953
0.58722042213366521
-0.17240149086330225
0.51041905912189289
-0.84246668185349161
0.87520527323714392
0.40497227455216556
-0.26460005015483623
0.65191654376000574
-0.19637792236244175
-0.73242100705852176
-0.8163261746699414
0.22906294824014567
0.53022800972060358
0.28486576644170786
-0.19843571243427466
-0.93780315799227298
-0.79599852418241912
0.44405078210527527
0.4113456604986907
-0.3501350167444619
-0.300583004333909
-0.88716138754735963
0.58991159011890915
-0.80224362965727647
-0.091703187064020253
0.51116272491018278
0.089943230007158897
0.85476481211984645
0.28079695493018192
0.29816300387067129
-0.91227840773787661
0.39830412354554123
0.64762904457158998
-0.64956173362807301
-0.26629667835685567
-0.53159783695024732
0.80404590593194603
-0.38291767643317232
-0.83448667191566117
-0.39623988626858858
-0.79877453009163846
-0.43698346306482044
0.41352714915076466
0.99846585052945558
-0.0073240838886881503
0.05488445245861813
0.92177494713313868
0.18588841110649637
-0.34025937967086506
0.91989009967237789
0.39100067147969397
-0.030342699734387267
0.81413638032373115
0.57816027973992778
0.053968927767940794
-0.583377070668881
-0.69711870706419277
-0.41676936269229731
0.47451304993566967
-0.32069203452061601
-0.819752392150079
0.52858306292764679
-0.78129620859011206
-0.33192797415816511
-0.54725622776813998
-0.81281277670313534
-0.19961465676929796
-0.46789274594432262
0.097682340448609323
0.87837038808077061
0.016154039820608149
0.87354521515606354
0.48647487507107778
0.75956485307579336
0.48561911961007459
0.43270695007254578
0.8715771541796139
-0.46551020715490338
-0.15379698094164393
-0.19889478536007704
-0.63795370697832798
-0.74394618898760301
0.077839810040901306
0.16098726030667193
-0.98388214029514143
-0.90992657126261456
0.018459419419951977
0.4143584013205725
-0.95152583954925618
0.22565891296128879
-0.20898954919137169
-0.98234538847550168
-0.16464780429702972
0.088818006513784117
-0.080572491240452876
0.9528008354598787
0.29270914164450723
-0.0061672430606823838
0.99297251647324936
-0.11818437562475446
0.89647574928554719
-0.43486199304214945
0.085007517022475762
-0.75316754698600075
-0.31649511967706251
-0.57668837805845563
-0.58932302091072986
-0.53818983881939564
-0.60253636771252617
0.19690495262201849
0.63552471659483323
0.74654991409146754
-0.91834289211691733
0.24769783958545011
0.3086942059110222
0.73336310620520706
-0.52819576049822059
0.42800443110878733
0.47260919735969797
0.41937310352407725
-0.77509144403199659
0.87390498136973627
0.42907772481560363
0.2284346506207543
0.39441638297583176
0.83099803862621935
0.39227283444005961
0.16209449582279009
0.44149676350188649
0.88249984829534944
-0.16751018399085416
0.98235323666540786
0.083201302107283354
-0.58940067368224736
-0.76975495549289352
0.24512069344926127
-0.66133353342987944
-0.24999361934497222
0.70720658074423481
-0.65400323006334371
-0.45632448819492616
0.60336368513555061
0.57190393327558209
0.31251304706537869
0.75845994391123328
-0.3245706997622787
0.63563046423131686
-0.70044826632443435
-0.73589950066576737
0.36427086523848545
-0.57075271498108482
-0.067380200279644628
-0.99075729323537998
-0.11772805320389192
-0.28243937562874794
0.22422736164700105
0.9327111500262385
-0.059087636415159711
-0.42780355267789327
0.90193834131776596
0.50572491010799692
0.73394157130871851
-0.45340057918042831
-0.77601254648300355
0.58515221346547341
-0.23537505130625264
0.8862798183017323
0.2536256411425229
0.38753337640272051
0.33342565304529481
0.93122447060517188
0.14713367812107522
0.58465786489266836
0.68244744318407669
0.43868059942361576
0.0050978605304857543
-0.73455158460380743
-0.67853369951244658
0.19208302581095657
-0.70606906469856989
0.68159415128872247
-0.038006190085962899
-0.63688633677872342
0.77002033969222416
0.25229262793071283
-0.62787180776218687
-0.73629166972692162
-0.66798654715047612
-0.74406999168117682
0.012402431437358367
0.65927418911589752
0.75187181707342499
0.0068054578304381714
0.30419377970582706
-0.87315234470011094
-0.38088203860641884
-0.28172407564160518
0.45889293385370616
0.84264394643468565
-0.9667327205800389
-0.18722007004267616
-0.17428853184627938
0.060925789061670794
-0.32688023309476288
-0.94309986822134917
-0.047017081118459314
0.55697334343831273
0.82919846163765132
0.2664838276761356
-0.43034965928161356
-0.86243002054849338
-0.99738296839218754
0.033563687151302701
-0.064036655643452858
0.18167940510887878
0.92755051918919318
0.32656182892546087
-0.013044492419364754
0.73482687894454046
0.67812926437232213
-0.47075711771770606
0.87535437437880714
-0.11019280999232772
0.77886898435487861
0.60260749115017975
-0.17386004952169368
0.91217823880241378
-0.045858875985016083
-0.40721962642868459
-0.27692447225641598
-0.3106807153974579
0.90928011621591565
0.75424639594070986
-0.33912955626228358
0.56223084074052421
-0.82197023177467743
-0.56950392493332003
-0.0054970502841532381
-0.76195110579850778
-0.6066134248991486
0.22682739055183881
-0.08533028127746628
-0.18692200911388918
0.97866179326973612
0.69516148541215084
0.095484633404138555
0.71248382015541167
0.39918176574627851
0.49954345073603901
0.76883695197513358
0.226175055353696
-0.84856595831770298
0.47831021180831024
0.30055723598208517
0.076609104514069271
0.95068206725716753
-0.84773588881508999
0.39666360380866678
-0.35213896153139657
-0.46265685357070618
0.71499323936677295
-0.52415007727163665
-0.5685583900558705
0.080041178283223116
-0.81873974306620179
0.20926852639195895
-0.79039646184643653
-0.57574309979570959
-0.3092551238091914
0.89302013801160862
0.32691941132867758
0.044526941174684927
0.59039477024903275
-0.8058854551189133
0.74133676574828078
-0.13050675859299435
0.65832194685535783
-0.19210311185032619
-0.81102245579031917
-0.55257485521987049
-0.81705465494693785
-0.23051696007618916
0.52847291505504135
-0.11580519983679299
0.93490859098923718
-0.33546248998253114
0.19857215295771255
-0.97968591938032878
-0.028010702198602574
0.025626029742294054
0.85752730384193632
-0.51379979541181842
0.98177998200679706
-0.043545150364703175
-0.18496455555172853
0.60168045639179724
0.52969230331912476
-0.59783500416138147
-0.20652279840821755
0.82399646416651484
0.5276155425863801
-0.24820920263181634
0.65859219537202807
0.7103861709830297
-0.4196153696526283
0.73117174949757757
0.53787620721495011
0.58093765584622425
-0.35368138405763672
0.7330899798735272
-0.87235718691431541
0.18164174629738394
-0.4538713633189238
0.96794474460546664
-0.24666523725406395
-0.047320525367481672
0.61030723984715485
-0.77822620092658346
0.14794949537434882
0.77022028679788956
-0.60252858920330143
0.20909330213485056
0.88233702029859773
-0.1634942679767204
0.44130602414803755
-0.47083564108350395
0.54769881530383724
0.69162114398003971
-0.57737990599172817
-0.34741191262673204
-0.73887577245570801
-0.46321821384376533
-0.60641783953819062
0.64628653881480846
0.9530852660758663
0.027219633453966822
0.3014756493379302
0.076659379317559367
-0.084309108890496448
-0.99348644365222072
0.34902092373029076
-0.14743764809748836
0.9254439662788535
-0.96708163036247641
0.24925446018220385
0.051238016108479362
-0.62365733757035291
0.61041731156327317
0.48830546898281274
-0.23592474127679222
0.81931714189843363
-0.52255041617518661
0.17049089969623177
0.72882501678429024
-0.66313418553875547
-0.74573839474591364
0.12981597610006196
-0.65346924866513489
0.56117669955935834
-0.13723842688515667
0.81623913533826165
-0.33894538176800304
-0.040931199025597449
-0.93991524358554246
0.57897831798333066
-0.55068257061860382
0.60127598798062742
-0.95003327071587818
0.0011805491728116792
-0.31214642531437325
0.12162079951735627
-0.95952890596566232
-0.25399342460209101
-0.13552587716557296
0.057582163861126405
-0.98909910070911111
-0.15993819345387575
-0.43856930154133905
-0.88435102873251226
0.78352397588408029
0.39123097672398544
-0.48273025808043113
-0.66484435620354598
0.19811735666590247
0.72023016807962736
0.66044984485253877
0.30210288082112019
-0.68741534157584627
-0.72579872200741624
0.633119720775291
0.26902719992190177
-0.25090690779508196
0.95883972507732607
-0.13293647067057324
-0.85143898440948096
-0.06355270926291004
-0.52058880988078859
0.22022153063330188
-0.94868394234446651
0.22693887939990948
-0.89794019461682495
0.43046888378733994
-0.091651224663831715
-0.33306013300661713
-0.92666565867261186
-0.17424610422752282
0.10900497116173039
-0.055478321540747312
0.99249184989149997
0.59246882070916829
-0.7096251610399843
0.38133033882247547
0.71630276725791975
-0.64981524071930818
-0.2542646230751619
0.41405789942620502
-0.72617697094036948
0.5488379203358934
-0.89323354343187022
-0.40204931425972512
0.20122173290037546
-0.077841260386183109
0.34506794147852932
0.93534424355167789
0.65490094273986765
0.068284206322692068
-0.75262342666522986
0.70074198013959543
0.59654441370891642
-0.39127412352815255
-0.14345745550811898
-0.19568180918465755
-0.9701178217172155
0.96084277881037405
-0.19802754941677919
0.19382013331938375
0.71704557700806015
0.64979185712257814
0.25222248692447896
0.60329587021741837
0.50584319479170214
0.61656853249377885
0.11487720417614644
0.21607473091993654
0.96959524473800363
0.79168162645206264
-0.055630998070643881
-0.6083957547451172
0.62886791121458407
-0.60417556013399853
-0.48938435077286135
-0.63150075869285915
-0.030242272527725923
0.7747852584572722
-0.39385012329289132
-0.5063730333896368
-0.7671169607289049
-0.5231652239329313
0.78503606152093008
0.33168739888472132
0.38312859202493388
-0.56216488371189721
0.73292777645152796
-0.38605227464228747
0.41723399201793931
-0.82272683021054438
0.87077609593676863
-0.37395296553029023
0.3192305911347173
0.086919466848613722
0.99032885342455901
0.10813772864986085
-0.37721957055867378
0.1927159761533814
-0.90585095248764791
-0.66204201383903938
0.74216465240609897
-0.10436474802769063
-0.63580996283773916
-0.63208251591231335
0.44296431485417953
0.053750512891628251
0.38649263947806317
-0.92072488941766251
0.29283710457794615
0.049537798338375981
-0.95487823135632932
-0.66362355490951053
0.41435750605859528
0.6228255249603738
0.14508352377903597
-0.29430412721804605
0.94463530096555348
-0.38735672724632847
-0.88389510702616425
0.26207671707387326
-0.36659618118954301
0.86856621479701157
-0.33346659570402998
0.28245530399334784
0.82870905835696618
-0.48317729442010832
-0.74958293991657543
-0.5045366355910651
-0.42844859613782443
-0.93132536390357645
-0.36331017847188923
-0.025274112617356466
-0.24757946490950627
-0.96799219173862461
0.041176756649553538
0.16546059882471162
-0.51508105861405584
0.84101979363959756
-0.47460095659789991
-0.87958813061897378
0.032842845043900296
0.81567559060190742
0.16937007951062913
-0.55316101368660531
0.48713045042228165
-0.071443045835547683
-0.87040209987862771
0.41791828610445109
0.67518493096132726
0.60784012301119605
-0.089266905689065951
0.084470128167881728
0.99241937556458504
0.011310190709809405
-0.99370287592822348
0.11147499252337029
-0.57979059859751059
0.74766166390110511
-0.32379761906254223
0.029916620630172582
-0.88617576826423261
-0.46238242132607871
0.26641750004199682
0.5210700102774205
-0.810868522055741
-0.67915422758803601
0.57168162608610185
-0.46035817962196429
0.47076722108683627
-0.53072506678725262
-0.70477594101518815
0.22266006887711307
0.79655880447098593
0.56206455567611879
0.41714764594184967
-0.85152288615222549
0.31764227653786448
-0.92599570281767918
-0.19855143186530952
0.32110634884322609
-0.3948442990178167
0.91197453063977807
0.11135724043583974
0.9651855064204059
0.21752433871200974
0.14525873558546296
-0.098109737527636715
0.72474568501656067
-0.68199572685767962
-0.79248810376258361
0.60882260832964896
0.03602272867881072
-0.87936601219271426
0.44246326524178226
0.17590246022117834
0.76564519193413927
-0.64294061282872406
-0.020366846676878644
0.48205567590621201
0.18626441298884339
-0.8561120801510318
0.41693073879228182
-0.90569938055855226
0.076664144852577235
-0.48628887946034827
0.33422634592107631
0.80735114752221915
0.46763710612054432
0.8828310488968526
-0.04387340974765986
0.1390437960930021
0.94000672242104055
-0.31153520599011081
0.38315451942502693
0.88217967054794033
-0.27377297732994732
0.97698489900692631
0.18271918472419216
-0.11006455672082929
-0.58450777822878253
0.30349872105385928
-0.75248866005324233
-0.43794381731549453
-0.76654996230852357
0.4696875218269419
-0.16489741550993728
-0.95151344732037657
0.25967480033040524
0.37391698726455869
-0.36311850732311124
0.85342312850920066
-0.70720043366728291
-0.11152189207763048
-0.69816216898957828
-0.72751467998797648
-0.64972647360738289
-0.22040394709647737
-0.98100731869186475
0.045862565939257249
0.18847086172261504
-0.52141624228823014
-0.1460676101787711
-0.84070765164513894
-0.88447238778381099
-0.25979568131496744
-0.38757554001522854
0.43197076038145021
-0.71418565948006185
-0.55076320317219873
-0.60465660524523246
0.78790944290293674
0.11657229309615146
-0.46668380969387296
-0.17408861624079153
0.86712131531002012
0.91976219583461871
-0.26643147205153539
-0.2881870465755399
-0.79206194777742833
-0.0075086685634363085
0.61039453698360591
0.38258287542173486
-0.90928611566178508
-0.1637959196645018
0.79555074140068061
-0.46463860438350568
-0.38885728124001412
-0.2131254769850868
-0.85673067151606108
0.46967019017978823
-0.86509744411945688
-0.44317976619469429
-0.23494277391228557
0.59765524417358407
0.76770854040492587
-0.23115320915174817
0.81510412967157209
-0.26767622875611535
-0.51376521325528923
-0.4008417562848115
-0.69289064804357381
-0.59935668534876962
0.54083333289871538
0.81540933247727931
0.2064144533084471
0.23889157232409708
0.96722766533580118
-0.086031738803629854
-0.16627460731225613
0.28977762721709954
-0.94254001598212411
-0.47658187440905525
-0.40448021441389892
0.78055459330686017
-0.54457024202501592
0.5227733991694643
-0.65585914998696127
0.35749657877823598
0.2985517079199535
0.88490851157616013
-0.2447918520085974
-0.71571524029909073
0.65408611359194557
-0.15547296512699724
-0.93059833960870464
-0.33138329383380438
