0.66915650962799877
0.66169225487968031
-0.3382202321782633
-0.83868432630096801
0.35413819547145037
-0.41375686015499025
-0.80670405890071939
-0.076334077497305433
0.58600483783475732
0.52085188515317005
-0.58375341194054953
-0.62285252490469678
-0.69306869930789805
0.68540396468128928
0.2233320022720178
0.34193996967810358
-0.7473700343781603
0.5696622585797001
-0.090855005116463675
0.5941516681520046
-0.79920533236301516
0.68320614315030626
-0.70242988506452098
0.19955355804877817
-0.32983316943087621
-0.77752531690034199
-0.53541055454875552
-0.40961419544019173
-0.61039239188658734
-0.67796558822764397
0.20534423340659241
-0.43539061222933495
-0.87650941842585106
-0.93141645192877875
0.30914701457295152
-0.19207164407334046
-0.85859884023301891
-0.084220549285549076
-0.50568263825106285
0.67212893247830241
0.73881471920986341
0.048943935318162574
0.15319429821920971
0.98622410228413815
-0.06239813352152055
-0.20917585700443431
-0.90729569500395535
-0.36477387882597911
0.18766755029448623
-0.96322988449669633
-0.192273451570797
-0.087355272150974522
0.9959549002498348
-0.02104502544001443
-0.44585037846652342
0.4386561053665099
0.78025525390473549
-0.55725282144017607
0.72640974769235833
-0.40224143428355019
0.082556748534487592
-0.99644633207796718
0.016706003704630677
-0.30848942428344445
-0.79824599468083246
0.51733703432218858
-0.27702118249403102
0.40076262514163924
-0.87329753391337972
-0.35970944904934277
0.93299407244941501
0.011453079885940206
0.89652220694104756
0.37778806325010333
0.23135278629679265
0.66079086702162371
-0.71514741297056417
-0.22785874523994057
-0.32248338553730954
0.5912476738635476
-0.73920947924342717
-0.91386701651055635
-0.15667673931062703
0.3745657158538197
-0.29827466006804121
0.87668912297029455
0.37742338139928494
0.83373502944283995
0.3198438486390548
0.45009533786488432
0.10839274586162671
-0.76153272008057238
0.63899837941207749
0.93786486766023403
-0.2852451894949421
0.19759724663731057
0.93972475753855045
0.13956749885114131
0.31215107453531049
-0.95878695252654023
-0.24471267247298603
0.14437204575678358
0.30045425506981516
-0.60066874563882056
0.74089425603329395
-0.9112216463165006
0.12283674887221048
-0.3931745724366621
0.44489526912469535
-0.86925918321976847
-0.21553809848508487
0.35104347114595214
0.62420300596263389
-0.69795350039455573
0.61378040118937183
-0.2307265349286817
0.75500919543778899
0.94367110568212487
0.26798043751924022
-0.1940910338157652
0.97261253088521493
0.21963484140404971
0.076061824895771499
-0.14706773862176128
0.88862120703357506
-0.43442310098206527
-0.33254062729495454
0.27037170429289925
0.90350200482125731
0.14178597252199207
-0.88805676566283076
0.4373235860966852
0.50089214348599842
-0.039098639399701769
0.86462613712002356
-0.95076903685823466
-0.12002810891210952
-0.28571225318954629
-0.53560364536512228
0.58324846502321903
0.61069629368422662
-0.030563015350121788
-0.46306886123482072
-0.88579519746236746
0.18980049256624018
0.90650191536979219
0.37713399535511344
-0.16049642889863275
-0.98551975922906043
0.054696439371141041
0.19535497695549192
0.6486322251299832
0.73560360895093901
-0.74091437209363697
-0.67021789675616494
-0.043056522070809379
-0.98283763898179322
0.18001289942735896
0.040317879910156326
0.52048004676160753
-0.74794115555176865
-0.41192784411219385
0.052822937375146185
-0.6473863983524567
-0.76032926322435834
-0.83814093770682818
0.48808725920050855
0.24349660356163955
-0.20294780516310906
0.96138834743748514
0.18586186750083572
-0.98120878943146894
0.083297516424027426
-0.17404262495153286
0.90194378783288709
0.43090280937191328
-0.028638653338736473
0.33923691618576823
-0.23361957455498999
-0.91123005277565094
-0.68736737786565749
0.39309408682598468
-0.61073981919352183
0.37759879278974806
0.91959523841580715
-0.10846081857841433
-0.49306697733087435
0.85351526114088871
-0.16851307031027421
-0.4761907997166856
-0.40850882464110438
-0.77869304764812619
0.52088371029550318
0.39027142563615641
0.75918928778053263
-0.78744734683071782
0.61619423122119565
0.015210042044094539
-0.30309973186256772
-0.11710079752388425
0.94573672645409612
0.080854704945247893
0.8722815156258239
-0.48227323602469629
0.8437534894633415
0.29052847630223405
-0.4513017321880532
0.14874967776852954
0.55449024943582803
-0.8187881878998694
0.83494882116913305
-0.5105569188445418
0.20540715335217311
0.97925653522840184
-0.20158021776892082
-0.020543953288020948
-0.43972697494725049
-0.83964514573715476
0.31880435496362347
-0.49619217656244902
0.40593403565549935
-0.76747044413101617
0.53143066706567632
-0.59417573797789769
0.60376869619130691
-0.35069672902673804
0.74509299302810517
-0.56731669814166985
0.27879774584857658
-0.87748328728113489
-0.39024978853555553
-0.37553142838878878
0.74571236360032422
0.55035371995280791
-0.61886134534489323
-0.22695693967459152
-0.75199812684038836
-0.12242096885873062
0.76202204978851695
-0.6358738098237704
0.83709413921617115
0.46498248548033827
-0.28820945558129135
-0.79046864373208636
0.17333581787819907
-0.58746405636162258
0.71052857985153928
-0.012676720973955171
0.7035541471411445
0.70670716011251844
0.27265007315296619
-0.6528605727530048
-0.71633626388053351
0.55675552098146641
-0.4205777536988074
0.4868786902208968
0.86772140816624788
0.10004348463927074
-0.19185625226476472
0.083455511943514485
0.97786827128870735
0.52584801676252146
0.66228475536688403
-0.53372536577864593
-0.51572519919930138
-0.6722655861765704
0.53111816063237083
-0.86829460249752244
-0.39882571808122996
0.29496191257628585
0.71242186402744123
0.48884734566241367
-0.50347131029928482
-0.54859097487542363
0.73615532599387234
0.39638778777364975
0.98800062026868896
-0.031907928673434172
0.15111802816493194
-0.55485197847290646
-0.67592723564234647
-0.48503778626164512
0.92125842940334768
-0.11219513948080324
0.37241798685101163
0.45975989324117367
-0.018342865989352395
-0.88785380543992776
0.9949406017126512
0.057620635536680356
-0.082298611312807191
0.77217124367089096
-0.63528466740062273
-0.012843746082433318
0.045848325059587219
0.98246558096962722
0.18071887919983148
-0.29342270117771208
-0.018405811710212987
-0.95580559975805934
0.08885310728281047
0.80817270430319277
0.58220443604068639
0.81103631019713607
-0.53408516579144427
-0.23869046739101338
-0.87225910379418226
-0.32610878647302305
-0.36444082542061912
-0.60010900566737568
-0.47532088200113959
0.64338110047667108
0.55473626962870171
-0.72768470537070951
0.40341373393574009
0.2846102496681544
0.0094714377728429607
0.95859652495215419
0.84190117173890033
-0.35398030815646886
0.40730867712598251
0.28578918713060469
-0.60566106787797402
-0.74262992895259783
0.12753140065885363
-0.79695216788992662
-0.59042610370946269
0.47515812877399449
-0.43000499163181949
0.76767210437250821
0.24134209303641135
0.92126512481303913
-0.30499928513362085
-0.31152478396809924
-0.93942891106904092
-0.14291826342796568
0.066399268318608234
0.15370137976690895
-0.9858838790772988
0.65684837212691172
0.032426108879834277
-0.75332513796974754
-0.10104921233282767
-0.81114386827902385
-0.57605093667162521
-0.070677971872721609
-0.15640747269012995
0.98516055888298992
-0.44675586953859431
-0.83248568042442816
-0.32768397110797365
0.06073708065731824
-0.59363090503977645
0.80244211979113012
0.77675045061774972
0.61768687980341386
-0.12297014265196886
0.91236829911515516
-0.32936355932373979
-0.24311259235036775
-0.24478831642725374
-0.33694430022376903
0.90914642312854399
0.3296882864512391
0.16862423695687212
-0.92890876865683547
-0.5260924962535396
-0.01588527609073094
-0.85027897974090871
-0.76166830025488619
0.16279771683651109
0.62718283122200624
-0.085266717290455513
-0.87142014706441462
0.48306988543350898
0.79794177045980086
-0.18774182298718509
0.57274945557104373
0.90190206125181138
-0.43166276722839092
-0.015489586775048548
0.54777432470851639
0.67593445476039293
0.49300700000902536
-0.97681682538494763
0.0094137349490114233
0.21386975297872818
0.059813399991873462
0.48006586570987136
0.87519090589519044
0.38870829976835403
-0.23832642866130882
0.89000357925838802
-0.62715414623520194
-0.47743167468240788
-0.61541585360628004
-0.70989802576546168
0.54990550732788157
0.44005536699915937
0.0064091400991805577
0.96656739372857081
-0.2563325892350542
-0.77760568090040394
-0.60020517884677871
0.18730496073763114
0.48898498557972625
-0.8546295127880843
0.17464844616885822
-0.12834369342570695
-0.72620713573020423
0.67538958562623752
0.18097331218566901
0.3470375601484057
-0.92022475087490996
0.84990860192166839
0.066210863965206937
0.52275375644038735
0.6879839231814926
-0.57142834556049205
-0.44737877389724362
-0.047567812791300658
0.65743667656479654
0.7520068613341816
0.56045013717229952
0.46657518688091554
-0.68425378240137591
0.3814619570848698
0.4175320352793892
-0.82471435952845629
0.80586864888460941
0.57453502182218652
0.14312662032156667
-0.72457415405838499
-0.5262741173402965
0.44500320076182304
-0.88741647031710635
-0.45929935856260828
0.039193206476440604
0.38181814504105621
0.21875459500668315
0.89797624204700921
0.81589909506649816
0.068292619065257437
-0.57414700630664006
-0.14738043045282459
0.79848187509107416
0.58370001188160225
0.80891878886811508
-0.36757234436501279
-0.45884743071542855
0.62758879953287261
0.72662176295068859
0.27955878148847541
-0.394554191846614
-0.22038772212123808
-0.89205170345360429
0.58291831890436419
0.16491442046395294
0.7956189209720621
-0.68317159290565266
0.70344397526112867
-0.19606924367573289
0.42006196395994405
0.84296725651707105
0.33608652289878743
-0.26069002592035995
-0.45716146559659543
-0.85032000138725117
0.92992027669877797
0.094838350188018741
-0.35532234142829089
-0.36026204883788138
-0.62122301416109138
0.69591179243043477
-0.66446986601075708
-0.25435371644170585
0.70269764770912602
0.11218027525381666
0.73073832493594904
-0.67337737288520549
0.72778302548709839
0.24895669175188664
0.63902459533636247
0.58944400596448066
-0.80743574673141694
-0.024561733098957449
-0.047272044077491582
0.39160370812182632
-0.91891886999558947
0.29639115436876651
0.44840222216890524
0.84326017975826273
-0.6004597211513556
-0.79176604655479543
0.11204753811586268
-0.83053652659311572
0.51767276725679967
-0.20548475377830408
-0.6275600000167989
-0.70537914104373012
0.32955836168928399
-0.053375693486465099
0.91765405467439953
0.39377921642015729
-0.46741107257004544
0.85894912667489509
0.20912505116163102
0.32340562828600888
0.77143603503195557
0.54799201038619838
0.23329450749873257
-0.42007905637549692
0.87698760490989613
-0.99642943863179922
-0.083141763860262063
-0.014690845112586396
0.051788157387829964
0.050133427974861734
0.99739893029512661
-0.66329196168744542
-0.6986845845086701
-0.26811121746537836
0.4576549176362259
0.8174156909010224
-0.3498336242161168
-0.073902044738976769
0.28263806715347617
0.95637555948442421
0.65586347265323741
0.47738558217310945
0.58476158489804864
-0.8367281818034894
-0.51138102093841298
-0.19589640425442442
-0.61975761239658511
0.19532446720433261
-0.76009792420965583
-0.60638304815521982
0.79465841337741094
0.028593792306723497
0.96507443607870258
-0.1061746485189371
-0.23949588063107521
0.44596021594368662
-0.42085712223978911
-0.78993592680387925
-0.43504800257168863
-0.41874219410205099
0.79711242013720018
0.16252127877803738
-0.19494844999591718
0.96725484531665229
0.21086187632493331
-0.041030600918446812
-0.97665437023596002
0.71707871518725685
-0.55849352346331138
0.41699292616893224
-0.93106950911959563
0.26266384321287561
0.2532138911206045
0.083646131252448089
-0.24789424516484027
-0.96516929496366188
0.16133960262456518
0.26015607090397525
0.95199178116029604
-0.94711541416591782
-0.29713072300493659
-0.1211846759944734
-0.53849668233191539
0.58663442299083768
-0.6048812915603583
-0.2288962840355204
-0.92905703216516422
0.29061920469780989
-0.18008876952830727
-0.65252226059044194
-0.7360589205516902
-0.23538302288726695
0.95226872390558914
-0.19436849026442865
-0.067860462974171462
-0.98189563296540028
-0.17685000290756889
0.34962998339836143
-0.93680480802625044
-0.012475029769967649
0.35135412888756085
-0.74284625667895798
-0.56985060766109841
-0.41080866599389404
0.19658486334179723
-0.8902755929762447
-0.82564754712636201
0.33362746620177758
0.45497125372929198
0.74674382954059959
-0.16879534466275073
-0.64333644748546848
-0.6679106990743866
0.38931908568593282
0.63429168966858873
-0.29160805254964567
0.62172048516142842
0.72693079589383258
-0.74440299545503408
-0.52082546642383587
-0.41785764786822599
0.53416791203875391
0.23029089326513824
-0.81340687618639096
-0.5378560936865695
-0.83598924778869632
-0.1087786746835696
-0.91124628687895837
0.41087145115215157
0.028545670029551648
-0.054093863397672845
-0.047236103516184992
-0.99741796879107925
0.65671753529342569
-0.39163568109845803
-0.64447154485568647
-0.36646015078048494
0.85655493266704219
-0.36334639837722765
-0.16417365753878546
-0.2558968706896611
-0.95266143080402721
0.56627019192795947
-0.21075225253638541
-0.79681965198199745
-0.19027181538219756
0.46687462284914216
0.8636114420331833
-0.0017233202966058017
-0.38541242956735172
0.92274280777589734
-0.17366915735141417
0.18717032259408053
-0.96685381217890309
0.8796704479510814
-0.14081032352573494
-0.45426022915298431
-0.79562534326889145
-0.31370634918499685
0.51823608483902361
-0.44973239053446923
0.060391081450371503
0.89111934901302992
0.035356453301468915
-0.91956812056012804
-0.39133667456482402
0.27625132670566666
0.95003227623855835
0.14534056074731111
-0.39049672455788159
-0.91641206360044158
0.087756696594312886
0.42760760445804258
0.59351936019722995
0.68182586169837023
-0.4964676673292252
-0.19433762514109951
0.84602171529529624
0.23506406888530085
-0.95239453171408039
0.19413793931172704
0.75078824022581847
0.54132658239427045
0.37852681481231654
0.36143649694641422
-0.8568822280873285
0.36758197162428968
-0.57345243108388155
0.23156031953692152
0.78583212437513961
-0.17657054716851756
-0.54115401722086398
0.82217709255265148
0.58078911683014223
0.79915179818535809
-0.15504968632271357
-0.89751857725606843
0.092299102477752692
0.43120908984162659
0.68417389673953699
-0.40579279549418884
0.60600188625552032
-0.6475220884533216
-0.0095781051334466044
0.76198648601343399
0.30521584943355051
0.79242852858617596
-0.52811013277279972
-0.72166993019385117
-0.028521904388558564
-0.69164948696869011
-0.00059960538858572329
-0.96771577818235366
0.25204327630448664
-0.76580058725865596
-0.28872096472798858
-0.57462132320410564
