-0.1123539661366152
0.66597676408333484
-0.73746290482604104
0.10854044506676959
-0.66039779282429856
0.74303009832543276
-0.74370606641581938
0.022628060593758968
-0.66812368439539238
0.26462054563644649
0.41899882217691098
0.86857121402993231
0.54907112873821751
-0.83575370645314995
0.0060529113624534009
-0.70655727412873204
-0.58358541353367188
-0.40025602242378427
-0.096898466460806368
-0.34867161849787592
0.93222250007796725
-0.86246865160372999
0.13891819036286623
-0.48667192377118929
0.46457010148926536
0.87614317281627063
0.12863810294656974
0.78402347687049967
0.40664704542677971
-0.46898333463094777
0.27515688848032177
0.40987726666964203
-0.86964895963213285
-0.36962148181461546
-0.81002369152572418
-0.45523793707050186
-0.63747763028985616
0.67797402257689543
0.36602390030014859
0.58590097289071685
0.75098849173770876
0.30452641140504189
-0.48062891910856337
-0.017764800520850214
0.87674412115450684
-0.5799107065768988
-0.083587520654857347
-0.81038058885208719
-0.60047053230753067
0.16349837421643515
0.78275374253905239
-0.69565636893662042
-0.71050849069675404
0.10601839937358548
0.28905516535082881
0.91469600542313945
-0.28245057806093682
-0.41345192324855262
-0.55183513827287889
-0.72424822217898865
0.95984660997015403
-0.28045454488071037
0.0063034581426834576
0.28124914220839725
0.95864763089129046
-0.043515971706454513
0.97764558433591053
0.18260439716273874
0.10423409022641575
-0.38426317201789034
-0.15904465527085615
-0.90942103134935448
0.85220521338235256
-0.51864355081737412
-0.068957533884882571
0.051623819987260344
-0.16249646318936151
-0.98535774247776187
0.88235285943636843
-0.44282535874134432
0.15924551202487294
-0.98205748546014848
-0.13371389728338764
-0.13298003205360495
-0.3288773258586718
-0.40017658793439348
0.85539371227829086
0.67540412087062185
0.57856317419385828
0.45726789410334712
0.17566123544824955
0.0025725118043047057
0.98444731323916523
0.066597211877313059
-0.8380013387567844
0.54158892862761265
0.76356285555507886
-0.56741574361037983
0.30823877030583546
-0.33123363032098857
-0.59278864273725818
0.7340884872997927
-0.35089085894127892
0.84526940159313968
-0.40298293244482086
0.26841479543608904
-0.078993151069245038
-0.96005915425829569
-0.38095729199506456
0.079138988706320176
-0.92119952352480516
-0.44257717998775498
0.75525323303412661
0.48344388893188589
0.60460053895408572
-0.66320199891377318
0.44115903814067398
-0.91272941766595284
-0.26187923940739083
-0.31359890639888538
-0.53869684140395679
0.70415209906431042
-0.46257489603817198
-0.51896511338432727
-0.32836571876451298
-0.78920920282917217
-0.1077078797607529
-0.55388332180551647
0.8255981337570536
-0.19900377559099214
-0.91795380589098918
-0.34315930345945461
-0.72391343833867583
0.59969755446990258
-0.34104571094721936
-0.075056260374756975
-0.99327369346511707
0.088169879486826377
0.81988935903901916
0.51318842062596248
-0.25380914851521119
0.48386197309515572
0.32383000489405095
0.81302627197574728
0.45740682637338909
0.47748308318230737
-0.75019257558425756
-0.79360579137787146
-0.54261224941292707
0.27524860522543187
-0.11694184355041934
0.45014993135302772
-0.88526247211202491
-0.36974390004241764
0.91273221509462099
-0.17380837698422102
-0.36588858897182336
0.92808813097082943
0.069122800950777358
0.15240501891397384
-0.84491204130475361
-0.51273419299678613
-0.83912568416820077
-0.54325993159200703
0.027142824022137777
0.035937380136156452
-0.94469156781374652
-0.32598519354497524
0.75872233111984155
0.61815088839449406
0.20549915677970845
0.28211108778557492
0.16966581640143255
-0.94425994561522875
-0.5401348309899745
0.37811659890806093
-0.75185251345036574
0.48653069458611531
0.86544008538290751
-0.11958821780584482
-0.25718073089208315
-0.93631159039573209
0.23912063346442686
-0.72414449983102414
0.26635388542594085
-0.636137053694391
0.91390624551793043
0.22961063362132186
0.33474517372373797
0.59898796945574417
0.46183130406162709
0.65415996440933422
-0.11054448957639276
0.63603924807440204
0.76369757805904059
-0.52347696754366013
-0.64895521995629568
0.55211320120313168
0.280825321971439
0.63872633315503435
-0.71635592401679882
-0.57320593928567853
0.15336210138653231
-0.80493168469499943
0.56022597598413004
-0.39742190502620872
-0.72677553979063436
-0.81600912380419155
0.51507452528653253
0.26234965841252511
0.37650715364367127
-0.094103072632805609
0.92162192626705974
-0.85494577179856723
0.51747824400256714
0.035832865748806952
-0.82958282103255254
0.36962092290072596
-0.41853639794131109
0.04311599852338957
0.96259680447033602
0.26748533173770245
0.92710529939043007
0.054552553807167309
-0.37080963136803397
0.1042070648627297
-0.98951754480448917
-0.099979578698805707
0.46144970011199143
0.68352852008640941
-0.56555542300913031
-0.73403277426764979
0.66970947499254585
-0.11262817323452459
0.3937969143752611
0.55781568483457544
0.73059267172690479
-0.00012373733886670795
-0.95144296262215233
0.30782506974879842
0.92991375015107014
0.35593530955630737
-0.092576847489145839
0.97730896428645542
-0.11038099814971403
-0.18078502032195148
0.6623021162353061
0.083481685047163801
-0.74457149763600372
-0.67739847078008852
0.48879691171282691
-0.54973529164935431
0.56669220588345981
-0.18114243865300383
0.8037707140159942
0.075492477557646098
0.31824920014638358
-0.94499647218304228
0.2209149224181568
-0.90187636623196488
0.3712352584079352
0.61935268449923586
0.51562319632453746
-0.59205993920857147
0.27285129652224832
0.74129363842068841
0.61321767067098265
0.47146803369120699
0.010237214887994291
-0.88182373104758527
0.53860763453825655
-0.40798437460050213
0.73719099702786728
0.81847418297135865
-0.38510728378111769
-0.4263711901478528
0.68232730944102826
-0.71630772268893339
-0.14605714363618535
-0.73267777870852868
0.48852234352069002
0.47384511442853244
0.33805233472454749
-0.93950749618760765
-0.055193148076323584
0.84283951778836708
0.10303670314842933
0.5282092247003789
0.54082407855853398
0.064730642394521754
0.83864131783886331
-0.67514768202572495
-0.073376376260943468
0.73402419228667315
-0.35422219617096684
0.31167777462561502
-0.8816935978809427
-0.7814173234571582
0.11268772688575214
0.61374949516099264
-0.70537693272959823
0.69646255656911471
0.13184570554324754
0.65972064871324143
0.30697127032904931
-0.68595721794726339
0.72887900188836519
-0.25880641178651759
0.63384118028446845
-0.024782605187951869
-0.4077445356470828
-0.91275967052124007
-0.56346131155162182
0.78762556370516801
-0.24931370155417129
-0.62699869491575144
-0.70162957123124747
0.33850935193551207
0.67271297708894351
0.21091541585466428
0.70920514508214394
-0.12122977416078251
0.83548965749616666
-0.53596676582962111
-0.066625213845630735
-0.13056007528594865
0.98919924566355766
-0.86442504122921637
0.46272734583132968
-0.19660303028122544
-0.82994191587510369
-0.11674808950732711
0.54549637933716066
-0.31201083339615471
0.72763361373206681
-0.61089979866640187
-0.56316279982693518
0.82619932582948297
-0.015567109236948888
0.80146662322125717
-0.047125701825013501
-0.59617985548810304
-0.99427049538811529
0.086558659576153413
-0.06271985692786379
0.011430812939954019
-0.71974670534549989
-0.69414264863918995
0.72444389260765718
-0.026945895476247966
0.68880691429489016
-0.48868852839978744
0.58049548089787906
-0.65131291931573887
0.024553646333300188
0.77740464639193174
0.6285213872414962
0.47457461204144774
-0.62332006732518752
-0.62149097441188395
-0.39161290533114412
-0.89584033363058491
-0.21002244884474333
-0.10478102116311661
-0.73446671434523803
0.67050695978708896
-0.91459667442109804
-0.35737976080378048
0.18918940167382678
0.26797948098610808
-0.91844878978760358
-0.29092751383824572
-0.98060454338608272
0.088916374066306675
0.17466713461173208
0.15025920851844088
-0.23484540997474898
0.96034879271502371
0.34153778831399922
0.16935700723844482
0.92448371713774347
-0.31728861749781667
-0.75552279579139359
0.57316074381091431
0.6727125286274801
0.71732105960273174
-0.181406591054559
-0.094294699618362218
-0.84150554295845748
-0.53195576018506896
-0.79474188354296471
-0.37282005465001294
-0.47894733050027744
0.481698896589003
0.25047221212307413
-0.83977964013133277
0.35574957236606469
-0.49007204988749781
-0.79578365632904779
0.001328345335094634
0.4617550702233702
0.88700647721517867
-0.9351760187085375
-0.14290931127787271
0.32407212589566098
-0.17014013169199835
-0.23451490015190563
-0.957107672727876
-0.1558016213880643
0.28729688372542928
0.94508536935797904
0.31690722678557109
-0.54309750131022472
0.77756987704107283
0.59524099286128695
-0.76989700388223925
0.23010163804427938
0.90717495753494981
0.27898494835752019
-0.31496189453871049
-0.26599660499941008
0.048621091609925247
0.96274700497038523
-0.72826222835321608
-0.66847149888585955
-0.15093038770009282
-0.70505628045212443
-0.30145142605033376
0.64188992757889207
0.26100007261627123
0.94387151443879014
0.20244882396626984
0.48790506672921091
0.79900132038692195
-0.35149044920156708
-0.16462912748647834
0.97160496773815153
0.16994421746439731
0.057869634767884238
0.99775364714770332
0.033745591938624746
0.064365223094825605
0.07969756030651455
-0.99473886871738493
-0.83934086168502864
-0.33724559348916061
0.4263476604579618
-0.84532931105167153
-0.47953273935799684
-0.23551371034553778
0.98402388597790125
0.12074011085567384
-0.13083889886234198
-0.699697680541147
-0.50751960819799358
0.50283894353947389
-0.22586665659194083
0.77840453345362637
0.58572231965225696
-0.14877329643592227
0.93798883014645573
-0.31311892435314859
-0.036446131152692532
0.0964524958144483
0.99467009383773308
0.17181694445721624
-0.97636322417681143
0.13112510084818718
0.42229989909678506
-0.80343978616412837
0.41969906508281024
0.16263065559237735
0.87678667776975383
0.45254435312692975
-0.49237470408007183
0.41036514684779968
0.76757253535717751
0.61937867719701856
-0.14984414438052973
-0.77065996822758243
0.38553312881188551
-0.79508996439807134
-0.46818389026320834
-0.55890790814461311
0.57367316489155273
0.59876627334605448
0.086070611772705558
0.75887760036679397
-0.64552043921986613
0.81694462720609662
0.18171192421767249
-0.54734107526861397
0.068338952086746757
0.97743798365129464
-0.19986189167366714
0.3559704036941404
-0.32770962829321487
0.87515225602049029
0.744572976475398
-0.66241456860615211
0.082571314637055929
-0.29826298914251426
-0.4054480492782277
-0.8640897341389101
-0.14182969272016333
-0.98129081389487649
-0.13020244555474009
0.77068987442046311
-0.56561469457647084
-0.29345721109718254
0.94337194235188782
-0.22117454675416406
0.24724724113995017
-0.33256763670033335
-0.94295631445765216
0.01523666774582158
-0.51229743591074095
0.82688041026552295
0.23199164700135388
0.42532919168253924
-0.2478201394539401
-0.87044830816293006
-0.91266215190403333
0.076380132543884857
0.40151447275842689
0.89614121548998804
-0.16812304821242932
-0.41068913129018642
0.38484984505362541
0.83862362130793344
0.38548802646329805
-0.62937639502534215
-0.46463630974038805
-0.62289521835998918
-0.93913485958724319
0.23436478843219838
-0.2511948674857431
0.83847345800895023
-0.35824807467333708
0.41063435950655697
-0.53716938007633064
-0.46225688949667415
0.70552648796573936
0.27952465765050988
0.81396117100603416
-0.50924765866899246
-0.26345153800187932
-0.71688632540056629
-0.64549770222528113
-0.15927685577163284
0.98420299694870161
-0.077300349369822899
-0.31015613812432968
0.53013666096635592
-0.78915035999690486
0.27810401432115905
-0.74916303740010404
0.60117626417874059
-0.50047586898956331
-0.85043268158722052
0.16213623483820766
-0.71027943504916635
-0.23100902142117224
-0.66493455028917636
0.95358486914634144
0.0060370231307903047
0.30106386645838679
0.47554458939595334
-0.61720578870893039
0.62682881066557661
-0.52294197626621974
-0.24937132234795134
0.81507400464572211
0.11950483364984539
0.26351552865538613
0.95722419573044382
0.21033981993148465
-0.33329193533098983
-0.91906128522232611
-0.26393337595966776
0.4621717696467923
0.84660287525857436
-0.14856259438537001
-0.58012200587338492
-0.80086678907976228
-0.68487181856862067
0.33571424304936309
0.64671983048635784
-0.30347919591669753
-0.18484294354705208
0.93473710949475852
-0.39334486065573415
0.23471269163211794
0.88892619096442849
0.81467187727709056
0.57927202217960683
-0.027452808486022995
-0.56317114571393545
-0.82369680680089474
-0.066044160235881874
0.82639892890398192
0.4433787736010803
0.34710239616913252
0.14656061872198831
0.6149120791531496
0.77485683835878905
0.59449992403507457
-0.69964928644663638
-0.39630886477216642
-0.84622848777591197
0.28988980357673039
0.44705843942234014
-0.4205196488224795
-0.82493376283534536
0.37768705549507064
0.86554561590694024
-0.12964421408264265
0.48375940770094561
-0.52106668683788282
-0.66007477047100682
-0.54110147408359499
0.48703292413172911
-0.84118620827579704
-0.23495679138574549
-0.95139023304486636
0.30783170371923485
-0.0098115570705210702
0.076928892071535276
0.90137474628106551
-0.4261519826674407
0.77117800230350453
0.3337250325987714
0.54213659845109596
0.64919638871017371
0.75902394283303098
0.049261578251904803
-0.15055905662884692
0.2235986852023325
-0.96298265739462829
-0.98547698033443476
-0.1383978096872312
0.098392924058089359
0.66346874561318958
-0.51831395181809214
-0.53959231920513218
0.48979984858993802
0.68258681948242483
0.54237564675245276
0.66255508519219319
0.63511031178141508
-0.39705875000417695
0.9967928181021688
-0.050341214757867042
0.062208037074310628
0.68515874643173658
-0.47346006383079292
0.55352783140997797
-0.93562181396427857
-0.34867656336607705
-0.055104223008903115
-0.16549405781392992
-0.0056802400213562141
-0.98619442895484832
0.73898065538671343
-0.27576053545150037
-0.6147062046634354
0.39216984061287252
-0.90051221238198498
0.18783123133434676
-0.94817274891195624
0.0029351881267445615
-0.31774175503292734
-0.094675271036146827
0.89359715048597954
0.43877183785832208
0.12689000508954074
-0.55603903280354461
-0.82141312419955581
0.25758182075872266
-0.69630340571219818
-0.66993520045465249
0.11933939311957992
-0.4551876653742416
0.88236177305059948
-0.35496777695659787
0.62113865479748154
0.69870211738541776
-0.56901092696808186
-0.76077652773100835
-0.31216284187019205
-0.16118996186470033
-0.87649282558722597
0.45362773602170414
0.90269953301706585
0.41002813581890329
0.13042423443381296
-0.92414737861396945
0.3091135985875384
0.22450034692443332
-0.85429475303754487
-0.12093820821495355
-0.50552391113208162
0.91400521583335947
-0.34326176866859232
-0.21625407186900217
0.087743684136736583
0.55872154679454167
-0.82470072089311741
-0.3098275012420203
0.88819463536661281
0.33928927065278047
