0.65245372890418096
0.1167516088663715
-0.74878113856195871
0.67863061019502946
0.45282588366581611
0.57828125854863621
-0.68705176979063631
0.36747557017816279
0.62683456425901452
-0.48492604507130715
-0.64094167829224336
-0.59501302157131242
-0.11998056665332756
-0.017298293662602646
0.99262552488937594
0.15252758808201955
-0.94912773629467351
-0.27548480007076681
-0.92456027804554841
0.37768039406713388
-0.050456042231159987
-0.39502410919060243
0.90383457038594617
0.16443546616658863
-0.43882918108380681
0.72592517711632887
-0.52958624137900534
-0.70124791639700768
-0.35016029674196253
0.62099849141075725
0.76228957813437037
-0.50418823468516794
-0.40584334794693577
-0.033416199826240396
-0.71793056465145422
0.69531220464509091
0.01268197816747498
0.64893410034179433
0.76073891766055046
0.86351719340387978
0.47666711009484375
-0.16470131404975624
0.97335344720765871
-0.14427294152075901
0.1782368793317341
-0.71322699058302186
0.03140157354812062
-0.7002293917585779
-0.93875537672590748
-0.33995522840731129
-0.056291965205810215
0.55729414601771332
-0.77732751558158386
0.29186498305577863
-0.43818263839100768
-0.88973109857149091
0.12796307142087338
-0.07372361637245986
0.20541437977009291
-0.9758943390411865
0.27591308373883455
0.7632243016222654
-0.58426075996504523
0.54596906934290146
-0.2134059006841808
0.81017016538133502
0.31971764783167195
0.94113402032529891
0.1097605641900708
0.15457661710514647
-0.4669292008887132
-0.8706797291781615
