0.3329818094916675
0.6054047044211166
0.72291649477130848
-0.13774764952808183
-0.4676390931518265
0.87312041758604286
0.60152751362439405
0.78133334782837682
0.16638163938414277
-0.70725828775245492
-0.70463291709618059
0.05725527530274109
-0.95845216750077311
-0.27249287326913002
0.08436276803545352
0.54071934132213495
0.77507553747020486
-0.32692584042169237
-0.34887463014181586
-0.14450453339777675
0.92596162570103402
-0.022701014642193255
-0.24871923126550721
-0.96830956203732188
0.0036282006488977166
-0.62427768182896759
0.78119409376306825
-0.5323939368151861
0.72736805396763382
-0.43300393775318563
-0.38484658008719469
0.92278135176943998
-0.019175156368470423
-0.33594012149863733
0.092590353521748409
0.93732132228078446
-0.6444241814030659
-0.68817684022782444
-0.33336183194396413
-0.83412321415132762
0.20329001678770664
0.51274909330813279
-0.53610927692773902
-0.26828856471788759
0.80037996553738944
0.7168398178454517
-0.42332844179741125
-0.55401597983873674
-0.051672986190407492
0.66486110685262512
0.74517757017563824
0.68388422644110436
0.44756097963156743
-0.57618706540175313
-0.52314759926546961
-0.84374493315401189
0.12004614595940841
0.67850004856347412
-0.097187632480334268
0.72814301355724809
0.070332342628561514
0.70717282150882899
-0.7035339097013168
-0.43569302153973882
-0.85085422180490478
-0.29363018274411545
-0.2983953132572123
0.32924967301754021
0.8958542793579618
0.56745889738160882
0.82072264521805927
-0.066368210829586216
-0.80495743689372623
-0.48075835451366139
-0.34772824066330782
0.75546109957561858
-0.43816719783547642
0.48712219593137374
0.34821697096844079
0.82544479992430042
-0.44428124359182158
0.71280581067816529
0.57901564213606105
-0.39578878511803312
0.58179026601225048
-0.096897736008145247
-0.80754623095516365
-0.12758018441492103
-0.024332160992081135
0.9915297486642094
0.11914227591139231
0.84159770915930932
-0.52680016517504669
-0.77326318228868562
0.43097574169370162
0.46510639749237903
0.59848166877640507
0.70110548859311983
0.38764776021952224
-0.43321334292026897
0.64906318766716897
0.62533445285797151
0.63648664487519957
-0.71131466509867047
-0.29818819244074357
-0.16497062966721804
-0.4147317982723856
-0.89486436226332911
-0.28193555403047954
-0.73006021375386732
-0.62251460036466955
-0.94579883942183762
-0.031686573397640312
-0.3232035216618484
0.079901431903245543
-0.40388630219776717
0.91131312734801817
0.44965543655132834
-0.46284843542557219
0.76392494016358325
0.90687029356663107
-0.35453928129989692
-0.22778974661236387
0.95906536502718009
-0.24138654926815695
0.14807484404075377
-0.84266588851866842
-0.074250577043866575
-0.53329265149230787
-0.66707132984145456
-0.53262742553514619
-0.52088757565462762
0.99352467417096046
-0.0072916254368301679
0.11338233553766627
0.00088188870543497535
0.94314989077677236
0.33236652328427085
-0.88416744937012837
0.45894781265767448
0.087262974571451796
-0.6768849948261968
0.29556482322681449
0.67414252131877994
0.96983757529257886
0.22944809995897064
0.082271787241008559
-0.26626951904454577
0.56167299575488239
0.78334155326238275
0.65050404804749484
-0.75635461357600675
-0.06908098143564731
0.80210685433260154
0.23138130846830129
-0.55053363596074245
-0.13036412696450461
0.79402075361969537
-0.59374762081375421
-0.97974907957953161
-0.15935092664546271
-0.12123952837376371
-0.049362241298845741
-0.80102044690879737
-0.59659836805675648
0.5288176995562015
0.65935533191922502
-0.53441780182341958
0.29081936088441551
0.13501482528864336
-0.94720383038027089
0.065357458321330469
-0.4794219113458344
-0.87514743532920347
-0.77905906766726285
0.56788774797798092
0.26565103948961383
-0.29842368809766129
-0.55823775392227082
-0.77415367497545862
-0.35842360822781794
-0.73811635800491393
0.57159142672936714
-0.78345718504595119
-0.57436904467102856
0.23726575758748664
-0.61883751668483344
0.75393231431492158
0.22051347662919535
0.25957598292061584
-0.95867057300810932
-0.11649481335707423
-0.91033150148045006
-0.3845358929948644
-0.1530643799549441
0.74196231529263612
0.49141846079166757
0.45606997169155877
-0.41756540739949588
0.26668707455487056
-0.86862945771408073
-0.010696439946524999
-0.91821640550349171
-0.39593461434524502
0.51430228862130101
-0.73517518805556814
0.4416000439157044
0.27813306062822085
-0.95411064629669684
0.11097240742129551
0.48423135925062194
0.51437510892328642
-0.70776990472783774
0.80404186368034813
-0.19544403388419737
0.56153211045184714
-0.040921074688838287
0.34242364643705531
-0.93865409603701244
-0.43831500836861098
0.78944450383749132
0.42971773153967191
0.19032101610714033
0.35132305244506096
-0.91670607265831439
0.3057852306302366
0.38337303369378634
0.87150473880802037
0.14256895266605196
-0.074127646139877629
-0.98700515997307037
0.70425606862606227
0.68324173396706833
-0.19288370270460092
-0.66642480462517295
0.71552408516401145
-0.20953105576621395
0.94462982023215691
0.29429916156123492
-0.14512927420929544
0.015123528622309949
0.53978425938135433
-0.84166753068306777
0.50967682866429109
0.11878356953025006
-0.85212674757477425
0.92946082673756869
0.15230183405562919
-0.33601595632292103
0.42454004579525823
-0.79540577152408831
-0.4325452671597852
0.4605222205797696
-0.86127343626187802
-0.21477279236889996
0.61792782819781844
-0.30873503188899115
-0.72308220779053267
0.18069244713734356
0.93275632234761585
-0.31195493691888998
-0.067338866189302987
0.91487409184056123
-0.39808400266683325
-0.37569543492601981
0.69007110221607915
-0.61859099093183911
0.93610619206955736
-0.067584332748243534
0.3451630848396271
0.22937802596529097
-0.91387378283538911
-0.3349931794087791
-0.94148743452433981
0.19386066209580122
-0.27571625691016927
0.37176655337864961
-0.090086362627766564
-0.92394484524643472
0.37555750476953526
-0.67062211221376122
0.63970504392355232
-0.9364080397897655
0.33710094647750599
-0.097482998010210403
-0.88426120604167435
-0.37000952171345708
0.2849123958888104
-0.71145258102399822
0.071342919578821218
0.69910329192492093
0.86649456982334927
-0.00054165941360392151
-0.4991862048091158
0.41146977699505966
-0.86755806068771435
0.2793485886046469
-0.85818469090516636
0.16463848750172566
-0.48622341030553867
0.28344021271573028
-0.831736898135637
0.47736294168627158
0.84654691715642116
0.37721997943312868
-0.37558408402038207
-0.23286476332803305
0.75329830609984127
0.61507370617454371
-0.58744264987849215
0.54868789299915333
-0.59485521698971855
-0.6548995440323172
-0.40038673510179396
0.64093451270842727
0.80213915935388203
-0.57986345582919008
-0.14258731228575786
0.29385806657893587
-0.51111752408733413
-0.80771672836293495
-0.71549334804861486
0.57581367675818185
-0.39561076648191446
-0.89503165760350911
0.33364750835413182
0.29596903901691163
-0.46978850319407806
0.84993251669641379
-0.23856546130730655
-0.86866557394790367
-0.49360632606521881
0.042106003208044453
0.88069942326046269
0.38204168091368246
0.28002264178693892
0.057199666880698476
-0.99665131387572992
0.058432496596659091
-0.7453667602222831
0.36825470811756406
-0.55571293192167603
-0.62365425620805182
-0.71888120073538209
0.30702636359576213
0.90686085441907172
-0.42142875324103468
0.001093921395005701
-0.20939585436951424
-0.95070017121113415
-0.22874125258024944
0.36551897705177783
-0.6854509672536212
-0.62972442298683085
-0.081195593858898907
-0.6362074198811849
-0.76723359834279037
0.2127635099155234
0.97579802471264965
-0.050496572312564603
-0.62545545710373007
0.65090006602141637
0.43027267544253833
-0.43234898094861951
-0.82583900417840816
0.36202803461928929
-0.021958011847633529
0.83642390474974426
0.5476430381908366
0.98019282069624336
-0.18230223369446683
-0.077381715188731146
0.22273717061815318
0.94996570319923024
0.21898245493694626
0.1286410530298274
0.53992086344482937
0.83182747050837824
0.14277016877832527
-0.67600102054000089
-0.72293796354589501
-0.38935150737481339
-0.91899219157266165
-0.062118882261649924
0.5086247500444615
0.0051954887283538111
0.86097263054006701
0.40507234150170002
0.91123880075892494
0.074567058020056726
0.31242879035855448
0.15280807799363308
0.93757023323854627
0.58946987575432763
-0.62848619906698089
-0.50747449508375975
0.76346838579881238
-0.15998278720581446
-0.62571681428871229
0.10184271860029516
0.30538653003100807
0.94676667027505834
-0.56735620804922027
0.083103952560632549
-0.8192683725476102
-0.16767267610957462
-0.98583710970500738
0.0033266822407997903
0.025499965626649392
-0.98399578718225411
-0.17635771193972674
-0.4171379157219251
-0.36680110417531447
-0.83153647499249128
-0.11111143548486879
0.20921013349346956
0.97153763125683223
0.41912559871274851
0.85076391346019886
0.31707175222269024
-0.94117225928688586
0.095682569903892345
0.32409817056781665
-0.77689806246377635
-0.61135624232078156
-0.15057538150522484
0.62129038663875646
0.29009728946753194
-0.72790234105534746
0.99153122319651232
0.060229594754069783
-0.11505750450182971
-0.85189916165796309
-0.033572723580596799
0.52262863545527283
-0.47838406351730228
-0.72752276451044373
-0.49179194268689996
0.71416634669699852
0.068805354455930806
-0.69658614143812558
0.029585645711886228
0.9949908363854929
0.095487826850903595
-0.6974993764618449
-0.11677301234995337
-0.70700684821439685
-0.82478776394448583
0.54263918587410875
-0.15895866884614818
0.098666937283937203
0.064813641668071756
0.99300756660799439
-0.56300591877447315
-0.63967232459930401
0.5233007286127489
0.25711482912838335
0.54483662258477583
-0.79815100033308028
-0.58209020259472311
0.81308466191869633
-0.0080205109434234433
0.94967982310963073
-0.099602747349795379
-0.29696384678750631
0.4929034473379012
0.44224061091676253
0.74931264079713866
-0.34811260947596873
-0.38048206142716995
0.85676777020144901
0.76591398378321618
0.59361498665168178
0.24697574186111323
0.88507698913309474
-0.28721627452045567
0.36625883601312031
0.0881063767658046
-0.17366609045683909
0.98085542023207428
0.77230961159882805
-0.62856013656045695
0.091923982502755713
-0.20505734568846243
0.95859317961571566
0.19761224904705352
0.50623629991800656
-0.51064529523680169
-0.69495769014944075
0.51750390406688307
0.22816450101410371
0.82470035149290399
-0.31369184452891391
0.8386768962537724
-0.44521735182513555
-0.99206696881059075
-0.039188363165267068
0.11944622885379663
-0.47243114061448249
-0.52403445017917116
0.70865838907269907
-0.23946382934239005
0.43424840487742106
-0.86838090565033377
0.70187335804874795
-0.62080121198420746
0.34925584384561592
0.0057023491862189923
0.98434547649733861
-0.17615750370899821
-0.26091703010065104
-0.61456577063935658
0.74446706909164873
0.88930109333683516
0.45385689396477302
0.056191504611983661
0.47692882003152548
-0.87866905825609209
0.02189946772615917
0.42560131678442031
-0.31185392606779178
-0.84947669064399378
-0.36589666060001524
0.017667335305568382
-0.9304877747853314
-0.27657447430116583
-0.20402934396612346
-0.93908390837336098
-0.77782692094799111
-0.31097873192319359
-0.54614788229930022
0.77786377075485202
-0.5155853772951724
-0.3593044292329805
-0.54335141126215536
-0.031557668976121618
0.83891200814401146
0.58377731493431573
-0.5620917963310671
0.58588126703743904
0.9387768270339637
0.15522264367917785
0.30757763233579005
-0.99365277398339358
0.074563994229961197
-0.084228115968371139
-0.2474042257386822
0.9377333401085487
-0.2438182354449889
0.85157806802528591
-0.46929709195142433
0.23361299951898629
-0.71179368130603271
-0.16134300576009894
0.68360675080421984
0.051979100046618452
0.13796735183199246
-0.98907187958550868
0.15360527418098999
-0.9407396004825278
0.30234818310642553
-0.42437025838163228
0.88036132744465401
0.21183440924692395
0.67847349590121386
0.35511713527637118
0.64309061227224351
-0.89950927972686512
-0.25589195841805923
-0.35412195823222586
0.30541963562834551
-0.088013980485716459
0.94814154292052233
0.60902916946522723
-0.76958934878316421
0.19187419049992263
-0.13705596631099545
-0.25261261426749632
0.95781132234459432
0.20378025825996157
0.87010488176091816
0.44876619868181034
-0.21076986480874912
0.18738892177343427
-0.9594068251190897
-0.49647637731185457
-0.55985713226806644
-0.6633786235777227
-0.18768322614130617
0.63256023990383248
-0.75142700877596724
0.41250307865186608
0.33992531262610676
-0.84515796862999282
-0.97105872808258431
0.21250654255265561
0.10902254806667311
-0.11785747557094602
-0.031644039015603753
-0.99252620632748167
-0.7534072690050958
0.65667464410798726
0.0339985116722991
0.84166339568608606
0.033674295508599988
0.53895154715815263
-0.9354291361408742
-0.14513938664150791
0.32234591622054853
0.23335687179762901
-0.55535642143192598
0.79820036053559262
-0.85139420800281063
0.3949665119483225
-0.34515120891957257
-0.16741897984889226
0.9854830937111535
-0.028177246065756126
0.64619603199964581
-0.34107311958017278
0.68271503229953989
0.85834968511406884
-0.26708653006483885
-0.43806461112774542
0.16022401359845859
0.73829226868621189
0.65517386353895957
0.38480936735883703
0.90241607939763979
-0.193822007103126
-0.61657980462108952
-0.34942844537878165
-0.70549918929335886
-0.24636317663301968
-0.86318680876091303
-0.44069685542381493
-0.59954974226317237
0.32558218931245336
-0.73111992487872557
-0.21200017694888304
-0.87921667822214711
0.42665437734735079
0.025241442921247026
-0.87742826937299989
0.4790433191939491
-0.31013640065571074
-0.93230769594623653
0.18605852054592945
-0.73254807802454069
0.12604885887408618
-0.66894319531563518
-0.085175658609418795
0.44972875921692812
0.88909456770000228
0.38964301566829446
0.74958722232255837
0.53506758121910969
0.31108685936805125
0.70267914197527059
-0.63989607700111728
0.21021875868877757
-0.2986787657505493
-0.93091302944210541
-0.4663740369006189
0.42966944406612012
0.77322663336238706
0.14428458996853194
-0.74805251597447053
0.64776491911948808
0.75618284891032328
0.653765314284105
0.027900051126703067
0.49725441719517938
-0.2297857618157445
0.83662210599926201
0.84689529429054033
0.50246055224382602
-0.1740739898645636
-0.11738993458191165
-0.76842279786596912
0.62908346582841479
-0.5190216430250888
0.20289038151421696
0.83033247989016601
0.18457418938118683
-0.82229010942204706
-0.53830413760341422
-0.73742500030040126
-0.50247869947603419
0.45135299434569687
-0.22750070978587381
0.88149481927977225
0.41377567670157361
-0.59242272624332304
-0.79585246913331531
-0.12511658884749899
-0.081423734771632006
-0.96465106279540225
0.25063619543780979
-0.82045416920122527
-0.27562795103044635
0.50088340844061208
-0.51274921225923242
-0.15396017628764019
-0.84462092647827236
0.7002956882008684
0.13084474008502342
0.70175893516175103
-0.42634084774605036
0.49884120310227759
-0.75457997298540269
0.56031719984691108
0.58742396943543229
0.58393297191410343
0.83035242248225472
0.26079952332581618
0.49244132961285669
-0.61040359647738962
0.50600033109015352
0.60940225987776164
0.29349883794575943
-0.32436224212111786
0.89924833500577039
