0.68853691937453643
-0.3617819497921802
0.62851470266238918
-0.0046938112143904837
0.99754551835970473
0.069863487865635662
0.69637785726398072
0.40128694043490176
-0.59500140449315131
-0.93750729132647015
0.3066224344604741
-0.16450763324307233
0.65472709071578061
0.36375017571480428
0.66258452015595648
-0.10110387989720636
0.38822378524567153
-0.91600234608829134
-0.036064611575704411
-0.9713388452077687
0.23494721020333917
0.36302712624701666
-0.04383406026947214
-0.93074694776245448
0.3587836787864323
0.19899622189740679
-0.91196204718564489
0.6311913163496109
-0.71870476851318232
0.2916521521971997
-0.12262568957895523
-0.94315046510188161
-0.30891769200450442
-0.34457401341613952
-0.86106680456486617
-0.37394211765291241
0.036486406509365278
-0.36583524207882939
-0.92996414866012855
-0.26447817047052224
0.88066424986243719
0.39304169798991567
0.057634041656884349
0.6117608451048443
0.78894041957482397
-0.85724040641881483
-0.45120382552020838
-0.2481007727493699
-0.69718730935915219
0.64160211922873744
-0.31980709227554455
0.28633042254072744
0.61126245693220338
-0.73781643914516748
0.48290164467967145
-0.86631010499631433
-0.1277215860649363
0.92733161626456295
0.13643343378239289
0.34848528178747923
-0.16464715222465751
-0.2450927382501279
-0.95541659234145859
-0.62496797190882203
-0.22121521152199419
0.7486513636396136
0.54878159715636332
-0.13253831683030898
-0.82539224202454187
0.36860701107413235
-0.92200435468197739
0.11847717642847841
-0.35989842624690155
-0.73845031674201
-0.57023175331493836
-0.80531288567955794
0.30823301146478127
-0.50642232059992698
0.33039816503785446
0.41781422684961272
-0.84632636989619969
-0.83198118167926383
0.47170214753209583
0.29206916534475963
0.13234042994241371
0.30402949952402891
-0.94342571197833358
0.2616207507565349
-0.82079561159591485
0.50778848624055561
0.63825316556987322
0.60792315913826644
-0.47229474824878814
-0.70282115613725948
0.48158941250427373
0.52355903224915767
-0.8182550306020967
0.064763675464834317
0.57119556303830599
-0.51849583079806771
0.49787463233321011
-0.69518553201580091
-0.69637750645159213
-0.40128785902032416
0.59500119555438491
-0.54860095662229236
0.43748994426245236
0.71248827292969674
-0.91052049322067652
-0.12074692511975554
0.39543976974919987
-0.98025052239817667
0.028673374310824055
-0.19567000522239753
0.98870441014908739
0.12259349106669329
-0.086223113489515002
0.30725813276117697
-0.7938375973059969
-0.52479930350140225
-0.91712537213779532
0.17400160135752388
-0.35861468807918018
0.29661514211854989
0.87109879928020773
-0.39141581388412594
-0.58075393088467642
-0.79814223842765819
0.16029297863500963
0.36676700145550406
-0.19103431968965454
0.91048770191807049
-0.7458199059094176
-0.64145954894151136
0.1796727998919708
0.93737990462886989
0.34490370419892125
-0.048583425443601239
0.5063395033698368
0.53169482272118285
-0.6789115721643556
-0.33308434950616272
0.14647219072576351
0.93145086475779915
0.69745465469035561
0.67377306953004523
-0.2441041896953379
0.74061272759881813
0.6184927872253303
0.26260133257255402
0.044467721736526064
0.8687651248584205
-0.49322386352780584
0.43315015806116336
-0.84117997837429059
0.32372393262441568
-0.058435207481233001
0.15529670880409491
-0.98613805258758847
0.40334026700221937
0.86449548024540113
0.29994031681294792
-0.81021001428413986
0.088982478215225452
-0.57934605489670077
0.55717721254592401
0.097525049153935076
-0.82464684478088957
0.12550029133430829
0.76843326281920166
0.62750298602320576
0.12222310184005079
-0.98982177023582829
0.072899770533297686
0.9150945161913645
-0.18598546215565812
-0.35778685596768212
0.16541621743954746
0.06661744210152537
-0.98397133668407355
0.99320510491728664
0.0086628654137843701
0.1160541870380572
-0.7348993224434186
-0.54671602879004877
0.40127866842911403
0.040920575026733852
0.70523108081096397
-0.70779561258719381
0.22710152928904462
0.77490058790709559
-0.58987623638846032
0.79488094617469929
-0.25716086452103515
-0.54957490041595647
-0.61565628165105901
0.77357031269252507
0.15018759663960626
-0.72678933061457129
-0.52202255377114859
-0.44639637348333355
0.18566583087494029
0.98117029547428114
-0.053226408148867907
0.47444002796724577
-0.71299504035401251
0.51627970354549002
-0.92182027062439309
0.10802210609169108
0.37226148506323675
0.55487379281658056
-0.038765435789884645
0.83103087489777583
-0.32397003913873257
-0.38244621249500338
-0.86531977227420087
-0.078021667446442039
0.051480930066711082
0.99562158134923096
-0.2692768600365027
-0.075314882922671661
0.96011334802679726
0.3168508862163954
0.64386846988429314
0.6964473486149142
-0.84633949600676461
-0.3434650461007942
0.40711327613576415
-0.52878001390855656
0.79832287180224637
-0.28822263833412004
0.091040904052437421
0.51833188305474409
-0.85031971210729773
0.35350314338969369
-0.4363441062156293
0.82742936168865144
-0.5175685875167837
-0.82782693873849256
-0.21639158189434585
0.57467725357543997
-0.81384095166503156
0.086075313626761379
-0.48933361373572937
0.27944040886208388
-0.82611480580081809
-0.53078012505779248
0.63386295218951672
0.5625746321024655
0.88931698379972923
-0.45522173754248146
0.043456552948388689
-0.49130483982319922
-0.030575098763794783
0.87045087035506186
-0.93373774421653832
-0.35669567050450002
-0.030033708874456874
-0.28206572818139697
-0.48714312082971217
0.82651709287454345
-0.44575380974339396
-0.89513693560456042
0.0057799321559412536
0.82733955915741497
-0.41917265872201065
-0.37390311048871366
0.85510543890581348
-0.0065344670685578612
-0.51841295228208351
-0.2911395578953615
-0.94497407090824148
-0.14920376382517747
-0.14440084632835973
-0.69690895122201479
-0.70247157187055242
0.59076484605181756
0.78986962502165081
0.1646294995969102
0.14674353219179911
-0.56017760552744489
0.81527135729486588
0.79417407565756726
-0.55578121137955472
0.2457534997328078
-0.26992448091523635
0.96263939913048702
-0.021590781466524465
0.57269110290949932
0.81555241820504731
-0.083061144996929293
-0.53743230310162649
0.21080373328057109
0.81653432604995557
0.46333586554981931
0.43748145207741251
0.77066844672883705
-0.24242966176354891
-0.96282835121635091
0.11911937370224221
-0.21068834854696972
-0.29714765537313342
0.93129677906282915
-0.90720459352609073
-0.065471243201321527
-0.41556388413676415
0.17155785071237592
-0.32269271794142557
0.93082614576865308
0.37619409875951654
0.76889711491615875
0.51698667945327426
0.86224576234311834
0.4941527618467727
0.11110937530443352
0.53780574318873597
0.5893921449282622
0.60281164727473036
0.94619627720212762
0.060468772612934943
-0.31789327225897629
-0.95229519758090964
-0.23800098829451474
0.19102195223369028
-0.14549361950396297
0.59653944970234407
-0.78928593781497247
0.11839769255103373
0.16899091903368935
0.97848048303619206
0.47211212693176197
-0.49535253657148293
-0.72920230671341513
-0.6736740616046315
0.018456694054074112
0.73879808416489101
0.082097531702182966
-0.97498288384766219
-0.20656323848280694
0.30301806720530083
-0.89839164738692123
-0.31791901304039333
0.5417101085001772
-0.28512202897807726
0.7907310458937038
0.4437909110102618
0.71391658654436763
-0.54163893394171747
0.6874337728248372
-0.62356860081253873
-0.37228619106878375
-0.32889879152889245
0.91347748563435505
-0.23955055451818666
0.80161677958901734
-0.41583448887644131
0.42952557146484482
-0.50343437468356356
-0.44714711936698032
0.73933299941824648
0.98472581261962044
-0.10364826918403029
-0.13990035831184586
-0.020935177003337222
-0.18377209313555187
0.98274591637330999
-0.00412132992208223
0.94595747452117662
0.32426450782839467
0.9570767185525868
0.24529318377399259
0.15438720412855039
0.66240218728821698
-0.73182483203028237
-0.16017414741347813
-0.19408625175485394
-0.90118101385953187
0.38756071413245374
0.72193900375384601
0.16944749026155592
-0.67088868145390879
0.84263129882121601
0.23551858679768473
-0.48425560349849534
-0.98749179435757672
0.15764561264932175
0.002795869967185634
-0.55434036339544768
-0.5683784107915707
-0.60799074306822443
0.62740699682407497
-0.31739229744467573
-0.71107143794346406
-0.34530596904266103
0.81572971274052208
-0.46405691837938795
0.033375531244629802
-0.88477215823831945
0.46482717424914488
0.7980120949938605
0.46650530691163494
-0.38150949512009685
0.54439066051735929
0.3236207557489989
-0.77389173350664486
-0.40608412771016067
-0.16891379480181809
-0.89808897729987036
-0.031793684682132471
-0.43957744685612643
0.89764181599888859
0.089690080510724968
-0.89564666036917318
-0.43562914184834656
0.31747103727169756
-0.65357164168627846
0.68706349755836638
0.71487026233359474
-0.12687450505874581
0.68765061477264433
-0.69982774378025292
-0.35758872245723677
-0.61836189614726578
0.51741759445385982
0.79068993940093724
-0.32724372061160051
-0.34590812946133276
0.6574089376260156
-0.66944832115854569
0.51773548273260095
-0.52002375469975293
0.67935650763616873
0.70471792865767369
0.12154417807148303
0.69899903705610755
-0.19396290109446662
0.96175437450228773
0.19340867644635623
-0.14251590486486085
0.27488967309701962
0.9508548177745979
-0.35368331757534915
0.58098264606372418
0.73305339221757115
-0.99244225052358381
-0.12096787537168469
-0.020619226555439605
-0.0005035772141821533
-0.093126126094225312
-0.99565419250293508
-0.83483469814019717
0.30375964385413368
0.45910903448611834
-0.84663383681568616
-0.30111029592219846
-0.43879805839178015
-0.078755486596725779
0.98495415578687917
-0.15382744985557403
-0.60796942066411175
-0.15525999233600551
-0.77863182462391556
0.8173774274415142
-0.55051010560559677
-0.16980213407141528
0.50687359835262935
-0.65711480522024113
-0.5579240880741948
0.84407705706998226
-0.2020982225825734
0.49667920246074587
-0.33837995997401593
-0.65017594654977851
0.68027218171558601
-0.82317507606666429
-0.56644624338126937
-0.039005736781775893
-0.070004650688200928
0.84700693016821527
0.52695218865570614
0.97366861800045612
-0.22026807834666481
0.058748582813114403
-0.49060457189793583
0.7845985019233096
0.37909411075950705
0.1692019591395211
-0.064371051749925315
0.9834770280590982
0.92739539557512152
-0.33627801390945672
-0.16387457895346333
-0.66394466769982663
-0.74617497801318344
-0.048993677347101215
0.18874814929111536
0.88204982331914517
0.43169693689189342
-0.90836620389068778
0.41563319194069143
0.046042256530429884
0.20268256806796625
-0.93260731235681804
0.29860237363418002
-0.65339504460441145
0.07236681304112455
-0.75355023724810144
0.52862481144219908
0.20859539380994516
0.82282669524570806
-0.5281410674782504
0.68009083772472778
-0.50847169565848227
0.24289490329578833
-0.45936662240359161
-0.85439122898965059
-0.094957964762614019
-0.63237649265020035
0.76881919621688244
0.36947077803885486
0.91270679587549752
-0.17452119910786246
0.67442870495087326
-0.48345614687120214
-0.55804666112318846
-0.13773685966944402
-0.84212453509563945
-0.52139699354556401
-0.55406458224021049
-0.71655277642336468
-0.423750583842605
0.20216423866490565
-0.20925569626995283
-0.95673490277276729
-0.23505041603609214
-0.0095946295532575217
-0.97193582350122043
0.088840917679548659
-0.7452074267788259
0.66088817694034785
-0.66471696408110847
0.30025665639906601
-0.68410328017840072
-0.55396672332948327
-0.60238475585812901
0.57467684428149535
-0.82457921683527347
0.55248727516092289
-0.12176586528492132
-0.83581297437301827
0.442651449093659
-0.32477125255325762
-0.15572406294003488
0.78357972911013207
-0.60145891326768108
-0.37879715047422097
-0.78158047441843936
0.4956255449434156
0.3621184795218117
0.053508211436326863
0.93059501293403502
0.082317849071596838
-0.7710462263465574
-0.63143605263000246
0.91645427629215315
0.29347084447210753
-0.27200445384341393
0.8444449740335167
0.025785625786586254
0.53502129614841276
-0.52566527158003862
-0.37848510853073897
-0.76185631511142515
0.72133966747829925
-0.071133850360962037
-0.68891876114322881
0.052288158696255527
0.38788977663994378
0.92022142424438791
-0.39467971391866757
-0.87754371351811478
0.27229571110451939
-0.77624167006344913
-0.13539984920941278
-0.61572376151255981
-0.4915975236649941
0.86923436521820086
-0.052568936171057921
0.24364746754378891
0.48452807863556652
0.84015977800250863
-0.46018734301409658
0.05414529721992075
-0.88616922544093846
-0.28202133082745778
0.22693813954332645
-0.93218187591205792
0.27798105533022238
-0.95623295724722912
-0.09135132375458456
-0.78053327011616858
0.61510835146359666
0.11139807090563389
-0.13434956953279573
0.70145525957221999
0.69993621994066124
-0.32387506135690497
0.75407181353616504
0.57138484812019652
0.31254857227660776
0.27811026605576628
0.9082775291078411
-0.35369758236712823
-0.57682213463815035
-0.73632482317190451
-0.14895584733131251
-0.78770563009421191
0.59777252852878004
0.74888010736379185
-0.66106955004541601
0.046536381440189241
0.40456616788466243
-0.30378815116690755
-0.86257693860531159
-0.71347007330113399
-0.65298848260596709
-0.25409938230470153
0.73804508629342447
0.67463856562535618
0.012339220765239368
-0.15362928498237996
0.50356961215042895
0.85018567884578555
0.83847115476080514
0.52370832354402197
-0.15065096908016298
-0.42824435985484
-0.26138754101365863
0.86503371128260154
-0.93942136445122126
0.26863806605548651
0.21288750428001646
0.50789929136713163
-0.78346217416762565
-0.35808564824257133
-0.67539319700503009
0.73207083949074181
-0.088973678167449707
0.29276016225572837
-0.64716383925532939
-0.70389662064560421
-0.57865675633914548
-0.72278026252822858
0.37781615958384279
0.91195472199072747
-0.3245211514280324
0.25104702211864455
-0.98438985841917215
0.0029989850074002757
0.17597617091642667
-0.13992281177978944
0.91664565901456063
-0.37440932487506168
0.81088576882838193
0.26842801720565013
0.52001025902442255
-0.7058336106973
0.26301181212748598
0.65774136306866726
0.86160389688862704
0.39059016887790277
0.32415743835714128
-0.083257060564639496
-0.99560124633207758
-0.042969991484171327
0.71908078876141812
0.50683249849646528
0.47544046704302273
-0.32436264461903613
0.4529436366621174
-0.83044020662720852
-0.41770308949183266
0.89085479645137877
0.17861091979089799
-0.87090370433355468
-0.45333555021938643
0.18977253933427349
-0.1329861972560287
-0.5063182175532378
-0.85203082920343476
-0.35780853342413349
0.37370951036705902
0.85575361832135066
0.65510752295731867
-0.57999273677238761
0.48419268752842798
-0.68349070118821509
0.50866110948531174
-0.52354974652502095
-0.94655176335309943
-0.22134197139516582
-0.23462201727894122
0.40202453095347429
0.91338568383776186
0.064053642143621359
0.11257383313994018
0.95429437970430209
-0.27685622434209867
0.20388458269512963
0.95932601731477374
0.19525539542406298
0.06953983371217537
-0.60210654971572641
-0.79538161552597275
-0.67948496090860677
0.64577071761320315
0.34825331035376816
0.57702727802534381
0.71235630189760601
0.39948469252454355
0.94463549207066144
-0.099130061974729775
0.31278909497184493
-0.78795594207345865
-0.17378706169529798
0.59069746109022925
