0.20654013989791919
0.89809512418967519
0.38828638724230313
-0.66285089194969093
0.61682686983934576
-0.42444470509795973
-0.79819176566004357
0.27311774577122844
0.536932586250215
-0.12856251603734234
-0.012467550384913435
0.99162303304105837
-0.96555914502230977
0.099925365528786683
0.24023001225434856
0.11825738872726575
-0.37940274925357198
0.91764303728096774
-0.82412014362046893
-0.46975329513183423
-0.31647721970429654
-0.97915829180023128
-0.15373736683376293
-0.13271722434512359
0.37651894126630775
0.50089826423450223
-0.77931663382386585
-0.2355064159109285
0.77028216304842911
0.59262308202956637
0.73241177858506967
0.56501688102803516
0.37990644998894935
-0.013788728680732776
-0.75314399961135814
0.65771117278846336
-0.34781343925821701
0.0039560438635693404
-0.93755541766250816
0.47990166997770123
0.23339198245662585
0.84570832423334907
0.71345065046930944
-0.68735556837685297
0.13612674963523022
0.99354828234196679
0.11253463050562683
-0.014062986606314746
-0.80842938779662554
0.53586075686894241
-0.2435060044323705
-0.87486303574718904
-0.47077293636114681
0.11396276178259401
0.76450290992182668
0.34534825393445939
-0.54430679237492463
0.44384173912462471
-0.3543672123786063
-0.82306038016772765
-0.46708318649610681
0.2074135365950876
0.85954227454486576
0.83227372989913317
0.23329767406325808
0.50288431452617233
-0.43016512153747632
0.90111255407647484
0.054351937393441088
0.55632626377035777
0.82587602460969978
0.091814379125454204
0.83823758484830846
0.43116374782684541
-0.33384962768825022
-0.50467215736140314
0.42537113325589576
0.75124257904939196
0.67429157699017328
0.025136856812852885
-0.73803726710083917
-0.69371623422054718
-0.18629682161207536
0.695737939626769
0.37748097631034272
0.62046617224922895
0.68740806048385883
-0.098508298227404464
-0.63561449874052067
-0.76569597372010345
-0.98408124487467552
0.12126348196082369
-0.12992025026394374
0.71561591613120235
0.42276097351121328
0.55602789485380255
0.9433144217347188
0.32475143861217975
0.068515727147951414
0.86411442147654582
0.49236278028828251
-0.10433196625697734
-0.75864370396044434
-0.369448271820909
0.53662622456391518
0.23084442402116576
-0.54378332161384679
0.80685224857649607
-0.45219334701299213
-0.7213050303412456
0.52463342451811301
0.21470316748065851
-0.71545782577546613
0.66484783929137892
-0.57166436588347791
0.78247385796842706
0.24684917333271944
-0.034308839345994949
0.72120439654214352
0.69187218613773827
-0.88708662692639129
0.070594982180271937
0.45617284533313085
0.043111410559285288
-0.99651939410471635
0.071347764174903225
-0.87358247071377626
0.13803836421860569
-0.46668948655981723
0.16252417119489967
0.59732802343124414
0.78535668724544128
0.29528528153591665
-0.94846649937342575
0.11496913531280332
-0.65395094604462478
0.23828061531866421
0.71803238682576076
-0.50339009206668439
-0.16901721843029321
-0.84736744986055579
0.74021448068852558
-0.39553291064592816
0.54372441473137534
0.89718675674764614
-0.057275921232528317
-0.43792167377694957
-0.45355225153601836
-0.82986981297603613
0.32497145818937251
0.9003676561078835
0.20030043087836785
-0.38628722632872081
-0.62519466090526743
0.64720241331310702
0.43618880336069815
0.44304193557380439
0.29203742424159168
-0.8476013132159208
0.64002926016241968
0.24805965233114377
-0.72720626717685677
0.12320898647124152
0.39757797244154208
0.90925865488429725
-0.18643221475654623
0.8972624326467028
0.4002038933617339
0.33732788162103083
-0.90479370257479486
-0.2599197107994341
0.74254729045366441
-0.57465832060489663
0.3440804208313531
0.33798812044308879
0.81668707267131391
-0.46774593079032573
0.37945735206637932
0.92514964651909737
-0.01049997658859024
0.9508407982557967
0.18185393624841664
0.25066097072188148
-0.47303156977894184
0.61928735960890635
0.62667718980436726
-0.58308670959017272
-0.39242312048782507
0.71134659878704931
-0.44830504944409871
0.46095306592083668
-0.76586216361764803
-0.26548646352877908
-0.9392347562039195
-0.21761206405332006
0.60605939418566857
-0.58577293841333489
0.53810972425882431
0.49261862056325484
0.065101039761636864
-0.86780686174765276
-0.43368462068613539
-0.57298167395168575
0.69542048509937282
-0.6427963777107023
-0.76104690672743425
-0.087295031717756877
-0.32896762698365539
-0.92945576532801022
0.16700982215206828
0.49188464340466082
0.65152646726513019
-0.57754892436545058
0.14913877544594076
0.928222689185497
-0.3408229231429859
0.072487924404568832
0.68438215438701622
-0.72551124565516134
0.38664036504409305
0.016012083189801941
0.92209155798678322
-0.010547041811827744
0.99975591000798447
0.019413405500491671
0.56731531120731804
0.81057113882572807
-0.14535393552465758
-0.23846472792036377
-0.75010150649364571
0.61683247603691416
-0.25600277006531152
-0.21152736043971043
0.94324904320348835
-0.66081132039645019
0.721501444244389
-0.20679474071929643
0.59966974313606203
0.030441003297628715
0.79966839657783351
-0.38198696171216096
-0.01786038850507363
0.92399511232709453
0.80919595149654866
0.11394968440869239
-0.57638301632226707
0.0069307584520177717
-0.58381730365463502
0.81185548008294628
0.22448378123209131
0.31026330972774857
-0.92376604754695635
0.54610230634219048
-0.67711109594974417
-0.49324723491315858
0.39006895739496406
0.8867902355074706
0.24788966635463172
0.43218605910106955
-0.57850879613670092
0.69176786793775846
0.93013589996964019
-0.16866567372291036
0.32618874611988735
-0.27011757859362279
-0.2151849907029813
-0.93847318209465946
-0.11874090888342119
0.76250912232735413
-0.63598776318818218
0.19575028982816806
-0.97583130262010853
-0.097134406154206751
-0.74277855344550403
0.63663331623449693
0.20731145940750997
0.34118905260635651
0.42864624749143382
0.83657182889043624
0.12965232498692103
-0.82472977679408199
-0.55046441292300552
-0.36207186268961683
-0.40025726251481097
0.84184208142181916
-0.76176625661125585
0.038587299557439843
0.64670177872133505
-0.75109485360569139
0.27618038317972493
-0.59965066233078168
-0.10940331024226969
-0.9622033560518074
0.24939049162041549
0.14807981805560527
-0.013746621892566053
0.98887987029323321
-0.94929262018733507
-0.011341902773211111
-0.31418924631398037
0.70751695458044728
-0.64125644115612901
-0.29700157517593334
-0.17158724585096971
-0.42246471036095135
-0.88998954238851391
-0.90723494920653758
-0.25263233195180229
-0.33630589021128615
0.26703396696596815
-0.19965601963902924
0.9427779878149033
-0.73991414709980252
0.059639540791520972
-0.67005237115896255
-0.070812654582970855
0.5485190128316948
0.83313411916272861
0.37175368865055414
0.89435885232922097
-0.24884018613372227
-0.3070186080398159
0.79867921132828623
-0.51754332350955956
0.28911009319983627
0.68579050843643641
-0.66791221919386701
0.9221505464432358
-0.37718501940970567
-0.085847718824332023
0.98670976123395959
-0.029549014587570834
0.15978329957328477
-0.91810913119829729
-0.37974165112556291
-0.1134544032232285
0.64495188764568656
-0.76039657762630142
-0.076381328585420488
-0.8456671098679539
-0.15693739797670722
0.51011546967709454
0.28600265838140504
-0.51841451766162638
-0.80588390434133406
-0.91330545963147147
0.396513199667411
-0.093007633540793652
-0.89864070037907062
0.29801452565986969
0.32191960816007531
-0.18381871154557305
-0.98295840354205988
0.0018596214050965248
-0.25239379586090277
-0.87177958763781693
0.41987822328499352
-0.68439535986193201
-0.66537919020468095
-0.29811662926113303
0.0079534270390335619
0.96210043277925805
0.27257934669431388
-0.91810203750599861
0.27380829056469652
-0.286561806152482
0.84254044122855465
-0.45276151051003433
-0.2917749466542055
-0.3175312200742984
-0.84828494930464338
-0.42377655558247429
0.38206926948956899
-0.37851699852345189
0.84305869021112878
-0.42659558220475519
-0.90310730535294537
-0.0491264110385424
-0.2455020615036598
0.96586093941093754
-0.082712656333081919
0.68127692669852025
0.55713250180616314
-0.47483168026093703
0.95171179446985121
-0.28152110782280471
0.12243580406562672
0.1349555222420456
-0.090753623075763748
-0.98668677244351422
-0.094820499831250779
-0.91137046200012006
-0.40051585961786801
-0.80521514189927557
-0.58470297942117289
-0.098747157488875414
-0.37182706214086453
0.88704962145989208
0.27365599742661573
0.19598321738573402
-0.85088537472012227
0.48742656635695708
0.98910448133740303
-0.13407168689180304
-0.060803846689606603
0.80473316595214928
-0.5878173181233346
-0.082917622559509102
0.68313218533455922
-0.18391085545341287
0.70675824339474325
0.34202410167961084
-0.68188297452857116
-0.64657182348005471
0.57523266792295791
-0.17114130150231899
-0.79988626233629512
-0.49642672313683706
-0.20949247679613239
0.84242115994402955
0.54680918629782516
0.75112834648312532
-0.36987284421789646
-0.63503632691934098
-0.69472904699047056
0.33775792331269522
0.70452183449339811
0.68408327347570597
0.18888901416657244
-0.49558604992354777
0.78085245617173604
-0.3803470899214848
-0.50809255857998148
-0.56681165179216464
-0.64851098935043949
-0.74168477535695687
-0.65954326474956204
0.12209167017937633
0.36805888277407728
-0.13693808548417208
-0.91966331858731198
-0.42592781794548229
0.77592096180069214
0.46533015691924479
-0.96744556875353227
0.24433334847317556
0.065956700365013499
0.66035071558729297
-0.3464860121537256
-0.6662464827713227
-0.085757699521840189
0.89574819645089898
-0.43621185853628908
0.72589055704224226
0.63619709087583409
-0.26141186040045872
0.84571054627032116
0.51615988654211165
0.13547192864940466
0.58014843499309043
-0.3931396704347267
0.7133505399910639
0.85686532125363191
-0.49911525787052524
0.1290960130823148
-0.59147874495954256
0.0091120441959404198
0.80626910204450686
0.54133742907874394
0.43861591726417815
0.7173352528636241
0.70449196598956187
-0.50578694999356
-0.49786607744691136
-0.88549517282030821
-0.33133613692010588
0.32575245706332451
-0.96155655660136885
-0.25775551367824878
0.094715804517413946
0.97156971112085722
0.029879236557953819
-0.23486065582648777
-0.80225099460807547
0.41323973795238689
-0.43084366146828251
0.57645042908689081
-0.7392597655682277
0.3481377626996936
-0.110135735236829
-0.043198536320921882
-0.99297734429521267
0.17750071860145436
0.97743889256480931
-0.1144845238346497
-0.18252642608385383
0.18412148499559067
-0.96580711456484625
-0.29022461149541473
0.62699142085847293
-0.72294635558401488
0.022502967852365448
0.16964261134570507
0.98524870000099241
0.38439237127045683
0.78038537504837724
0.49319486140842861
0.3490221835389169
-0.8136303254424111
-0.46496151337309932
-0.092562903609664793
0.56014659741728523
-0.82320586627962355
0.15568129541652778
0.51019563422985259
-0.84585090238778504
0.93641332016319201
-0.22147814338884445
-0.27217186816785077
0.11369436805445809
0.8295320582881176
-0.54676334455134823
0.26024108883627517
0.21010192570455968
0.94240742595575178
0.67391717136119156
0.23609958120745383
0.70006616394323407
0.53746602667777754
-0.79348626278214396
-0.28549924858610232
0.44659364924710937
-0.89266199597618834
-0.060898878412966699
0.12779491824401754
-0.92926927558717931
-0.34659352608016775
0.94458486438324152
0.27916101775166713
-0.17270946744734866
-0.94858444235675599
-0.11983335161930195
0.29296334848988681
-0.40324018030748737
0.22881577740127645
-0.88602522368036141
0.51556210701820615
-0.526667598777665
-0.67588235234004757
0.557114505376469
0.7535863486882759
0.34889976063305722
0.19223011925524763
0.76440280067726651
0.61541525782829298
-0.10272911351068488
0.34821188349038484
0.93176993589264701
-0.27926618390711944
0.60382592360981113
0.74659537401641696
0.19857007982773114
0.97029448302972898
0.13819746596547822
-0.0026686907172655755
-0.19861916476113489
0.98007311231328276
-0.47108442706392156
0.86641082422990601
-0.16556493057139829
-0.99828401625569407
-0.024772708422050621
0.053059738086773174
-0.49467924391603285
-0.82909713886232006
-0.26055782461668087
0.85900092620207247
-0.38174418611290045
0.34115800613935571
0.0076079946164994746
0.86172330570979172
0.50732145905185622
-0.28388318556059899
0.90831096057932093
-0.30721578059637195
-0.62903101268708483
-0.56038980360435686
0.53877941042149224
-0.094579967240284543
-0.7961212123894621
-0.59770029695522142
0.52801287272923636
-0.83712925926758119
0.14288810136022592
-0.61612020060334993
-0.37057577224583643
-0.69503201036563056
0.28441022300901386
0.09161966799450201
-0.95431476017325667
-0.5906099955846047
0.27124697756120408
-0.76000323044015083
-0.31498697264185488
-0.72636132960520361
-0.61088659006404777
-0.78070040695578224
-0.52569971851875652
0.33785600561241508
-0.7845829392219984
-0.3237170757589023
-0.52880702183677086
0.12982464035426772
-0.94918241887678312
0.28670245630636659
0.77481357063275702
0.031535661456904243
0.63140275008887403
-0.31078673071557722
0.40448117569912667
0.8601201000535772
-0.69318936371520512
-0.15931058154868874
-0.70292861987454158
-0.63025743260598577
0.77616722802996152
0.018439164221761645
0.41477860999293797
-0.74442921382891036
0.5232435860002459
-0.87943440495249647
0.45357699905936394
0.1444404143934459
-0.21708380766073743
-0.58860393826494783
0.77872975049789228
0.05196814013884142
0.13727080443935161
-0.98916936803516253
-0.1959403843548988
0.96915658412563421
0.14947535323519726
-0.84868059593013778
-0.098271073505818485
-0.51969610562681767
-0.02010395842364069
-0.26349207850521089
-0.96445204931126793
-0.7860540982725559
0.48408796971441159
0.38441877187085688
0.058080408819247066
-0.48385701846689128
-0.87321764285412806
0.120172557460795
-0.67703945556786294
-0.72606895818352124
0.82812065101877841
-0.1818009964459785
0.53024954978527228
-0.79395109311214729
0.60757623120722615
-0.022198761633251535
-0.31143849342549879
-0.56125022483770493
-0.7668143516735203
-0.63018355189574327
0.47666283782028179
-0.61291208991272217
-0.47896534692882947
0.65114416737345948
-0.58873038798491661
-0.41969218039899037
-0.37394769205059797
-0.82705598197581076
0.49787076812443704
-0.18014412348085301
0.84833530695268033
0.21674517370712185
-0.31481535157943591
-0.92407403604071991
0.9052982986201128
0.035536986410887081
0.42328727019881129
-0.052340751597556814
0.97482424807753254
-0.21674439112068458
0.56491300380824294
0.61682918836895895
0.54808306898173687
0.73291737155729253
0.67926653978346319
-0.037803364931580478
0.36945050879734476
-0.87136942774687731
0.322833768273182
-0.016574986619579374
0.35847603987687526
-0.93339177125832529
0.77105509201402855
-0.14311099576556355
-0.62047827356824248
-0.031479417540269498
-0.88248128539915294
0.46929290127977019
-0.25266433420192308
0.17550035217807888
0.95150426200184157
0.86504796563691899
0.38080329903633209
0.32662036769080027
-0.2516398771488122
0.40585419175536935
-0.87861239876473773
-0.66471026542173117
0.46077280972488976
0.58808900760106209
-0.56375797023024854
0.047027155839488972
-0.82460014407924931
-0.12412062855759913
-0.40210751654809807
0.90714035005724858
-0.52045712424430324
-0.71537205186661235
-0.46622656427053022
-0.68487713976453668
-0.53090065602862724
-0.49908696322015927
0.57870476093383116
0.4581287907144152
-0.67469905201583391
-0.029696207748980099
-0.98405599326574433
-0.17536230314152101
0.8283954263923099
-0.303866954246306
-0.47055912662424959
-0.56381217456311139
-0.81688902578914091
0.12168874787622745
