-0.78768583385978264
0.33164333381003053
-0.5191952679637859
0.045799716825881111
-0.86926255103204753
-0.49222454562112822
-0.19250413305186828
0.81832648949569553
-0.54155693638582436
-0.6089209857127561
-0.5826695567915936
0.53824847491367167
0.44762326186309015
0.39275177056119059
-0.80335512829638256
-0.97949581194786306
-0.18776354608904886
-0.073026057929086827
0.47858596766259143
0.85160384291753188
-0.21383724251063613
-0.059724549184533203
-0.94754238907787769
0.31400063554918506
0.2013500442525149
-0.32595038781792129
-0.92369611039608535
-0.80836324314122754
0.090032479133366206
0.58175855802841148
0.56651496961107539
-0.82382362668039666
0.019375792363687184
0.75047143932878257
-0.4159394930375005
-0.51360194400283621
0.3762061126673239
-0.570140153696717
0.73034866052757619
0.9203777482546186
0.21323663320923003
-0.32777269376101181
-0.2143142686778492
0.96723359369195083
0.13611968805001315
0.91144485790851448
-0.27514668146067955
0.30588000044674929
0.30749047865093737
0.7802063549601147
0.54472713280950935
0.84667982299724698
0.42173639733381846
0.32445598853040464
-0.55680311563259832
-0.38462442590302603
-0.73622981562865208
0.45048213968693257
0.13505511139272255
0.88251116633716431
-0.23247193123789819
0.23144214159437715
-0.94466466869505095
-0.29322005122939837
0.52546914616745743
0.79868903709959138
-0.19121509428119488
-0.19342114971173657
0.9623019518650181
-0.59177970623915754
-0.78904511083219431
-0.16493814705915247
-0.78715328923345385
0.6058862730288207
0.11528886938555841
