0.81075096401883273
-0.32674723411401696
0.48571505982558655
0.31570030070765193
-0.1127932253360384
0.94213109939720785
0.24404143004365816
0.85505135907934304
0.45752699784691897
0.087124318236176682
0.47941608882502779
-0.87325229283844108
0.54332641105379298
-0.41459984943580408
0.73000231225607337
0.56608411570006334
-0.49467461070221114
-0.65942839147150245
-0.035122718322852325
-0.70644227174840479
-0.70689865705387123
-0.53774495467907324
0.76055531600289461
-0.36384883539313218
0.46557193643177164
0.60253936578425993
0.6482199354289192
0.19586815788716405
0.89868645959197158
-0.39242618678158631
0.15316115926043083
0.98783895095173169
0.026755677464481271
0.31194635245981994
-0.91820322330265391
0.24411537006839668
0.97164395858580066
0.11239108819914269
-0.20802947155902546
-0.25358558298629019
-0.6713705973574412
-0.6963877318745757
-0.99064813484969427
-0.1213129468616324
-0.062445510988130878
0.044151325048328097
-0.84608675184985571
-0.53121358118993689
-0.95622772280486068
0.25325226616721153
0.14660092707961489
-0.3673654340830611
-0.097797206919431987
-0.92492072317562535
0.45673659279848799
0.75229861324781222
0.47480362393756748
0.89482575621623872
-0.28271645991367689
-0.34548266136799843
0.87851892238334695
-0.46938021950709102
0.088807164969263594
0.50523136668103585
-0.63688859715709167
0.58233511051016384
0.74083440519672761
-0.65078838204483069
0.16624940863739182
-0.92446408685188763
-0.10648826908913821
0.36609616314228849
0.9997431048201707
0.022177918225944487
-0.0046759285375452151
0.91079835181445035
0.078818575692547077
0.40525793571240426
-0.61564407560614298
-0.61520789432470313
-0.49244453386307646
0.63537940977490093
-0.66997382845273445
0.3839636373701088
0.79742258618754513
-0.50384843403050772
0.33204513934549923
-0.7469459342664404
-0.66062038655199784
0.075182951223821542
-0.74746694776532774
-0.42437998532617904
-0.5110721965172208
-0.41432647362205327
0.72174671569840687
-0.55445040502688492
0.37071251234570679
0.92610800915602176
0.069972770185295477
0.4357597735373821
-0.80304307229259353
0.40649138220818659
-0.35569779054826134
0.46598765500541178
-0.81014479396071093
0.13468004742793074
0.59632310456221804
0.79136593292236701
0.6431237668767209
-0.76575775572903682
-0.0026229790555634446
0.50690474770785809
0.85593438689652002
-0.10209751260099925
0.9780522464813336
-0.066272113804415139
0.1975393886917528
0.6894643382176926
0.59464985322698982
-0.41355831315929159
0.56250279256127211
0.41129770646456304
0.71723413542424252
0.34905021816836468
-0.33938479875537886
0.87348835342572695
0.013492421529285328
0.90602829831940845
0.42300198250801707
0.33355237500205093
-0.16616694030037324
-0.92797163808044447
-0.63791860315219429
0.59347656483442668
-0.49076004599466116
0.78920169970297549
0.15231709266857688
0.59494552731063255
0.38984521263951649
0.24023765383545131
-0.88899188964899345
0.27212665166730848
0.71248415511577623
0.64677153165650214
0.67455693619678325
-0.49336630537404402
0.54914718295769716
-0.98383900061744389
-0.0021849735915902683
0.17904202510716027
-0.25360134731802803
-0.30529927749398861
-0.91786638886067151
0.96522729555708042
0.17085560276694131
0.19785002126537626
-0.59226677217964063
-0.42545279052280505
-0.68425871832828544
-0.81288977272693785
0.28472050552432443
0.50807917801256175
0.81400464575137099
0.072816340524681458
-0.5762761640461791
0.52888356202549502
0.37313002318489225
-0.76227040059106721
-0.45113285852654222
-0.88202028669045707
-0.13608584725883524
-0.84330458420374932
-0.21306497450813988
-0.4933970965650154
-0.2990323582090868
0.8610792383886704
-0.41124468867074715
-0.030785547419354704
0.66094301327557603
-0.74980436333239109
0.51967647927063221
-0.19159951789512955
0.8326019346814143
-0.081217853026716885
0.66230946015404579
0.74481530552223951
0.79758444094394987
-0.59836667956885847
-0.076265171250486222
0.05598221431518393
-0.78807495948096551
0.61302842505013033
0.7373602144955117
0.28748946631448624
-0.61126894313169955
-0.50978393799356703
0.54287806283177398
-0.66738575461257155
-0.69765058772932664
-0.23003998335184159
-0.67850222070411048
0.2029205514437448
0.64456854458274604
-0.73712593302382656
-0.88929224585992728
-0.44735427921156595
0.095044464986167324
0.30583100177219102
-0.74933967180203342
0.58733078807315997
0.42653315593568142
0.58950872327839654
-0.68596569306797162
-0.45857032341640086
0.11153795211628501
-0.88163061636917006
0.022471881163357285
-0.99144070398699446
-0.12860927274016087
0.063451737134847835
0.786096801125861
0.61483794313156925
-0.86233790181794967
-0.39604471275570247
-0.31547096314315431
0.7685067458222048
0.6220914921225722
0.14966481568650991
-0.16075047592414185
0.79604948921128815
-0.5834933549035578
0.69241533839415159
-0.2587797789392014
0.67349389393571379
-0.10065822206122378
-0.18059872180280775
0.97839257152467451
0.82005350242540753
-0.16941752288008416
-0.54663512153995231
-0.92378500126526331
0.14816467257930571
0.35308426931372133
-0.66091635490792655
-0.60941017683492305
0.4379598248529738
0.19153405428155235
-0.70535338313814933
-0.68248905555037176
0.42486368436009192
0.27728071038705449
0.86174605154837736
-0.82927430054998408
-0.54761791709984076
-0.11143945135618064
-0.96300871494651352
-0.23151454890565268
0.1378957163296837
-0.13693668029902786
0.048694509534898144
0.98938222660902775
-0.15794886282263648
0.28446127237802543
0.94558655936413916
0.61404304823314826
0.74384388768815546
-0.26390794922759403
-0.2830202174350796
-0.83480899650525453
0.47222187145121775
-0.61529890318283953
0.77876542561685369
-0.12219521924279847
-0.28762907906074053
-0.31705828904573208
0.90373865371912876
0.15342312217754511
-0.46366935053713332
0.87262367544879693
-0.55137608414620232
-0.77000235239090187
-0.32106197399268149
-0.16868669261813807
-0.74095255832717133
0.65002623488746469
0.7330548613471628
0.3723328403469901
0.56920894779899134
-0.7314017367093486
0.5165666400494402
0.44520827252711836
0.66356267717913053
-0.026410378237983763
0.74765437561495707
-0.99479585395308268
0.10032169080264836
-0.01779795809228734
0.1264598731932822
-0.93511888996090797
-0.33099933853441171
0.19965787721833525
0.94681785465766266
0.25233446487970973
0.21840455809922182
-0.36569644271587226
-0.90474613057279241
0.62763641973111983
0.49277567950914164
-0.60269781342842565
-0.54265497613707248
0.028728910657417697
0.83946424972485356
0.92271866803106128
-0.042213332826741209
-0.38315570490160122
-0.79435538647297965
0.4376326540689936
-0.42128040551857099
0.41436024774490593
0.84479718307065343
-0.33856063646659978
0.58572006918454622
0.80266384239547994
0.11252891479692846
0.27717149045012424
-0.81607668211100959
-0.50714378020078599
0.62800992233930353
0.71054570697064179
0.31737727667394983
-0.40078770257734736
0.78000631534267861
0.48058231915906935
0.10999548203257709
-0.15256124155330936
-0.98215378709656964
-0.69775367004165156
-0.080759465184848236
0.71177083722674628
0.36935981252882261
-0.54638172355927461
0.75169165290634254
-0.42278819081770924
0.88047758338866977
-0.2144979507014847
0.12645181603491523
-0.25457261559784666
0.95875060448958405
-0.36112347661184918
0.34429122917509658
0.86663336201237495
0.42429385242955087
0.86098125144911708
0.2805102697649462
-0.069945873938366945
-0.40443499409297962
0.91188810183706726
0.91107362484719767
0.34997646167437185
-0.21785620574515285
-0.65200374751648504
-0.31236674534521708
0.69088213873778492
0.65246266256334184
-0.59586545976713279
-0.46822732493657188
0.27123257329546296
0.12386622419126161
0.95451037170274977
-0.1426747193940289
-0.5200370873923158
-0.84214330857779307
0.71047587837989812
0.70149085867675898
-0.055987511404379915
-0.0098095361452694829
0.45192209644895148
0.89200347070053454
-0.47702754736798114
0.8779900832373766
0.039725719488930993
-0.9486131680695723
0.2968293542253454
-0.10966034759736078
0.80929415512622127
-0.077927517372266622
0.58221153588256114
0.091538375570448777
-0.029068643039785083
0.99537718468415237
-0.62293041423374373
-0.7396361805467776
0.25474697142213742
-0.71375368075687373
0.15457809980340559
0.6831261188588702
-0.75780349510561784
-0.41470559569062065
0.5037391504624168
0.089592459778950237
-0.5444728589354767
-0.83397991404672667
-0.94149906992846488
-0.17273475436698535
-0.28938245620219044
-0.44977616982450341
0.85183822210667848
0.26846422557974575
0.80767019629171333
-0.50822862483810582
-0.29895236897752281
0.63866590600168183
0.57541445215904696
0.51088557305678017
0.32625543805322477
-0.54668897668071126
-0.77116052279437575
-0.4605327197233906
-0.60209022590832517
-0.65222463456223323
-0.88793019588778443
0.4562866047361106
0.058159277583831409
0.50981390224953427
0.70150817018710632
-0.49797195928469729
0.62766666924455639
0.1995227062235119
0.75247939640942374
0.42067288717583906
-0.90605505683803578
0.045809998617853724
0.16528526953066117
0.27150302891652411
-0.94813864226985811
-0.50882347504452841
-0.20034580137565514
0.83723367772370261
0.34751335886173373
-0.88588798809714897
-0.3073059354419006
-0.068273437339760601
0.99755110585849216
-0.015183179980267959
-0.32615402262190096
-0.88643226137071651
-0.32842259290242254
-0.55181284068148995
-0.83175455843118229
0.060720205763595866
0.29351944907049549
0.94183712644136364
-0.16367394500661209
-0.85676331735456357
0.47719187248472772
-0.19556209977938699
-0.10039022135428778
-0.93566619466987189
-0.33830544720479788
0.62403618030275276
0.16472107075180881
-0.76383624850063758
0.049822743826087861
0.20314129484196794
0.97788102984338987
-0.37922178529567863
-0.65442209050285394
0.65415790526373119
0.25004264367729057
0.051398884627789812
-0.96686960392903598
0.96448250119965773
0.26382822909101716
-0.012968053606838913
0.068312130586495712
0.97574035324009489
-0.20800051892634433
-0.40522847294050579
-0.76346219834642404
-0.50290690631005552
-0.73880029147231285
-0.5984148692727782
-0.30995769639366805
-0.68070682777474034
0.38467056911515657
-0.6234314460126883
-0.81393649745074037
-0.19871239859312831
0.54591277761469037
0.16051740453433488
-0.98393083574913698
0.078193818832216974
-0.20009485137202609
-0.94218182824200924
0.26880374436557186
-0.216710225156449
-0.96736037429507882
-0.13134148071468674
-0.77763609482641483
0.58934993654012202
0.2189720446159216
-0.66566147464653447
0.15546250015149785
-0.72988095756640115
-0.21780234122070086
0.077218817864733211
-0.97293339665485556
-0.042246264972328654
-0.60930512409860638
0.79180964811188648
-0.089720317188590276
-0.99331398335428445
0.072647058828441052
-0.42298887422643944
-0.86493124800727772
0.27013764732303086
-0.36749121217751801
-0.46382676353874769
-0.80611099880690684
-0.88395717367156013
-0.33208944172902072
0.3291448280114615
0.30454166259665338
0.77087032234685104
-0.55947593502109449
0.55102432818997815
-0.80805408731714745
0.20837653829746508
-0.25947409821930906
0.95145469959201567
0.16555104040006346
-0.062411580695986173
-0.88844247799536624
0.45472492551924343
-0.0367385520954948
0.90609920029738267
-0.42146710193130166
-0.79465745217482509
-0.54203370069942602
0.27334776569253427
-0.13732066975678645
0.48254090125771598
-0.86504179799067438
-0.77343209040950145
-0.019123223040769823
-0.63359064376403296
-0.33247263751222267
-0.94073208024497079
0.066970878026468283
0.33968064265014275
0.49424964676134919
0.80020894001821019
-0.1835800603357611
-0.82679684109300888
-0.53170042787808647
0.67358886109117078
-0.6974314232487282
-0.2446782705496191
-0.32560467072098193
0.66594596076525048
0.67119116184968364
-0.6598467724906909
0.40046378945611705
0.63579162480176254
-0.4833065664196769
-0.74025542727978477
0.46737208435939542
0.26212947007442688
-0.95816874991985446
-0.11489468044919861
-0.89552295034130702
0.018265398551404372
-0.44464032726211333
-0.96950459369329767
0.059562344262977629
-0.23772498807128409
0.91414485497104903
-0.38322994037796076
-0.13218924664232112
-0.25321979847525466
-0.53656625704244398
0.80496980406945284
-0.55197643701330601
0.25742573238633942
0.79312924879079616
0.97434911370351984
-0.13988011841759065
-0.17628771113337971
-0.16745872635463552
0.80328027765535592
0.57157534105104435
0.31106966307148254
0.45134877872019319
-0.83637308939514809
0.9076862770088947
-0.14738789528015248
0.39291529730289032
0.17280710653956963
-0.64811005026232538
0.74168124331035079
-0.57031114332038491
-0.53078076413333097
0.62691066367595993
-0.66333541722069844
-0.73769666472590956
-0.12565729231887332
-0.32862047816705225
-0.09592595052010551
0.93957798683561777
0.19062562184260834
-0.88020328654210045
0.43463093154721955
0.86828169231398422
0.29915185561697616
0.39572094975283234
-0.72053748611861368
0.63654823966167229
-0.27501285366595973
0.89896092523060145
0.39808738787580839
0.18274486729524475
0.86983135431254011
0.4929923637182253
-0.018760180445015141
0.69483820007577124
-0.047296486142443556
-0.71760916808109421
0.020047029447713284
0.069678933629208573
-0.99736801774401163
0.20064728597954459
0.35900176652311644
0.9115143434210593
-0.61155897370692802
0.70672656463785422
0.35571503273506133
0.508418212202289
-0.84624137859822091
-0.15933126074066858
-0.77325968423619373
0.63335945518261916
-0.03041810753018271
-0.029723687169356448
0.97694345149345541
0.21141900341528533
-0.93592567376830371
-0.33673897040654799
-0.10319883231357188
0.89181645025976242
0.19686563884759714
-0.40731724648878315
0.80886361723329248
0.40536487209272287
-0.4259330571692273
-0.55084976423397847
0.61803998115328951
0.56088422953352157
0.76471034308011632
-0.40067212104309297
-0.5046582433737905
-0.26504939388507348
0.64722306648051209
-0.71473849834517644
-0.01706480773888017
-0.34714299406361382
-0.93765693833586328
-0.065193615472891028
0.28208502998828655
-0.95717178623175081
0.971527041602813
-0.23438139071244904
0.034649258609446634
-0.64420046760059424
0.75408885050377983
0.12788965200149649
0.48008215229012807
0.045028224740745672
0.87606711274261118
-0.49247808830160456
-0.26653047208575165
-0.82850880501811397
0.43461030619183583
-0.66940543864501845
-0.60250331157953763
0.47482337306820377
0.035658163645302179
-0.87935843644874323
-0.46872561558612202
0.49367652758112129
0.73251606358417654
-0.84138955618151245
0.036300155275863402
0.53920859922262521
-0.90561110362220865
0.2578582311973871
-0.33671599546193232
0.54098935005688042
-0.16853045466052924
-0.82397087871899288
0.048964438580641388
-0.9620755675095467
0.26835254080344784
-0.59206534143274492
-0.05853135632484862
-0.80376160134762631
-0.22570731545865011
0.51560813943292161
0.82656182726942462
0.51057838128394939
-0.75959843610738154
-0.40288947917348517
0.44555535054135387
-0.36791917923747464
-0.81615924129620343
-0.86847735870688436
0.39059267289345301
0.30526126727028707
0.079756872960856415
0.80008374077624067
-0.59456273761563916
-0.16717385552659378
0.95484894895688821
-0.24559394679897878
-0.35434629588163524
0.12711298288828582
0.9264345590359887
-0.12206544965280297
-0.13029448381000588
-0.9839326061726702
0.79867088919253937
0.5602533421336523
-0.21963834679871194
-0.52460297961491842
0.31727303837770043
-0.79001869148630377
-0.81085566226197747
0.21300378002295917
-0.54510777344816919
-0.45347881917270572
-0.42405427809893514
0.78392278305182539
0.78340354499409148
0.51235161380753425
0.35181630081550486
0.66925841700267263
-0.29359110251194587
-0.6825667995126169
-0.22038174947532421
0.90006267299722797
0.37592428649301268
0.91543908830676135
-0.31784436378714026
0.24687291469262787
-0.29655315883847022
0.27736232503765779
-0.91385248515973827
-0.2867916460342585
0.95642127649151376
-0.054853383116301266
