-0.19235074896763463
-0.51907541489639375
-0.83280364013477193
0.094075919355856755
-0.78663900439634582
0.61020389884011417
-0.38034976019020045
0.66913374554076221
0.63843095985536891
-0.44397230478642169
0.28534934373249982
-0.84939057247774086
0.92708255230440251
-0.25138682006254615
0.27806943001990642
0.47341372787978858
0.66468162574493839
0.57799461818604081
0.051357746437860639
-0.83473593658213863
-0.54825021482819736
-0.32653276238331436
-0.39918243619486921
0.85675535465140296
0.30457801700485293
-0.7837818434749102
-0.54121922859083893
-0.75353126338709342
0.42381807226254753
-0.50256231128279927
0.23424218647573947
0.97212596043294541
0.010085391781602724
-0.059750356770084938
0.95565897879999007
-0.28835015364103378
0.71765550407988865
0.64702526536817528
-0.2575439446756288
-0.24190792400000632
0.83468565262810357
0.49475288539108486
0.49879798804374104
-0.70237495402680861
0.50780901043537452
-0.47908872640146094
0.45560121911959939
0.75026763316283407
-0.32132066703769685
-0.88764910946831499
0.32989708606557405
-0.13609318001059503
-0.5344500601162977
0.83417131309838843
0.92628303842809945
0.37675528171033645
-0.0074290257620469105
0.31704141631633737
0.92426674408927245
0.21263989773969086
-0.65045993873670938
0.66399687171033328
0.3687953666432478
-0.25480824308732763
0.89372306596669326
-0.36923141877939181
0.86296932405405447
-0.34916606684311136
-0.36519447354389178
-0.85632233049770601
-0.27546519291244376
-0.43684206961405153
0.65845407018515345
0.50985685150740678
0.55361017731573448
0.40872103459173403
0.82008974313376248
0.40049959936192425
-0.84485681718569616
0.18885272278927731
-0.50055130361425615
0.30108519997520977
-0.68628524547252945
0.66208780701852377
0.86536359424382492
0.44735392298061943
-0.22587677470527792
-0.096466812443677427
0.39068800846180191
0.91545455056005243
0.99770345884269995
0.008877699197678255
-0.067149048170978165
-0.61809824826694515
-0.64074540136844893
-0.45541177643372249
0.69829558897541055
-0.70981314658463934
-0.092458462852772955
-0.044376941317084639
-0.99879199312321376
0.021100747671540129
-0.20231442778463546
-0.82359883593626138
-0.5298620855983287
0.61937355715709086
-0.1492062004081991
0.7707878478896254
-0.68639413981864228
0.71335116597090209
0.14139730842763867
0.53218860546330127
0.15577295916013784
-0.83217190135783869
-0.034256386728827533
0.86290636767894524
-0.50420144841859982
-0.41956239409863255
-0.20259272997818509
-0.88482969164591796
0.61086380196035939
-0.78430403501711654
0.10822474814202303
-0.39175001702045831
0.48727167725966092
-0.78044745928539438
-0.21046738612426816
0.62489763679394006
-0.7518021168548058
-0.46440245203780761
-0.87460132130853707
0.13929426157108288
-0.26217424432424241
-0.96127057370414615
0.084991468651354596
0.75284316907544879
0.49807972569123138
-0.43028333645608785
0.40247566100814369
0.6712205999616061
-0.6224759019297369
0.3359739660322944
0.38373122131584164
0.86015803427973814
0.21112505530992773
-0.27793010316386851
-0.9371131568683162
-0.80519919890145242
-0.23706531386649765
0.54355706880679788
0.5938982818156695
0.52809716317411237
-0.60695816750732556
-0.88072203441111807
-0.046356769205438859
-0.47135946797701539
-0.82538626199459841
0.562068581972203
0.053070026100813544
-0.72815897716018096
0.67588621969417328
-0.11385219369234265
-0.51548396057009616
0.82823104474102049
0.21979450157400535
0.024903111022046082
-0.574100509746437
-0.81840603600554207
0.60709499692568403
0.69241854412300341
0.38986180174823998
0.13986551614375872
0.97119688956666272
-0.19290992480916963
0.57935901242869747
0.68286631359418193
-0.44501318236198006
0.23020575776498697
-0.48929559313947807
-0.84118674004416782
-0.16840440991937936
0.97709431995188556
0.13010243901429336
0.45051252579612822
0.89267434573987903
-0.013075800498314733
-0.52063893769963865
-0.55570637241342491
-0.64817090663659371
-0.58861995012688018
-0.80668857917205616
-0.052726563950235908
-0.96344028831064199
0.24668488560748578
-0.10454366586612858
0.36410400299330947
0.046350190683147954
-0.93020424360883447
-0.93223293519366579
0.084385304106598835
0.35188190489287646
0.17335878688847381
0.185462789974775
-0.96723848379979649
0.18928787723795698
-0.90674721670455072
-0.37680178413762672
-0.024297434614666203
-0.1634656942310711
-0.98624976627662631
0.3823524098241956
-0.60425970402479789
-0.69905425025064694
-0.13100727251120445
-0.05755527202269075
0.98970929328342117
0.49852238067142679
-0.54918736743469854
0.67072249956285079
0.84999609190005232
0.094264869101762586
-0.51828638628451851
0.072208751755360345
0.064605616528951471
0.9952949364298237
-0.058290219249792691
0.58383092483207133
0.8097800328172704
0.51916332728071291
-0.6764184964681077
-0.52242459479109893
-0.69131442979623903
-0.091876578482259968
0.71668895169515046
-0.50675101699261171
-0.81114256019206266
-0.29197800229130227
0.091887266758382172
-0.9042569483918117
0.4169845338772199
0.9481540503957776
0.05452579529438327
-0.31309876136068704
-0.69571202521842346
0.27055625874454875
-0.66542023475442391
-0.32501036597786287
-0.15269078878635906
0.93330262242572481
0.81707266350474894
-0.30910721312281075
0.48666723060907291
0.98146655430753293
-0.038826473055889842
0.18765901994239173
0.39595314239325291
0.49796262200787056
-0.77152727502788576
-0.97748112614021287
-0.20897009356422419
-0.029362357456794993
0.84347448926810054
0.51628226465721361
0.14833546155365521
0.88144456905054636
-0.13518648842575459
-0.45252633629260747
0.29593215860801991
-0.91964535965787431
0.25821806668267144
-0.78278622504596307
-0.49244518764278833
-0.38045165664739811
0.25625665628791516
-0.056873820490881896
0.96493414005874423
0.19575328847979229
0.61842326293329031
-0.76107379268523601
-0.64687751831242368
-0.74059340592255996
0.18185401674415216
0.31418029102106448
-0.93210673546252876
-0.18018817508179197
0.10854030839241571
0.28767073554373424
0.95155900992308728
-0.42579915225619724
0.8814175380017325
-0.20444609470681593
0.75775648627821801
-0.098009641800142336
-0.64513503828074381
0.0036244510592760419
-0.37862085584584099
-0.92554476438100042
0.26067126309234862
0.78057359915232905
0.56811561226938556
-0.76216860769269601
0.5638474058343601
-0.31808036151519875
-0.12948391252948296
0.17752148978489074
0.97556139584375223
-0.9795427422305385
0.15303600191772912
0.13067516313559113
-0.69934951917729615
-0.42502155072199149
-0.57468855169418376
-0.43973705776873784
0.78393491889337064
-0.43826631511506597
0.69112290061796466
0.30136917721574286
0.65690619974675013
0.48737133576442448
0.042001029862392958
0.87218409442370537
0.58609045826716333
-0.059214235569230785
-0.80807898687822488
-0.061261290785731018
-0.92791801955014941
-0.36771619932414557
-0.82953202322912456
-0.53303026459282421
-0.16659939815467276
-0.9255938873842332
0.36625523578994157
0.095567033507364729
-0.32678339795737588
-0.77416995501975538
0.54210099756792651
-0.30142018056895703
-0.89255141510484381
-0.33540698582486012
0.70331575239194855
0.68904214509871664
0.17483670871732387
-0.46127236952974077
0.76796127046666363
0.44436841491227319
0.42658176317337593
-0.38823496314428863
-0.81688531185243296
-0.31961428575336881
0.31882964934498431
0.89229723917589154
0.42059556912785556
-0.90512568237529378
0.062023111294694039
0.79338661647151942
-0.54712225688594784
-0.26682374861301417
-0.58080556196268762
0.45525805337106673
-0.67483702034935322
0.75712917870324403
-0.32178866840406151
-0.56851337683724923
0.20771369750915392
-0.97812181832982259
0.011520780105415974
-0.80835072008536579
0.52197235723111635
0.27223881358847918
0.64199404013950612
0.7659148520071597
-0.034901173335647628
0.98070885547755882
0.17224467112932776
0.092422475921425676
-0.27716478970551472
0.5333467022642665
0.79920020929134505
-0.38071660063259188
0.92351014217030347
0.046732080109379535
0.81731409037331038
-0.4733685809707634
0.32851158918213846
0.57936059916256111
-0.48323995519868279
-0.65636913534807007
-0.39650357262355496
-0.43470233634291144
-0.80859062304405405
0.0083084526752849781
0.83929809401746402
0.54360801961780736
-0.23360385114891485
0.78124211291977941
-0.57886958957008094
-0.23102899754134595
-0.063660264919255111
-0.97086197420923392
0.42793231154217942
-0.17448263920472348
0.88680874226313389
0.088283197346916864
-0.97539820913964037
0.20200101651572946
0.10262337480394092
0.70143151336078824
0.70531005593869434
0.80035969758102277
0.59694065673361851
-0.055553639182774589
-0.13802525019761966
-0.30421008767021263
0.94255251995184119
-0.22808899909950739
0.96586156295815084
-0.12282853776636254
-0.90320749971028425
-0.42886311506726982
0.017106753107888853
-0.87585812806410479
0.46157147368043155
-0.14079884299424009
0.57761414912956666
0.35112617627053178
-0.73693439535888272
-0.33710923737760584
0.085499866848206138
0.93757513557241268
-0.7559922708805793
0.031864524111838578
-0.65380451089905367
-0.092844105562236295
-0.7161923072464883
-0.69169975502619641
-0.21485004678909947
0.40538849097029506
-0.88853791634546975
-0.59184841037652181
0.13398073934193119
-0.79483622251390484
-0.83276894833168158
-0.39997670439833688
0.38277214453665548
0.060919576590033039
-0.18908861190645238
0.98006851905128678
-0.51045236213943579
-0.77587780015290297
0.3707452295258325
0.96084926434315521
-0.15720819875805128
-0.22815405640589939
0.91031645997337884
0.329713217035635
0.25022617211944076
-0.51734529433034526
0.22824230282390295
0.82477833242386434
0.8218613979108863
0.32467049004555687
0.46811634826989529
0.30427748851390024
-0.82560210714312554
0.4751803559328861
0.071796815183570908
-0.98010723441729963
-0.18502709631934577
0.83912699039431604
-0.54193812855846502
-0.046572081833713239
0.67684418288588144
0.077782481131615067
0.73200535361604657
0.075439891826668243
0.9796965347480906
0.18575123828325824
-0.038407263786909791
0.076249549353771623
-0.99634877844645831
-0.32226584724717688
-0.61682381000056341
0.71810383031595648
-0.010821546269260582
0.72333602783362816
-0.69041138821300674
0.35195755673758389
0.90914875023857955
-0.22265315671451666
0.28407881141685476
-0.51332741788775216
0.80981120697893549
-0.91692859735044718
-0.14802122916636287
0.3705828693787942
0.16753010108492986
-0.69744579608041535
-0.69678047243032659
-0.89536719520055918
0.30966803220171552
0.32003639729099709
-0.016513973200598213
0.99932924058804118
-0.032685739931338116
0.92373692545918229
-0.35723369541949257
-0.13818168981507808
0.54648443132446556
0.80202046721170106
-0.24107661954967829
0.42966422660686321
-0.83007509292349968
-0.35547713355765825
-0.39377050271287806
-0.91338517602024272
-0.10330687982761536
-0.49912409536623409
-0.47584322618662522
0.72418807054324141
0.14206677831158965
0.4960899171887202
0.85656980133778604
-0.9845661654354273
-0.071888489762511221
0.15956663473121208
-0.018144238555971325
0.53475262761521014
-0.84481383385089781
0.90655798566143275
-0.40496397746660884
0.11898233309155419
-0.58237788585215444
-0.3257348215477161
-0.74480388297970934
0.30576413777699202
0.16902252363909273
0.93698435341907649
-0.42646660226763305
0.65240649216784208
-0.62649182446984264
-0.07948856660974235
0.93326492479296908
0.35028295409497462
-0.95854247901220146
-0.11481627884846202
-0.26079405292401769
0.62859077356517656
-0.70956430188747832
-0.31842132603779605
0.77903059657731644
-0.1181216304177371
0.61575856471822299
0.61106665556491768
-0.27067510915747561
-0.74386324532086867
-0.12230988760974223
-0.8618708742960639
0.49215738075643101
-0.52586221473470507
-0.004630122398584284
0.85055716626272992
-0.75712549911113225
-0.65322751446886973
0.0074022251074642121
0.76953078699534372
-0.6206375279792935
0.15043745122169
0.19490183996557134
0.77963806184087503
-0.59512836036189587
-0.56896077874162143
0.82168565797042914
-0.033411251689078325
0.38648992334442128
0.81249691453003947
-0.43643361812810555
0.52348622526464172
0.25519299450123833
0.81291986537153094
0.97901448143315317
-0.20196072555530548
0.027249045439222949
0.5275036369000432
0.82720746256093003
0.19356582069346623
-0.31524598049787222
0.90380197279245855
0.28941659550964788
0.51001913394152809
0.46935063592823223
0.7208262367362176
0.081373976280986887
-0.62597434014887388
0.77558648870348634
-0.81977640673783114
0.22919659435089948
0.52481955384108836
0.3640008297673592
0.29756895855721843
-0.88258490290274427
0.057921658245064567
-0.42927855638243101
0.90131293263569567
0.77126650290590115
0.52421842585569234
0.36103050215830984
0.93022943433561667
0.12909547551741499
0.34352228122287959
0.17252891615497293
-0.0549711223874772
-0.98346934308795375
-0.88278484154593995
0.33719615025725685
-0.32709276939179671
-0.60395065349903754
-0.098214876423193029
-0.79094718293149158
-0.6944825866770451
0.13274314914227583
0.70715853467108214
0.87905375657722806
0.28298893906776984
-0.38364274190027559
-0.93201420369969712
-0.30260489505167354
0.19944874427477652
-0.60100697881263798
0.74679396160529143
-0.28476198891070392
0.66505536156551548
-0.34683064639387789
0.66136969145476143
0.40782464927233286
-0.1747543619418053
-0.89618076771832778
0.70530400384152014
-0.52895532164347603
-0.47196666182069247
-0.21961957305373614
-0.30239909302995166
-0.92753546113685437
0.48937112032777724
-0.81856535269609776
0.30077677761863397
-0.15605108575095561
0.7265774559468452
0.66912873137069662
-0.6892561180675153
-0.61986918456671802
0.37508425417643365
-0.022944268364561485
0.30715868584225503
-0.95138168064183049
-0.4241703618105454
-0.75083455777354424
-0.50628743912378193
-0.68721369171826296
-0.47829885022366608
0.54677925325461585
0.16824165317510439
0.90500166641890711
0.3907259012606013
0.96125130176612006
0.22221231294472332
-0.16314908160543137
-0.51893847929188586
-0.64383669424082934
0.56229633278127078
-0.61328994780485491
0.616762284220156
-0.49343664708354784
0.52244668258619564
-0.84202645379756613
-0.13431647315118941
-0.91692170497276015
-0.33241284274950028
-0.2208082628097118
-0.68424242381278966
-0.68979540935475181
-0.23663177869404786
-0.12026938353938391
-0.72243367556891147
0.68090003655973563
-0.42177034279652331
0.037048111434037759
-0.90594548145927323
0.90156783649857675
-0.08229702206762296
0.42473831514248517
0.31452778978066792
0.60076644924789491
0.7349502996215217
-0.83467969997718439
-0.00029264019611944473
0.55073561062247756
-0.75260474798408261
-0.19865204006342266
-0.62779252965486609
-0.65241679155590571
-0.31237511198594786
0.69048831960263046
0.17024913964772528
0.89850241009493381
-0.40460925533507575
-0.2454212229804574
0.18455200802099231
-0.95168743799957556
-0.58018530170961202
0.57846223336060143
0.57338160090431189
-0.94826560899926404
0.11234249367770435
-0.2969368601294386
-0.12041533654823781
-0.95445147335372815
0.27298815310718544
-0.81715204949555686
-0.54029145018066826
0.20086731159370222
-0.31757373105073394
-0.65311139572288046
-0.68745358397744005
0.66115246166738151
-0.66856291211319308
0.34044244003632751
-0.99736016919231629
0.020943167599875967
-0.069527524330711923
0.82368165234227819
0.1104697055984141
0.556187899670331
0.70965317291671315
0.12888700963579444
-0.69266190375708137
-0.75330307932911134
0.45283114820845077
0.47694698016183568
0.75010966361293763
0.32402807102341719
-0.57649050446935279
-0.49999523595176615
-0.23796153351541469
0.83269386487023522
-0.66008438341055631
0.3551514990459364
0.66193354613807742
0.17719261504081302
0.42278965289326831
-0.88873600499889049
0.47480360403678357
-0.37183485669346533
0.79768438429082433
0.2501485279285558
-0.3113995172479761
0.91676390343037817
-0.17533545081502441
-0.97142656839463393
-0.15996218898389103
0.67891730055961508
-0.52134775408584899
0.51697951440118628
