0.022075587787383655
0.99965749660130621
-0.014055529611178091
-0.17422741508496944
0.47751373814313469
0.86117677495237843
-0.89760689250172199
-0.090728984251260247
-0.43135845644908433
0.25441668800417222
0.52998429785152168
0.80894300967114929
-0.033543016147192614
0.081707307611960545
0.99609175378102266
-0.32928122166746931
-0.14045861161890164
0.93372654213065476
0.80132945144452727
-0.28674267945777826
0.52502356711388387
0.15346490898824089
-0.04302364232077642
0.98721704194705073
0.49119327868542417
-0.764439192673257
0.417566621845332
0.60630223094018432
0.54463631866286877
0.57945568005699422
-0.1077198967886092
-0.98942087726148042
0.097173820934312205
0.77224356297032082
0.41563331425759537
0.48050892554681152
-0.66213884396343248
-0.71803953102206186
0.2144560169461022
0.093252937148245854
-0.26327158279649931
0.96020412590503434
0.37979575552412859
-0.67181715371041972
0.63593780833214086
-0.81549210283880147
-0.55829244184693294
0.15258499134626136
0.71793012310481485
-0.51820397343432523
-0.46480208718935673
-0.93317658603386122
0.021524898505037918
0.35877310102979465
-0.16203419736358146
0.9757538445765499
-0.14713719339046227
-0.2570753218403079
0.076338577035681129
0.9633715277902235
0.62919216534313438
0.22718744257167356
-0.74330551256435629
0.82168148029960852
-0.56896366692987099
-0.033464767238973944
0.1088433191905427
0.72750558490791184
-0.67741328286016256
0.90832163094211105
0.22780010107908599
-0.35079756086811903
0.47952067766620399
-0.83663097340275727
-0.2647801617072158
0.089135033108636935
-0.96108275047462999
-0.26148593195971803
0.23088522345054241
0.18635305005267105
-0.95496835252706658
0.85105265361136073
0.46304963461053189
0.24757709237349532
0.14889952414007601
0.20901426117754146
0.9665102018785241
-0.26831591279320577
0.91494657328413787
0.30146200254354216
0.033371481168200337
-0.46757551171896677
0.88332297891846256
0.81299201698216939
-0.5486754606092491
0.19493388430052938
0.4728800372639389
0.44756063835860765
0.75899535265328943
-0.3271705998608393
-0.94467424654896004
-0.023451364434787243
-0.61685122823424332
0.75296083286058779
0.22922597235870878
0.43850746849443989
0.21709194937731069
-0.87211368845475468
0.68328105145811746
-0.72519079111809526
0.085001889366063635
-0.34151959780712032
0.89889002268510731
-0.27451974688686753
0.78967060915668685
0.21896301850835412
-0.57312784399278416
-0.85724571501772673
0.21313162376421452
0.4687266741240313
0.81216005085979837
-0.16751872572865859
-0.55886807774076352
0.10735525738186907
0.87373966927903135
-0.47439839696255465
0.78937659766068524
-0.55831151054424366
-0.25528972611416567
-0.60013965017156545
0.79987604963731385
-0.0055412551427160475
-0.8698788721119467
-0.3085487349818376
-0.38484857540902379
0.28741285135189998
-0.87555702239952016
-0.38832171379496244
-0.10663810591496098
-0.93782961360737171
0.33030884064450577
-0.5841598578007714
0.47150472763044338
0.66063647519367563
-0.80070179592245216
-0.50789048373755319
-0.31768520666753458
0.93027447047128131
-0.16059334995442917
-0.32984721544950429
-0.36275374259489396
0.070643886601870112
-0.92920351028134807
-0.12807554548503616
0.64355985203066368
-0.75460411574744324
-0.76110417292332422
0.64614166587029043
0.056757251387542305
0.908600629756671
-0.37570088771915638
-0.18246571889760269
0.77773016951052709
0.62336922775203241
-0.080910996316703704
0.30303072766644951
0.76976283777822663
-0.56181629708077518
0.083124426717086808
-0.87344441242996962
-0.47977618540088118
0.32325188703888069
0.80556151951397059
0.49656707080126217
-0.41991184222959471
-0.53930501188850311
0.72994804534794755
0.79540224193522446
0.40723558583804598
-0.44888133303977124
0.43247844242986233
-0.74453954560340274
-0.50855015668675074
-0.72149065651722089
-0.16832330756293551
0.67165355406595073
-0.12920690885399064
-0.92932027208281809
-0.34593266194494188
-0.6900309983051085
-0.68477473958000712
-0.23439449100008508
-0.8589345110232276
0.39154053064769928
0.33004169226539709
-0.4582948739891049
0.79656606954422626
0.39426933094798733
-0.45823624688080805
-0.66415273539640884
-0.59069508725742659
0.1155840200396298
-0.044844855625603655
-0.99228487504113316
0.21093949006478013
0.96996298264926029
0.12114596081323289
0.96660466464290229
0.23427179774676249
-0.10388525916164729
-0.19329348522753093
0.23628660816617347
-0.95226375934922536
-0.33341097654514579
-0.81830634105016453
-0.46820065454493365
0.14758285036904173
-0.58468282474213029
-0.79772507590554809
0.34754996414874928
0.081843205479700143
0.93408281867134813
-0.47889656851090145
0.75577197022613229
-0.44661706829116332
0.6338117215558382
0.61059505693497718
-0.47482247005064598
-0.75745258724305775
-0.53174042352540496
0.37883730025938706
-0.84206198098004548
0.28473507893528222
-0.45810212290675989
0.36308729278033663
-0.59796662436058212
-0.71456527621502619
-0.43422502690253761
-0.3251346293632813
-0.84008100728459056
0.50719163307484749
-0.86114969801059205
-0.034319745848930605
0.13627840394145588
-0.75472185487045562
0.64173446097281406
-0.024341015059056281
-0.65159765009142045
0.75817413394366961
-0.20912552305106974
-0.52297684787391574
0.82629397444038033
-0.8681495235448401
-0.17517124079482807
0.46436132608914304
-0.83210056598569582
-0.54869311599890458
-0.080898161547077116
-0.38739060428031385
0.30926173896005038
-0.86849622712521835
0.88712773766852093
-0.35907304823222863
0.28994986306661252
-0.60907365995961626
-0.52607678266109859
0.59352548006664818
0.31434590910624982
-0.946892484536491
0.067685095526831676
-0.083610488111120027
0.80203330377550819
-0.59139822954821542
-0.27393270355543375
-0.84587181624437435
0.45766990769139959
-0.66103297273965855
0.63546661976492491
-0.39902078155844251
0.15926576989049693
0.92937578099236773
0.33300911736169292
0.32426112308746097
0.3239872542715917
0.8887558624974653
0.011194580631037992
-0.72461711701631493
-0.68906074847683763
-0.55663837437011832
0.39263369435895024
-0.73211508810612169
0.97430305983500021
0.046404279962440877
0.22040914317995838
-0.98574238423415717
-0.16822876463209721
-0.0033218480877000812
-0.46187534350832393
-0.82481925711530901
0.32610483000228219
0.30011923030800741
-0.94057103412488885
-0.15891688822956035
-0.084708312728732679
0.90145447617296015
0.42450480461637297
-0.95809087304507856
-0.17042086985489777
0.23025769499762541
-0.52311673495102073
-0.77085834091184102
-0.36349181539730385
-0.75963042566351402
-0.3594268750009843
0.54200916775760855
-0.73877341086098802
0.44230764499606334
0.5085054518713229
-0.33656153160542512
0.28580679170006784
0.89724066629947419
0.40763952215952537
0.64424595773160231
0.64712994515788269
0.76274849775432729
0.57333153020339889
-0.29917500839499594
-0.73233874851296754
-0.40533033616368491
-0.5471629336969881
-0.46720009627068537
0.070709040533345716
0.88131963647221423
-0.61692627200129779
0.63770917890933443
0.4612255175609471
-0.19887918950448097
-0.37742708912822176
-0.90443123584617435
-0.39771740230565539
0.47854706610743919
0.78282410120230961
-0.75712742499759556
0.58728039611695115
0.28611151436673649
-0.10699871529232434
0.28636502331886271
0.95212727528696461
-0.23351336418840019
-0.70183100910382912
0.672981978514816
0.64448040339752988
-0.4008957959780739
0.65109720503444302
-0.24590356027933377
0.6473918743953021
0.72139808705657471
-0.78112842507017322
-0.18287460542967421
-0.5969884942244128
-0.50923404202196842
-0.092328102473987553
-0.85566127173053752
0.47551979763850677
0.61829533353894039
-0.62577296408346372
-0.35904004354942909
0.51951508268045654
-0.77536722009351311
-0.27149249560004401
0.83637073809686369
-0.47620984165404179
-0.5537342764776948
0.1533651608092309
-0.81844821369692211
0.66715109940076234
-0.67398047702781239
0.31726917145180744
0.099147335595731578
-0.99456395407116938
-0.031817402574508082
-0.59868558014772733
-0.67797116805089341
0.42653331805954647
0.30293804168897259
-0.41809752999194738
-0.85640119004604554
-0.99314762616842123
0.031988637465284242
0.11240337943827346
-0.99098598382124958
0.070166781228629155
-0.11412012391267314
-0.92415960936722319
-0.37361415209460591
0.079633421180117958
-0.96356633585226303
0.26746767812797728
0.00097855458327588025
0.52282737726763673
-0.044051843572633288
0.85129957632862507
0.003399127855588486
0.60710432773594225
0.79461486342385457
-0.34662486393595815
-0.52274307444118739
-0.77883944547329753
0.07767100294501339
0.41917126241266484
0.90457872408590767
-0.24384862409489261
-0.69190299771590102
-0.67956463289283797
0.25682414287419941
0.96107046163907628
-0.10190646398431059
0.80560237073212893
-0.062642677198776822
0.58913556611712337
-0.16451933447153694
0.4520141244348545
-0.87670783040670641
-0.072473406865005516
0.76370168872213562
0.64148837553017102
0.18337057601004852
0.70347784882733222
0.68665431482152084
0.6246180157406358
0.74196874630876308
-0.24358717928748486
-0.92720270943405458
0.30083926618915685
-0.22313868229627423
0.55438762086145887
-0.57170617605840024
-0.6048193235109578
-0.2186972087121079
0.97273764143356289
0.077155763490500295
0.26791705772576424
0.40276922985206864
-0.87521277279524501
-0.96569088085971933
-0.13279871480833266
-0.223171736493747
0.67891320640486652
0.076008462531894916
0.73027362802760498
0.6971039154185581
-0.35698616537715477
-0.62177729842559415
-0.38509310163162519
-0.34659765144615279
0.85532062472954895
0.61340445102062002
-0.69520479666404722
-0.37473359892514646
0.010482002273522806
0.14959269299772282
-0.98869214310119158
0.093794311192642338
-0.9012618120013961
0.42300091420215363
-0.44533610211340946
0.65775265440847586
0.60748432224464766
-0.69310721268890207
-0.72079233473145266
-0.0077975580153322403
0.10380865349555624
-0.97436968264731849
0.19956824646522212
0.27510752802128507
-0.38726163271513669
0.87996833798314833
0.28964318034702058
-0.82006583471375927
0.49355734703648041
0.79533328153321237
0.19925435256079113
0.57248814334551235
-0.71837910849550912
0.25176079407823715
0.64849669162016021
0.042410555886589305
0.36151641606756918
-0.93140067944094318
-0.097413080503524138
0.92547931706036601
-0.36605836343442916
-0.15727533680700448
-0.33241910278649878
0.92992580808087189
0.44047788144962086
-0.20900293353158619
-0.87309622020075495
-0.88486635213548304
0.45135266428985582
0.11529228637203914
-0.81371336286394014
0.022208164622294191
0.58084194108274123
-0.51019501240668419
-0.85480615889618716
0.094907744828804014
-0.045559529144791777
-0.21518290906424814
-0.97551045353227894
0.10421688404934654
0.84163723007018743
0.52989207772793456
0.44781567511437737
-0.49233961952457994
0.74636641146841953
0.91605495957705396
-0.15466265422715181
0.37003077496567044
0.88646926915344448
0.41382652976905931
-0.20717103587580923
0.49510779630436286
-0.28561643286750327
0.82054343170528188
0.31212652287515652
-0.90557985499791149
0.28723189227491069
-0.92170340821780394
-0.35435637641064782
-0.15777954803078756
0.58393501740830445
-0.59676373723879006
0.550357099855317
0.97917055395492625
-0.17821396485244506
-0.097287249931193184
0.47405967111296254
0.42651538578950632
-0.77029348556838928
-0.53885006571480931
-0.14603433372137861
0.82964726242765285
0.58309539914569775
0.78144842410712312
0.22212184934313198
-0.10082810184002147
-0.5641748758308649
-0.81947568808389071
0.92446253954211355
-0.37781171539561048
0.05125739647282513
-0.42692383598787492
-0.70692155119109146
0.56391307727962747
0.66985860442900713
-0.17874941039804768
0.7206511627374047
-0.098210147986035806
-0.12946892063666701
0.98670794332555034
0.0711954682902569
0.55602228204185289
-0.82811256914015074
-0.29797896163241794
-0.16949177231756601
-0.93940463994016776
0.43063099879105515
0.90053544893138582
0.059940371188089564
0.28970468346012274
0.89462763127299649
-0.34016554461634946
0.7036739116861962
0.60932808480207656
0.36546177786969819
0.053922359246115846
-0.40811256826877623
-0.91133775889864022
-0.58553224366590861
-0.34916344225238588
0.73159885334931463
-0.93597336549792942
0.1073375869467567
-0.33530956071506052
0.61835598105677747
0.78582189715618012
-0.010946535578544173
0.55181993814409025
0.015909034077038201
-0.83381152456738572
-0.53076253640303728
0.59084086605616193
-0.60761682082462065
0.88269791282679644
0.029228119048350674
-0.4690310349519663
-0.65693888089149965
0.05113237608629085
0.75220794125613577
-0.071284468860467978
-0.82264306247461327
0.56407172971322583
0.89186855328879233
0.45175783770468114
0.022030427298344181
-0.86555760135769788
0.4898572506672354
-0.1041629142288452
0.08070042363402545
0.9671012030307331
-0.24125236728744731
-0.032653149694969637
0.97723826466168928
0.20961666416582386
0.7545468007072722
-0.49138833415447331
0.43496739027116937
-0.44066701294722233
0.88313191736552699
0.16090556308114631
0.6382635158724943
-0.17981383701999953
-0.7485229911781115
0.3314712375380493
-0.1665049865840392
0.928656507072256
-0.39884502595336968
0.91499770517240242
-0.060842787588121318
-0.72714448661632969
0.66356798032365871
-0.17589323771155885
0.29058273848830546
0.59614925080784353
-0.74844354687169545
0.84503781862122085
-0.34685169839415558
-0.40694592321459411
0.51282339737251936
-0.83608459396301293
0.19487102104984977
-0.70544837712862729
0.44992910330038871
-0.54763709626895618
0.51776397358360826
0.207444402316005
0.82999234189639859
-0.32283319295715596
0.69551840224300232
-0.6418978747950711
-0.81231296826515376
0.4804718846346055
-0.33059705029525843
-0.27456417891045992
0.80359717668050712
0.52805879340310435
-0.55104102450733594
0.80175417904687341
-0.23139582038312531
-0.52736453500060199
-0.83883929000453283
-0.13503811598319201
-0.87823280692930195
-0.36145112582942623
0.31314568569552403
0.97446240541497553
-0.17488458095505716
0.14084886856852583
0.34461427704942849
-0.01337894298340178
-0.93864903128823751
0.66814725215811366
-0.72964417112312008
-0.14559750334266369
-0.685164732621242
-0.013312809624829513
-0.72826647476864903
0.47612318121151259
0.7747372196224388
-0.41603960970648235
0.51340865432251126
-0.39859923111230544
-0.7599540819177345
-0.33908098515029811
-0.90675806307360718
-0.25062701482582356
0.99956085310865705
0.02961189802798608
-0.0011119477838391751
-0.54399590279071908
0.27502454316659541
0.79273574310921302
-0.12184978838758244
-0.98406959706112029
-0.129459094736004
0.52523292902053464
0.72679680239665156
0.44260228004215313
0.21387161495633861
-0.23533908195113654
-0.94808989490573303
0.38355238311720052
0.8783955935762755
0.2851468930058656
-0.12533234900671533
-0.82816843483007818
-0.546286413746084
-0.62598550137827191
-0.2613700831975389
-0.73472976778779353
0.95838549899227332
0.25685863572241407
0.12458281011500504
0.75259246903130061
0.64334132558703172
0.14041550608565914
0.97141160160991635
0.036797218372134871
-0.23453243907342666
0.65051296160635375
0.42901807002617076
-0.62671874263751692
0.65191283712447623
0.33062357658827252
0.68242047404536077
-0.14819451251358601
-0.0098760195933250035
-0.98890891931352964
-0.64554757966062837
-0.60201205995797746
-0.46994659490143909
-0.94934681709541158
0.21691739416968159
0.2273487738639601
-0.55685612331793921
-0.47809663481364789
-0.67921636148077413
0.21527872549326335
-0.58392013612588523
0.78274666717701458
-0.30342533023374613
-0.92981569949637488
0.20826865808999995
0.73626316957266769
0.020123407765866266
-0.67639603309799068
0.90057395215604052
0.060958104878533197
0.43040755819068421
0.2285618667685507
-0.75504590806279004
-0.61454466865876556
-0.7086065233588793
0.23807803401420366
-0.66422559780030588
-0.82260572968125867
0.074315354932874653
-0.56373490358214007
0.89851915146650041
0.26837474424698532
0.34733029107505936
0.45478461834870548
0.87279183667651561
-0.17721557703615357
