-0.91114947232357824
-0.23059997107225588
0.34151177494478807
-0.19275191792137142
-0.031688961008360904
-0.98073569726396903
0.15806745917805123
0.21197320639309225
-0.96440760994531083
-0.044530379446223824
-0.99751948019568681
-0.054515428426294157
-0.029322460759677618
0.071519295641569239
0.99700811613844498
-0.11091447251606185
-0.705246479435926
0.70023237787874093
0.28986154856769791
-0.92774990088893139
-0.23507531572352308
0.53638001107604449
-0.82731241254005783
0.16688515744430818
-0.97503854924017863
-0.17439933119218817
0.13742161684147527
-0.41987497841161064
0.705574139974115
-0.57085036174433434
-0.22594443847995449
0.41677183223852476
0.88048302117219801
-0.31762281491978889
0.84632844606109137
-0.42760251265661187
-0.60107819665769979
-0.74766736719811899
-0.28230924449929129
-0.41871100269311112
-0.90040044234891148
0.1181530348387808
-0.80256782676971061
0.44873371145347474
-0.39309405953198229
-0.84990781830489337
-0.20917041069634193
-0.48363668148036509
0.13078947699951762
0.84751123245823679
-0.51441114253417286
0.84508236923011171
0.47371481255239489
-0.24785089385529899
-0.85862153520279605
0.39895877953856362
0.32187101689200526
0.22845064202835469
-0.59680888887511829
-0.76917452786508689
-0.46446662661701582
-0.75893879533525788
-0.45637994883000393
-0.46261344645141983
-0.58960030130695473
-0.66208782186435622
0.5767091536128951
0.75064978476278388
-0.32238401445277115
0.55005635543524267
0.036750939137906502
0.83431850891477877
-0.29401845658873094
-0.95357548100639955
-0.065168621349498829
0.23418935234412996
0.91422522397530781
-0.33067746687056715
-0.19260974102517542
-0.36753464964899357
0.90984601387795627
0.55710735756622265
-0.52786721822339122
0.64108313974919007
-0.90151717511744078
0.42779147522200189
0.065278148684325826
0.17434787718807424
-0.22237946870006406
-0.95924459321941946
0.17977526995373333
0.14636551038968526
0.97275792964202012
-0.52773041553169742
-0.79731396387521436
0.29290109513679735
0.2109202558944149
0.56290095631045067
0.79915903238230024
0.40941600759303548
-0.91232702995588899
-0.0061581765520300202
-0.78184313860422916
0.62157665566455955
-0.048618594697396246
0.26749795525045517
-0.27408892145156133
0.92375327175298572
-0.53127713625569062
0.69806206427201622
0.48005620391392057
0.63634052911117656
-0.69889658037545865
0.32651845422578796
0.92998786861785621
-0.11498670967796269
0.34914269406798804
0.068047150455873978
-0.98410186625701979
0.16405213239786431
0.39757199914568925
0.74096237342069349
0.54121277393468192
-0.22876123912476767
-0.59415360662209493
-0.77113538838005469
0.059648566597647015
0.41127751606337742
-0.90955640467405019
0.28098876352159746
-0.78710934250666265
0.54909397894470935
-0.99566180327616405
0.06869068629973181
0.062762752588847781
0.60673428406482943
-0.12127177240605543
-0.78559955814513605
0.18655124735748765
-0.9818381838104292
-0.034531332456237879
0.58995859363174585
0.62800591850805298
0.50750115676607999
0.20175335182289517
0.73431738011702419
0.6481308280635143
-0.62200922818743931
-0.043493154552482621
-0.78180103962372671
-0.8285367165100368
0.22150885689040853
-0.51425746053302068
-0.87280778301686268
-0.38214554470498951
-0.30359735928910181
0.73268208559012327
0.084497677934984597
0.6753051931378159
-0.053336871087468041
-0.93510468671256031
0.35033470149387597
-0.8689346588258724
-0.048425135763351237
0.49255209360783941
0.18811316951326909
-0.50632009318691962
0.84157792193644254
-0.0034722105357921878
0.50559957208743112
0.86276127431578753
-0.14168521903616871
0.91274073712049686
0.38318356633264533
0.85518355942969471
-0.32833237898481277
0.40107222365969286
0.75193725960469826
0.48438238964974684
0.44717340955760959
0.32007149929266127
-0.41231552479154993
-0.85296549951121514
-0.0023472401527705024
0.69111379195737321
0.72274215113688078
-0.41224245625962075
0.88792097458853803
-0.20408944152693362
0.56808887243870321
-0.64335890771916082
-0.51319036318868183
-0.38430982735092312
0.66635635319928732
0.63896413604556124
0.031118542792507028
-0.012219109731655776
-0.99944100859022011
-0.41130581829787694
-0.054376713505998077
-0.90987400054216327
0.73723491941180164
-0.33756100349111773
0.58526681310488093
0.72376378262509644
0.68605074630868179
0.074164414981262569
0.49396056428809254
-0.84598255156525204
-0.20078964957222048
-0.73076076308484128
-0.10150095418784447
0.67504537879657955
0.29840059871595898
-0.9366384110964372
0.18348179622158373
-0.60952529917109155
0.77928764012448049
-0.14556676687901457
-0.91402764973553285
0.26531675208012162
-0.30685579118633738
-0.19889178559597895
0.94596470264731858
-0.2561109895490884
0.72942718135560969
-0.24278777289216322
-0.63952332594962769
-0.34590593218245236
0.82873935710182911
0.43993199937198879
0.54658621906613236
0.82560140076050004
0.14009222744067584
-0.9581020564016175
0.0070136060023983796
0.28634115814851829
-0.55526396880577422
-0.14884856347481265
0.81824570276753972
0.77335667638512307
-0.62026683327640131
-0.13110494509293261
-0.62560290689985365
-0.60176501333978927
-0.4964875341824973
0.091480422940073747
-0.42615430053931685
-0.90001324676393002
-0.099101612057471644
0.86829478827765216
-0.48604838353550506
0.3957377165630579
-0.42955646014738863
0.81170986641478116
0.76038532759936339
0.29189717579352564
0.58018117199317354
-0.29274581066841793
0.93368289371502167
0.20624292550299525
0.59439242998544517
0.2531578784180829
0.76328810273110681
-0.5055783287968636
0.53269771949292521
-0.67869263521715584
-0.29732923297743913
0.57172759545091778
-0.76467174906423696
-0.34721287077285673
-0.1945465669580006
0.91738479148857044
0.82767706671616481
0.51229850184125802
0.22913078851024724
-0.94416301639023426
-0.16275501610758686
-0.28647339006042688
-0.082913711160044395
0.98557526109859916
0.14753549136427083
0.95377035718455849
-0.29758095534063489
-0.042043795910869174
-0.70319772923747603
0.40074219854676035
-0.58729774722807027
-0.51166277646370162
-0.5273837443667192
0.67828282401900386
-0.95114028590864852
0.23921362208292882
0.1952152645967532
-0.90919395162047345
0.030082105455375319
-0.41528475202939946
-0.88868798904074553
0.1837995517601719
0.4200611656740903
-0.75573873523722235
-0.41686891977920232
-0.50505372762129441
-0.56177286720224162
-0.6592332681782449
0.49982271237149967
-0.18381360073913799
0.78225026885386306
0.59522859227474256
0.39493125890567038
-0.2097788464086553
-0.89443956550380532
-0.99161287083455096
-0.10613522030924222
-0.073751131551784033
0.986054261949733
-0.10474519306872579
0.12932686116875566
-0.43866492191950313
-0.36946802626583508
0.81918646463707168
0.19601092563709757
0.9732861618777866
-0.11955653109761599
-0.068012607150713042
0.19577235834919357
-0.97828802965944439
-0.59905784450204169
-0.42063575067297448
-0.68131876841633465
-0.1653784827720505
0.39298222142708711
-0.90455233739029517
0.67671939210974974
0.6733110514834143
0.29783064364317868
0.66497798752055481
-0.45609234288009659
-0.59142543983097084
0.42072465023025107
0.88228625714698772
-0.21109649248197468
0.51681179486185247
0.35716276144685027
-0.77803620129614204
0.95421195003984238
0.10456549862186544
0.28025989884234542
-0.23799227205548742
-0.0091046669501613046
0.9712243733976168
0.79303546780755974
0.38547337457404263
-0.47170438231348294
-0.46132487821752871
0.88687016147290521
0.025311527543899117
-0.042088731222931074
-0.54137853713496509
0.83972484674067438
0.67675916587605622
-0.12718370760482278
0.72513539144261574
0.58323114632017703
-0.33115057029650469
0.74174168667693996
-0.15896250245902863
-0.95440592748084496
-0.25266627871837449
0.51813630903942498
0.65818290790045764
-0.5461959584276499
0.93391795262621369
-0.22119982173111902
-0.28083428677528433
-0.16884265641016905
-0.97694356179210584
0.13066535290317549
-0.38715356366856263
-0.79658181608845124
0.46429465688930427
0.75136826354417963
-0.53920435048156534
-0.38040031671958091
0.99130693793715652
-0.085990613746806971
-0.099579963572527463
0.071048693565687576
-0.96366378379761364
-0.25749600956029445
-0.39344211587588462
-0.88031894597077676
-0.26503179963922813
-0.76455126656805095
0.34513987601104651
0.54437103778238272
0.21458541753422869
-0.86835101988805874
-0.44712370194503093
-0.94345163988825886
-0.32057090906247904
-0.084458838821113311
-0.44356442198644352
0.26647828375623644
0.85571018916112185
-0.17239929360566289
-0.83551289704171872
0.52172471902452844
0.43231637615867313
-0.80233890863189661
-0.41152743116396207
-0.25477616781443502
0.96660150863958572
-0.027760183887499613
-0.5692098067777509
0.33246601997063741
-0.75197509362539339
0.32249351452745301
0.91763957175212474
0.23224028384909634
0.63987525638140286
-0.70901429205385369
-0.29640915966651027
-0.4413379731294349
0.041654579973563664
0.89637363272311177
-0.53211298366564808
0.7635744360546517
-0.36580029144092036
-0.70844251828555005
-0.22764914898953983
-0.66804570446157818
-0.28776784566727764
-0.24760205201000907
-0.92513938995183143
-0.48366141291106995
0.83710594309978592
0.25558810161642032
-0.012428275852363248
-0.88857992718324708
-0.45855343305481078
0.34983959373923201
-0.62712042075405572
0.69593982248871589
-0.23960269605419268
0.20969378364623334
0.94795520207638961
0.0011040479321743611
-0.60978471285715385
-0.79256632848228037
-0.90985590139265404
-0.39332273834760356
0.13213425823647598
0.12284208184379918
-0.6873100626648474
0.71590132049600597
0.14779573968088103
0.98417405174214234
0.097764283916144432
0.39423334321843534
0.19820213547780505
0.89738285284868979
0.99085503427497112
0.11860228351296143
0.064341272892731186
0.62673283309539574
0.47696432638921715
-0.61620693543021665
0.85821001567745692
-0.11483555575555875
-0.50028828101926504
-0.37600808132142877
0.37141665996026563
-0.84892142597824582
0.74861309823142996
0.010667274435368818
-0.66292129126500376
0.73660267484308961
0.6544548292629957
-0.17060297731384594
0.82793018309650779
-0.34063273557536328
-0.44553445587544366
-0.14092073244054079
-0.42711677972278211
-0.89314758223244484
0.62908574941887618
-0.77629512499797781
-0.040211923386785954
0.50149465335262144
-0.69792380126543507
0.51127828067104475
-0.69959200595305571
0.16141333653613968
-0.69607238129008586
0.38164860263697331
0.92423037378582773
0.011939860843182173
-0.64692817389362034
0.75872476109957854
0.076293346479578653
0.27874382804831233
0.71887031356052511
-0.63681029404867895
0.38479085778935984
0.80504656955886589
-0.45148202245851476
0.70521045656527459
-0.53349971505895055
0.46696495155741152
0.37867850140432313
0.21438615678092857
-0.90035613417962523
-0.088929580321291474
-0.76393583331263915
-0.63913501885345225
-0.6516822759248474
0.69922075075696344
0.29393970973020861
0.58864606573498557
0.8041267636234658
-0.082921392409761874
0.8527948300950412
0.5222369124257793
-0.0030959753162502685
0.71504468274519128
0.26228148436338539
-0.64801197877660244
0.97930350610846795
0.12983499899494069
-0.15526595235158791
-0.6208375777677354
0.30993865418671979
0.72006856109152273
0.4707150070661924
-0.18286263614615211
0.86312724347245273
0.93896180171665711
0.33479167216777117
-0.079153465900847125
0.41769467675097516
0.58539120097227371
0.69487286523373282
-0.30417006269070873
-0.73220808602653475
-0.60938648796973582
-0.34051211254144875
-0.68332639751737512
0.64584559739034053
0.70238293939528107
0.58424183393806939
-0.40659523598183761
0.13029134625738661
-0.76216407836417044
-0.63413727436709821
-0.96357511960493158
0.25917600445460803
-0.065960500250428961
0.050994504677090435
-0.34620038388158586
0.93677364111773587
0.73440545196161811
-0.66798767879976595
0.12017109927412645
-0.80044275638845419
-0.27597437512170475
0.53209918062466355
0.8517176766021789
0.13931613613107904
-0.50514157775508117
0.35137728150641451
-0.71602754175663363
-0.60319032277309814
0.86821566211132473
-0.4949192675202026
0.035446899749629189
0.40931937580201216
0.55456348031214731
-0.72451155608253048
0.051320571563291062
-0.83160268904038115
0.55299472557631546
-0.20492488866146225
0.73932980095884104
-0.64140255333234175
-0.8503153359184219
-0.51764012363426437
-0.094934355771999449
0.026916743706723822
0.84596787201019363
0.53255408029116724
0.90964989415969477
0.26338760364220376
-0.3211915943839026
-0.72497600047507926
0.63087818995094536
-0.27641003632172445
-0.79596232980918269
0.57681472735136208
0.18365385875421136
0.12650739709911704
-0.10343553757275346
0.98655814225327942
-0.52321610685631681
-0.84851403542357573
-0.079175988881215201
0.16447853230652584
0.59170408285363352
-0.78919775135553405
-0.75656454271755913
-0.57683088834677099
-0.3080198353217623
-0.20830871649931898
0.60792629519866548
0.76618085217292631
-0.71358560357354583
-0.69432735192819306
-0.093301204370369012
0.86754735567721775
0.094932283226879716
0.48821045386062628
0.24215004935948958
0.86528324744914087
0.43891713942276811
-0.018560825115760463
0.29860577646077707
0.95419604172060912
-0.27792857245325114
-0.53833031700264711
0.79558543124539893
-0.62243734583175925
0.086869773627226074
0.77783378233647671
0.17862505666978043
-0.90981545342567094
0.37460503178355525
-0.79860752170656735
-0.58969644671833421
0.12035001870155905
-0.63124045875372625
0.60074823443019976
-0.49054769601067655
0.60747686780824395
0.45147453786773212
0.65356147127489317
-0.29110332978606329
0.17247312256017644
-0.94101640441695211
0.94214251758620682
0.0056274740335589424
-0.33516534440828721
-0.77550895710200618
0.12827360130530643
0.61816805212072057
-0.82884718567984539
-0.44580543865754768
0.33803824288673523
0.41336989891392673
-0.83735440174618336
0.35771906931023612
0.016666400578931914
0.95225988436721165
-0.30483330480229226
0.4859022577381778
0.8011407141931004
0.34938882636270779
0.46021507782094062
-0.54228878623217136
-0.70294022112346366
0.28730096101554986
0.41389477024404386
-0.86379932679076077
-0.090565145100075545
-0.17544906872359795
0.980314020493956
0.93319202400799006
0.32617889858420146
0.15086408600547721
0.81364692528030302
-0.51574962912580313
0.26829275248971152
-0.23840753411835597
-0.86493217231663255
-0.44164939144895909
0.87526412927312691
-0.43417173031695472
-0.21309062063201253
-0.63975121309263083
-0.32704724536528751
0.69552748662111452
0.20280939203505227
0.36504831387226822
0.90862978106673709
-0.79524865822149049
-0.018475439580171095
-0.60600183970780042
-0.58863896833408502
0.51572070963334227
0.62252414781586252
-0.8735428171290458
0.45556512912660696
-0.17141575121939162
0.023405138795524444
0.73901045184112724
-0.67328727267603627
0.825507875314761
-0.12238717785849137
0.55096109344412247
0.41586960934425871
0.40346804554929167
0.81502515558999056
0.54365364539940209
-0.34356216734075989
-0.76577134382011258
0.075937248604125415
0.94662479440621361
0.31326511597978673
-0.51524494212172367
-0.24573898965550101
-0.82105724439960648
-0.50086563157044683
0.14367001507369359
-0.85351774784140377
-0.97659935975860901
0.075433698314834929
-0.20140369330680513
0.33509645237946745
-0.02464946279197771
0.94186133352355128
-0.63835611371386036
-0.7622021813975145
0.10746770099433323
-0.2840965548650819
-0.90906123634608504
0.30478978999749767
-0.70187631739678114
-0.63666990630508236
0.31940736604375708
-0.031202189820602057
0.99639764001873354
-0.078855350582553024
-0.074782684110589512
0.5849970255715301
-0.80758035527721828
0.45408457096354859
0.0045024873990123721
-0.8909472094462566
-0.42319535038389278
0.47518730950601201
0.77142900924057278
-0.72056101598306388
0.53905101778858411
0.43613738943886271
-0.7009297377135747
-0.48248707869862401
0.52526538214282414
-0.05438487717319105
-0.22958570572905951
-0.97176781633255715
0.59828881877956797
0.13874218393824331
-0.78917748049434089
0.87614490860952643
0.30660228926538985
0.37197464340305064
-0.38333115055341471
-0.4304665453259422
-0.81716325319396488
0.92907441846856842
-0.31861340538177285
0.18789950201722577
0.24819256368029663
-0.0024779961429542757
-0.96870754661503355
