-0.51631576097832765
-0.8392615924890664
0.17046411451706392
0.55649902431448017
0.50946152233062192
0.65632140998263722
0.13652735243497641
-0.67730839938543197
0.72292019902548021
-0.58299094487738279
0.79040582567779227
0.18809622251811439
-0.86766371715841384
0.058044839401184947
0.49375142586703946
-0.2061046304786753
0.95878307739644919
0.1955911342403924
-0.63205968817989699
0.42216342506582666
0.64982966469269599
-0.25612966739511495
-0.7782908990264118
-0.57328951671274042
0.85816604378162431
-0.39179350807866947
0.3317361727753016
-0.44651890462508015
0.88307679674139739
-0.14420901105468789
-0.3025194376928857
0.014277102746857234
0.95303628165728071
0.72514438893345834
0.64094442877543345
-0.2517058887274084
-0.9482439341478931
-0.22303974062264845
-0.22602370551494774
-0.76207423261408058
0.64353103812024737
0.071488928943838001
0.74670138893265858
-0.58469024684920368
-0.3171345944633851
0.95105205513198932
0.086848316396388417
0.2965760583195019
-0.26221234589590436
-0.76819658793427159
0.58405366872052922
0.072328502616655091
-0.50940934420934536
0.85747927540054125
-0.69936167519049131
-0.35128854670620463
0.6224866297582563
0.48419344586108115
-0.56458182921160971
-0.6684340394603232
-0.035379685229692717
-0.80554413585009699
0.59147859054286001
-0.84012917098557161
0.098386490810624561
-0.53338829616431116
0.94649583893270894
-0.17706777793642606
-0.26980109136125441
0.75490298447413695
0.65531209153633985
-0.026221112072313764
-0.060892660180891039
-0.97586812134101919
0.20969857816982038
-0.18686498475094673
-0.89427396432863426
0.40663934167512245
0.86224884306825489
0.48028455842811829
-0.16079078195892701
-0.9950646637748265
0.084763243975735911
0.051589799160310798
0.45836187390830002
-0.8711422108323742
-0.17611258062204094
-0.90735640618405633
-0.1553848535424259
0.39058916964804924
0.99259162445471316
0.11227812342327879
0.046427255603798796
-0.45344393892268975
0.56161982969594015
-0.69207785772019836
-0.62075255705032351
0.78300949595051261
-0.039527106734606868
0.28291359283361844
-0.2619006018161148
-0.92269603540837342
-0.018460000292506606
-0.97687901437946989
-0.21299441226050056
0.26226953788311191
0.13141183060123002
-0.9560050315121843
0.98205069276736334
0.064780380799730183
-0.17714383731471947
-0.60674746108813471
-0.79341260803827285
-0.048517541868983188
0.60606244147684907
0.30780105404311359
0.73344858590160855
0.66520144809908144
-0.73216841732792148
-0.1464118919842638
0.035303808190778711
0.67675666262558398
-0.73535981717735321
0.19797813793038829
0.97579865385834585
-0.09285280841125082
0.72459029676960085
0.36689847064531994
-0.5833990178818157
0.856993245358043
-0.19587018799202643
-0.47665233332761248
-0.35774057603520221
0.26682791874025702
-0.89488800530499046
0.39739805566290126
0.82322140906528196
0.40543963423907814
0.95190895603252745
0.30033463975406599
-0.060567677756863628
0.666635029303147
0.58681838507746109
-0.45961061850339469
-0.037950957526293079
0.9202168838510929
-0.38956464354227727
0.56906853830153137
0.5093546780079119
-0.64553761370412399
-0.35968737098356779
0.72813867266066412
-0.58347156617173335
-0.24740155922203994
0.86019859489664519
-0.44592695122894349
0.12983301958654622
-0.11024993883327378
0.98538740504042321
0.74889276209849642
0.63005537455289029
0.20540169394019614
-0.91890108699716444
0.19697798643722514
-0.34179008934515048
-0.0036007057343124906
0.36903722283860674
0.92940764096158768
0.63036054220005122
0.084444179125270663
0.77169603306555679
-0.32958667887182908
0.76899236451842767
0.54774388579206945
-0.39607081135569694
-0.91816814694139071
-0.0097553233802138133
-0.41075814283559098
-0.62970345916488535
-0.65935673319534227
0.58755048088590067
0.79724749504199932
-0.13849499651613439
-0.31619127497369093
-0.60281814126392774
0.73255263714876817
-0.47487868557070967
-0.69251907371147903
0.54305392599301783
0.9445361158029747
-0.30025690932460292
0.13303125327030102
-0.44885751156773163
0.81677510762431627
-0.36249876947999449
-0.29491778083488018
0.46515054648752641
-0.83466069252708019
-0.67023763315455098
-0.54993459119547428
0.49835074045299887
0.92016828921325888
0.019994432715198816
-0.39101220209443832
0.32444881513347784
0.8273019041306543
-0.458589713993103
-0.17563336629530504
0.88501571156185288
0.4311613513899944
0.34350654286438276
-0.17072867702180325
0.92350147474259336
-0.8600447670224759
-0.31781980220658218
-0.39914104279392787
-0.89630050958181096
0.25673576663173442
0.36156900123683428
-0.54210962704835985
-0.3221657982756066
0.7760968693938467
-0.91876633926844664
-0.06150802353444991
-0.38998099552176041
-0.63987391372364788
-0.7088338678427718
-0.29684326223621377
0.87369993716645289
0.4802604782745028
0.07744864623014483
0.25626850683161034
0.07838577184328363
0.96342208983333455
0.61692715984809254
-0.38995868810546452
-0.68361765703705402
-0.30223025542339998
-0.13824529922221279
-0.94315699114710871
0.17018507556679141
0.51924707438129769
-0.83750791984362072
-0.76709193288356203
-0.532121277338655
-0.35835305594963029
0.92397248681345778
0.25678767268360253
-0.28343418066544807
-0.10293496346176931
0.79316821911384883
-0.60024042640003006
-0.62751071464503161
0.73234991172664321
-0.26437456345053217
-0.097689930763414742
-0.65511452996890251
0.74918731306066788
0.059551470494331023
-0.65955354722785509
-0.7492948289566107
-0.10830478943402942
-0.90565006631034861
-0.40996101031404392
0.032571608817055286
0.11498073528122808
-0.99283358163050517
-0.17366302652424292
-0.65250864732894831
-0.73761346135993633
-0.82123881489619499
-0.36429616102993473
0.4391527251045414
-0.0026965144081694576
-0.29136566353370114
0.95660795466252135
-0.060969701218462673
0.57047286559186283
0.81905030685345548
-0.072073197191913005
-0.11057941506111477
-0.9912505471429901
0.52094496874628093
-0.22816657347158442
-0.82253045796989954
-0.54347730383625326
-0.098202760989133595
-0.83365978549345188
0.54063969123220623
0.75957068706041408
-0.36160903697628366
-0.70479875199583653
-0.69771121503421696
0.12828787783960008
0.7242250462429497
-0.46392764938478853
0.51016587354575382
-0.061085061063532418
-0.49618789184571555
-0.86606361850649816
0.86821174294877623
-0.39119558360175405
-0.30524479483904571
0.8230762854775675
-0.55764300531359356
-0.10760904659587542
0.87018833679423147
0.25068844286853126
0.42417869243921302
0.16084607827550099
-0.07940766396674398
-0.9837799357614162
-0.59361018619875072
0.24005191523982145
0.76811589283829951
0.55074411349265029
-0.83415871423746712
0.029328500045011387
0.69030497988798012
0.17294548894288983
-0.70254458406293341
-0.12444752619841669
0.75188103645999549
0.64744707909985766
0.67958861284198679
0.58319843225405466
0.44501562434583941
-0.72796077091947009
-0.39172432276932356
-0.56269456275429353
0.41077399470394027
0.91148088443734365
-0.021617645114237898
0.45613036189491057
0.014634706958014002
0.88979262657647984
-0.2949983570644123
-0.93459574013296409
0.19876310486258439
-0.3765247655072575
0.8727961081172626
0.31057375068583054
-0.087566532772474129
-0.04721639404947469
0.9950390517317258
-0.0052769515076405444
0.99832161287657395
0.057672446161941664
-0.72414656357032714
0.067753830872252258
0.68630982279974706
0.80058218486449939
0.003427300240717733
-0.59921316648638856
-0.87395676388933774
0.41534451324553523
-0.25236582607180791
-0.35058554835858624
-0.40299726845228229
0.84538924460990661
0.050627426440385398
-0.29776595718432891
-0.95329549376577027
0.41527683916424718
-0.88700608386970092
0.201904319002564
0.86898683321893999
0.0023667067343268737
0.49482954882600949
-0.57717753015219853
0.1472297725329326
-0.8032368845909087
-0.060077999054291994
0.50216122093306392
-0.86268461341364333
-0.18731942324194434
-0.32369103443090652
-0.92743492920277437
0.038519975487086439
-0.9141680549244241
0.40350090315161546
-0.48382944601096267
-0.7425670457300696
-0.46314495546042794
0.65594945854849218
-0.32414800488788825
0.68165854997728992
-0.024232762542916973
-0.80302172953345774
-0.5954568625153569
0.83106045332627276
0.45263254433906486
0.32320628509092236
0.3961713117611374
-0.061891535962302034
-0.91608827604859511
0.37956013193935156
-0.67902631414883519
0.62837677466280484
-0.46631407645430062
0.61209887237807803
0.63865965312837647
-0.12939668451432579
0.30412548616609436
-0.94380304444356233
-0.14485166580708683
-0.46256087038432581
0.87467447436300949
0.93757061395757713
0.29244862460394527
0.18824225298925978
0.92983402456421216
-0.35709567063123271
-0.088833376493016467
0.32847185529785144
0.62815281378108234
0.70535826557579684
0.16686994038380135
0.51661965272726895
0.83979673577137848
-0.87596230539255138
-0.44702653034121831
-0.18126588400043278
-0.96066084715662636
0.25636994169084554
-0.10679508292868811
0.54060860292450674
0.33075447222223103
-0.77352686931289361
0.41464533712755686
0.88865061360912312
0.19588091109269332
0.11729308022288276
-0.90670570319150223
-0.40512603117034052
0.22054060530212288
-0.95501826022966896
-0.19824722959191526
0.85635560018250034
-0.50377096351858319
0.11344559203260327
-0.71568515622400952
-0.0025189127093066363
-0.69841850794446869
0.63196063278756254
-0.58787995509557434
-0.50499793762308465
0.33133032358889702
0.33486949348461614
-0.88208992682369591
0.21780488373873499
-0.34833315445707935
0.91171544142102612
-0.56571862685333629
0.66063505908839837
-0.49348125996277092
-0.77489930954075525
0.25772732817724664
0.57715481838400906
0.59435281537136853
-0.64250002284421948
0.48367184278734449
-0.0015236049186555846
0.95759112465282825
0.28812656353447108
0.44892602806662357
-0.35673775150779824
0.81927016177417666
0.48376605787582516
0.13835670549831783
-0.86419200603276547
-0.97971650153962764
0.040233938970019187
-0.19630793862172213
-0.99229353534825693
-0.11759373347455263
-0.039054494665451515
0.58801335012978606
0.74561630394576639
0.31352292955922706
0.43805053567272484
-0.78723055357976768
0.43402739971956988
-0.1579638688614502
-0.98740136830913638
0.0092711377709518168
-0.94251817330543264
-0.33414055537090098
0.0030955202174064505
-0.52045745992906323
-0.52077758404907892
0.67669397836554745
-0.77802388000616607
0.60906344677784063
-0.15401480428597625
-0.61728926533937878
-0.58306657980802512
-0.52819250885235181
0.45778801462893953
0.68478472108953004
-0.56700971722222548
0.032682319227002543
0.85612225154063426
0.51573884517935942
0.81316616514363804
-0.24783729259946502
0.52662839295138342
-0.44025373975674231
0.43212180197793032
0.78704980330697571
0.32461271601306874
-0.94584651999405611
0.00097222309789103049
-0.22773230708974604
0.97336030312163513
-0.026602943719449719
0.20827502090267092
0.96889604648958283
0.13364866914731388
0.42354446870621526
-0.7316058520909593
-0.53419374782435569
-0.21891630070810569
-0.23113211884018653
0.9479734157267935
0.2185185586800909
0.30725707566706223
0.92619799663187619
0.17222546566576855
-0.47287734955837385
-0.86413274515600702
-0.20795042443433101
0.64368064711961903
-0.73649972539115727
0.76351479184865467
-0.40068320069862307
-0.50645644956522429
-0.52717326661994024
0.3650820199848463
-0.76733530196716859
0.74150445327807435
-0.084113592297616488
0.66565460214707017
-0.71417442083883753
0.24856189058254402
-0.65434844171094519
-0.40503487117327286
-0.83191629418401436
0.37929148765136661
-0.60943811185230523
-0.71373600979909824
0.34520442659090944
-0.16844320034382956
0.19911543346284633
0.96539107744728569
-0.32434511192309651
-0.86709794448362099
-0.3780759223276105
0.72019878991910879
-0.1974510085783294
-0.66507653861074645
-0.42174060839984173
0.90319882542561991
0.079791860338707887
-0.95916397838969358
0.058127880754825938
0.27681331622342209
0.43428354365594257
0.23393427224479349
0.86986927752331611
0.20106623625842993
0.91264347588495842
0.35588517047144669
-0.38745208778239115
0.23179126862391877
0.89227444626795216
-0.43560400339628402
-0.30005352567804267
-0.84865601627120191
-0.65343868852814491
-0.2455997289508362
-0.71602978532592743
-0.4786832471371571
-0.85025318787774118
-0.21893347257549664
0.92202042908297821
-0.16757994811143592
0.34899181844938576
0.57000688530100596
-0.16038406295109753
0.80583441417002299
0.27938603105334697
-0.62820313373747272
-0.72615719263440281
0.84450164934266525
0.20652234291854943
-0.4941310414585906
0.25252154795538517
0.69785513563037838
-0.67024702721647511
0.17071641173450849
-0.96891718306853547
0.17904021648509022
-0.19085322669549556
0.087039357587818778
-0.97775211382569649
-0.51860701211461124
0.74762103139734604
0.41486089282785393
-0.27206088486537722
0.60698366940888882
0.74669518546538716
0.53244949138788245
-0.51680126219701783
0.67038346825705253
0.48887734500544333
0.68189641598646511
0.54407372607509918
0.11462622200634374
0.83148304434436215
-0.54359615174905696
-0.24708263691951091
-0.9505334073609184
-0.18824561621387978
0.56250598074653735
-0.74983719452460829
-0.34832628860285736
0.074787111531776487
-0.99711379338015527
-0.013075587932118417
-0.73847578730888552
0.55440921490235973
-0.38377589031864756
0.24518609629183316
0.78657133234000587
0.56673566794938901
0.39191417570767056
0.44046559738500618
0.80770869526064082
-0.76117125017424792
-0.63748605611345643
-0.11928896080142301
-0.90327463137880859
-0.36240914306100841
0.22968359395756355
-0.22886335800000407
0.41293937100120992
0.88153425301691324
0.59744746731379961
-0.75810162227426159
0.26141624682765824
-0.52210290025924333
0.043832712345711906
0.85175539614921414
-0.65238004555811679
0.47019112055362045
-0.59440776097736137
-0.79678015197644025
-0.14654704982637548
0.58622977713827074
-0.42680127121125561
-0.16397804591459736
0.88935475225046523
-0.81055821992430788
0.34684384031240673
-0.47190541695394744
0.73672178090837714
0.39283725389827434
0.55038160351237386
0.17208174602058529
0.93288085417526012
-0.31641931767789372
-0.84568060712020277
-0.53001342789563199
0.062530608434005999
-0.64247079397654239
-0.12709287772862735
0.75569747870282544
0.74635780494904769
-0.59210511036408864
0.30391045601026878
0.38695718806485263
0.8898654993405315
-0.2416682182008402
0.98935290717946156
-0.13287266410995846
-0.059377438374098555
-0.78044741093698744
-0.55189273183725984
0.29379627517543427
0.25896323353904716
-0.8946261157107761
0.36411832796942545
0.30818238851095681
-0.53231859288677297
0.78845452061531607
0.9846953664359509
-0.08111023367952104
0.15426005740962906
-0.94930736056360965
0.28240241596178478
0.13807393178547356
0.20479504951032021
-0.78894976431504771
-0.57932482864391055
0.37909013569177913
0.5274378238199352
-0.76032888346115024
0.34192620549731489
-0.86240934084550902
-0.37327817886480147
-0.972635671675525
-0.14919698161102449
0.17810140612151332
-0.023307392935824661
0.98544793695154587
-0.16837199586771395
0.20123618897150772
-0.8049961194035824
0.55810863099704633
0.81740191189684919
0.43352342141360573
-0.37935676811310065
0.72390532444535927
-0.68559509803024465
0.076944413679994661
0.10376607052075809
0.32530748199386028
-0.93989767781790767
-0.63875061992304194
0.58513998598419092
0.49960868922622875
-0.71287052347996771
0.63741393093701604
0.29243648438732456
-0.78797049031480004
0.43705088386217184
0.43369232332190077
0.60253762270711309
0.79322551878875447
0.087986871547816786
-0.88896836058664619
0.4577030384158205
-0.015594309885868952
-0.85512721939211844
0.47113842050497706
0.21630077988481536
0.046138358954258031
0.14054658755899413
0.98899843708598956
-0.4042936333864573
0.054542110300861812
-0.91300154228079233
0.091491631251700248
0.69986996762833753
0.70838641278811421
0.39648038697580318
-0.42087105403625763
-0.81588654763877966
-0.31138971403606325
-0.48703005479107347
-0.81598907573737933
-0.24497440535780685
0.93907242137228164
-0.24110273357552139
0.76998775191972935
0.16822996089919209
0.61548155305375141
0.62011101686461578
-0.026972122598213719
-0.78405027349378509
-0.8112091972074188
-0.15734695442172081
-0.56318875548105907
-0.53978580929045927
-0.45015542968797795
-0.71133070312694635
