0.14091880552780087
-0.7148783373763391
0.68490207548134863
-0.87353094628770778
0.482142838803367
0.066947508305629164
0.61619015125299992
-0.77893814474991419
0.11646915536899306
-0.39656515418823163
-0.5802674696792971
-0.71135486370422041
0.10350828815310387
0.83660152672035737
-0.53794416045978344
-0.31761717177805332
0.17569146936504734
-0.93180032184157413
0.42925848725504134
0.9007773938301592
0.065857709374529408
0.79513086915719156
-0.28093450449293317
-0.53744088521309863
-0.38779013697925752
-0.17818150800301802
0.9043617417092451
-0.11896690218928828
-0.99285750425087005
-0.0089917982749788995
0.29445518897017614
-0.81357121940992561
-0.50139606364269029
0.19417617593922976
-0.28461195165926623
-0.9387713511128899
0.7541189065026781
0.4227600488914951
0.50257200072871711
-0.51806271868499243
-0.70371277628719175
0.48620916075171539
-0.87678812776732173
-0.016267079304224774
-0.48060166576613628
-0.92773127379763065
-0.12368748320836528
0.35215918292074416
-0.76555148604296863
-0.62395947460800938
-0.15686139188563664
0.66986301276264104
-0.29197554533177295
0.68266670129776474
0.44195590215759978
0.34347231148560509
-0.82867469600006338
0.10401088960235985
0.72647203196151688
0.67927911908274519
0.84606207342554673
0.4569147584359094
-0.27460493701738015
-0.30623303070627156
0.94394360706845648
0.12325501036080951
0.98626188877795462
-0.13814876671304738
0.090567129797765586
0.20711365582451613
0.11124124071618038
0.97197187198752244
-0.54328444806092779
0.4670044610862682
0.69767387927358826
-0.55035491992162833
0.6566422675275162
-0.51568439438709013
