-0.28910929059554263
-0.58997706851419862
0.75388518802184645
-0.70943083016347075
0.70212933667713706
0.061010587531118286
0.8943030852646876
0.39384584168425057
0.21238513289325434
-0.56279281731122521
-0.82379118402245732
0.068061221776954825
0.62837320006877662
-0.16864356310005021
-0.75941192383333345
-0.38385829880981548
0.91655222396823399
-0.11218211610465768
0.95645462944693338
0.25260209068148592
-0.14624201035568329
-0.6291730130587313
0.73096250596032819
0.26426338096451146
-0.077006085507649466
-0.8324496732530321
0.54872361375806367
-0.64298022694126011
-0.61491141133179184
0.45657462038149854
0.27793224603843308
0.50819844929939506
-0.81516133540650848
-0.91411659100030207
0.35920488068046452
0.18804975871646185
0.51467409896340788
-0.78312128273932069
0.34904387743795945
-0.4713849021041116
-0.6949693760978638
-0.54296762367054896
0.02915622485587855
-0.50498399470824817
-0.86263612238339127
0.72849688960349712
0.57103942764703564
-0.37842602171438511
-0.66196563866011415
-0.72983818960668334
-0.1706977159335942
0.19442164250688573
0.28222073133769987
0.9394422194728842
0.33791076895029704
0.91437110504585728
0.22302868534033191
-0.25538379259605065
-0.71691508667366322
-0.64870014411818311
-0.43089627559371935
0.83971447793580156
-0.33046632994068526
0.27548332353522592
-0.15336392172453983
-0.94899338562882252
0.039732368246772107
0.66493927764923288
0.7458398594556469
0.91780576147354154
-0.36765926264964954
-0.14986410775729106
0.50518642696988725
-0.28396121597097729
0.81495564408726118
0.83759496800340849
-0.31798339606436687
0.44420854269446591
-0.072749059753561121
-0.50246448145227263
0.86153178651972651
0.14723139566783311
0.78972777595681443
0.59552746033411896
-0.17410472929759441
0.69272014622501032
0.69987594775803785
0.78353306801414324
0.36949965062203805
-0.4995457331601742
-0.24820803752569176
-0.88327812424953644
0.3977593811965533
0.52627033839115556
-0.57271679936925768
-0.62851809731295105
-0.89847359521313119
-0.36707879089095946
-0.24082848665143775
0.86517646655093361
0.42091262926502415
-0.27258437272089858
-0.98460610114859393
0.094468918250780493
-0.14705933858647696
-0.55814019110937041
0.54684655677625627
0.6240499742891974
-0.78598351943247402
-0.44658084848700491
-0.42754584893923192
-0.92249822815634674
0.23355359379857929
-0.30732676074850535
-0.49487513762794472
-0.79633158468248588
-0.34778528634029848
-0.81637368102334629
-0.066493564135932964
-0.57368337858168084
-0.031095400382309832
-0.69325471052484788
-0.72002151524115809
0.83687584678164539
0.3363828788097773
0.43183952565409156
0.69380733548384455
-0.65669108706906676
-0.29561494785084091
0.29864694997203867
-0.92731148919118334
-0.22561782129616556
-0.32233683740053481
0.0089804949292288175
-0.94658243907514317
-0.42065653339684878
0.85959864078836123
0.29006595399210083
-0.29041885617699664
-0.83978737478648591
-0.45870911602677694
0.76946344635206576
-0.63010902797875135
0.10434853898198487
-0.78694596971651776
-0.23976988136576452
0.56853007373117648
-0.65692387715828426
-0.43947786385085896
0.61262568245578253
0.0744879722150492
0.43634318064630789
-0.89669179247874997
0.13025662676807839
0.97381959473946145
0.18630246397853351
0.25125610045759583
0.94550957501684785
-0.20707973231174062
-0.28649673991849944
0.81062168489518982
-0.51069766202103906
0.99928986020472266
0.018816370754542608
-0.032645359297353342
-0.083213085182778104
0.98762879154034744
0.13290956540037491
-0.28523702675525497
0.34598716817525216
0.89383036311477559
-0.042479983528288377
0.3264480322401655
0.94426009830234814
-0.8755572246441875
-0.02634698843294124
0.48239546284545637
-0.92742470020902779
0.0099703740584323897
-0.37387700796295298
0.099089816541468492
-0.0069139455725715808
-0.99505447369196698
0.0084619619720792214
0.9664349015556708
-0.25677222640827835
0.048012556037745825
0.11618732838487419
0.99206617681760911
0.65754368691380904
0.061388268854895345
-0.75091129985291472
0.62938475869684729
0.7380117686724218
-0.2433381491281528
0.437905978361744
-0.28047829256041173
-0.85414886379216126
0.31528591651014642
-0.88009541578295158
0.35500260557943886
0.33454074558588409
-0.83704252485780239
-0.43294607184095818
0.8983466257245708
-0.43378531249515501
0.069308316331872247
-0.3354620492126274
0.22509036321113288
-0.9147674797059332
-0.034530553943071418
-0.94447346487719974
0.32676828944565889
0.80049016074028734
0.13838361515240935
-0.58315133337354119
0.83072563068086569
-0.47902018077933251
0.2836099309544951
0.79044286943138109
0.59555338721268303
-0.14323488801470366
-0.28069725918642191
-0.40313136295007329
0.87103051203229775
-0.52446032730694381
0.058832911672411156
-0.84939981962868349
-0.96257742701894633
-0.21579646963126012
0.16394078409068819
0.53567374005138746
-0.48439068197910118
0.69167861860200641
0.14261286366273773
-0.36834674852926813
0.91868506244840487
-0.74287280193803062
-0.024630481620673984
0.66897932667300941
-0.11823075770557866
0.12457523877480035
-0.98514085176515054
-0.074856727646768609
-0.83936620138169737
-0.53838726796245606
-0.79779266768619406
-0.56407619329077641
-0.21294343743992838
-0.12694650990906678
0.73930221155409281
-0.66129934493626596
-0.51583203115321252
0.72640800835992303
0.45414614500942435
-0.48962169722959503
-0.16909301459750409
-0.85538187145645028
0.60263187084931025
-0.78670962684273193
0.13387602948112004
0.93416604469397813
-0.26621245409517763
0.23762308436983037
0.74490877418743473
0.051153222542117363
0.66520242480175151
0.34830996391089053
0.43449429663873551
0.83059910620515653
-0.059613404457450829
-0.29270883126592456
0.9543415437399384
-0.6042241071246377
-0.74918597701676093
0.27135511826917108
-0.7644623901416534
-0.59643018331954012
0.24467997565050192
-0.11977297805829512
0.51680021621791372
0.8476862451663143
0.69489963097270546
-0.52177050535288938
-0.4948434526370819
-0.30944261664167388
0.94526612736335569
0.10352398497661461
-0.28660254729448181
-0.21012018187064438
-0.934723750128861
0.22547582273136205
-0.39038030741495822
-0.89261630555699467
-0.56996000782216505
-0.01561435667266982
0.82152406011574386
-0.3272019459600059
0.63925188720112069
-0.69591372401310714
0.050743406165303991
0.62981571837298789
-0.77508532925159934
-0.46145415731025757
-0.22126729261878611
0.85912795666200525
0.5879248016019587
0.13499516231617084
0.79757177345523478
-0.87959824466604364
0.43072017225707621
-0.20195806790333837
-0.45234528763796966
0.19062184266457907
0.87123306517308163
0.07518559904893117
-0.98239690359823517
-0.17100716211975805
0.98287661113927338
-0.028745496501412723
0.18200896600515273
-0.74507410559576115
-0.29687485071026148
-0.59726870015633393
0.67854716418338656
0.47164181971170271
0.56314095915473761
-0.79258643781995564
-0.43877522408448122
0.42341828174216428
-0.18976416717392697
-0.96683879151483365
0.17091609660567933
0.81276724324879812
-0.57137604272606213
-0.11374896087637039
0.91862697528384396
-0.08644214823274235
0.38555445178309716
-0.69332030827557745
0.57052645574344962
0.44023461180315648
-0.70392509524846891
0.376048532384746
0.60255867894397852
0.45129770687828136
0.60728146057406718
-0.653865129372589
-0.19986351062302149
0.15574620055027152
0.96736637223732147
-0.10301228832526067
-0.047588330793943437
0.99354105059944031
0.68806407154553495
-0.64867983705471854
0.32524191373014172
0.53457615678093651
-0.71248413472789307
-0.45452688629207511
0.90133320700052955
0.43257206349729971
-0.02190570336302234
-0.078182086830681896
-0.68413179456620199
0.72515601698008947
0.67461122512266625
0.73810399440232266
-0.010108827124409159
0.34606046877914193
-0.7043880448610691
-0.61974158663523693
0.49460508853215446
0.19165701085955225
-0.84772247615978724
0.5520785111790032
0.36012980570156244
0.75200787265807945
-0.79550067644594025
0.55822833521739779
0.23571126306238357
0.17217093864383709
0.89673120963972341
-0.4077135091514365
-0.2859899858699575
0.82552521496557441
0.48653658386409521
0.68829719958573476
-0.32230823771203793
0.64989565696763618
-0.40731069920535756
-0.88231544717034305
0.23583351330428096
0.12700156931786308
-0.87383507595391829
0.46934301041286425
0.88246270382231617
-0.25167099727125902
-0.39739311203781208
-0.36206014059809122
-4.2622017019972596e-05
0.93215473649681901
0.14109203434191972
-0.79414382274296269
-0.59112488244401662
0.079973280630269331
0.995854559361946
-0.043335562569977372
-0.51991238780494486
0.37469666307764166
0.7676545575227447
0.97736691852472779
-0.21041914338390069
0.021856135776109158
-0.62617772496537116
-0.51366213098792035
-0.58656003268731216
0.34581406656396041
-0.61857713456083285
0.70553168601063276
-0.48344833762804523
-0.61572157586164511
0.62222555867075391
-0.095488741008985578
-0.93897607509151426
-0.33046305503982404
-0.34334197203987921
-0.93908766479601935
0.015187101886988246
0.48558525755468729
0.56242737810940213
0.66924016765174177
0.53999972410536468
-0.64948445281029421
0.53532256026048697
-0.42784690850755103
-0.55859874376277552
-0.71057333636098408
0.52151200749174209
0.8452920384199365
0.11621788083510098
-0.19243528255118481
0.92833855513623353
0.31805060772936139
-0.69633729718850634
0.10878718608321107
-0.70942210050737986
0.26809516857656951
0.62621369299001794
0.73210749982342371
-0.86252731740983668
-0.5059807630135259
-0.0054858164425210182
0.78275697097176489
-0.098894704357373936
-0.6144195324411289
0.188559570531069
-0.6208390823926242
-0.76092320383532985
-0.074354938570476897
0.88494904330287605
-0.45971353457072056
-0.98241938541438034
0.14640020278471544
0.11584097628484145
-0.1473863801604938
0.54974948966698112
-0.82222427205360471
-0.51076787401566381
0.49604265724625468
-0.70218078944499296
0.65935109301619166
-0.74714248386141979
-0.083870405672926321
0.31581027920135707
-0.20634062978023318
0.92611414634085876
0.51120977518297772
-0.81859040295638563
-0.26186698521400403
0.8061103951846682
-0.14031903845887064
0.57488833543671414
-0.95260751344769612
-0.30190956289910365
-0.037276549640083992
-0.9982715807330409
-0.057517255091024011
0.012067164851356992
-0.91761842304779417
0.18639893366024654
0.35104396763596785
0.70659133445481848
-0.49855844605491412
0.5021634812893786
0.4250475116028361
0.84689593131270602
-0.31953387051488141
0.26408435568557731
0.041141368525416271
0.96362173121925265
0.86539180579489505
0.10918823222966022
0.48905516294750684
0.89687319058931358
-0.030346643547884938
-0.44124546595690073
-0.53031663076932423
0.28074253900005686
-0.79996743554051863
0.80179251146837349
0.58722423982735006
0.1108894075754263
-0.64879471626483387
0.53842384234172769
-0.53774081316634681
0.40152480050716954
-0.90309004659917258
0.15233582084060845
0.11918411997872211
0.48586383623333801
0.86587035876366725
-0.76070653592869197
0.54921882441456538
-0.34595411415974281
0.72854944799915855
0.26915692888588666
0.62989701495787331
-0.58264470728929874
0.80155688786810864
-0.13428216776236371
0.48725292137478315
0.8666074410530491
-0.10759244268639633
0.55207493954266584
0.69538638622840654
-0.4600554694568465
-0.10127006323146544
-0.10416105397721639
-0.98939115072222605
0.40320595172262752
0.21264856647334249
0.89005929446991483
0.59276280973823359
0.65286903996083001
0.47158696764420743
-0.85918035468232978
0.51132265312543934
0.0189278241936977
-0.37989824632534452
0.681447909489034
0.62554461798656147
-0.81088463641234698
0.18140153719846144
0.55638079471927404
0.46578059680128447
-0.88312264503632221
-0.056060944225809616
-0.95381361507810858
0.29711525813770234
-0.044295722969559533
0.024086267539211746
0.92509256976324528
0.37897702975888231
-0.13063278079182708
0.34389782608411862
-0.92987599269860266
-0.34595190921289221
0.52377408343875553
0.778445878677411
0.63242510440852262
0.50220172445573574
-0.58977276578997306
0.11091417427089088
-0.13001048962514145
0.98528945926221978
0.13666408007240932
-0.57316379790578942
0.80796422568587367
0.9668126513521349
0.054830804976115081
-0.249533324450115
0.30713218903788769
0.95164727358620138
0.0061061553161301709
0.30161792496761541
0.086257302663687557
-0.94951898615847308
0.34134859705841647
0.78722763532002005
-0.51356965007163358
0.96477128740624762
-0.16038809934239087
-0.20854740608750555
-0.57264555596936562
-0.3529965757947256
-0.73991248449106106
-0.48851422402761902
-0.86213321928026299
-0.134462504573369
-0.96259085635747454
-0.019366579745882528
0.27026612596833161
-0.65968779765725327
-0.64003299350451259
-0.39391595150206232
-0.15785449032847226
0.98385305039529969
-0.084351260281054399
0.48426734663118798
0.40970987522201613
-0.77306077065929868
-0.20086625076553596
-0.55698679222551029
-0.80586503993518244
-0.75253303718131848
0.64234683534415771
-0.1452052721976913
0.3422571878621003
-0.76613243604485193
0.54396792901485291
0.37863472195091108
0.73751831788901412
0.55919806697744867
-0.88504150490787614
-0.41934141410531228
0.20212449877874442
0.13447253423008745
-0.74191408990813446
0.65687184498463835
-0.83333952059982075
0.15620787787271387
-0.53023046149477682
-0.66781777575614454
-0.12086736748657274
-0.73444570790561614
-0.88110350218929523
-0.22158727860459218
-0.41779863138881773
-0.33977031900675531
0.43458252858944291
-0.83408282332562977
0.33976944030123674
-0.43458330387826433
0.83408277732347202
-0.36738609780374165
-0.39442903441546867
-0.84229044393879982
-0.63947493000729339
-0.23425131534449309
0.7322555122029073
0.97283161667116358
0.21800304099559342
0.077931506604476911
0.6608773629199024
0.28921158294785465
-0.69252997875097932
-0.483689450176992
-0.43169207149868366
0.76137144101460408
-0.65365872773288247
0.18459147108214261
0.73393205166579267
-0.25932328945248279
-0.19541587906042512
0.9458139699531749
0.090336484731221328
0.22213657911176901
-0.97082164157322248
-0.45532679250267638
-0.77116740248366533
0.44494758048091609
-0.2841288038360919
-0.75100447427148542
0.59603951417240919
-0.22626618538187948
0.9280372045646178
-0.29588943931242745
0.47559120398844368
0.8030207587577729
0.35912486365178531
0.59447979621527225
-0.38044861498480631
-0.70841557242058928
-0.9681618023268862
-0.1394412902682039
-0.20789144062104606
0.12093128763184101
-0.91166930285537762
-0.39272726656408108
0.16380111006204892
-0.96244340081837576
0.216499183748115
0.2464349020044215
0.68525704405576859
-0.6853412453997072
0.24105652029458402
-0.97049016794060394
-0.0063708676085143818
-0.68851004191098097
0.33035240054552384
-0.64561692484130939
0.47675261886471598
-0.043178105910780328
-0.87797641857603004
0.89639064233014654
0.21614338995308291
-0.38699593191988063
0.6377414993910353
-0.11838128304607456
0.76109897633542989
0.38114650820777557
-0.4976301450805688
-0.77916081651229863
-0.61021558299140699
0.71214913086796783
-0.34710309373218678
-0.82742115808964212
0.38685991318992496
0.40707939607928967
-0.14630967185725913
-0.98486596759733092
-0.092911279130114974
0.066093664736466787
-0.25511600644186311
-0.96464887432622792
0.46259578210904889
-0.037375747540691347
0.88578112187531499
0.94156811383879468
0.16828190035997165
0.29177163846626858
-0.73296190463325672
-0.67921324131551686
0.037897482476519993
-0.52271239824570004
0.84864328246319065
0.081094561163678996
0.2412272866208007
0.87577412046309189
0.41812568220173224
0.76661586531430559
0.53959139568697878
0.34805350271039759
0.083190059376298156
0.80092746990509545
-0.59295413142366271
-0.30329212770932362
-0.9209826692384363
-0.24455021617654799
0.6595828620282671
0.71174098379443296
0.24160964406648322
0.82470355618867508
-0.45866386745569554
-0.33089500011383782
-0.070251578199355333
0.8295234522131425
0.55403570100571131
-0.12888422408958755
-0.36465095120511182
-0.92218140328572684
-0.4798777157090417
0.69414543961666608
-0.5365440211438921
0.010387841516191414
-0.99793025196818863
0.063461050695225035
-0.8958479640853757
-0.23675394732128524
0.37603722378492965
0.75919455853640938
-0.31774866089628728
-0.5680311706124257
0.296549494782748
0.30715794030831584
-0.90427451409936899
-0.81202228101563256
0.36497377462484676
-0.45542722686534748
