-0.92672554558270737
0.18741273686356275
-0.32566275382017862
0.49027542223959475
0.86333678323241458
0.11949731823641067
-0.23342083179159634
0.91500216726930528
-0.32906800084206567
0.64467699302545278
-0.74689108218893518
0.16292724146164575
-0.32939091171397755
0.62368498074306589
-0.7088855140823207
0.11136465279546839
-0.85438855866064756
0.50756093716668715
0.36727361775315714
-0.50302732226187863
-0.78235132949369501
-0.10366857367528952
0.98948213350024961
0.10088574882472412
0.31840625626262409
0.28988427167075148
-0.9025433867746957
-0.033240757209250946
-0.70354464291665675
-0.7098732193028765
0.74316802989143993
-0.35791443979243109
-0.56533046365408801
0.79846022166013231
-0.59247547966632852
0.10693025961160925
0.98086007527023544
-0.19471108770746812
0.0010512205491040138
-0.89580689530286095
0.15773450648955109
0.4155115302736459
-0.46382978850636986
-0.7136412871739809
-0.52495527479472026
-0.9981585305464814
-0.0031368574837113803
0.060578115045086423
-0.29888312055838179
-0.93229413681117856
-0.20370695303004088
-0.82215024965481398
0.33746312350585644
-0.45846222010782756
-0.63031495128245518
-0.49069002129393186
0.60160316255182433
-0.89206515709154788
-0.37347939487419873
-0.25442660455941779
-0.092624829273805193
-0.85058487693964169
-0.51761569539917651
-0.12205437990194691
0.72968625603197446
-0.67280063622501962
0.69055071825938363
-0.66485122637180571
-0.28480265501458252
-0.066443388713077964
-0.77460491147982435
0.62894555186252499
0.82097973074266772
-0.55768016692739086
-0.12241369664189694
0.98347999021030641
-0.0097930729711584018
0.1807517761398687
0.85144217712294812
-0.44438476146834799
0.27851104608408922
-0.52092794979959689
0.4821007743713539
-0.70442381736290671
0.52268478425911635
-0.74721574880624431
-0.41045004694837639
0.56730299454480293
-0.39063974083843533
0.72496062324665567
-0.56895179404305196
0.80551078267526321
-0.16566905278016628
0.29169895045295946
-0.16295910381185361
-0.94252642020766686
0.89760868560257512
-0.032771890634818238
-0.43957325978161665
-0.41007426852305173
-0.57446562302063708
-0.70839843468403807
0.52068800193018749
-0.83041288251958567
-0.1982383645802743
0.20665063840003783
0.69226809964300617
0.69141911447798277
0.29875770396228912
-0.94360995284966687
0.14263271436185579
0.96220265480641975
-0.15415212270815515
-0.22450651248471074
0.65579846600833047
0.75449294762093044
-0.025860471213813619
0.99892074688141719
0.028477611145479947
-0.03669287551171773
0.55070764754559043
0.6884180925262734
-0.47201866151381028
-0.73443617810476014
0.54731839154247452
0.40130546790472676
0.6542779294783263
-0.56615012350434479
-0.5013924896262103
0.33121984633427021
-0.89251771150218451
-0.30611361950949834
-0.10635109112066582
-0.017041320822392202
0.99418259831988209
0.329110469467571
0.78190509724979995
0.52944378151189553
0.37576369970510681
-0.43207073403807583
0.81982712980952788
0.49578876779159692
0.39318933028224445
-0.77433561734166034
0.78219842640324522
0.60406985130895374
-0.1525294609964436
-0.34492023135838079
0.41994567346405426
-0.83944962048862892
-0.73133233864212699
0.65763447206166115
-0.180748199472132
-0.4267194369014215
-0.19579908547410638
-0.88293444847170688
-0.094900019552665721
-0.99220085151657444
-0.080817427196665806
-0.27838709043946269
-0.91539334962942287
0.29078453076268618
0.31595853182309191
-0.94474035813388368
-0.08738341880046363
-0.1841684309669338
-0.57406654121954648
-0.79782804869683832
0.95548433045633185
0.25861733617021426
-0.14200974503405642
0.56913643733493124
-0.57068414852116633
0.59194874636607975
0.84000093239061013
0.13311976152191093
0.5260014854306545
0.63565732435185318
-0.21888303360209027
-0.74029047244915214
-0.095986872060277742
-0.94635197914057145
-0.30855218678338231
-0.70709331342774395
0.70618284372108753
0.03639831506776308
0.67173925845998927
0.26952368124553261
-0.69001692290224326
-0.53075521271559356
0.84560569072410874
0.057008069518518341
-0.2938411572986202
-0.018697117382732203
-0.95567138289214448
-0.15985924158964107
0.98016362733373641
-0.11715070008479296
0.12611990316896715
0.98077612930091973
0.14890249903260908
-0.64249729038773018
0.31660272767354097
0.69782515336873496
-0.48759533165526986
-0.8157805344162925
-0.31105130158135585
0.93291692110171376
0.17941087130236319
0.3122142815129148
-0.8023975792128426
-0.5967892067022551
0.0008761489958092572
0.68879346264084917
0.068602840735022055
0.72170438274013171
0.081898229770252365
0.42738587839057846
-0.90035214828022303
-0.25868046002818762
-0.65452408718021904
0.71041019059449473
-0.62572075479519684
0.68168802084573032
-0.37917671243624701
-0.19191889495966058
0.73508759946728874
0.65024100060430023
-0.52119380107122593
0.26497850054281219
-0.81126038728327565
0.093540274063467391
-0.95550194538401123
0.27976105786099154
0.61713990451379641
0.66552377262668028
0.41978142684670189
-0.26399819144359693
-0.8073373541754798
0.52774174694394416
-0.050981333546618289
0.44463895619882987
0.89425784998523961
0.7364891537826096
-0.47055396713452191
0.48596572962971263
-0.45433190328275957
-0.87804718209826471
0.15038506464659959
-0.45493609481389324
0.056191035502250443
0.88874952442444044
-0.37830142135979111
0.91417426920639056
-0.14551096219228143
-0.53097044568780394
-0.37229394897628237
-0.76122769350683783
0.91300551605902813
-0.40463574461575341
0.051873324792636406
0.50111653822706459
-0.069449610218003943
-0.86258852690949372
0.0057488053487354841
0.95876321595788461
-0.28414793147787831
-0.79437058009262451
-0.56476706047213532
-0.22363709193461345
-0.436968647097562
-0.50049454204159183
0.74737113594271443
-0.67396717923325111
0.51291538525045899
-0.53168228190315714
-0.64965319221145379
-0.75919294188201791
0.0397090272607451
0.09303093224724579
-0.55700248445461464
-0.82528387719414176
0.86307047728614916
0.42451328890856566
-0.27367465863154261
0.34251154258629984
0.77765885231099408
-0.52719308855247804
0.78668609478632545
-0.1287029055505394
-0.60378849804603729
-0.32406364889342459
0.20603101348049299
-0.9233276628316085
-0.24773317622682295
0.92597075931883954
0.28496741266864484
-0.3877469813372057
-0.3127556906501463
0.86708486114672456
-0.44412564409854666
-0.80155477995339508
0.40032779941932023
0.65146576308857584
0.73039095208893623
0.20523502778530928
0.32786274349630873
-0.7953420472603262
-0.50984021936958523
-0.9770169382841446
0.20690281782466025
-0.051275006407519606
0.46646936775031722
0.80967202788726067
0.35614257848163899
0.12026736492357808
-0.91100203354713061
-0.3944756720094813
0.066929434814280958
-0.24305247318167122
-0.96770137234361409
0.79676372873056078
0.5977718656187313
0.088523201783910155
0.80531286802645752
0.12372300932674235
-0.57979634489546095
-0.61853787775860625
-0.14543005108801266
-0.77217937943098269
-0.60509683987335627
-0.75440445460281169
0.2544243173336857
-0.32762777768833123
0.94199731811471255
0.072808598061591609
0.25221702047301742
0.94464358982593377
-0.20984533062350158
0.1173946158272574
-0.80197817486778089
-0.58570428648808237
0.32914133485133495
0.14173566008305649
0.9335828749249323
-0.65617961367861488
-0.7330842724761788
-0.17892949460794677
0.21767895692634129
-0.38543389189014399
-0.89669202443976093
0.15433190227859772
-0.71178385123169896
0.68523383823687511
-0.81171355287475311
0.14355641239740788
-0.56613837931995969
-0.059752068470168389
-0.41934975739378499
-0.90585620894671248
0.10199270637387453
-0.99377219437483788
0.044881104419924246
-0.79686428523265562
0.50837470845627808
-0.32643907045977699
0.87443333212326402
-0.26204999539541396
-0.40828439547093742
-0.20444648153735498
-0.25097552948250984
-0.94615692133386087
-0.14871267511024533
0.54383321683749319
-0.82591160091485505
0.77667522434888214
0.5448287081731038
0.3161285729462624
-0.41003339521789611
0.65431195896850203
0.63541205147281099
0.15075614570171147
0.29797434504440523
0.94259422564989348
-0.78465974975947861
0.12919993706825261
0.60631382416117796
-0.84726155865198316
-0.24960018041029525
-0.46887909013919604
-0.88477011139342487
-0.42303948268863589
0.19549794390580641
-0.078360550698588896
-0.077879196057005037
-0.99387849102177894
0.80585534131944547
-0.47439401398192604
-0.35432681011325706
0.72650282948323952
0.56856436258450704
-0.38591217181078968
-0.46102377468223055
0.84444244677163727
0.27271603045673465
-0.92407702632920863
0.37211997903093125
0.087225974437586534
0.21757548763449158
-0.31106196811705072
0.9251493712756661
0.44352690089020302
-0.22225669116915092
0.86826600268424237
-0.76477508136528349
-0.60373319627208166
0.2250006725363729
0.073383538756899069
0.99474415706420005
-0.071406709951857869
0.67306998780067584
0.025323457890117029
-0.73914512377643771
-0.76883617293704487
-0.46299583302810149
-0.44105078821166732
0.83156194352526258
0.34725899164205948
0.43349270674860085
-0.91243443522912582
-0.40814421284633429
-0.029693482923910393
-0.29213202591203041
0.79332976376669129
-0.53412242544047761
-0.089723509539168037
-0.90644722226709651
0.41267799199889438
0.17846921163327611
0.89189419527770752
-0.415539991973008
0.4889763299221444
0.63900859898079088
0.59377618612106442
0.0049702660785686126
-0.40927488379805582
0.91239759203276949
-0.77844104812314141
-0.087557061969688779
-0.62158128631433307
0.36364597167556822
0.5525937033729007
0.74993453466069582
-0.31352619508783791
-0.10767532543322501
0.9434550064982391
-0.26436749060496068
0.36318334528649976
0.89342469610915887
0.24484912466109932
-0.66689156429433138
-0.70377876326708899
0.16197286600677263
0.5067937759793919
0.84671415442645226
-0.10027420605177206
-0.98099459507357889
0.16611648935945983
-0.87429677339219347
0.369176463861351
0.31514106455177859
-0.97800039298908059
-0.19730972491466067
-0.067706009831510719
0.53187456932119292
-0.72361322710723319
0.43987877882986282
0.96591620111932663
0.063961391281078292
-0.25082829354081493
-0.95415385649004458
-0.03705496505946565
0.29701405305072198
0.28590712085105346
0.49114813069115937
-0.82281871148220798
0.36122032370646473
0.35591187569114013
0.86188549963635619
0.54000109570343302
0.22028611667585996
0.81232557724040744
0.37632194217310511
-0.61151512737682856
0.69601080798243609
0.30504173676447555
0.91639837987193318
0.25915931046329127
0.80250605184575707
-0.082342508576634846
0.59093463939105961
-0.7207065224063921
-0.10381509216973561
0.68542288785732419
-0.70659022152406437
-0.31958388149023265
-0.63134491487475408
0.86194819034915648
-0.26607299730411627
0.43156746547836294
-0.3510959293708697
0.80816277150433169
0.47286846282411621
-0.98383363871000218
0.027468974742302775
-0.17696560900142119
0.33432179786208949
0.070982582650828657
-0.93978210689205954
-0.85956717045443953
-0.069155901985853349
0.50632177584760429
0.89546251032004776
0.22006747353587844
-0.38693306876364758
-0.60488803141145342
-0.52974461072202561
-0.59454277967707758
0.46622192003668295
-0.6367581981753706
-0.61414665865228335
0.62162337254446509
0.7398473618643111
-0.25731355162304254
-0.77893205269333798
0.34952520969667017
0.52066974664699106
-0.10075110479452701
0.14004358255312677
-0.98500609636101644
-0.23763275106668308
0.56343719942896986
0.79124534622335652
-0.64532619193344232
-0.6527761378079221
-0.39678384532797534
0.63196837081153101
-0.15138673721096935
0.76006449337568471
0.73037058726905402
-0.29542172244240761
0.61586103234529965
-0.48274511913954038
-0.87189088148105209
-0.082240140668320208
-0.78537185111544872
-0.46126777638251321
0.41282332049755277
0.092381172803211967
0.79294498540314506
-0.60224909218321732
0.70416939974051307
-0.62518955969601253
0.33657609974000147
-0.32436490997188056
-0.41067062585843644
-0.85213675090091845
-0.96454089052636782
0.17627044450209717
0.1964423602424748
0.053910685106466023
0.61912201158891544
-0.78344213110953276
-0.2207319981969221
-0.47206553384968142
0.85348199554718751
0.11247021250524365
0.22005733512296319
-0.96898153777954166
0.94619629069675282
-0.23416147020082914
0.22334051433873786
-0.45128346116976309
0.47226042575798061
0.75717456899814728
0.42088804343767583
0.84421487082179814
-0.33189532502664137
0.67954758569134555
-0.73093251442360119
-0.062870805144005878
-0.12869050355232572
0.34773203383610779
-0.92872018764515551
0.34079313149579366
-0.76454938267623629
0.54710536734223036
-0.90095517550813931
-0.0089262838306407247
-0.43382034666676594
0.55041051241119099
0.42936762285522861
0.71602493830236136
0.17444061567416247
-0.53621244926046741
0.82586117529601177
0.1114169964284218
0.066123681758712902
0.991571435458657
0.91422665599017994
-0.36340013082315564
-0.17924833721607158
0.78404621333920421
0.36485798352722437
-0.50214558367559392
-0.64924093170609043
0.71746553437930061
0.25244686485522516
-0.66945262628061464
0.090050527715707804
-0.73737648702959757
-0.26452171655433165
0.1442051263326439
0.95353717442506458
-0.61303972553741115
0.51974642914839575
0.5950175999922247
0.043715470150382602
0.80100545866858797
0.59705880183835847
-0.28556882617989815
-0.95779826124559031
0.032755705902316093
-0.81069256531529932
0.55577434219082833
0.18409900897302861
-0.91039831390564563
0.36483014104365602
-0.19512528852976332
0.49697554491420565
-0.86736951153948949
0.026180874870336091
0.30499823093316558
0.95227474317929595
0.01220215679482693
-0.29744279816360569
-0.85475597384488955
-0.42534692545859443
-0.073966054179394253
0.8732602880267305
-0.48160719698173388
0.055335964946454964
-0.17111788740845749
0.98369537947085595
0.57276711968663763
-0.44005719632222123
-0.69158332149560897
0.44586827017305897
-0.29820883996963715
-0.8439626611508636
-0.4946597589108413
0.037145969451754857
-0.86829251975803512
0.45357859338942796
0.5947685276891127
-0.66371444016940973
-0.013824903063869329
0.64131315276002943
0.76715468593515468
0.51967732698652847
0.169691812773339
-0.83734112791253401
0.28126309613692996
-0.08562390547518918
0.95580312698936287
-0.94500554161710792
-0.16273959654033462
-0.28369058854823792
-0.76839399780349027
-0.29223794689387078
0.56935722225578633
-0.63658935717226017
0.094160905082709634
0.76543302403868974
-0.46815221280387209
0.27032623233176928
0.84128308776543737
-0.59815794049539184
-0.32114718131537862
0.73421493185272302
-0.49023778018643077
0.66955266700686678
-0.55800192202345722
0.68525058293779106
0.48765732918444521
0.54094543890868607
-0.011969842270090542
0.94889995337624888
0.31534996647943664
-0.15844309461731387
-0.26409632372935143
0.95139314563472155
0.49692141145669266
0.0037935592667354633
0.86778725488680586
-0.89137343863782215
-0.25707298655867949
0.37331872772844582
-0.44245753192736414
0.81975217371181486
-0.36364502765127943
-0.25733899936992155
-0.73188547955832894
-0.63096773627100977
-0.63352570528316843
-0.63707511149985863
0.43906774312502961
-0.84974974746244958
0.52467548925174512
-0.051390637921171184
-0.042985900627525712
-0.61041902386355718
0.79091139051900283
-0.54031897062657097
-0.13655702086551433
0.83030572082419041
0.16507885889595464
0.8875018342964146
0.43022025111111251
0.89588106632396713
0.3947666756272738
0.20385383689404155
0.71293965997154107
0.28065079245561941
0.64261354944764126
0.97159090199675158
0.22048039499627015
0.08602043117438754
-0.45637171610642013
-0.66624376312820199
0.58978309981793597
0.47479533695995885
-0.84006415123629707
0.2624149572884879
0.12948520204674743
-0.0021924109111365374
-0.99157893068848013
0.28909508403052758
-0.88315162722833263
0.36941472048813961
0.11430452211140674
-0.97624418084819353
-0.18407002902407174
0.9186059314782824
-0.046566627448860066
0.39242157415330292
0.24941435098342099
0.67077981446303758
-0.69846039403279814
-0.9634596565263549
-0.21889682203960559
0.15436862228794829
-0.5538036763769042
0.69701618931240517
0.45548866052607562
-0.060065814878644104
0.22690514627192374
0.97206283360607981
0.89850765794728116
0.43809788605044359
-0.027463263612039938
0.47705961332729602
0.87113591097219678
-0.1163458204949865
-0.68374778109223389
0.31728416977235369
-0.65712991673132248
-0.13007356086485458
0.86787875641298595
0.47944481739923517
0.63442034211857756
0.49165825285200332
-0.59647547469167805
