0.58277058062057896
-0.19337683217714183
-0.78929326054406856
0.89959395808404363
-0.42715363718389804
-0.090942183937107623
0.022468019012327863
-0.73441602983769827
0.67832756337856048
0.41552078853514357
0.52726341795015408
0.74117188450902105
-0.37818770306432126
0.91019650328874868
-0.16886795626129841
0.081367944658025007
-0.94060693528620409
-0.32960256502888918
-0.69727990361178616
-0.71604648779361868
-0.032835397630625103
0.88487792573862456
0.33215589773196363
-0.32659380909990143
-0.28380633159932295
0.4099478608316155
0.86683142394800006
0.99948201257636404
0.03088896627292468
0.0090320705760682865
-0.98937404351463043
-0.14429661190873685
-0.017818243773434994
0.81209454140071158
-0.49819809271003246
-0.30381098770000692
0.077742296470840161
0.029970033423153124
-0.9965229211794655
-0.13984437762516452
-0.1901778509109095
0.97173861458189381
-0.53718014429048577
-0.15918040677019296
0.82831098669553371
0.82421946966644732
-0.55872808521075334
0.092115105273162093
0.91922354504806048
-0.28894986560254504
-0.267462239199382
-0.37776384836615878
0.74188062747549344
-0.55399242724441455
-0.81063472600861519
-0.14738324270983047
0.56670055651752493
-0.57308668608519064
0.59613405436062072
0.56231293730756604
-0.56519843603609921
-0.46842223148195938
-0.67906652174570437
0.97853495971690418
-0.20043354776623351
-0.047913730199991393
0.49352520267643729
0.029368326261726245
-0.86923551223806217
-0.095086777803341169
-0.10439643780246932
-0.98997974143975953
-0.15273067669993423
0.80542933937251204
-0.57267523053886216
0.80463842380811645
-0.35278881495074477
-0.47759507846840199
0.24290465546367512
-0.36758090867741988
-0.89770908646952874
-0.18699320999377742
-0.43550096904158819
-0.88055235243570884
0.76140253325860929
-0.42613270025233763
0.48854590789712243
-0.98357975907666229
0.035943096146287684
0.17685856319136442
0.64312748915029794
-0.38952197214094308
-0.65928724082805046
-0.61565884274840343
-0.65888795027873137
0.43223935304780925
0.66922375380563759
0.016371557877817945
-0.74288056875580255
0.67479599747290631
-0.54818735030720844
-0.49410625452194745
-0.83667966020028972
0.51784714005273436
-0.1783297107784666
-0.052831461176799696
0.48899993238341383
0.87068243512714838
0.034938414876205755
-0.99275615897670333
-0.11495440826588882
-0.47599726295579037
-0.65773149868085379
-0.58379438272531703
-0.33495822531409131
0.19058116808475056
0.92275771774929438
0.2964481479497646
-0.24831704916339345
0.92220233065848378
-0.94537518734977988
0.30814630442621249
-0.10635605395009999
0.65989178008616045
-0.16574453419687865
0.73285168210121354
0.090568129444243223
0.86159141205588563
-0.49945735814032799
-0.77645987045627485
-0.14799141976666266
-0.61254274075077586
-0.32459087984836416
-0.9280186135583921
0.18281743245222745
0.49539000946472012
0.77919471232199056
0.38398481586124544
0.41761958543785688
0.90861084239152756
0.0044965483730542077
-0.88999632723503874
-0.39852853189401938
0.22154355502821399
0.90714049667841457
0.31685815937200162
0.27694227941111915
0.21943787103535473
0.61949058309836846
-0.75370978380800813
0.81726529979583895
0.017387947551293061
-0.57599920922651537
0.069739639652603894
-0.50567506779185956
-0.85990063872218592
-0.26263699751472808
0.47476524564851891
-0.84001176721564463
-0.68715489620243408
0.19580480360607624
0.69962749196254981
0.088949164764186142
0.82410728189154825
0.55940614406804456
0.16160873581761237
-0.17409517400043684
-0.97137710848938108
0.026456393133743285
0.67214716789181905
0.73994475736865628
0.7729659366674253
-0.62451144517124058
-0.1118441576568861
-0.9212918096293955
-0.047779925898365425
0.38592548528302795
0.32288254578146819
-0.84577649264139254
-0.42474579000256463
0.28059771933493327
-0.46306862760564343
0.84073323119254662
0.54358331595369969
-0.75313065112253574
0.37055553019287907
-0.20570212433983687
0.97825333363377387
0.026590435808519105
0.080583778326450139
0.96056507276761649
-0.26612214423000802
-0.37835803414404456
-0.61655117161856776
0.69044177942417828
0.72802022966968316
0.23644552096273838
0.64349052891892755
0.34608924985372536
0.36207476190584581
0.86551955375168199
0.84443451607251696
-0.45334069141071143
0.28532887266561757
0.38707708484086062
-0.18053008838569448
-0.90420142533539194
0.27991104841041953
-0.93282764359438086
-0.22689731669619781
-0.42227920392373158
0.90525498659878878
0.046836771574974102
0.10163382812756547
0.34543266185863403
0.93292381312805761
-0.54311487408496362
-0.82466123667785762
-0.15798758897021137
-0.86868633529054873
-0.28312747820753154
0.40647617637854278
0.18658092450704716
-0.81616016865269514
0.54687305447873336
-0.485445965050186
-0.81922768566330806
0.30530020317588047
0.05964999655995179
-0.98928817036631478
0.13323210530374149
-0.26450084391623968
-0.23021585530637353
-0.93650411826812174
-0.52782124466719793
-0.7584136044309705
-0.38237878901946593
0.047671196677384418
0.10755248457416931
0.99305584942100278
0.48537261265499099
-0.10562568797478199
0.86790358964825232
0.90996739378427749
-0.037263594671974085
0.4130021389309898
-0.48389213716197915
0.12848945448542443
-0.86564361008376334
0.82735073954054894
0.22831177488602286
-0.51319049799280292
0.96956265000232089
0.1844190554067823
-0.16105241296965175
-0.83591526283272966
-0.53346908560976991
-0.12905970735270073
0.87662734101875206
0.47359346815136416
0.085051348623964823
-0.87561536326679812
0.358332914158356
-0.32387537455313486
0.68955868243294116
0.23304590398385644
-0.68571016480557823
-0.5269836884905289
-0.84645939676489856
0.076122806656882189
0.4069664208362947
-0.71733245859764228
0.56551965143039706
-0.63925414380977796
0.23489535941976444
-0.73224197485878084
-0.45030548344724336
0.8550095813960088
0.25726170974003493
-0.64549359239205484
0.40716960951070469
0.64618180976540962
-0.35495924554720354
-0.93355595319353868
-0.049771641096749183
-0.46922958503540135
0.75825847296567306
0.45262311552026441
0.34598497172634163
-0.85463724119228568
0.38715576362332738
-0.31767577305292405
-0.81858450960544382
-0.47854101584842479
-0.15919759259309624
0.96941889606376286
-0.18677026119561435
-0.61880477178239823
0.77672536566813943
0.11738126233359976
0.24243699673727992
-0.65633425388638844
0.71445759131554187
0.104862614196768
0.24416483246217585
-0.96404738821934333
0.61178603457511016
0.45396119110316152
0.64779401422910743
0.067119573207930355
-0.11831807561264106
0.99070469660525318
0.093320270622843537
-0.336174710967936
0.93716481517207206
0.48157428716539696
-0.32856418775849172
0.81248494168430119
-0.20672760362450762
0.65864403553286111
-0.72349964226435926
0.62096028982854745
-0.78034090628008446
-0.074002624561718383
0.67832895218180822
-0.72250522886692048
0.13362644533133783
0.36268499156665668
0.89947683118774791
0.24372325914598714
0.15538197030145737
0.92952143073805005
0.33443437787393399
-0.65994872977166708
-0.57893804002212912
-0.47885114585651645
-0.80414188824947741
0.30933537050870719
0.50760954691062088
-0.88306363170164748
0.46697762679930344
0.046157539306025813
0.77736551937121345
0.53270526644844896
-0.33455634561432357
0.067999189610493407
-0.55058230819322596
0.83200675004289226
0.79969953729645749
-0.2120415908620675
0.56171079194948303
0.80543040698210433
0.513648129480343
0.29571516462634528
-0.77500601513892253
0.08435005036384946
-0.62629924596961184
-0.11922396299842851
0.27134326456601926
0.95506988195712927
0.54830316833998294
0.29453283416132409
0.78269664953239326
-0.2394741899028161
0.94051811516085904
0.24099333481375598
0.97577883402912846
-0.11729900329304797
0.18465267636081567
0.66995158428570822
0.68577143708222998
0.28439833121036884
0.12082099582321433
-0.92912749391026983
0.34946299808178316
0.49636254237625399
-0.56924621854281221
-0.65542579229115649
-0.30232351555453407
0.25828490054972419
-0.91754531337191547
-0.20566782589228752
0.60776999935636333
0.76701784416994234
0.89169758123101284
-0.14013305764360789
-0.43039301781303868
-0.15845435918714462
0.035529446175479373
0.98672684898560203
0.18793025890786524
0.53198447864501441
0.82563595625894026
-0.14937361783441003
-0.98798616976178522
0.039633958350090696
-0.76040920460199202
0.33211615759510082
-0.55810097600777575
0.97522142047347415
-0.058371859680922226
-0.2133914408946391
-0.46987810873366348
0.36784036414239607
-0.80243880105617083
0.45794355885968929
0.86016021783723862
-0.22452638274625214
0.518242370748765
0.24793894050427895
-0.818505422671295
0.25106725514924105
0.69519384979050969
0.6735508478246286
0.96599381239415127
0.10375079545020034
0.23683692038967238
-0.81510992502762136
-0.5714913529575999
0.094833768332580906
0.49130056881949402
-0.83040419679730204
-0.26277865403999112
0.45458773531509949
-0.53846597832131027
0.70950995841606279
-0.74911358052048649
0.66179669133167529
-0.029222984485232823
-0.20877146189777365
-0.76384279103415464
0.61070342006756384
-0.96711113758677025
-0.098140204767759476
-0.23465836393311351
0.25078635155096574
0.18277931036361122
0.95063028017140194
-0.6987446162255867
-0.66621110653080551
-0.26061220775465854
-0.74028812023313928
-0.42326603704779653
0.52232112816115195
0.38014512199875389
0.4525502838761733
-0.80665229608806499
-0.46797137723750876
-0.11668201302453131
-0.87600690517996049
0.63439028651095153
0.7147077766362725
-0.29451953822486693
-0.82871887669513966
0.086886789882439919
0.55287947072854027
-0.044820114214162633
-0.86892953658169869
0.49290223961526469
-0.74448617793358596
0.51698324145399832
-0.42245551117432201
0.43509609526697834
0.62363027815185568
-0.64944334938135106
0.55929180834517356
0.81645850747747706
0.14348581353442663
-0.34048824680113693
-0.26075388102369029
0.90336878810448784
0.78195680701069314
0.60973159209725791
-0.12950265467620503
0.60153108746035688
-0.58958054036213559
0.53903166627300536
-0.95881145523339861
0.12823214125443322
-0.25345041184128203
0.45893040496904325
0.76869082610621198
-0.44553035503217858
-0.073730165104609252
-0.79490108413803773
-0.60224258334147984
0.025723517119583771
0.99870444600247887
-0.043905924450811026
-0.12044394254192813
-0.90375509715626079
-0.41075537862459488
0.90164158793164784
0.41403220907686994
-0.12497910528973985
0.22965498190312594
-0.9731240794558198
-0.016973958593634104
-0.27291762679643472
-0.87074320636701563
0.40905040954568267
-0.66851565939846402
-0.7147324661111697
0.20553421862474019
0.64984039916811165
0.5883442561631167
0.48120524919092295
-0.63847370388164593
-0.015132258570832037
-0.76949486301222181
-0.87441704704650736
0.17845250910319752
-0.45116463716612287
-0.35980109787153786
-0.040768200731187185
0.93213793173520065
-0.67602216839433116
-0.28174854302831764
0.68089043637052682
-0.92517762644835833
-0.31919426762482345
-0.20533236236607907
0.78187938072462249
0.391012449850966
0.48556554455523993
-0.91867323644935528
0.1838298814552978
0.34963703939342339
0.27875367805378948
0.88787587426726122
-0.36602297587122978
-0.50153752323122902
0.30868080989602947
0.80819321352818585
0.79323855512802066
0.010654038964622137
0.60881777742781995
-0.42442943014995776
0.57673469487904494
-0.69802345988179881
0.92594252881064376
0.088809523702549131
-0.36707397325263519
0.74683117395834142
0.66028168751993377
0.079191481422145826
-0.057215550080414707
0.9123139885527527
0.40547449626328302
-0.62185921631113605
-0.2500497206928991
-0.74213627607758326
-0.63983793776572118
0.69349323233497284
0.33117148141302966
0.15965583405865635
0.4433827661384705
-0.88199871731337176
0.57468519406531182
0.44291667432198767
-0.68815822841092678
0.037119701020876548
0.73206188532110983
-0.68022608289907782
0.27428736095193595
-0.035301607551310808
0.96099960464420353
-0.57685106858325697
0.64579899453767642
-0.50018646855795768
-0.57978146652915985
0.80738910756363524
-0.10943619171413733
-0.95827078038565328
0.2583150516547516
0.12243547503756418
-0.35525148929773104
-0.53587520793282162
-0.76592045335968095
-0.095656508260380912
0.91532149742837698
-0.39119865640478002
0.29491696758103025
-0.93669031908319833
0.18877295454758722
-0.30614776728993975
-0.46547302843258576
0.83042663997801891
-0.50599153958763243
-0.38925138169157886
0.76971158476206814
0.93419097867066814
-0.33566799175360168
0.12088926620028435
0.31869038442976105
-0.72001270609788903
-0.61645611516928434
-0.012668237759739121
-0.3143596807266103
-0.94921941977897095
-0.43967320422677203
0.51477662665990465
0.73599762100812005
-0.77935847131060265
0.59568541039266065
0.19431743370507953
0.27184295997087093
0.76605939412380841
-0.58245550026498949
-0.31066857212162058
0.87056652751746566
-0.38157431708920764
0.9640591587297016
0.25967103869096037
0.056221794124146733
0.29884148057316146
0.82483467169230651
0.47993909390993145
-0.77082068401557446
-0.54169175309628881
0.33526932117512792
0.73441354160700367
0.42600027479412006
-0.52835642872931177
-0.10227633519019576
-0.61888935253532351
-0.778791063494228
-0.7367351779528386
-0.37399514351743385
-0.56333729700080526
0.45568326506559209
-0.38811751502587899
-0.80107275354320839
0.63842138774675627
-0.38574278084665248
0.66604852577886353
0.66331499291719787
-0.68410002444331508
-0.3033486059435801
0.61155688698476518
0.61101116959067137
-0.50265646779579276
-0.69339588896817617
-0.033332714488738639
0.71978543421414487
0.29393239395193393
0.034329496427679997
-0.95520952333019948
-0.61033810172051906
0.46720466530044513
-0.63969305319793213
-0.35778344713214577
-0.89189844871694712
-0.27660108845509296
-0.74196859176410701
0.51294942654049347
0.43170070030909946
-0.12838044883644245
0.78032808643363394
0.61205109090612408
-0.53316773413248342
0.083033671183317156
0.84192492345211767
-0.69125810623587869
0.67169955401625892
-0.26642436018041887
-0.9617016830227415
-0.18693504057681989
0.20046237421463711
0.61779392282976853
0.78256610223486778
-0.076947804046199039
0.20346732999717054
0.97400019833023987
0.099622584168832545
-0.022834391298866583
0.56697642770748446
-0.82341746459379273
-0.34877817462577509
0.69610154891927833
0.62753200595419334
-0.42788915308100695
-0.74142341476005291
0.51691604030167326
-0.268430666501771
0.85274257146920662
0.44807932789351052
0.71110984757229401
-0.61949850466158263
0.33248216103690709
0.63823562750698015
0.061890706002117463
0.76734921925504729
-0.51317670855920128
0.78958403137867972
-0.33646206797221129
-0.017786008620648931
0.98299403986534351
0.18277411054784953
0.87025531113617483
0.18002237991195483
0.45852768310115699
0.51093097680526167
-0.71604606124408587
-0.47563386666389945
-0.43124944347075767
-0.34148538673819356
-0.83511175788060144
-0.11874054719120271
0.14600650152425262
-0.98213175489105431
0.10959595217916397
-0.69207220919104473
-0.71345972873832864
0.50120071554862511
-0.84849225565963426
0.169878588465916
-0.99580234749133578
0.081851632007584316
-0.040963338101770774
0.12533676525910817
-0.84120974047539232
-0.52598181318721093
-0.57606846408501566
-0.53686192287188672
0.61638007792029692
-0.26651448107069697
-0.70471492967817628
-0.65753091126448215
-0.89553386646964461
-0.041017400159367619
-0.44309893578081971
0.8992146381010222
-0.25087405088519843
0.35843443642777739
0.29197671202703601
-0.5574985487526789
-0.77713896297415053
-0.14421743171582613
-0.61480575267224657
0.7753806928666741
-0.16348195333243429
-0.96626562944042782
-0.19900850307639037
-0.87176412312098306
0.39965635611192624
0.28337627045756814
-0.80996847367599545
-0.4713794249435983
-0.34893052229752131
-0.93098277080041891
-0.36496394497097984
0.0085087804058065382
0.43791491661453569
-0.89814100719674772
-0.039664303827192014
0.4625376154110033
0.67020876340764413
0.58041292868224359
-0.87125186655963938
-0.25913577804662724
-0.41685589062950007
-0.109840120595778
-0.95407770840972939
0.27869494832727865
0.75198555693060243
-0.19118534833367634
-0.63084537309098376
0.45282796520875945
0.11915505440672398
0.88359996997183354
0.32147414290530224
0.25299735845531718
-0.91249477371540777
-0.081274570301681684
0.37112995021738304
-0.92501729944575617
0.25473918175736443
0.95783710651175213
-0.132875982279654
-0.10973537346389753
-0.40588111673416427
0.90731398473150782
-0.29994213912818246
0.012422520397382864
-0.95387650886379771
