-0.70904814542378602
0.40446176956166957
0.57763431722339054
-0.24086808777670884
-0.20492633109397099
-0.94867684862399582
-0.06418678501295455
-0.6438032142045752
0.76249424785342379
0.645290594650896
0.44933459425152389
0.61781750611641906
-0.99460054113122465
0.0039338696379884854
0.10370288448807241
-0.28909644546533692
-0.77028980437143058
-0.56839850677208037
0.37685098808005857
-0.45850607270823457
-0.80483260003105905
0.19548222430738105
0.34144220596516611
-0.91934972669027293
0.86529728811103057
-0.45675098141634074
-0.20649247967639375
0.88183557825824621
-0.2008944140257678
0.42662330847152258
-0.21222634120176262
-0.96122856688715874
0.17606709601788731
0.38478270707231116
-0.12876933897928336
0.91398070312066348
-0.81807262084819765
-0.13309223441062248
-0.55950303319834527
-0.32951957951356015
0.90580282191317263
0.26634206301547564
-0.75805474116360538
-0.64629662291061674
-0.087485339421594338
0.77263691954396341
0.070347501816114835
-0.63093852279429474
-0.47741748741645534
0.44530100475112172
-0.75748238123180134
0.0044069350684960923
0.59824011196972404
0.80130477806746803
-0.78591675837628583
0.59540095706886564
-0.1668309000898496
0.93888918410628652
0.34410989665559338
-0.008687864634565768
0.32951963199985396
-0.90580280085028952
-0.26634206971196195
-0.30072845679950794
0.0064271021991906966
0.95368815009326169
0.5360929339189896
0.7205764803131669
-0.43974299564816061
-0.11997075150915155
0.9071844213235275
-0.40326597239319101
-0.70108154222508179
-0.42369054832882874
0.57355992747760631
0.50122693750734493
-0.7674509970184844
0.39973806960601382
0.36847636182802745
0.90893919001531143
0.1950761892909797
