0.44019429153882694
0.29808676560197922
0.84697890520932151
-0.000696026988596661
0.95870215255458047
-0.28441114294915532
-0.88809947250883314
-0.29463086474885752
-0.35280586795980684
-0.29053028146978499
-0.62370469746772028
-0.72566149539974012
-0.15921319322988969
-0.97937397777255919
-0.12440968918656037
0.88509144413105711
0.13564133508401977
0.44521294202058448
0.15817719760247451
-0.47469368165610848
-0.8658209299586126
-0.58334298966857445
-0.38843267318013897
0.71332391997651445
0.83628900730188249
0.020052285456073009
-0.54792207668063531
0.76624602845776346
0.49557643468121659
0.40898780087107517
0.010366077441224968
0.96055978231144623
0.27788027825714673
0.94360720553740574
-0.055350804396136648
0.32640730707290982
0.38166030531014949
-0.30849078020664833
0.87130296101761129
0.00078943672420776312
-0.54404287272806795
0.83905704777652013
0.530016170206834
-0.10664382641333918
0.84125498727032921
-0.73559266437174076
0.30215090088694385
-0.60630707171835918
0.33159523638724109
0.94298441405324673
-0.028722709794593303
0.58577943857211467
0.39034719828650433
-0.71027566066705006
0.74315611432312956
-0.29190350793972186
0.60208913941096132
0.98425801303929816
0.17667801294460656
-0.004587320555446423
-0.63862551199939621
-0.74037078060354466
0.20978217906201352
-0.71707208170231129
0.16981906346086709
0.67599490776808946
-0.30579189018138325
0.95190075685801923
0.019397654302182238
-0.70586669487644915
0.37205917663399651
0.6027637830416076
-0.84422174632993841
-0.53543879394487148
-0.024391411654325606
0.81412250009260545
-0.56645049314424289
0.12782172608602074
-0.038505717371268518
0.85703835122206895
-0.51381180821802985
-0.2580670340755607
-0.439819330641467
-0.86020948746077841
-0.41212086709286022
0.66388011146036197
-0.62403492571650687
-0.57502848316237987
0.66553270139356757
-0.4758239873395968
0.18781782650474668
-0.27096596827604186
-0.94408787095442537
-0.54282109808737655
-0.72805710679876856
0.41866228001937456
-0.48019055361694624
0.67593513989998277
0.55904268071896013
0.24719247299344144
0.94157347307398809
-0.22876904532470019
-0.15184964054914027
0.23174999000476282
-0.96085047161246129
0.5924603539071398
0.10638091350141994
0.79854482046459363
-0.97210317846916861
0.22682047457022456
0.059731756427198038
-0.28193440638363693
0.75633991991246174
0.59030747584959231
-0.94200759446229732
0.073580115046616379
-0.32742580632119167
0.59726151943921446
-0.49379346932767981
0.63201794835787251
0.92139867598920933
0.37341637254370541
-0.10763220987061647
-0.45123969052430796
-0.86212252686775959
0.23049401372416586
-0.9110320640798466
0.41099955038826108
-0.033165460935462195
0.47319606202931869
0.66638294542928544
0.57621112183030199
0.66607316325195953
-0.55747811812840475
-0.49554484055788617
-0.55845797709344291
-0.18365118094206062
0.80894804008618881
0.077763512493424697
0.56292555525862265
0.82284120908074132
-0.20600307660326922
0.90601360634700157
-0.36973244048107029
0.38408745659299748
-0.83268398575697444
-0.39889122019894252
-0.66967392546240656
0.73829916122041728
-0.08031925109834559
-0.79716366516792148
-0.57575088511917594
0.18177186036494086
-0.85483179094300032
-0.4047458753517072
0.32472047299017476
-0.23827504944702707
-0.94175548896239025
0.23732172218367611
0.081987826710456402
-0.99398801762086575
-0.072565949986462278
0.21832688476719458
-0.62081900691660374
0.75293899622674221
-0.36585766266148506
0.39404018840056509
0.84313729640973778
-0.21589299374388654
-0.20897331581251907
0.95379262344108295
0.74742300818830565
-0.47068924097837922
0.46883950906247357
0.38106154063207748
-0.17091995057704981
-0.9086134891943034
-0.034109970722907175
-0.36555581304761797
-0.93016420993520144
0.46910139434562981
0.48750113522026756
0.73640106258881521
-0.11455080711334063
0.6552347247715854
0.74668974014860201
-0.37577983174060658
0.83578341519252253
0.40031937368321902
0.64575030813134715
-0.75039399844532273
-0.14112188577790155
0.20983656253581995
-0.03287800486325889
-0.97718353128742541
-0.52459157395940192
0.10840403471972178
-0.84442420961699272
-0.40512898151532134
-0.5190146052614365
0.75265818793239303
-0.71071957806941544
-0.58940170801227443
0.3840355555688113
-0.016965679953220805
0.71951435276626918
-0.6942703089338198
0.85576721821923862
0.4052209529881437
-0.32164957248640424
0.41404857040535742
0.89370299733852343
0.17279679943048423
0.21754122029883433
0.43998202548664367
-0.87125864972438838
0.18257044252011079
0.77814617111920104
-0.60096303537783247
0.69853043426383621
0.042835233766305623
-0.71429711966055287
0.010649453845908853
-0.14763901017275344
-0.98898397955072748
-0.50192871790143179
0.86432280925291716
-0.03183776925242237
0.56222636456965114
0.18520532539148762
-0.80597797887375722
0.55937283804796978
-0.28590616809604225
-0.77804864314437139
-0.46419686419294215
-0.66822455684961923
-0.58137527716318427
0.82478417890080469
-0.39967339292328014
-0.39999029641244876
0.39247671607336559
0.69311363975285512
-0.60461186700958502
0.58191296591624586
-0.65987686270078261
0.47533128044631229
-0.62609860846183674
-0.504996699962592
-0.59412024499173854
0.86226035488073904
-0.42121064898208882
0.28122707832822497
0.73702708297802721
0.23890124674975968
-0.63223197740885506
0.63376611680577521
0.50397315474017923
0.58681476505807173
0.0089944565193487633
-0.95694256553014767
0.29013794310379482
-0.081523952171802486
-0.87692070568267111
-0.47367068852452338
0.079315299752050789
-0.79912548031080322
-0.5959090114633866
0.96295962695291082
0.14746279485820329
0.22575092688916751
0.51019202910269212
-0.85938391598960462
0.034108332976708983
-0.65982218872915932
0.56142461905821617
0.49943675913572733
0.75637839299703691
0.11538475812896026
0.64387738289113805
0.0015345708737049065
-0.96026766276988818
-0.2790764428085788
0.45227632099759402
0.80662775299949341
0.38052305785046658
0.8412794981707179
-0.070586985213035289
0.53597227864522989
0.70016732842512908
-0.097946264691327722
0.70722856378898769
-0.73462093899900116
-0.23754982205452013
0.63553297162782318
-0.16260413455449049
-0.019920032412922461
-0.98649028770406721
-0.93154146048289332
0.0039679151070532021
0.36361348029343116
-0.95048889701371708
0.24825361535081603
-0.18692511634046546
0.038728199128349627
0.36867781461318178
0.92875012549357061
-0.10867992241061672
-0.72812348757417045
-0.67677534035132303
0.1672192844382748
0.021806010453196165
0.9856785524805064
-0.94239166752830716
-0.31708560994692531
-0.10655825138300075
0.031544483408427727
0.34257693957558361
-0.93896005561340179
-0.071445851058286547
0.99462351601132681
0.074963669626179119
0.75179712716239422
-0.58960096325913824
-0.29524868113891278
0.37102797279668925
-0.9041213822692431
0.21190273600388551
0.40860822062217961
0.52168418176314046
-0.74892251704572121
-0.57150792727601496
0.31360673320079957
-0.75830699980403438
-0.96654356651735585
-0.1242002340714
-0.22442779658616094
0.8516568803471618
-0.19683936550542946
-0.48573122438727384
0.77753795414066063
0.31390078461543913
0.54488625169714788
-0.85670331730244398
0.43347051932983027
-0.27957599144940054
0.71418979812212358
-0.62797373208444229
0.30916326442547687
0.030270353502579578
0.10018483363736572
-0.99450827287050869
-0.98837831140316423
-0.15045351192979842
0.02172681053030652
-0.54757024655798414
0.06807020624363741
0.83398637405318377
-0.3188903789715723
-0.94702813984418632
0.038034570362070454
-0.18269587648059499
0.2744193575689145
0.94409545751923385
-0.37554438845978783
0.31108041018011501
-0.87303802362699823
0.95371454748591311
-0.2339589530585672
0.18892265665472582
0.24455659663542026
-0.94284993925575156
-0.22633175448338225
0.91630489654290892
-0.39885197686470353
0.036089293739373488
0.62744709725243775
0.31076945630554809
0.71395552044720811
-0.88267368382681011
-0.10673470669943071
-0.45770609594519807
-0.45216441774366856
0.8708549986820775
0.19276646647424953
0.35976025965976294
0.83003536233328101
-0.42616176839998104
0.93454423864309744
-0.00098766315305841399
-0.35584559929903525
0.20403889482567189
0.62600760697459723
-0.75265038723716637
0.57950938688299358
0.5733136579991287
-0.57920662985341864
0.71108077467300723
0.7029598550126771
0.014545588024970415
0.53598252424379222
-0.48942062084429055
-0.68788821010222423
0.55603429061054255
-0.78750588484455963
0.26582014408320875
0.97564728743073637
-0.2123890588038036
-0.054801991108724579
-0.025767097295034947
-0.097512406930048895
0.99490069212544874
0.62500390440899556
0.66734426970648364
0.40499598166331352
0.3389301803315598
-0.58555072377741813
-0.73638080009201634
0.25323418775014289
0.91056515457193277
0.32671630726659107
-0.63887654798809723
0.75564858459875051
0.14433285497320955
0.77308285986339254
0.59323097904849054
0.22454375360407494
-0.15531623621539437
0.97818979059590061
-0.13791881793951111
0.64470300032147965
0.73733642191657556
-0.20172516524158315
-0.32926625133373189
0.10959861088375204
-0.93785493559770938
-0.55412446590117892
0.28894246432542725
0.78067812099435863
-0.19952896593825142
-0.62264692333280769
0.75663663710912188
0.87113018975668033
-0.25562994174985126
0.41926784443295645
-0.72926597038694485
-0.64794150238608106
-0.21987031159584966
-0.22850573824811718
0.78004353703820306
-0.58250940585763278
-0.53005909166537235
0.49285239148359355
0.69002454996310314
-0.23766410817369069
-0.91343177822661958
-0.33039091726583519
0.29086515845897698
-0.75291739726860252
-0.59034977130927002
0.71108262082430584
-0.36910073985376729
-0.5984364211852734
0.29800502683669977
0.62448885972681634
0.72194644403664632
-0.83474592113821866
0.090763131347276885
-0.54310339819517239
-0.39286182239379691
-0.096193160062779989
-0.9145526034420115
0.58044984798150401
-0.73277947660033804
-0.35512281347666663
-0.43776811462573822
-0.29626571008210084
-0.84887319833210373
0.15703610830324022
-0.22900516659717596
0.96067491606722666
-0.14618507592266003
-0.8923962147621971
0.42691793058571426
-0.93238038294949754
0.22075743455391206
0.28623936937487032
-0.70236083784998116
-0.71181316829017904
-0.0033566208260234522
0.31422083109988508
-0.94919259205535422
-0.017282722301065735
-0.74597419446933244
0.59482545691642186
0.29950822524598647
0.088791451130849713
0.99300391039185865
-0.07784158369763329
-0.39731951852898778
-0.31638142924017826
0.8614174315788109
-0.069271831771413467
0.80211468476158454
0.59313863962218571
0.54802171497535668
0.72791664467475026
-0.41207955338856844
0.37146489787731757
-0.39071912031074041
-0.84223060895968105
-0.69430248876217615
0.10209210739700186
-0.71240526086342681
-0.35332789494480393
-0.8293143069051665
0.43289395816559623
-0.21730622706751179
-0.23703440224922415
-0.94688578816456836
0.21402737149502427
-0.90302627315334716
0.37247259529488552
-0.69442758090060019
-0.041437223804971196
0.71836849274441117
-0.078502720758124728
-0.9933723735198321
0.083956240751636879
0.093189855237447286
0.87786342810283946
0.46975680142000537
-0.77533967023281181
-0.31128999236163651
-0.54949698490416377
0.80110724770132546
0.57320413819230187
-0.17223296327830975
-0.15255241122086813
0.47849745305678981
0.86473576845696865
-0.98800132714920741
0.02737654445662575
0.15199967883196144
0.89218023519396961
-0.4108050688159785
-0.18775948275475313
0.33465148929647154
-0.10768884840967237
0.93616851722318251
0.95103752767098848
0.19591546069323285
-0.23904968776974456
-0.7410608808281286
0.47974714442686983
-0.46975679699233991
0.0045595768098364913
0.54726372881901864
-0.83694780086838072
-0.026555301339316537
-0.33952652236775577
0.94022154654083301
0.22072566502190483
0.2393384205550487
0.94551430515188517
0.22019504425226102
0.21190867866107299
-0.95216009914029842
0.93709477983755496
-0.2116723567200319
-0.27757555188054989
-0.88713335334389132
0.41932922726075716
0.19276258078195205
-0.74038114268788935
-0.42143173415120083
0.52367075247953909
-0.84724003924194635
0.19956011461528012
0.49230079886187617
-0.18844562263048251
0.44019835395879503
-0.87790298808204159
-0.75341009414019855
-0.11100714250922622
-0.64811314163469425
-0.37612628183421798
0.17394670771591161
0.91009426049632991
0.80137292736786725
-0.59190793495643812
-0.086292686929194728
-0.83276063084713015
-0.019058588217309123
0.55330507129995909
0.86706582340866423
0.21997816288809999
-0.44699716523601291
0.84753371554493373
0.52921272246659523
0.040255377207198705
0.55209218031586693
-0.065587128728163954
-0.8311994664214285
0.40118647650956935
0.31870043343315663
-0.85876623407965624
-0.43785313574273038
-0.8128665408233724
-0.38409975049471556
-0.99476043421590876
0.051761786538944345
-0.088161193123013279
-0.33243184502758821
0.58901921064752805
0.73657683774316218
-0.57358502384043974
0.73668759820663821
0.358178172247412
0.16561499039537306
-0.89216144751950277
-0.42026137880638803
0.48772887350691363
-0.67211093015693502
-0.55712426218147848
0.23601685845110051
-0.77622996922233389
0.5846050610523037
0.88068504540715287
0.33836224180750685
0.33151899510465382
-0.0061125334918276783
0.15021666199358438
0.98863420504947963
-0.81943447165909644
0.40473058061604766
0.40585749194880538
0.60821499000255463
0.76709562200413806
0.20405595467488166
0.29071935328685256
0.79087653121700907
0.53851329602399367
-0.21217334409419297
0.62434158462008371
-0.75178458202464493
0.12160276784020196
-0.65156553204027601
-0.74878242788588067
0.17593713857016249
0.97606857027710991
0.12781341631042509
-0.86536870403805222
-0.21931705081515232
0.45059631300449637
-0.79521921359524117
0.59961959104095686
0.089904106518233148
-0.75637289481232073
-0.49910456824246469
-0.42284119235563239
-0.38610281918831879
-0.90705851606113896
-0.16783760441509155
-0.52689964657582555
-0.8496970431662445
0.019791343380663479
0.15403205735255179
0.89449190344546914
-0.41971223472546254
-0.57647519863319996
-0.57151850555854067
0.5839888210958708
0.19420490250577996
-0.43695953949027472
0.87826580070680627
0.40679138567145251
-0.80461359645430408
0.43257106808519918
-0.071895288705805846
-0.56007548107979388
-0.82531601399412224
-0.28077671776577473
-0.79161635319970158
-0.54268589820215885
0.74171771424359112
0.42281633030193638
-0.52065457186820741
0.92510536468176441
0.35675842493191323
0.13001342421888762
-0.86639234679109034
0.27054297527771942
-0.41972705410743566
-0.46270317111648507
-0.48681722989693421
-0.74088781884589272
0.45970236242335777
-0.86744222689245032
-0.19030953992443569
-0.39941993642855905
0.80872919016795797
-0.43176476390933627
-0.15576484176663033
0.8945529106649911
0.41894200564064821
-0.54864304633463723
0.79297242990624395
-0.26492552371796191
-0.62532828115024019
-0.30982030282856909
-0.71622337350082332
-0.95028123716880786
-0.19243406447899866
0.24481564719807511
-0.17717946864731793
-0.7751468689453952
0.60642787489857719
0.99509687850895456
-0.034047232270525807
0.092860047148661848
-0.85205717537015546
-0.46986551301073753
-0.23070537398029672
0.41006301693885766
-0.49362222192934402
0.76693247692123423
0.57817056510242937
-0.30997348389549106
0.75474183462348854
-0.20535994845489605
0.035878434635253864
0.97802864451851623
0.45854685447198917
0.86030684358166065
-0.22272610341045468
0.39537968108405008
0.076695719425880063
-0.91531015202914778
0.16350896914434399
-0.97637296255297379
0.14128218219182109
0.39638397739955639
0.097989230203721467
0.91284054096265355
-0.61207627817200261
-0.67447109096066027
-0.41285757490622127
-0.59013009657295468
0.4995748073702807
-0.63416991489642749
-0.70737398970248899
0.635954439962232
-0.30851902532049275
0.67769234636179376
-0.7306724230191658
0.08277012699004449
-0.80704721756688724
0.57703604232158567
-0.12531637753855898
0.71462264866095337
0.58906886513151402
-0.37724308098820597
-0.92143049131542365
-0.37171343426568726
0.11311486401276252
-0.58943292000897507
-0.10518659912889962
-0.80093983055744533
0.11729667469801246
0.72973193408278136
0.67359690801293925
0.022822870772912219
-0.71630212444310049
0.69741693633577895
0.99018922141592702
-0.0089770044510852388
-0.13944432287764666
-0.23578931503949851
0.94489984334425936
0.2270851931791201
-0.57331932480662195
-0.79482787629033302
-0.19888086603562005
-0.36328557449154369
0.90762028138715856
-0.21035450121412697
0.72179363712221201
-0.16778913405339474
-0.67146165333807428
-0.39123650676976646
-0.074162455211508452
0.91729707620137524
0.0464700066756083
-0.85400562799604651
0.51818425857087458
0.41928945778725146
-0.65956334457200616
0.62383695392743588
0.26275293344170902
0.44228197478329639
0.85752408173156525
-0.21302156509632064
-0.43676066901649246
0.87399195122391149
-0.40361664987173496
0.49707570817721436
-0.76812065477139602
-0.38829238779731823
-0.69094251075226931
0.60977657253620943
0.53873136226405771
0.84239725011569422
-0.011635820152839997
