-0.11921260652400889
-0.43805020945790546
0.89101086886728653
-0.16531520710649486
0.29300079068144153
-0.94171196177992078
-0.54501296443589542
-0.16551776536122051
-0.82192745297053149
-0.97715111631881935
-0.10468118320342398
0.18497985230834363
-0.93669701989626108
0.20923970469996586
-0.28074443697878437
0.0094444858193269178
-0.4391185514018513
-0.89837948524125821
0.20015596034032629
-0.18953768602190121
0.96125597897631043
0.76008943558393338
-0.64941726405467526
-0.022831273758546308
0.031827494002062931
-0.77240716971779655
-0.63432970511721398
0.92628640234055348
-0.22796576913731784
0.30004184531599132
-0.23940552186621986
0.53270520189004567
0.81173281563532262
-0.86673429646074374
0.14988294478000591
-0.47571710312198467
0.28587032623964076
0.25511331873561999
0.92368574265241277
0.31504965607873298
0.7166501986392072
0.62221877743688903
0.64991518287292471
0.6596455171677722
0.37746264285583986
-0.20640497522501483
-0.30295781482394368
-0.93038354920939037
-0.44298478695015853
0.52226900767644135
0.72869716765703696
0.59018985999788853
-0.33260894015626735
-0.73555912208591179
-0.28700695850644159
0.69687191884975597
0.65726443269626345
0.23431582822740113
-0.66627577161465967
-0.70793551175329317
-0.85115828918499048
0.1182955241497472
0.51140564693579305
-0.70137493657261929
-0.71206431323087549
-0.032211987998199243
0.16396939266839561
0.98603065657212019
0.029284510716605688
-0.69422567552654535
-0.60445899681923065
0.39074292393337207
0.04427550600920252
0.63766213043390363
-0.76904270816263776
0.98872508714912666
0.14752366256734073
0.02568016792524953
0.17138207865023439
0.48104585822393398
-0.85978082404943401
0.84123172814951086
0.51453976885750352
-0.16606626935851337
-0.27662455378326711
-0.26463244376147893
0.9238227784337405
0.16584322181036729
0.95399952316451553
0.24976175764402836
0.36881338682138692
0.92384009878814877
0.10245075681731954
-0.0041248776848862535
-0.23913586154145106
-0.97097735561078491
0.69327530900231438
0.22772603794217072
-0.68374717372059868
-0.40028356852750197
0.63059886101466833
-0.66491965022391364
0.38233149815099526
0.48123433832091317
-0.78881945788782892
-0.76360684373637389
0.64487850827772542
0.03219157903036951
0.22232501717930844
-0.80903479602912864
0.54409032848445882
0.63792752803806207
0.58951801426491512
-0.49549670011857666
0.84175579482271046
0.53784021503447477
0.046637806274062714
-0.1477575306478717
-0.9868038291494271
-0.066226240364917005
-0.80815173436917165
-0.55337325322868336
-0.2016651106344462
-0.94748216761697723
0.28440052990900555
0.14626647132993653
-0.39454024770824714
0.8935643300745536
0.21419799475422119
0.97586987955533311
0.10607304226451386
-0.19085724477056232
-0.049675752387373547
-0.24751029066790212
0.96761096295889448
-0.85232534621159939
-0.39102342998549328
-0.34733583375122329
0.39172303789609481
0.54638486756550231
0.74028145868776363
-0.14357642827413125
0.8294833367394705
0.53976217292025708
0.42882313398507765
-0.77907048075523577
0.45734003298970272
0.85140267725684082
-0.48695098304206652
-0.1949159338644452
0.047798483552594716
0.34298969484485708
0.93812225972967089
-0.73343855267337077
-0.39291240557470608
-0.55469607083328853
-0.2747997414710463
0.8926735014870133
-0.35723818641119753
0.59514166105493549
-0.6624228038515444
-0.45497519955952609
-0.58139141081578427
0.2459578055936488
-0.77555708061830553
-0.41370691656941344
-0.069375060268119487
0.90776301323386333
-0.64386164496198861
0.62598051771722052
0.43998928803474613
0.69529426082448642
0.65755947204993059
-0.29014036530953047
0.8528474761821192
-0.10887669846882564
0.51068292207623112
-0.93885196216454458
-0.33015822711504761
0.097737087167732523
0.22122591498530439
0.85403917757633729
0.47082499689762475
-0.57582414903821533
-0.37638095958991924
-0.72578503886659629
0.72249140782327748
0.48476643204727138
0.49295808339218528
-0.54786897873739016
-0.76190126890688603
0.34546495998194388
-0.32781938421885026
-0.84670605358904005
-0.41907434918645092
0.451793590642804
0.34676871291806466
0.82196959262203317
-0.98669852350469134
0.027542924470295757
-0.16021052095691321
0.40242905516565119
-0.3241480056887896
-0.85614188424960369
-0.44031597440714687
0.89776516252599348
-0.011813366859691513
0.59992293197075353
0.41972827794544665
0.68111720605822645
-0.27878745441769576
0.78139448907290798
-0.55830118010424301
0.31234850753491028
0.30070289812055118
-0.9011194021341542
-0.48683681028314751
-0.8272650366895361
-0.28039700288054242
0.34554837318245812
0.88274763198313067
-0.31835976507582087
0.91994310766709364
0.36303383592233163
0.14802402720953017
-0.72032318813085416
0.65048587918150336
0.24083734267440526
0.0013772012789207476
-0.75244384844647638
0.65865496145682645
0.0097572548507386652
0.91387490306014552
0.40587862414099529
0.032786197410449233
-0.96221879354544559
0.27029624231074767
-0.98756329042659097
-0.15357116671201229
-0.033684479460372507
0.11107571063959966
-0.060612080252881922
-0.9919618753930648
-0.5190806306535084
0.13270234025427036
0.84436093453652605
0.71469287985320851
0.69523024856914828
-0.076609326857814561
0.80468422124118888
0.4659654522232376
-0.36791235562271474
0.36375442177397688
0.92508466422880975
-0.10909209251155569
-0.47858320400435528
-0.27472483616071491
0.8339570619890414
-0.78308699397839032
0.46691535982490345
0.41080993977929642
0.61373043489172674
-0.77685129556403798
0.1408439486385126
0.62427719329902298
0.047798796399712788
-0.77973922627339509
-0.62820552205875269
0.48687604653813848
0.6068851105129226
0.72896971115681419
0.3992692054179528
-0.55604609684887407
-0.75870945794547717
0.30920489782738642
0.57336924366732089
-0.90338568295160049
-0.074576345893104051
0.4222945375816532
-0.39261786815965011
0.2700736241670379
-0.87915382449890611
-0.19180491283605441
-0.79141618764885435
0.58040614515984157
0.12149068563262397
-0.38657180007862285
0.91422221406422211
-0.25997084103840629
0.9550234704928483
-0.1426370660718296
-0.37662573939418259
-0.79429598316255301
0.47670425166723468
0.98990630214149056
-0.049884350933835975
0.13265392761795611
0.45951197521482695
0.63682209402333001
-0.61911740824976758
-0.91206282638486869
-0.26727103583446665
0.31097844640877637
0.94887945425561682
-0.12857459306916105
-0.28826438439159008
0.39949303696050414
-0.89829899891210896
-0.18293228794714264
-0.27272930506342802
0.097184973216949494
-0.95716968565685379
0.55668718006973983
0.83058446399928887
0.015127184437801259
0.99349920722099927
-0.083485871257632974
-0.077391437198179647
-0.39109337992626453
-0.5452618238667688
-0.7414415092313994
-0.71300799809552451
-0.56328797219275228
-0.41752395743812054
0.20409055846065174
-0.28856457785412482
-0.93545578642450555
-0.3610463667299727
-0.64945294066205261
0.66922074006750443
-0.19837557067579373
0.92652856143283235
0.31967476880144841
0.52542450476620695
-0.13617707458380904
-0.83987195104312296
0.55695356432821796
-0.78232322166402157
-0.27887829608508363
-0.88645266516972998
0.46245421417367449
-0.018378580099998747
-0.80757165008296128
-0.025479870460109817
-0.58921881010675403
0.42415748881714427
-0.68211912813663966
-0.59565419473923353
-0.36778953535759884
-0.71236612579328318
-0.5977167895447727
-0.11073811914449783
0.14851028301934113
0.98269108310081577
0.74406625686464267
-0.52815783606170918
0.40916342163254549
0.42669176836453909
-0.51584032246097755
-0.7428612902374826
-0.16534844488338873
-0.97224001166998009
0.16555739633916064
0.5477193274034573
0.80286462337407849
0.23539739786816577
0.040942086987334002
-0.57067148908411913
0.82015717826501744
-0.39874630167092412
-0.34828983477289521
-0.84834873601463534
0.13838847673161231
0.90651634250715818
-0.3988442681991915
-0.80669738505443334
-0.24213849167402562
0.53908095848041904
-0.065459347340162788
0.47541218436431099
-0.87732452878268175
0.54526799709101303
0.81353632365554351
-0.20209270506719867
-0.67418758154928216
0.41827631392660131
-0.60870027935980575
-0.95370176611025947
0.094706717495406476
0.28545328686042026
0.24027730913016027
-0.9596257212919862
0.14623710114743307
0.076056497704773962
0.30412115150527125
-0.94959240433145398
-0.85227145781245073
-0.21380410544357517
-0.47741089921964769
-0.32442325596205701
-0.46675656926162845
0.82273194665218419
0.25809939786923558
0.65405252587291707
-0.71105554932001991
-0.50982201167956165
-0.47067586101353637
0.72010120834933422
-0.029355256980922718
0.11798690391020003
-0.99258116010393294
0.22667617922791822
0.45851741490190845
0.8592902245471572
-0.38975598487965835
0.34184494172389335
0.85512122419471936
0.073304713304304076
0.79065038676932897
0.60786378812105957
0.46012017862646382
0.75933509550410772
0.46010828503355461
0.58391878413733067
-0.6026675649999641
0.54390317118821396
-0.77311349060423917
0.60765566909480773
-0.18179691543772308
-0.92058059998869846
-0.37219081104430646
-0.11834423982023487
0.12280739310111899
0.795783232199885
-0.59299864380048228
0.94437982921269159
-0.29957507408690232
-0.13565217713709687
0.02753519206066363
-0.052481950971554323
0.99824218405174681
0.19571444072967789
-0.67650197668510981
0.70995840246524888
-0.082991898898668079
0.76274862407526511
-0.6413477069332072
-0.45886921301723804
0.76749669971119006
-0.4476470275533751
0.15730657679018806
0.63828679157499801
0.75355465136872968
0.75225345597930693
-0.33664769783370418
-0.56637714070260281
0.43256060778148558
0.08453571176726242
-0.89763301745853463
0.037961308742902822
-0.99815276908660422
0.047434044770292505
-0.995492882478347
0.075889321685970706
0.056874702539839429
0.28375713927097412
-0.50999131022950106
0.81202878606804929
0.76316024211176425
-0.61596149495518815
0.19539161085492579
-0.18110317614700414
-0.68110833440127316
-0.70943151635558932
-0.23685270936829109
0.9681939732175936
0.080630169849936748
-0.53076883122026297
0.77820752191363607
0.3356746946704704
0.70899272672592606
-0.14731191952571485
-0.68965825726615193
0.86053441805218411
0.33979456162086807
0.37949989623249025
-0.92834550905548063
-0.026929688854595582
-0.37074169940096474
-0.16641872175064365
-0.62970931917427675
0.75879574484570655
0.23690701818824017
-0.90433162722045302
0.35504840901201723
0.32420111731393542
0.78971063736265767
-0.52081738140029543
-0.35353368744633856
-0.12651689532357585
-0.92682652478135186
-0.60610108600031032
-0.069068893779404006
0.79238309009047747
0.9595711726440842
-0.26904653924402583
0.082686905561098173
-0.15450673048086988
-0.82867589209233505
-0.53798135293064253
0.67435721827553596
-0.40982801597431817
0.61423394523767172
-0.88610025124994674
0.2869071180269091
0.3640201235649958
0.022855332593309425
-0.6176929347494502
-0.78608719117707337
0.32703749368049084
-0.10280081271528034
-0.93940325240668643
-0.014411486241959091
0.52480834168518697
0.85109841590849056
-0.71076148027309838
-0.20251056363748016
-0.67365242504961287
-0.56859127243886309
-0.55687194785061378
-0.60547303705732247
-0.075336644486451804
0.88384844152526509
-0.461666895511127
0.9154841016662979
0.053883139701490362
-0.39872981685868597
-0.20109174214119707
-0.06018074402614762
0.97772204091504333
-0.35202837717706503
-0.93478196318757978
0.047525813630662196
0.95344395546147187
0.17672912936388002
0.24435924093078157
0.22138275714015723
-0.81493410617520323
-0.53560440385927066
0.42884491854363244
-0.90257564993831052
0.038068779567273781
0.87307654572833715
-0.32762470728502668
-0.36110856605109098
0.034556809012498267
-0.90120473841504323
-0.43201371090411861
0.39866235980663423
-0.65623634278904153
0.64064201023369449
0.39722179584707151
-0.81757530476350737
-0.41687583996303418
0.76051632755929566
0.048753434621535072
0.64748592118155424
-0.84135134342217155
-0.49301373096875556
0.22150706083096941
0.7560264599831823
0.28393465835742393
0.58975003314010122
0.7543963475421428
-0.50651392554466212
-0.41752819550829229
-0.59348843486359015
0.79595341524138119
0.11928804822255874
0.93899304015861162
0.33603258867488828
-0.073308729917666002
0.86879061363611676
-0.42885740397728217
0.24755645156538683
-0.035802897785238499
0.98363495534216716
0.176579803882529
-0.47561763742021568
0.67654141788246558
0.56220954533376211
0.56894998418328624
0.44858428170551251
-0.68925181008437519
-0.84039892258381732
-0.54176756249190849
0.014749886492276161
-0.66231971775561815
-0.70690780471287396
-0.24822156857965325
-0.73624454259334904
0.54624653758018027
-0.39944798620493105
-0.65708922728928632
-0.26629189749196569
0.7052108710949494
-0.062314300890354578
0.96307820815787393
-0.26191084909939333
0.72120943925281888
-0.64889799297280604
-0.24246306821555028
-0.9464341450183571
-0.20245110250223372
-0.25154713323550637
0.15362065999617236
0.96990441897468149
-0.18890767818097257
-0.45749012334209171
0.85834417078740044
-0.23226724159839587
-0.527355946043497
-0.84660623961688741
-0.071788447638333322
0.81979644927435136
-0.32776849055480217
0.46957597719282046
0.43760181395748665
-0.86220699293484959
0.25515437240102612
0.10745909691818038
0.1448282966263115
0.98360424307027594
-0.67217617505558258
-0.45419391444488066
0.58471110624725053
-0.57948696141980893
0.60695740061597436
-0.54387275660942658
0.88110660423473564
-0.47207053713232416
0.02829416804805851
0.94094511030172689
-0.01639011906120693
0.33816218504798939
-0.046447749770807151
0.99776930449362355
-0.047948113117612337
-0.80502585865243648
-0.41953057115214848
0.41943708320755252
-0.17809991815636453
0.34978872437091202
0.91974358788505084
-0.36602370734577344
-0.89137061108515736
0.26736693766157565
0.86981638864707311
0.13744834655285101
0.47384322520307431
-0.5389600138914048
-0.63913094641286905
0.54866541422215331
0.59938390977155775
-0.79736973706041392
-0.070288200483207025
-0.9630380396497773
0.25932434552385714
-0.072860263560717037
-0.81933009380032862
0.35672250047593723
-0.44882875915803305
-0.74008024017172813
0.20707452011093769
-0.63984481026900719
-0.079218020285348606
0.68714272608371618
0.72219068067395409
0.85299202884069258
-0.14690244160475871
-0.50082359307923952
-0.66022697941024977
0.020522294631324906
-0.75078570250230714
-0.71289318985631711
-0.67724934544282656
0.18197973500845599
0.020113704412336335
-0.8795055890479323
0.47546330849841867
0.36010420219709022
-0.32219403940205588
0.8755089745592467
0.54141400560391961
0.60491625254484704
0.58390684354871003
0.27808671365903592
0.015738115168401595
0.96042703596747181
-0.62460351549006576
0.77458431918107251
-0.099446372061757701
0.8423365948535535
0.23234536718564161
-0.48629691682951254
0.43540316385188571
-0.11713642067742558
0.89258228968462572
0.36012203655460423
0.8794997963373784
0.31111449183584178
-0.77081490554473686
-0.056068211457088069
0.6345870602636503
-0.58285237639396492
0.32455218645991374
0.74494898187459613
0.70974655475702497
0.68892273659481196
0.14712338703703301
0.49202337596486595
-0.47360140337941542
0.73048936215470284
-0.34561487880868452
0.82338920425238182
0.45008951761476018
0.72630815322880715
-0.19351553730270604
0.65956667849111728
-0.53806020334392657
-0.70876381561645685
-0.4562291871968448
0.6072269325420584
-0.51098769450058545
-0.60841353409053855
-0.19860091302165478
0.62428494016565828
-0.75553027128588657
0.62601656131248151
0.19967814561816466
0.75381158330512987
0.79441601953774177
0.042032018402538118
-0.60591789652626915
-0.62250184985650869
0.71567651034660373
-0.31669950973017374
0.51435973876726526
0.75249784392286334
-0.4113162457607441
-0.17802385413252944
-0.9063871010159108
0.38310563878879772
0.61459015622116042
-0.03662070589108489
0.78799610644728968
-0.4812106637710718
0.055792354128480146
-0.87482770320435488
0.51554068514799478
0.26979840918835962
-0.81328139063707006
0.035235174022062277
-0.97957280709318573
-0.19797878198234115
-0.50118457429084129
0.45150956688504629
-0.73820941033299359
0.46472630396219256
0.11666996333490509
0.87773434595045419
0.91296445031560036
0.29163390837955855
-0.28538671297591461
-0.85544650477926087
0.47788466569746862
0.19959339606350898
-0.87553621200974396
0.42021213281240105
-0.23844937596244917
-0.54693521245409882
-0.82568143431287577
0.13824631065175647
-0.69832961903031443
0.1356709023252308
0.70280093159246282
0.22522847546066602
-0.49119108018170649
-0.84142941272075378
0.61153714009424243
-0.71019571880506493
0.34877552562688818
0.22029419554693136
-0.9228617927897067
-0.31590596514991404
-0.32153270258819999
0.14263200343121418
0.93609445718021767
0.80467257634495626
0.52605233676092067
0.27526529724385085
0.21762146335614471
0.12070827398400268
-0.96854035087782131
-0.19750815001499519
-0.50522766869583713
-0.84008067080597904
-0.14874415665928564
-0.93773115900372783
-0.3139035668692588
-0.30037576478825295
0.45836821873046302
-0.83646456947424541
-0.1421651863663235
-0.07335553950292456
-0.98712107900179269
0.22312034524291904
-0.97165342657354148
-0.078146850010579638
-0.32335740511622779
-0.92937329806296975
-0.17805971302924783
0.56322434857513159
-0.27062844257924695
0.78072951733570939
