-0.27769897989194836
-0.34878915309233016
0.89511418447710156
0.22501268911001837
0.83541437502316795
-0.50145000921739724
0.20231675713241626
-0.87546435057215011
0.43889645779011044
-0.99069392602562167
-0.13609648980486946
0.0018139456256841592
0.21188066133235461
0.24412223018221466
0.94631438860678097
0.59108897629781121
0.70835975776908411
-0.38579823181623024
0.082042406085696143
-0.92884927664608208
-0.36125899971865039
0.1888768057840251
-0.68385698213946378
-0.70474476246079942
-0.21188687166720957
-0.97729171347874866
-0.0022046271464230024
0.73954968500467078
-0.26369925389623944
-0.61929715557562404
-0.65202256865684194
0.27792827100327178
0.70542359340985017
-0.87589796975166101
-0.34056542629108699
0.34178639089362289
-0.78107426397993318
-0.31883178236910942
0.53690715091116314
0.32727303378594108
-0.36207642351017633
0.87280755318376202
0.7275540050464776
0.53374727880781003
-0.43102089520821141
0.87208104094994943
-0.48200464822775324
-0.084535064337188257
-0.6253201755770802
-0.68905972531062276
-0.3662941072022573
0.0052323629838678821
0.1699787704108886
0.98543383338873014
0.71015883012687642
-0.038059824556760838
-0.70301200967517952
-0.8640984887930625
-0.4408772875284479
-0.24281890166769104
-0.75252629535883975
-0.51222167323153922
-0.41392406582051083
0.40976990932926105
-0.79600600834789403
0.44549192594517545
0.97445655279705512
0.21183632053967108
-0.07456406648710745
-0.20575300317030265
-0.57550144063626862
-0.79149465791752571
-0.12086091440300309
-0.97136105492920344
0.20457355727584881
-0.96540669405059898
-0.13789737916984407
0.22130121531609717
-0.14991898224884309
0.7489925427761126
-0.64539481685805644
0.59922629611900902
-0.43876217922188127
-0.66963840699586474
0.072675188772248628
0.045157119166261465
-0.99633285177470798
0.6380877123148827
0.18169095474758654
-0.748219532193373
-0.86388539211516258
-0.29654332893812346
-0.40714135549257047
-0.58813530278486081
-0.6625701228762918
0.46378626315346544
-0.46842994560767509
-0.22164197848986228
-0.85524746093109782
-0.26566838853910796
-0.19922870910857737
-0.94325406375905074
0.03598497889403638
0.86990180923759319
0.4919104832986973
-0.67533068378528771
-0.68997181185584466
0.26051365872533155
-0.35646015570409206
-0.40904906072176417
-0.84000894240362511
0.0041327586757466204
0.86946856800511396
-0.49397098048049798
-0.054082398255303261
-0.98532940114851442
-0.16186743165709655
-0.60956088569620348
-0.78120681426728522
-0.13472727998300543
-0.50999994165491636
0.78572679892911179
0.35004779238925815
-0.15428611126613717
0.022905883072898928
-0.98776065744239072
-0.03194368461002365
-0.70909798182985972
-0.70438601148685165
0.17729657788446249
0.56785770754599563
-0.80380566522702812
0.27253585831272925
-0.31819196411065209
-0.90800775322083549
0.82772729730803352
0.33146606367210696
-0.45276679419416005
0.11448904651739972
0.59069653832115498
0.798730153332739
-0.056127732970224713
0.95258272931128996
-0.29905822411275873
0.79357896933559324
0.29932246829834791
0.52975322500202116
-0.94032756266304118
-0.33185993528260099
-0.07518682231888868
-0.39520871115591411
-0.77669647831702138
0.49046167556335946
-0.20113079305210985
0.96849286049267547
0.1468604210158217
0.89557978532274918
0.28824185401562635
0.33890040087744494
-0.72580369938451439
-0.68682098605112052
0.038547672815877829
0.43985350294950104
0.29401560695942031
0.84857746777023058
-0.045766943080155914
0.59531412755433932
-0.80218855417870039
0.77346768816586431
-0.6325912162937648
0.039699980243431666
-0.43315694523039672
-0.89939323041149455
-0.058880199461679807
0.99842072067673571
0.034445548157516014
0.044379823517852746
0.68296699263363525
-0.29886995619132151
0.66650794163248028
-0.25821062909291609
0.66217561107611622
0.70345627520082044
0.13259331733250662
0.95568483653818193
0.26284121710597419
0.7757406601906307
-0.50558901531496858
0.37763232875357056
-0.82204981652468323
-0.14329935924445247
-0.55108927842216637
0.91619519345252654
-0.1179187053868182
0.38299026934686503
0.36614351826757457
0.097763380160683477
0.9254086910820537
-0.049875783305646945
-0.16820988210699844
-0.98448861943711552
-0.29805391721221303
0.47071445846056209
0.8304166189513762
-0.44792187811080886
0.19629091551016414
-0.87225905991159958
0.13072296514412934
-0.22977779040038279
0.96442401122257648
-0.85784946874080159
0.46265674589824884
0.22370298267114744
0.39368179035586437
0.8481450531940764
-0.35449205447318344
-0.29042124752077964
0.88228024362583302
0.37045522090532679
0.51142537260150356
-0.45773803910881306
0.72726884699692185
0.59346700817005238
-0.21603317966999458
-0.7753235295638583
0.15133030019464672
0.75503748639857515
0.63797925857814475
0.97588117384521189
-0.14331558584926227
0.16467111886173108
-0.95238376759896715
0.27018516782136859
0.1412980336145393
-0.66374881079480064
-0.19741675175588921
-0.72143200808852492
0.16774990173567481
0.010371751413281461
0.98577502364398173
-0.79930162371852731
0.58044043204201135
-0.15558219426338249
-0.15410786833651527
-0.82789257653049797
0.53930014522756131
0.93445085035893283
-0.12249971215051925
-0.33435823421370586
0.3280362953015748
0.93173302329796093
-0.15577471637226467
-0.41822886379229329
-0.57830364767326459
-0.7004637810613793
-0.4850487864464722
0.85092242626360592
-0.20164002392497032
-0.92368580779245602
-0.04191693760950136
-0.38085101919811037
-0.25933819638257311
-0.7267723481906927
-0.63603903481030188
-0.62678123792779927
0.16559524651117702
-0.76139575393785697
0.80176420066433995
0.59706428774494524
-0.026237431899739684
0.32300073302398491
-0.14723210509996412
0.93487605258333673
-0.15174643638040353
0.32606229103525808
0.93308970705430394
-0.83335273076311012
0.34396549896996165
-0.43267882042920991
0.24544561600304746
-0.96845163793040212
0.043103069204011246
-0.85291932148228566
0.11439649949138453
-0.50935456407724
-0.36443705714080721
-0.003194832196464967
-0.93122254291323092
0.060595785403582181
-0.79994823369027257
0.59700165343752287
-0.034021162389672344
0.23235155606656246
-0.97203668392869969
-0.56979909471542656
0.656080728482618
-0.49486065652383154
-0.74914650436282504
-0.51804279414942644
0.41280888850752095
0.71318106842888818
0.66675163075254451
-0.21636780380512299
0.055726632568563417
0.39756368762848726
0.91588080922236093
-0.27683630871707721
0.92543960346984366
-0.25869518454250656
0.24077963503903574
0.96905274935581454
0.054423674227360212
0.12736131869056633
-0.4430438508846451
0.88740703214179262
0.40314401026862379
-0.58420960048367643
-0.70439623060265932
0.95625239398532358
0.25940925769228929
0.13523385678473024
0.72291925918909061
-0.4763908228325166
-0.50043933559868581
0.79119418329258973
0.14801856937079053
-0.59338205858063853
-0.986905807334028
0.022288095899115533
-0.15975033092786398
-0.64008070149364404
-0.47100719872856694
0.60699992942443803
0.96180859662506024
0.072146085511664154
0.26404387098259974
0.64944752497551417
0.65679858990812445
0.38318862796001441
0.74141328803609607
0.64537515747039809
0.18384026339070508
0.01333614121386395
-0.54585042259118532
-0.83777649972683543
0.66051819598475514
-0.65548937007074548
-0.36612757134269747
-0.64007858825041453
0.46868757987994164
0.6087950010714932
0.57394998786067075
0.79580406427579853
0.19307330917777474
-0.9950480710407027
0.066371974930884356
0.073987142544841955
-0.082639346024129243
-0.68105995620146043
0.72754936227555667
0.7312467014725047
-0.66139830704659819
-0.16682488130214773
0.46908602491507173
-0.64040277886522801
0.60814684250686579
0.97702537823042124
0.04474341896820537
-0.20837331103751711
0.3154570761770869
0.036328338062470156
-0.94824421165827455
0.11910375619014076
-0.63301103806730397
0.76492569635641983
-0.17226430561200465
0.82304855868420601
0.54121721984787685
-0.13155733641713394
-0.92544715967664581
-0.35530300010168486
-0.96850541388977129
0.23433302950350618
-0.084174191709287471
0.36380862094180794
0.90394369145582976
0.22478676563718691
0.44492959661950526
-0.89441088863922913
0.045462251765489139
0.98588712307100457
-0.14274797171374046
-0.087461975362960145
0.75148466348437759
0.1096308659882958
0.65057810735562582
0.54762660572352839
-0.63147029830075485
-0.54895388063814876
-0.32398607801132784
0.94521753976489509
-0.03996027747196839
-0.24011139264267367
-0.13946838756091315
0.96067428819259792
-0.46709152161767475
-0.71480034704677886
-0.52046707320894936
-0.63697301202015211
-0.27276801523406802
0.72101525075634998
0.67302608849100953
-0.086546342724122066
0.73453768778162132
-0.75400608754312037
0.54271798899329948
-0.37004324662258736
-0.75349202432471241
-0.62781743303010917
-0.19517950728119854
-0.62758342645547416
0.76110831344213004
0.16386939326086095
0.84234083103680557
-0.080054523169908395
-0.53296641328348482
-0.71360494521539153
0.62999760726294352
0.30638374142095753
-0.79330124830010518
0.27422952121899857
0.54357271743299773
-0.47060427847838338
-0.83075240608536083
-0.2972911920343822
0.83731973947135219
0.48563646951367956
-0.2511033121444563
-0.95378341903938213
0.069848618403689777
0.29226419567343892
-0.74131443690416798
0.27054870073179704
-0.61421193912996574
0.8119726783124025
-0.31626529070437392
0.49058805078177525
-0.050262284605049383
0.72023523515228394
0.6919067197183556
-0.26229413689375047
-0.89685939992070374
0.35615306053021334
-0.40506826520454381
0.89457715198395205
0.18881583533290441
-0.38778995770235786
0.74941992577469851
0.53664580829169717
0.024691069204113899
-0.99898164689825808
0.03776268345869549
-0.45695040120321007
0.57849985464685427
0.67567318210344407
0.3341870247443246
-0.90805027104766034
0.25251482677816539
0.87832899353384108
0.093189031536804856
0.46888589605474623
0.5242089785674201
0.63203483036820407
0.57073366817696791
-0.85225466031729391
-0.52286569024277962
-0.016536744975836529
0.90340108187855028
-0.31747306344065679
0.28823139879317367
-0.89095289187329108
0.39341935335233313
-0.22676895041087852
-0.30770461815287453
-0.84000008542102156
-0.44689789041801292
0.49494061088102026
0.47296467528008529
0.72892949428454734
0.81674781350800285
-0.49189512205753849
-0.30159939990970797
0.23065730025675904
-0.51212696869498286
-0.82735915887451894
-0.92951047751688265
-0.34243196008162657
0.13693292117307659
-0.47586405904900719
-0.41416770397179031
0.77589851803708099
0.24511350970309032
0.87373488369223729
0.42012702886192105
-0.097693478094497493
0.54272465435177297
0.83420976612393394
0.53654476125072181
0.82229382186639521
-0.18961168132465595
0.58425953066997127
0.13347329637257499
0.80051588365050175
-0.26502301526536542
0.59020293234131316
-0.76251118026909548
0.53064729334493421
-0.80904390805206106
0.25270814175555045
-0.89455409306457279
0.27470917151132984
0.35257317775034769
0.67591502951869098
0.4850354196461325
0.55486891655547532
0.87085774794829296
0.46372735685289712
0.16298380700135034
-0.8936067283476864
-0.13408468624983669
0.42835535711022354
-0.28216040886475102
-0.70034230190955515
0.6556722991138958
0.53799967274326943
0.01074388211838666
-0.84287657526185955
-0.4728551078431969
-0.59921689192259242
0.64602411984478336
0.92129426334310405
0.27924844515278796
-0.27062369853883383
-0.72946895849703819
0.079305817947935939
0.67940093157785342
-0.60610105608337905
-0.55225153890773082
-0.57241571221329657
-0.35176971122481171
0.24167503498927895
0.90435128557864253
-0.034963163995607741
-0.067785735038103076
0.99708709313116695
0.62215620361915569
-0.78171932401982136
0.042855066820543387
-0.28593976861895026
-0.53695483488675488
0.79367370752336186
0.92643261578334835
-0.31065139478299703
-0.21264599533544323
-0.45173648273056122
-0.2101438329406902
0.8670488565514729
-0.081162949579386426
-0.83630395610930475
-0.54222529322367485
0.27222235529716182
0.6992865942938371
-0.66097900747103322
0.79314980762130527
0.48656556453985472
0.36628859397242902
-0.7836605461977425
0.61611376084048486
0.079246337682252435
-0.86551042449723792
0.071089570690353515
0.49582050988807636
0.3791426034142773
-0.91003486179586435
-0.16759306844982008
0.35415925268155263
-0.75298863891850631
-0.55459835322483553
-0.53888491683681938
0.14354738975682158
0.83005854811559976
-0.5586568909126759
-0.028284245260878076
-0.82891644917072616
0.70406019863290614
-0.66720550382133637
0.24317905413811741
0.47332831628901784
0.79212399298217584
0.38535682781154551
0.51624669553999736
-0.26290840689201012
0.8150880436673934
-0.77216811360521498
0.46534044613328646
0.43268310982038344
0.56711336601540263
-0.80591464652284872
-0.16995297174992766
0.90472882579093206
0.1034148674753622
-0.4132446212209116
-0.36559703373927277
0.40602390103776753
-0.8375460588571344
0.34907735148191826
0.75169102244846631
0.5595584057564934
0.43450511573879069
0.20831399525686325
-0.87624801499172789
-0.29013468228437561
-0.93316683672455092
-0.21218275371301895
0.50231716618072231
-0.055154049747684418
0.86292264737727142
-0.74179022948384299
0.011583959685228512
-0.67053192863600353
0.58426123317285439
0.55598503507836949
-0.59120170177380216
0.64200303705262263
0.31496969942206537
0.69901801755118076
-0.67262600655141103
0.47651129493623334
-0.56613712217880152
-0.48461614636037442
0.38272435380046033
0.78655531254632072
0.29188556996871068
-0.88212513036735518
-0.36967292086169534
0.17030822774936052
-0.97176301549112432
-0.16331487771929723
-0.15151360875536948
0.42248480479139955
-0.89361636963648883
-0.11902339132800242
0.98897318175389215
-0.088121950093972209
-0.89868681910284132
0.43858347772058348
-0.0025562162145128086
0.41462135517903176
-0.15673289938131352
-0.89639496321712475
0.10249682227910469
0.98760604357238291
-0.11886422557687482
-0.40040217130676714
0.0038531931149079399
0.91633141063462709
0.60091377032049742
-0.67115361977479304
0.43411456932749548
-0.6726648181655881
0.7359862503487945
-0.076460981551233306
-0.081168973004092371
0.9416490823159116
0.32666282860935131
-0.47473744705338611
0.55944759150600809
-0.67944296944140958
-0.2497766484393113
0.22113442014193505
-0.94271479999144747
-0.5898801649106612
0.64131110331986352
0.49067449475556618
0.32493945683314274
0.60900580602408927
0.72355115757072175
0.44740583824694208
-0.3866736173272492
-0.80641895412100206
-0.51557369582441115
0.85678873997882499
0.0098396757799669356
0.52941479042766648
0.37549387055612771
-0.76073933305121544
-0.55679722244109986
-0.39616232287368708
-0.73009058822669448
-0.49037846066320007
-0.81692662098534075
0.30357842684068259
-0.018761925849099675
-0.91664332277502114
0.39926558698490577
-0.36007950121371191
0.72263956867220214
-0.59002949637703528
0.849722152522566
-0.30149863775123398
-0.43251686088124613
0.48699182650073447
-0.78965731468380673
-0.37320274153312177
0.14005603295501209
-0.82497701529958223
-0.54753742507731573
0.26973492204468197
-0.73675006960518641
0.62003419806193127
-0.1503007795263821
-0.38556511892542761
-0.91035664151022855
0.90860969637712508
0.41408233717423887
-0.054444813249644369
0.062267178592561409
0.7413713726671739
-0.66820003461516853
-0.63636626765560955
0.71330658033596572
-0.29365233838585308
0.45910678996763066
0.88819160251695151
0.018347550898898127
0.44290666231310583
0.71928215451624655
-0.5352259996236457
0.31292912929162403
0.39687926365398912
-0.86288018294677138
0.010225557052721979
0.99557774071997773
0.093383082867649611
0.061914578889734111
-0.35182803092242049
-0.9340147865950299
0.11941466299606157
-0.96406207630262775
0.23732772972538063
-0.43089912145533649
0.80771968943985084
-0.40238644413077579
0.0753502858105419
0.41108974555684924
-0.90847540171777608
-0.35489695485703615
-0.9218055284683534
0.15595742726264225
-0.82188899756179412
-0.53201250669783839
0.20362015716512852
-0.60382600975328704
-0.066924961102470815
0.79430170560490165
0.94653862778260589
-0.32002692322385856
0.040588108200453561
-0.56192310450795702
0.37282633129615828
-0.73840568206940749
0.65960318405994867
-0.49673038349399995
0.56407673741422926
-0.77380207146772717
-0.11954578971776215
0.62204433793179958
-0.5631912102157165
-0.82059565646244603
0.09715157914683592
-0.93410254489879874
0.18144599894012725
-0.30745696460188865
0.69694103182836997
0.36577080807993634
-0.61683459218055958
-0.21512286562414595
0.86132795023693431
-0.46025679226524924
0.16862398188052682
0.93254264575272583
-0.31926504128586003
0.81255981067731642
-0.10701165718185025
0.57297038256723021
0.41058457483378591
0.55017778410439033
-0.7271345905584069
-0.73068841943981
-0.35807444946755868
-0.58127198653905299
0.17653978796309153
-0.13797118214786785
-0.97457562875472448
0.20340030192619851
0.22676576666938844
-0.95247341392984608
0.8581675928353717
-0.48536743321687997
0.16723288366706263
-0.069806330796530106
-0.29923484028423863
0.95162260720350245
0.27697772049565295
0.43833010806547351
0.855073130622371
0.65075743851006362
0.75921539994642229
-0.010331152308165163
-0.95313826111085209
-0.19140981147254829
-0.23428559340818308
-0.078731814720172225
-0.50235103368507328
0.86107185548385379
0.31813421741552073
-0.55733208239216403
0.76692344444920213
-0.19971954861988034
0.092214498026478658
0.97550427382600224
