-0.2245321426726633
-0.10776391104079686
-0.96848967799559649
0.93460610048757964
0.12030987056740367
-0.33471924350932514
0.79174854522802363
0.59720399792396905
0.12838078513911649
-0.70686824579636676
0.29751555181735856
-0.64173341779245063
-0.70371992112603765
-0.31401370005078189
0.63731755725915851
0.34837940614572466
0.63482559585617571
0.68965806905988114
0.23844462341403724
0.96841082404182011
0.072970113358696118
0.36899504494259094
-0.92765482023699208
-0.057438587194405567
0.40573747183037329
-0.0044623107486939434
0.91397876984943105
-0.69063000565604871
-0.42286486209638691
-0.58669881855320771
-0.24734956913945863
0.90303382452913916
-0.35120948506952371
0.87843775566191873
0.056053138334941056
0.47455785222715979
-0.76391020887064232
0.64264726232740299
-0.058699991535823517
0.66837887253330741
-0.50160117001110727
-0.54924124844606592
0.51663024811865066
0.67976228386244397
-0.52059237812992953
-0.060682417942787864
0.52886138978334896
-0.84653604444763086
-0.78862114110818149
0.31886865297431694
0.52573708062830649
0.88415254229896934
-0.45991074679365723
0.082197244053373447
-0.24028530264741943
0.28907363658225738
0.92666035091868859
-0.12052791387680628
-0.41663604885530386
0.90104795919570568
0.072631257260605403
-0.64507176011448231
-0.760662293512402
0.47976684886046961
-0.64265189864019867
0.59734605373153948
-0.75845711559771267
-0.64635599787469866
0.083466926447548481
-0.17437866668084867
-0.89172490010881378
0.41763474847351434
-0.99748073136574
-0.027480817668623075
-0.065398740158601879
0.46738474063002422
0.056063104672194101
-0.88227457887027405
-0.30611915290735098
0.83482636090997819
0.4575543807604609
-0.27173092144911132
-0.91926255175315219
-0.28481339026229113
