0.14273441146549803
0.98070938623095827
0.13355144155753279
0.31168961381050986
0.95015651540303869
-0.0072236334216360838
-0.65202934433735105
0.3943031888648672
0.64759766010540887
0.52629350186037183
-0.40178285303817757
-0.74939021137458761
-0.45747446623249999
0.88841541494847676
-0.037883548239508361
0.32527115553263819
-0.82595728080199016
-0.46042724253528344
-0.51678951094226067
0.82157687993023543
-0.24070735706280083
-0.11045342821957402
0.59090112265320349
0.79914698487933189
0.49623466089781626
0.70667786397876609
0.50433873327956658
-0.82612790284423476
-0.2531630074877762
-0.50340955471855209
0.52335830009252293
0.19417069602716469
-0.8296950226008295
-0.46894895269334563
-0.52897032589827608
0.70730281639965631
-0.12962306141682048
0.13400109139848662
0.98246708313965703
-0.32592737875593975
-0.21588173360644933
0.92041643883209534
-0.68773708473628437
-0.63416711637116063
0.35334087053711116
-0.081086975969962519
0.97042350671150612
0.22738320067628148
0.87287846464225627
0.2037508188986327
0.44336078960809538
-0.81772945827738619
0.51347088574378175
-0.26012724301554563
-0.3607145675796099
0.91823486737349591
0.16349229056880105
-0.48608454086581698
0.15039226550497731
-0.86087396615738621
-0.90261153577348685
0.31652146351615856
0.29173031831164969
0.44236078495391035
-0.20330496363968686
-0.87348956931060473
-0.13109258828191483
-0.51373161150775459
0.84787650317436802
-0.071664997706481132
-0.91869427094013245
-0.38841339400889419
-0.087749808355018971
-0.91051799787867771
0.40405067339711459
0.24877268942549932
0.56485468738935074
0.78679815145327003
0.59865011469094109
0.75226918308988788
-0.27515289632092832
0.7722725783704093
-0.15561556200261967
0.61593738444725776
-0.56341943973741115
0.70233927293789356
-0.43506100792308716
0.3231048140915872
0.91645598331668632
0.23603328103021093
0.97649428692352258
-0.16107865552955872
-0.1432221153960207
-0.99951842545887448
0.017239288127600907
0.025801630046685928
0.68284309619604044
-0.70683687365750747
-0.18468064331565967
0.9051757156115765
-0.30400975219866122
-0.29704375845181297
-0.78772041086684108
-0.58260279293937767
-0.20017627222778359
0.11042837096294508
-0.99330137513992078
0.034028708932496383
-0.93717434597737626
-0.33572828767051427
0.094819629295316496
0.72136328308137254
-0.32881612224497242
-0.609520279870853
0.59040370225858441
0.36341022907337783
0.72066391179536082
-0.12073815004078656
-0.09709488801116066
0.98792453246532375
0.63448992533820225
0.33684347880948551
-0.69567162183593945
-0.54095113931793692
0.3421688817352207
-0.76830483614428369
0.85248491214566013
-0.19902066795453463
-0.48338416222600528
-0.1846765825646145
-0.086180572423525517
-0.97901351818501903
-0.29572127665468528
0.47728368214850903
0.82749574819964122
-0.12536687912185102
-0.80960719831501893
-0.57342770255347186
-0.098812017404415475
0.97750923863943406
-0.18631122776425277
0.96940557383704173
-0.23941380547570656
0.05416514710878368
-0.96760456551668395
0.086498381185251161
0.23719071407540451
-0.73409313242373742
0.66287567597599251
0.14731975810350739
0.40931643480384228
-0.57384445048270272
-0.70933955398643656
-0.88975810486517348
0.1439550843511915
0.43313675498181431
0.67438592770394068
-0.62161823624088663
-0.39849013649984444
0.24460063635529108
-0.18191368292223792
-0.95240639469727117
0.23660964425474196
0.41751326738806122
-0.87732465359215217
0.6577802181559208
-0.75121928459492515
0.054724501417903491
0.26220489567496519
-0.72022652518338026
-0.64227902433938666
0.11672464011231522
0.82385384234178105
0.55465322936888628
-0.10016994406171408
0.7619492533052864
0.63984319774003195
0.8104319436614621
0.53241805077622084
0.24439943514818976
0.48483283460880588
-0.86374587275749248
0.137405202883981
-0.91151901513304279
0.40716347336486058
-0.057887744889140703
-0.15742763116236341
0.90954179427152415
-0.384643036359614
0.61707152128182874
-0.52430350441219697
-0.58679517114919988
-0.8092248846349821
-0.25035770196047025
0.5314848136650494
0.98682430395978815
0.064024707371583958
-0.14858879486779075
-0.49193773854417233
-0.76736158018594747
-0.41128270891270285
0.86587166178168529
0.47488527844988943
-0.15732208247729826
0.094007838317106893
-0.83280529043039786
-0.5455253198212574
0.8025598151771125
0.2615330901728547
-0.53618857299229739
0.96083587670738635
-0.098623949396728555
0.25897438992560556
-0.81825287461329466
0.1525865512321308
-0.55423783484183409
0.44652737699105211
0.22171935343100152
0.86686436650241283
0.032546094465874864
-0.14076737783447177
-0.98950760334250354
-0.98073969135746475
-0.18532079959848369
-0.061691644752295924
0.50736430412765554
0.80279413668524635
0.31321404342853126
-0.045386788950665453
0.70266407042189227
-0.7100727029867332
0.78913884037995063
-0.43182370895933647
-0.4367930573903267
-0.091577775923153346
-0.3149152318335135
-0.94469143518728538
0.46563126857429021
0.0097760478983765463
0.88492482766243252
-0.33776703077215026
0.33065364348437826
-0.88123867423863722
-0.59762071564292796
-0.78235825275205495
0.1753996709950916
0.077243549912270851
-0.39356906460103741
0.91604411759806348
-0.0063433031135529594
-0.52716632271968122
-0.84973844840387114
0.18007103856629017
0.033452146909275157
-0.98308462246991624
-0.97424134282975117
-0.13672500119922287
0.17933231713318099
-0.012663289236699902
-0.98304438688188467
-0.18292997164414354
-0.06796775136334271
0.88747032780595736
0.45582540740792127
-0.85360526151298477
-0.52091162321552698
0.0030229648217845392
-0.56921399830038388
0.53770240969699179
-0.62198998604876199
-0.24408180665722171
0.96975056593966502
0.0028127421932884773
0.63077030112816634
-0.29929963426979023
0.71592496544027018
-0.86823782678053218
0.47639682044891368
0.13859706206692826
-0.40033369457500162
0.50758482875916344
-0.76294860547841636
-0.69996906038679541
-0.71298056938932153
-0.041255571435936292
0.77881526278470681
0.066668849654773543
0.62370028935322541
0.57952167470952165
0.65957011732489212
-0.47866678271413327
0.27139448627901674
-0.51181106944832844
0.81510395779158562
-0.20858251108331424
0.7984704057206472
-0.56474626803413563
-0.63097739951017173
0.69616287437858149
0.34238103575451223
0.25987217851722139
-0.94612106413958241
0.19318742926002658
-0.42709319566855314
-0.87746711819497303
-0.21827244145844957
-0.70992577655008648
0.53966935940862615
-0.45250676713750904
0.39298312863066026
-0.62943209322604188
0.67035774078378585
-0.41426508496484982
-0.88968694719962649
0.19194159362075416
-0.12837976128274187
-0.31160069129636309
0.94150074141054985
0.74272683941391904
0.56803953355503278
-0.35452493612268121
-0.41210039616298888
-0.055157209248272346
-0.90946739674946575
0.95967177787233571
0.1147187122924988
0.25665092208153323
0.64734709531015999
0.51205305388617062
0.56457365170484652
0.89127540557865015
-0.015691953607437997
0.45319081411983053
0.75658187633233054
-0.085066252984797794
-0.64834219129143256
-0.12392862579699884
0.37367943380741775
0.91924173994517633
0.34982520398383116
-0.93676004746856345
-0.010145941275499597
-0.76733047904791007
-0.45249432204754803
0.45437080060104496
-0.30290964051906261
-0.25204822275782729
-0.91908511199193788
0.3303910051482663
-0.39374562907084504
-0.85779144511047833
-0.71854435525204863
-0.4470056268131668
-0.53280388430714876
0.94816393923424669
0.27946400868008903
-0.15127793027487824
0.46538900134518923
0.8731526706805226
-0.14497410496498464
0.48306341799720531
-0.6919814618957808
-0.53648055937325001
0.29733110045326477
0.71826533725069652
0.62903825162496585
-0.51120717791911507
-0.32116756008761876
0.79719421698312631
0.81328454801296635
-0.46366657132661926
0.35154168258908075
0.91815839899059792
-0.3077704697548227
0.24952453248111292
0.15022937797824981
-0.92068047527603469
-0.36024796520974695
-0.65350294099172035
0.55775326747036391
0.51170811869786148
-0.2462374244967204
0.90942451711170658
0.33513307573762607
0.081641501444331702
0.68149333275611967
0.7272561465198295
0.81517199595515033
-0.52637642621609781
-0.24170741596911213
-0.13434324027833866
0.28140233948915649
-0.95013926196192222
0.062817723416365073
0.48110411153863442
0.87440995390343434
0.97772814526169938
0.20272116766657522
0.054330489994270176
0.099677353585352485
0.58991875217842682
-0.8012866472183775
0.90927797306011704
0.41290314354572688
0.052197334776233055
-0.20619209691547272
-0.95559826064247522
0.21051551825619924
-0.65330265467068238
-0.40884710586012352
0.6372124335180851
0.6374971759460194
-0.073613068780837621
0.76692794105151596
-0.51207890029761538
-0.76973339982262379
0.38116360406981364
0.42728336227754282
0.8186950189291895
-0.38362402727323036
-0.67417979462543776
0.16100301662876523
-0.72080485095151792
0.37439322868788127
-0.89197331148773029
-0.2534034765078732
0.22674447226961467
0.85416616234971998
-0.46796058743437541
-0.040176111419489118
0.99887346707325464
0.025252264220550321
-0.56235737761480564
0.81226819070967504
0.15483722486349968
-0.31382738551229589
-0.86461095698231527
0.39237770727787508
0.62866534834874011
0.14669160407252277
0.76371555770469113
-0.28495162320769007
0.80309599147185873
0.52329666625455828
0.59338825568711373
-0.75059235675221203
0.29069140337781629
-0.69352128472756369
-0.24525865747435643
-0.67740417666538333
-0.29978080427083736
0.65819192957585493
0.69059022092116451
0.40701637901128795
0.42396206681874066
0.80906973315983166
0.1245105197422251
0.98525961088239777
-0.11730571016530715
0.71242173831503774
0.13024662038034276
-0.68955861582296163
0.26460264177085807
0.1282429383866279
0.95579244123494023
-0.46799654339264485
0.35143185638636437
0.81084825071610667
-0.21275325442399276
-0.47711966214501694
-0.85269741451855285
0.75328563894581591
-0.62387280715378157
0.20819093796814098
0.8568874933420646
0.045959653153981844
-0.51345061499224898
-0.82469289225115239
0.34761441184753733
-0.44614555264657746
-0.66526048687735628
0.0046844519262702932
0.74659663842656931
0.67175554135994198
-0.59799788650525609
0.43719906265619812
0.32254955368299953
0.21757403202905032
-0.92120753688054446
0.042887894441982245
-0.70027049816251641
-0.71258814045250174
0.74641596467210125
0.28599114161295203
0.60089289777924415
-0.28609645682760121
-0.87067373814358662
-0.40009506257609068
0.38793734444807981
0.7170499706605753
-0.57908890194704998
-0.61483696480120054
-0.75398191697899086
-0.23127208128681145
0.054090144767468852
0.25133248053956986
0.96638824520213462
-0.92368427483015048
0.13605534349409978
-0.35818473437348203
0.073479659506628936
0.027967963954190864
0.9969044751785634
0.87804602879854754
-0.46537014358491302
0.11165035051829283
-0.31507899489020441
0.92497035502224711
-0.21249722188536174
0.66687837041670683
0.72199641294164607
0.1843757542893148
-0.30513793233037245
0.24786388058389386
0.91948591014492331
-0.17245621807810835
-0.66060349369067006
-0.7306585228202549
-0.7979180005973765
0.36371724623781071
0.48066269785772708
0.17579236843464038
0.73901251328387807
-0.65035186507765619
-0.69999350099145008
0.35861560796641595
-0.61757909962417812
0.19888921533127538
-0.96720596376224621
-0.15797374366537725
0.85470181434608639
0.3766359875044929
-0.35725360945695672
0.70555996186262382
0.46348037635342182
-0.53607003362592776
0.28155755163715895
-0.092784271907639285
0.95504786477048254
-0.52505682035804746
-0.85073634764126349
-0.023727667342162417
-0.78375342046685526
0.52553534545979985
0.33097307530817904
-0.96346135231564245
0.2517268635715077
0.091519444658307886
0.11961331744315792
0.92975200436285943
0.34821525623310612
0.86445497201705868
-0.2373542916375104
0.44314844194269942
-0.61292890039328718
-0.032450466077562905
-0.78947142463424513
-0.045504585878366935
0.079709447051593815
-0.99577895976705966
-0.77323767639785368
0.18130385924980083
0.60764496741105023
-0.68376933948178686
-0.61579528672802453
-0.39147880559257742
-0.32647966924977945
-0.94519576728681409
-0.0039983833789769413
0.48780746944210845
0.86730357046204554
0.099138233897292344
0.53023755269865935
-0.84174361208264847
-0.10156687071182335
-0.89931077329158504
-0.2848584681449427
0.33180685069450894
0.2038108258426089
-0.562603380550034
-0.80121069854503768
0.0088393071138823092
0.8443374703830141
-0.53573883820100199
-0.41469801996746697
0.6913062879186026
-0.59171037553795225
-0.33817909684750391
-0.74612641429235527
-0.57352443047409862
-0.84623631727211412
-0.47221249568627099
0.24677814783216387
-0.8931316538252615
-0.054605876536728624
-0.44646841678108523
0.1836152104564473
-0.70557985848452986
0.68442860678816286
0.62054336938219068
-0.21087205357059255
-0.75528729880669843
0.32062337219775705
0.58436072189778099
-0.745468443264799
0.9983486052773024
-0.017712798020323689
0.054647224331673495
0.047342332410413093
-0.82885814634166322
0.55745212960845703
0.39307581754035975
-0.85354871509079067
0.34197367242499582
0.63023790675631874
0.77586133594912055
-0.028971853007008646
-0.68701640922809848
0.68192061635657697
-0.25098351826204857
-0.4759016535367025
0.11065446796002081
0.87250971621037954
0.91390426606948749
-0.3943562520473099
-0.096240006915990467
0.06651854198359354
0.93932487823426114
-0.33651754293434288
0.73978346327927624
-0.38987296839836777
0.54837897112377054
-0.065457637383508877
-0.70621801791826033
0.70496199108588309
-0.79764989553420163
0.6006725044879172
-0.05428799597047642
-0.91221960806800095
0.32170896462111725
-0.25369022200051627
0.79817507431179779
-0.60163495838849224
-0.030853323844172234
-0.81177747901557984
-0.036167566136261181
0.58284580441390244
0.28919035130500448
-0.79968533082539683
0.52618657563146165
-0.9278766439310252
-0.2229109167490689
-0.29892416570325514
-0.38290225560081331
-0.58929528041632817
-0.71141895893689144
-0.45069497017135335
0.81938029860805839
0.35424563528039715
-0.97613048212841524
-0.026655621763743389
-0.21554294163376367
-0.32436128719393992
-0.42458813630309933
0.84528969583247093
0.9400402533181258
-0.062843712446531114
-0.3352237908435669
0.014185742873869566
0.43127164469869228
-0.90211059919391323
-0.22296357532036831
-0.95410649065333708
-0.19992010547599257
-0.11207214692439141
-0.99357109201380145
0.016009965592084861
0.23557924848512754
0.34526938405170499
0.90845554108043103
-0.75429492073206816
-0.63897096571685197
0.15084852511269917
-0.48043182532694834
0.69460813937983656
0.53544821777675022
-0.40342545137580871
-0.71835470346981056
0.56675781881243192
0.44180522538531519
0.39679212380048867
-0.80458943151903795
0.15742406109776436
-0.90954134623152805
0.38464555695188618
-0.91604732800153532
-0.075777910338052812
0.39384641824706973
0.28167210440312324
0.92546362933718829
-0.25333356740699692
-0.8342667121951306
-0.42682432964371519
-0.34902728338529709
-0.41026454199110335
-0.40516742308203163
-0.81702041887452004
0.49511958603834555
-0.71372036356734658
0.49543903575567361
0.28416080389254816
-0.30901864848468685
0.90761231394237851
0.068813660218987827
-0.5794874670660225
0.81207078243258513
-0.27969319831944389
0.11772236932651635
-0.95284477149953006
0.79556062604844557
0.60419054737732703
0.045133942230779947
-0.31059852169519914
0.003510614135769476
0.95053470947101493
-0.37297423675807606
0.83123004988866434
-0.41224607078396674
0.58522302237726032
-0.008316719615273558
-0.81082972704166778
0.58048777580808275
-0.5223699779620895
0.62463072952046705
-0.7721840808518371
-0.047344530943012046
-0.63363257544794016
-0.97800025456109296
0.17294358513084365
-0.11664483889366056
0.10421940789495997
0.2411052490609123
-0.96488681921420161
0.67073381724924586
0.63349423914681524
0.38574757985767433
0.90952086757020334
0.32896937022492501
0.25406877987694748
-0.59006157423574046
-0.60077353054982696
0.53935007518413836
-0.57792924876069007
-0.43545945797740204
-0.69019768464182163
-0.67926169617724452
-0.20300286688988592
0.7052612169550373
0.52571823193052614
0.5410184508645729
-0.65644449608473321
0.31466835942939442
0.83999001139420271
0.44204140567596251
0.74415206142489321
0.6493099197423513
-0.1569532975163731
-0.54701982264339089
-0.61838859200438789
-0.56423830330280123
-0.91387453633022675
-0.37931309723308415
-0.14475809516105759
-0.27520897776441544
-0.63172388278900682
0.72469645678162853
-0.17329635709237473
0.49929613071234258
-0.84892387554726922
0.53224159736659094
-0.77646999320234766
-0.33736216694971261
0.017871136065925865
-0.97440738124729953
0.22407783885626206
0.79671539247224477
0.42310908641532513
0.43153595955677432
-0.48549829105180226
0.53723799727755228
0.68968597467759507
-0.50740412654732969
-0.1093023414131402
0.85474794560990131
-0.19681326954649533
-0.80033169993255349
0.56633356514821509
0.39111115741914443
0.0081006166959408637
-0.92030779772389337
0.083077985478938104
-0.19031335145887579
0.97820185881302224
-0.64418426841345622
0.76342488114181473
-0.047000842356562107
0.47279815127982744
-0.2080078898375595
0.85626784706171433
0.46092737313328136
-0.420759371598105
0.78134979868738719
0.12210464594733089
-0.36311775855987882
-0.92370771830516085
-0.24480813356490977
0.64763175668523543
-0.72155532391720423
-0.62086589929868574
0.21274712814004565
0.7544959871041047
0.46634742198415435
0.57645992272183511
0.67097990991107115
-0.5270499594200605
-0.22572212946623393
-0.81930938023712463
0.92359857738995443
0.16774876838131184
-0.34471150046061044
