-0.53326888464161504
0.68889947453281652
0.49096009070136964
-0.85749590878868465
-0.4494851978331359
0.25032743225538506
0.99401297752486639
0.079716616332439608
0.074722564146688847
0.054669415084958151
0.94932569344322659
0.30950279937797859
0.9817734085551032
0.12669191975088248
-0.14166909233820379
0.4716335396167804
-0.52092602828170531
0.71147584454231116
0.72591510918276969
0.43554560199983777
0.53230375053982704
0.83225693616657992
-0.45638050569906458
0.31474628865243753
0.927627460946573
-0.33111429782471219
0.17283117622079056
0.46246971168577639
-0.88645940154477754
-0.01764922621958142
-0.23863720639650787
0.95388676744139012
-0.18207778179526887
0.93278182425120604
-0.27011710004118805
-0.23865209115348426
-0.51635880947583523
0.38439390208991037
-0.76525479933992613
0.39326718088084339
0.72569718342136347
-0.56453921247007621
0.5749667518193039
-0.50751639281861161
-0.64174788299046515
-0.0052433884415495555
-0.33422215816799766
0.94247973764276605
-0.75688508771618879
-0.15173421025074277
-0.63568993497808401
-0.83070589865867406
0.51173552055602123
-0.21921329096325917
-0.56677790463201627
-0.53680150818752004
-0.6249855579359771
-0.68458735808940163
0.71654828594005215
0.13378603462449432
0.54804106661967178
0.55564864491758881
-0.62522441786899197
-0.23235841381746433
-0.13798994027481973
-0.96279195255838301
-0.47160597974844776
0.58342151709999368
-0.6612164042507177
-0.085131426566116095
-0.9961765323518551
0.0196203109621466
0.62518218481768051
0.73047979133430818
0.27485725429534735
0.12880482389723627
0.60440220950386092
-0.7861979944566464
-0.51437132865973612
0.55459626758714853
0.6540987052664311
-0.64572496203854679
-0.002275096119892339
-0.76356669475427141
-0.76347681637072351
-0.63092179315671204
-0.13798855671519816
-0.37883202331800969
-0.6238406912784904
-0.68360009509504771
-0.12950594983635536
-0.66251297590013403
0.7377701306782023
0.21452620902316624
-0.18338033205286794
-0.95934882053314097
-0.47678406793276623
-0.41819333469841652
-0.77316963687104368
-0.18196341073149394
0.21245546182385544
-0.9600791602238713
-0.29133685556794237
-0.95593301716044465
0.036261595253281889
-0.91637395630264251
-0.2445021887919292
0.31698178478612676
0.56756852381130307
-0.30244120701452648
0.76576451150353952
0.85496752051368563
0.33183995618382961
0.3986386613796945
0.67125728388922268
0.69202415795449057
-0.26554891005809433
-0.53862618500536907
0.78854506493725562
0.29678024427117999
0.2838911495350267
-0.3790161095286112
-0.88076818966937998
-0.029630786146029753
-0.92292857744867107
-0.38382920347589561
0.92101072079363133
0.16703791738267054
-0.35190564976944572
0.53805519444566852
0.055792833527750323
-0.84106109614996383
-0.83086443006292732
-0.55362539597900917
0.056242508685976071
-0.26996513801613442
-0.49460599250472614
-0.82612573887656138
0.53341147895025687
-0.64640842850405911
0.54555324000780403
0.85542557334075597
-0.51146944617111401
0.081523580073823015
-0.46467613624573284
-0.082489762982945761
-0.88163003998658906
0.10458252039190473
-0.71036831759409858
0.69601677407014184
0.12387606161573529
-0.83833329998495631
-0.53089735306828179
0.55101901547960275
0.82305876017366009
-0.13766743217365066
-0.3169687585899103
-0.77904001076437346
-0.54095052241976438
0.75356133202851172
0.021316015082534438
0.65703192188235127
0.045953760248730997
0.097845161050086699
0.99414011908688438
-0.12934484837444504
0.63618076659648981
0.76062076122841549
0.72608752662768583
0.53102259323188516
-0.43682022521052449
0.25612959153861392
0.95174190409598325
0.16907093282411123
0.47789490261044265
-0.35630332932958103
-0.80290995732249559
-0.98180492058441871
-0.12205703400838812
0.14546882265729183
-0.97499159991257489
-0.20732226287818034
-0.080055352194517218
-0.80568053540119855
-0.35564054716685578
0.47370737389922235
0.0476705637745704
0.3218550642235069
0.94558808948880968
0.72202037388327833
0.047844848955494929
-0.69021550991402447
-0.0028843376025463737
-0.18149966275191923
-0.98338677691818399
0.77358071413559359
-0.15019507189736134
-0.61564138838711246
0.38324556172808871
-0.36974456715632642
0.84641112615212133
-0.50871357558495667
0.14999649142097277
-0.84776857135480466
-0.15226281920983101
0.96460698196532646
0.21528911776961351
-0.32748834563183743
-0.5661705196185064
0.7564405635542244
0.23348044181025826
0.41704755494670626
0.8783838683656825
0.26572840100289852
-0.5760788598144817
0.77299519026659502
0.60521750978230215
0.79290453501035829
0.070810763397358076
0.74704443983338842
-0.66410829301088181
-0.029745252868173533
-0.4915729751281902
-0.87003039106006408
0.037458360288346329
0.28691720452992769
0.42755532928836137
-0.85724848097961215
-0.63874136955227268
-0.5035076043213097
0.58179855208921105
0.0016043714579218012
0.98858687995252392
-0.15064330976833637
-0.67308421427868881
-0.73892985863965643
0.030664384872641979
-0.83388911800132093
0.063749217513274864
0.54823806521020058
0.23948944674050185
0.78568046551078263
0.57039548649571914
0.76911877242173299
0.62338225926456592
0.14089312524992781
-0.09444294325786122
0.93262105401152817
-0.34827934202765859
-0.52358605492854571
0.84816280952782153
0.080482865370427634
0.60087725444344287
-0.082865467417840025
0.79503448944189403
0.87491361908339815
-0.21431387397250187
-0.4342760902528357
0.73139758738083049
-0.63327596814759501
-0.25301999395349473
0.75807780112661283
0.2333160799781108
0.60900053716124702
0.8836226969208828
0.42681300918842946
0.1924619044740635
-0.37709944186402738
-0.12675946328618429
0.9174573828866589
-0.15804906672108465
0.89677933109535957
0.41328842692332146
0.61601844419309015
-0.78144591971281685
0.099315411584075558
-0.92937492408970956
0.33389613077048752
-0.15740274562327111
0.20202072426373818
-0.91934527497111218
-0.33762685372500362
0.63092538223366601
0.237644822477795
-0.73855135258342031
-0.40996290013046638
-0.80351878182977188
0.43161092173787358
0.84239197181072911
0.35944621637371699
-0.40146504625365681
0.85656300500925153
-0.093266610884168044
0.50754424215402372
-0.93809021294555417
-0.33343062981889171
0.0938656884827576
-0.35508205102075635
0.81372841559833331
0.4601769254218635
-0.092123166151800995
0.59020138699499036
-0.8019823221538972
-0.32687957387364019
0.062513290145678524
-0.94299619974809523
0.60912488149128474
0.13445098349261708
0.78159440363023081
-0.92246487433512736
0.32975500116332818
0.20079889149507557
0.18702903629678461
0.75035470376751423
-0.63402520306046362
0.98345668005718678
-0.12809911372088134
0.12807644402785709
0.91283627102153386
-0.2149504389228194
0.34716890862286059
0.12597258686421814
-0.99202848504746988
0.0032236955747616406
-0.47233412073626951
0.39496664329849385
0.78797324134123703
-0.89245182919220434
0.45088565316383239
0.015226961039975593
-0.38139547259321788
-0.91025333367510453
-0.16117184003030691
-0.10220781235232415
-0.82224640876764132
-0.55987892116320026
-0.83623517431902561
-0.15267793037456939
0.52668793683562487
-0.65830352750613252
-0.67957407800414182
-0.32375227903105636
0.41991637726202968
-0.16619486346185983
-0.89221606321900915
-0.52032635854549547
-0.69550319640972535
-0.49551567521788797
-0.13308158652935323
0.43350441712518067
0.89127056030129681
-0.35828318424810762
0.30544353061047996
-0.88223432799525625
0.048516555856105398
0.86597434413440999
-0.49772942359161343
0.86269665092523984
-0.48776171941466184
-0.13357766862775927
0.80151622749407458
-0.33597870254307882
0.4946615494468275
0.41294505514891672
0.91068095892628464
0.011686422770070027
0.60677535721757525
-0.13083326914702939
-0.7840320921733912
0.4080731287969524
0.48248596210920092
0.77503781709115627
-0.66304632984598855
0.22483782159077983
-0.71401506879062249
-0.7118035649166029
-0.086800711585648879
0.69699449168572369
0.57577640186311474
0.67825170680191571
-0.45656999165281698
-0.82059533009629848
-0.48948864989412272
-0.29499858618131691
-0.58216375563983636
-0.79736844399416407
-0.15902492302040688
0.95306050049588609
-0.047563456168768427
-0.2990207351201799
0.60829968150066027
0.64294041131925272
0.46540211105970031
0.41999989046317088
-0.15660977706779555
0.89390909478408365
-0.64742821192700772
0.34673243464440107
0.67868499995694886
0.56417562564630175
0.52613144445151883
0.63631090402881063
-0.93112849868926562
-0.030690909570426386
0.3633975605289807
0.59116473128883773
-0.73114822929415979
0.34050921761416553
-0.27629402645780926
-0.74881961164694033
0.60243738276824843
-0.88058622671271258
-0.11290734520797789
-0.46023888223612064
0.49525523179616909
0.41224976338160985
-0.76470411792426574
-0.13912573537957931
0.99026055486124032
0.0052974749645352225
0.4316847786510763
0.23819725758151711
-0.87000593007267235
0.9461339260355266
0.21309988600536614
0.24376019484136549
0.43509551174345634
0.062323956244227353
0.89822470470298676
0.045705462951736872
0.86139275839510876
0.50587896422052703
-0.2591223595460585
0.68586024857338668
-0.68003773587216132
0.46552604145096271
0.81560031547433176
-0.34363007745127178
-0.55262954221373584
-0.01628766687385411
0.83326784468167436
0.25599642272206724
0.88962471947637622
0.37819795088033409
0.95076315568175096
-0.30797366463920411
-0.034664732607904564
0.071237228777626505
-0.97536921709662594
0.20875858683273169
-0.14652562043401449
-0.34660834398128615
-0.9264949532722655
-0.35951213282956418
-0.34963066738977161
0.86516439060384398
0.16953712161013415
-0.56260485668393467
-0.80915569554431244
0.95614666862072606
0.29175662123011492
0.025722014965293877
0.33437586855013512
-0.70724021439203788
0.6228997171921391
-0.77564801089440083
0.62966486858494652
-0.043500763964110657
-0.17073014416363605
-0.014700771190710503
0.98520815323476818
-0.31703170879438358
0.509948470398215
-0.79965208256930964
0.99170908133232705
-0.091880370168035255
-0.089839276381640368
-0.6918848607216268
-0.3013533049777789
0.65611090913288805
0.34031846478092259
0.029033439885369147
-0.93986190575934003
-0.99937797758315972
0.0050932090489442805
-0.034895804094152036
-0.14875525106816143
-0.96147142975249422
0.23118080597087348
0.17764135382982915
-0.83136577855516602
0.52656860109283787
-0.68196259902282497
-0.35619152592766468
-0.63879152341852152
0.739123489647315
-0.63854348716188014
0.21437976129924508
-0.71012674803416564
-0.52485225155220128
-0.46930812454826037
0.81830104824463312
0.52591444243046759
-0.23194265171542949
0.13988107560300253
0.94370736572478242
-0.299749382926702
-0.96258476379788582
-0.072655660554558354
-0.26105885829358311
-0.97557586918410555
0.21905245167885234
0.016362972809401011
-0.58736640993997613
-0.68876071068147648
0.42498162771556536
0.027418948876265295
0.22752276915858602
-0.97338666045766697
0.29870666526574335
-0.94707938759975963
0.11753706525808529
0.24440852087260964
0.20479328767440613
0.94779965406639133
-0.81910283856448229
-0.32474676002709951
-0.47287427685116168
-0.05600548882273796
-0.80954504037777908
0.58438019543912179
0.23741650071298145
0.62061586701124249
0.74730806954233175
-0.18333240476270191
0.82965279052526475
-0.5273191410688276
-0.50971496864078014
-0.44236014974878968
0.73790795405508192
0.83041197686001977
-0.44309807384657951
-0.33775737688596114
0.074215195657621899
-0.38023007233815675
-0.92190953830797362
-0.467814324866269
-0.64310056663228254
0.60627668489490361
-0.14228184112507297
0.2038008795501475
0.96861812866611452
-0.62508171970549831
0.7738611289931584
-0.10203821207494355
0.95302537489841765
0.0014309608011804735
0.30288708647104079
0.42706953688916388
-0.86587883934526422
-0.26050997338945203
0.055135985839425743
0.99379933937669873
0.096555145486669408
-0.55393636522671463
-0.79875076175982929
0.23484404158400138
-0.050872308108275817
-0.54384881086987713
-0.83763982664577086
-0.17347667558125543
-0.67985608321222757
-0.71253178816709972
-0.65154018876453978
0.44835817324362448
-0.61193980987537311
0.34595820766144214
-0.81596759079375492
-0.46315203694458451
0.28329618668693191
-0.94990956499108892
-0.13196624169492435
-0.82457868102173049
0.4256629085110345
0.37266752893482669
-0.24735863348877291
-0.894876881708771
-0.37149572409619092
-0.90606134191438226
0.19659288656786483
0.37470532640893106
-0.40542098181065367
0.74845385836333955
-0.52483392555046926
0.76618857638778226
0.54353071021593002
0.34282565899452472
0.80093705338675358
0.21036577423200523
-0.56057655814697915
-0.33941806298447796
0.68904797296982823
0.64031888107882295
0.23233135336087468
0.23031901677668465
-0.94497369950519028
-0.89913832767918034
-0.42497384720187559
-0.10463028668948518
-0.52389203486223901
0.78573692109507376
-0.32886870729203804
-0.69471098014755328
0.62987735768090514
0.34731997976411716
0.6517242132711466
-0.31379729653622596
-0.6904975065289235
0.76037362148237386
-0.38204932440018624
-0.52523353803726325
0.87666946349238817
0.12335005860244129
0.46501119859928364
0.86963905198716585
0.49326683184528158
-0.020389994119226526
0.053727295957948396
0.53934435258565905
0.84036958952772878
0.044834583927555106
-0.71158960725438658
-0.70116338390676902
-0.17185258704903189
-0.46165026441050777
0.870256124192334
-0.17281102709775903
-0.96802971457336007
-0.18180984741327039
0.075148891025404882
0.42823493929450029
-0.90053732901256645
0.37977224381855917
-0.54971877231081934
-0.74403112447941488
0.021876969610865628
-0.11961556282048329
0.99257922370548557
-0.33964789937078366
0.9396229456971239
0.041809381393104049
0.65258055191410336
-0.43992576415347739
0.61693107013463278
-0.78708409564387471
0.28171505688287407
-0.54875791849406852
0.21512655014386187
-0.2206090904149578
0.95134231307636341
-0.36562001772432717
-0.28345570625735123
-0.88655223491309798
0.72853190648428523
-0.20761837595251673
0.65279083265714777
-0.087057729699836051
0.020307451725457275
-0.99599626460340129
-0.81640276066088313
0.54635429093700416
0.18703882260111673
0.23967496826688764
-0.011552285280095486
0.97078445305385574
0.24414192996352366
-0.91143308386422461
0.33118643038541778
-0.75846116160125898
0.49155098682092352
-0.42791855965574238
0.40080306228735385
-0.80401323088412702
0.43922617160677807
-0.3552697385142361
0.090373643212819987
0.93038487601017461
0.26328081379340795
-0.71178574150842888
-0.65118681749063145
-0.69414297893984755
0.66347999041602812
-0.27921287059528888
-0.44408424602435986
0.88353724331044947
-0.14883253043722477
0.70126717797798843
-0.56034212431526553
0.44072786252816337
-0.58524077860019263
-0.22310539296362283
-0.7795621942436588
-0.97741130363558337
0.094237846113033721
0.18917286244428819
-0.73898446652056859
-0.54295668393004637
0.39887341051641712
0.34336267305942542
0.5920328489485559
-0.72910848336536493
0.2697611626738956
0.85570421845018185
-0.44158714387920261
0.20487717706367381
0.97701139850055618
-0.058941237842511311
0.73600024231075889
0.67389311610655867
-0.064588786818583432
-0.68674252678893533
0.50252243390140816
0.52521986379549046
0.86624312808301462
0.010730476760299368
-0.49950745731915808
-0.91557439899872539
-0.28402819736469243
-0.28469545658455075
0.60058415914374308
0.33726917112511873
0.72494701461153588
0.013430439373394269
-0.91436344411082415
0.4046716142405215
-0.79214524325608437
0.064102067144372388
-0.60695703190141648
-0.20642542737735564
-0.88037784422446186
0.42699343593404937
-0.4547330613697026
-0.82207874068785824
-0.34264323575171218
-0.30832200015745875
0.5289086486422635
0.79069158691004082
-0.52394424062078626
0.19328404175301211
0.82953222476521515
-0.54701459579434764
-0.23189597494924719
0.80436265999254641
-0.032306103829881097
0.74451423431612618
-0.66682446757449221
0.67475207884277322
-0.57739432042320904
-0.45970145838400006
-0.96747645665293691
0.13347286100449113
-0.21488206346168953
-0.90028753096989778
0.10275543052992032
-0.42299371517403911
0.44955511681607913
0.86364761076373509
0.22806359062018908
-0.59868789656863963
0.63709620074411355
-0.48547011596970024
-0.722332734829226
-0.65577711287311391
0.21952630463325845
0.47247884856314826
-0.67638582427396898
-0.56503624165328092
0.60337340970107367
-0.78385267059476504
-0.14668169370155021
-0.32442589087517454
0.87388581421490752
-0.3620378779130683
-0.87755806090309918
0.31471563584345524
-0.36172630302432002
0.3423766411206603
0.91631294921344275
-0.20772292776363693
0.44279462571212341
0.78645090405628038
0.43061339383432989
-0.19047801058884253
-0.23264116115254174
0.9537275384614381
-0.15014805936972758
0.78673132658279465
0.59875652818218261
0.56099148404949384
-0.74010468694224851
-0.37085523751197447
0.05535924013165959
0.72505433657035034
0.68646308243967102
0.45668160169855188
-0.86002688408384964
0.2275866281728125
-0.14208126565779672
0.41121971726632384
-0.90039505667261577
0.13069630223096076
0.020099189626620162
-0.99121869391144279
0.026150317653311425
-0.55390935237260697
0.83216620349590609
-0.69707557001272524
0.1320188521664396
0.70473872631216328
0.92249562941602925
0.33633047503225949
-0.18942973703433882
0.69368922288603874
0.39389494079654741
-0.60302739379455061
0.045227065501516305
-0.98014674041791583
-0.19304631515327197
-0.79307197874459789
0.28350402420639936
0.53913106457419546
-0.31432641123041843
0.30597636022075048
0.89865308889975304
0.41117900386146228
0.6714727224902115
0.61648699072655122
-0.3600821287880282
-0.90158526431386155
0.23976002940353985
-0.35610048936875688
0.89808525445878684
0.25813817461783511
0.18128180330231999
-0.42036870476010668
0.88905964920795333
0.43099069049696737
0.27844827594479615
0.85832020967021272
