0.18672249689084131
0.9505798581162489
-0.24805774025122024
0.71939748894020272
0.38377819191074403
-0.57894866121293609
0.61543320379222088
0.58704501559507649
-0.52594688071612239
-0.12132477339577463
-0.93331494821251826
-0.33794009351293075
0.86619399679800868
-0.37758972286420611
-0.32731324613957102
-0.21199714501268324
-0.72576333107898183
-0.65446527621227668
-0.85438165974636182
0.45132500720920704
0.25756109441579345
-0.94043225146148923
0.0014741444947756275
0.33997795121019647
-0.34118279301599252
0.41671355059458659
-0.84258181709591817
-0.5377811419737254
0.32753808892714359
-0.77685921738715991
-0.83309924966066284
0.47756007955700597
-0.27907348607194249
0.97202287628270245
-0.049246960233318988
-0.22966555007418971
-0.098477602887290586
0.994573053300566
-0.03356491289967551
0.4650412938535346
-0.85564638056805853
-0.22716924622803114
-0.42151581171381158
0.80044346340111283
0.42616274165355877
0.83167986601295829
0.21556303553451259
0.51170419011359902
0.52356851396992932
0.82256563244008385
-0.22194997523713508
0.088059846794112051
0.51916412981242088
-0.85012591402609838
0.51545556094845291
-0.11946984238042747
-0.84854730065501449
0.45271419354515685
0.33613075004782605
-0.82587285815374989
0.78723745517431953
-0.29285863083820207
-0.54267026039228916
0.28788212848171968
-0.84531403196711818
-0.45007562415701713
0.071443236108628044
0.76558261841394182
0.6393583646100045
-0.2819025166064229
-0.17809866829204288
-0.94276817695739301
0.43655568140407575
-0.32866828846033252
0.83749405561733903
-0.44324102452277603
0.44412039965037275
0.77864912816646303
-0.24608679393263794
-0.36974916641749539
0.89595024626679054
-0.62316704601147843
-0.63846908961498261
-0.45168579164231321
-0.83716306745270541
0.33518302657707272
0.43221561423415794
0.067333075924149513
-0.75340474153480463
0.65410056743551814
-0.40474738579090519
0.24176190233796496
0.88189043325877881
-0.64133939003219465
-0.30636367833733225
-0.7034380451672716
0.58150295451347733
-0.18389478842566062
0.79248786784529268
-0.72618988804668472
0.51443694646747173
0.45607332152622909
-0.81667914341895764
0.33169285366185824
-0.47224466914315788
0.0021860313263328884
-0.99974156178112572
0.022628100107524366
0.605121868774667
-0.79609466534162265
0.0077979321146408129
0.95341680402754203
0.2866046614589623
-0.094096577131695572
-0.065163551813397669
-0.83628036304354725
-0.54441607792461044
-0.67067004789566054
-0.71540353130150247
0.19595783795748681
0.86579502860361657
0.45289574202489646
0.21280135173673348
-0.50994499529320614
0.85930831655547746
0.039310544056313707
0.78984417247219929
0.59084491037982301
-0.16446420610566168
0.54661008935987276
0.28675124361953802
0.78675989634235954
-0.77426043224764718
-0.27307432787254665
0.57092135580361969
-0.44912271845278251
0.63971262147912666
0.62374397447180685
-0.78760741203637308
-0.61437030615125177
0.047156032752810328
-0.17492331391491911
0.77783874565619704
-0.60362962154372168
-0.16875060524930005
0.97000876878935072
0.17494633948660632
-0.90138181414218588
-0.20623312959032888
0.38076071408841616
-0.14827731455136539
-0.03731797275307544
0.98824147195866874
-0.16438841091470441
-0.97979768959148428
-0.11389880520939569
-0.075434099131400201
-0.49015043462286684
0.86836757662135733
-0.97044885746310783
-0.24005795347718281
-0.02451925816363738
-0.56561875275015305
0.78538640361317347
0.25148284942899551
0.90304023509089759
-0.17464918168960852
-0.3924487191240742
-0.03027574496636511
0.31756891528978803
0.94775174139032792
-0.86249486615097437
-0.30416112351750291
-0.40446089650766381
-0.33297174533384549
-0.69527709655032333
0.63696120433028358
-0.35212322451442529
-0.81646378100773553
0.45759821793809036
0.32764855675469368
0.56379897235849241
0.75814058196621703
-0.92278916622550933
-0.32804251260006861
0.20210953620218655
-0.72714968677048164
-0.42219705796275386
-0.54129749424617279
-0.0073866998688266218
-0.68492469457398641
-0.72857641975827014
0.20752110873163507
-0.62306504041821875
-0.75413854485726717
-0.19861426505333749
0.17912617528066449
0.96356950296625898
-0.47654107794379258
-0.21797268651743881
-0.85170212455091288
0.55492284697069161
0.063027351865339157
0.82951081176003083
0.22628045549737733
0.93164837838859937
0.28430345496633086
0.93064726914126217
0.030652275083099825
0.36463145568113176
-0.50194697401352228
0.78347952486792372
-0.36634556008146346
0.32700184102262425
0.51586373764464588
-0.79180452142628632
0.48259044899634018
-0.33365515189387124
-0.80980287610762947
0.075912694807310541
-0.12366670422530839
0.98941589285453779
0.338777503740605
0.18653464075495668
-0.92219012722849281
-0.46125538427390578
-0.011199493614086698
-0.88719673230976204
0.35770155777523821
0.92561256912428302
-0.12365665143578948
0.64925860560256277
-0.65697512625898014
-0.38320614103640499
-0.11103404422500771
0.68862074411919239
0.71657024205012099
-0.61202883481362846
0.77871732846199937
-0.13791311652514757
-0.059774362659109223
0.091774987147219253
-0.99398409308339808
-0.29253844882831626
-0.38732280346302977
-0.87430103618528443
-0.380128431865081
0.9001470682489896
0.21269139806429227
0.14179808798825883
0.14127540770726957
-0.97976250255866548
0.87886585642123816
0.40643104126032314
-0.24981716337556401
0.63594869127472475
0.24995405134067639
-0.73013165544602132
-0.52483894173158163
-0.66970242436944105
0.52539770463503799
0.42546229811980779
-0.90462991215379462
-0.025031078986528111
0.73512127877112876
-0.48503285973797339
-0.47364525804900021
0.019775374885396976
0.099522552688794064
0.99483877892573525
0.34901092581152215
0.86607218525816931
-0.35792505302971422
-0.49897994781822935
-0.85453583693747204
-0.14417876079676659
-0.93391515081218934
0.21342143946177619
0.28679919850220814
0.50547269982793086
0.86263038379686774
0.019135586720324421
-0.58617914430449303
0.67116960150265625
0.45379001399459851
-0.47502652557205505
-0.4174441435092387
-0.77465488254627279
0.35625771205070234
-0.70573218060383136
-0.61239083260982929
0.21409829287551366
-0.9091989910045104
0.35709818781978031
-0.20367485762679233
0.26400576549087323
-0.94277118547306271
-0.72222005450666449
0.52084124557588396
-0.45510722887617644
-0.27845870511431087
-0.84012764373778692
-0.46545278146516161
-0.096070486908921573
-0.34439216787382843
-0.93389747630682007
0.27989971431333388
0.72938684497744777
0.62422029789262612
-0.14917454060591889
-0.80791760361396092
0.57010183494327382
-0.4064931076076832
0.20025260028105313
-0.89143830383718958
0.89776839165432187
0.046095920558811912
-0.43804917652501968
0.27392891868218922
-0.46519485674799027
0.84175809634646415
-0.51487992727643594
-0.14446560255109878
0.84500198234522483
0.41551382376523566
-0.81989411794525724
0.39385517340611548
0.71510652346895687
-0.67601232816596279
0.17784822816035278
-0.46401240375491054
0.54025881446098634
-0.70200634082520885
-0.024546218448990791
0.9695853340376136
-0.24351953346502503
0.46149451554266835
-0.52134332436327901
0.71779102130486583
0.38589907856878142
0.16016133697885193
0.90853191870011496
0.75622287213200701
-0.21843237435805152
0.61677732245659134
0.12480488898245727
0.9908697908226427
-0.05099801291392448
-0.15257272514327636
-0.55084460619508357
-0.82054359016943013
0.17533176104527654
-0.97305323370883001
0.14975372428607847
-0.62090269632717654
-0.32140971221624548
0.71496548069589505
-0.83413961857220853
-0.069283963907867355
0.54718445616941991
-0.11772800447516285
-0.66673319260939212
0.73593951302752003
-0.98872085765221851
0.092633748338152286
0.11768625370996197
-0.8996822422627706
-0.43635538267808843
0.012878003140712514
-0.85491775058011465
0.13398408106137241
0.50116255423283229
-0.077562973428941084
-0.12974059361419193
-0.98850966789480543
-0.97924918688308571
-0.12186800857865426
0.16192349574378861
-0.56282227024950304
-0.53919476699912994
-0.62649828040621902
0.64179916961156269
-0.7426103821833675
-0.1913730549460432
-0.64404139562071083
-0.094154821156109292
-0.75917425560933505
0.37121444284053595
-0.91057428409511687
0.18180844471931398
0.129725398751416
-0.077852646579403911
-0.98848889034696208
0.18906374130631118
0.66802910021574935
-0.71971662686657223
0.99261112968235299
-0.12125846853375288
0.0044191672939269547
-0.82024940002580637
-0.52229877163642768
0.23322717445525817
0.087286779122602867
-0.91013033307002811
-0.40502320305908585
0.9853035209792379
0.058100742575045258
0.16062775369824675
-0.90177218472104703
-0.38177911147043481
-0.20261203544773757
-0.30884966118338408
0.85861210533684551
-0.40914195501798462
0.36800823133555377
0.81974566119299075
0.43884734546826643
0.45517673335629655
-0.68694625714712954
0.56649711491113597
0.73426212460839491
0.60754863679877513
0.30289236749960474
0.26765500275199783
-0.92918787460056718
-0.25489349383047927
0.26832772744706213
-0.43439248395337204
-0.85982754117783111
0.52095995095631664
0.10227800840360381
-0.84743137686575221
-0.23238985215510352
0.94694081483721737
-0.22203164146300344
0.95566608498398797
0.27085540290898191
0.11549755290217152
0.4409083246686018
0.8660145846050793
0.23583593553404592
-0.7274746637191345
0.31308063157602928
0.61054167079625865
0.94655990991495687
0.17003621265631536
-0.27406572811514618
0.22590403896912511
-0.97263607736892055
-0.054280992786009598
-0.34987310113553849
-0.5848266097472532
-0.73182419311835756
0.15071185015916597
0.43760200977508423
0.88644820450063977
-0.87539436219615252
0.12909927102865515
-0.46585200316738068
0.95221063161774255
-0.25684707697922843
-0.16530121621260366
-0.012453949672195415
0.9395818321435373
0.34209776357549654
0.78558120282288735
0.15428679372919965
-0.59921428475304983
0.62117315073446244
-0.37547094968599531
0.68787025139085456
0.18597020371971157
0.23566824847653181
0.9538739748983891
-0.34803803500778319
-0.93746274001974594
-0.0057564974239017429
-0.37711084128999356
0.72544553252792421
-0.57577442867570083
-0.47934141623718712
-0.79804659474904138
-0.36517590184620236
0.88803542370683797
-0.45068281669785781
-0.090983981969915542
0.42210526666962273
-0.52964733963207866
-0.73573149957741268
-0.1778281620753985
-0.91179981815294076
0.37013272807082331
0.26152897024402033
-0.23391135135391969
0.93642302269374267
0.63004046169460814
-0.54592024039436049
0.55228625526569886
-0.42780372419197271
-0.70805431576730948
-0.56182119886202753
0.41706547923607723
-0.089087752982873775
0.90449972819124924
0.85083069020436075
-0.50874455959962595
0.13140056957317114
-0.43035835684335677
0.88350195353415306
-0.18497562757407021
0.62352792694236125
-0.41858882307416273
-0.66030017531449181
0.88556817820455336
-0.35998311337439021
0.2935662784393831
-0.49617158035133074
-0.52624789153760054
0.69056275565939174
-0.89514724197258877
-0.083444403910021808
-0.43789090724171076
-0.92003490625415751
0.27147538429499091
-0.28255421956819254
-0.96188650648869867
0.054299003325226781
-0.26800366951378413
-0.72554686210810548
0.63432110603964109
0.26686791736311832
0.78856258573422899
-0.56338534391544193
-0.24650761173121158
-0.26419010335271115
0.61410297124828594
-0.74369424496530212
0.033267392829463165
-0.87971340959031274
0.47433911662577088
0.77656326608255388
-0.3902521014908748
0.49462388847805633
0.96116073722299622
-0.15439679374601947
0.2287611577648081
-0.26136995743300695
0.037820402196497689
-0.96449746631557487
-0.56067572552060407
0.63918229028252804
-0.52639218326370174
0.91529026613125775
0.24598903192985322
0.31895630562129529
0.66480209178941274
0.74345473823571595
-0.0728919127701044
-0.31227238916033873
0.94998809061558398
-0.0029296171508785178
0.80614729304498334
-0.0810292163366155
-0.58614060430592896
0.41702081748933117
0.64540063894082267
-0.63996222781919532
-0.085682163843438144
-0.25219084779074868
0.96387672608570119
0.70687044345010885
0.17682125864075657
0.68488569752137829
0.83565594434480495
-0.00013418411532079125
0.54925324275402809
-0.58493439120797963
0.27721335363866056
0.7622365213938237
-0.815462385501452
-0.40932833885658271
0.4092327074430781
-0.089514232115269682
0.84520260711528272
0.5268963419633339
-0.800266324157766
-0.57804521665708009
-0.15949149795172954
-0.28376156293302468
0.58093546159845888
0.76288489620596944
-0.77946863928870591
-0.51447847719877116
-0.35740808170024163
0.048937977490644942
-0.97932714454299497
-0.19627383503765528
-0.35794939117493896
-0.90286803486899292
0.23812086210429673
0.05530052397412407
-0.50024435323925875
-0.86411656569031403
0.14113749143166296
-0.78448875670278795
-0.60386885920644306
0.27682451566377048
0.78578474377142637
-0.55309178621960453
-0.60859971338138308
0.1192299109329575
-0.78446836597215153
0.044115940032363465
0.79185376275406483
-0.60911526187355547
0.65206178458931008
0.56396310620485623
0.50671594006699094
0.33511891131836608
-0.023174777669981089
-0.9418907818620692
-0.9062920664828148
0.41256779808057348
-0.091774191455203935
-0.68768714320824365
-0.61257080340446035
0.38967089175674746
0.76647138679890503
0.50617749823492808
-0.39535547738610188
0.94507938818569404
-0.31828629240656847
0.074288532712894068
0.85325256028743357
0.28529321543503694
-0.43654077654862578
-0.6694000115401505
-0.48260218537569399
0.56479974789357923
0.76371580435399777
-0.54459054491667069
0.34664002735877181
0.56357107272696816
0.73307282245131766
0.38077799695968917
-0.78484276047274892
-0.19633976129756267
-0.58776912088602562
-0.68765389256131926
0.72289188946792782
0.067523626877965856
0.29606423400224818
0.95148464674859545
0.083802961441481472
0.0062074579367380868
0.31816308506840246
-0.94801567432491329
0.15218401571564832
0.86844117787730546
0.47185797219898418
0.25050728794195753
-0.79994217110977905
0.5452876502985724
0.76922893572231588
-0.63799381617194839
-0.035365731632014168
-0.31529535963577832
-0.17191366982090864
0.93329230486533687
0.11829164339173594
0.89112643430693506
-0.43806479564453721
0.057416456097227106
0.98745864719846765
0.14706723170783978
0.11545703366427174
0.61525177396214192
0.77983006354838913
-0.77613669285526876
0.61926721598296963
-0.11882739251699601
-0.32226531090948835
-0.91287089779154784
-0.25062281091246369
0.67825512668195642
0.012749563336815709
-0.73471588506331065
-0.51715093998016559
-0.84992818212848731
0.10088107107577816
0.99501049468707847
0.082912025541968623
-0.055495148284363222
-0.13240453250821868
0.47521947165660661
-0.86984797150404147
-0.94105395255472635
0.32350235739508598
0.098811351275795864
0.66018676150338185
0.68302115685021736
-0.31246686101195986
0.1090804036148018
-0.29192123639004336
-0.95020179819433126
-0.24408255800150302
0.39062693127313181
0.8876003072574834
-0.56105265324353759
0.067307011190527191
0.82503920302794387
0.4924610546882795
0.7447039509631892
-0.45044215503782864
-0.83379766069700412
0.54725619855152308
0.072746918581748782
0.23608759088411194
0.012161604725419804
0.97165567193375613
0.70337904736861778
-0.033957298545288006
0.71000339266676882
-0.77735549076629817
0.019432402666413873
-0.62876134001868966
-0.95579462603543131
-0.16963377371349708
-0.2401687233123998
-0.29691923000841819
-0.54514108719258281
0.7840026568231111
0.88333981014721807
0.46866061395751429
-0.0082467408133523375
0.88128100939240528
-0.18836364355826121
0.43343156353657442
-0.65544966408584804
-0.75414456933687835
-0.040641190797551088
-0.68871963175700124
-0.1083109294284353
0.71689191054080748
-0.72923206260967444
0.23003174073263624
-0.64444239239636703
0.52162651112246505
0.48607951018451134
0.70116509658780835
0.219180250515705
0.36191964810595778
-0.90607625843453843
-0.36774595022697709
0.033712504836502705
0.92931500747018314
0.3177632205475649
-0.23159758753903081
-0.91945042993809112
-0.52458509326726854
-0.78378825147283382
0.3323950312127561
-0.60008156745659202
0.48940297027268959
0.63276128602112558
-0.65450429991174919
-0.71201382494925369
-0.25428416088731259
0.77438055995316957
0.627637822982414
0.080034439640141855
-0.10030346138170776
0.89508716699434476
-0.43446309292837099
-0.18241472023810137
-0.97408663031198217
0.13371651538947221
-0.23497835696818484
0.89560663885935099
0.37772201443335107
0.28120559260656242
-0.65190365658546801
0.70423365243169711
0.80365821829706097
0.42046444301765085
0.42112126557732749
0.60583426819986252
-0.69209958677201444
0.39238119407630107
-0.99754565727129263
-0.029456836199315679
-0.063521307136357036
-0.4438494014648669
-0.35364264625108388
0.82336783248546352
0.35911246624244553
0.37394496747218564
0.85510431988821944
-0.64537293682785657
0.43225990248552404
-0.62979770491277021
0.54868083174771787
-0.80838396143361313
0.21322456652442989
-0.049302949380831421
0.65578593389638951
-0.75333526937611994
-0.97733031448759722
0.1943609071747226
-0.083960074712884372
0.097618661106157634
-0.58950835587696082
0.80184193913456769
0.62810657109694268
0.75974832851803842
0.16812082755830179
0.6650313968653021
-0.21179072058849302
-0.71615496357701247
-0.0021240543505489195
-0.96393875660564787
0.2661156927102824
-0.72587936196138692
0.10189035071372769
0.68023342192953407
-0.070587510165496137
0.51651226983199394
0.85336538394853911
0.096230200163725577
-0.36879932673583671
0.92451436180063895
0.54552950994701743
0.47041444219051048
-0.69361935263915309
0.47493115374841982
0.66251699883679882
0.57923365359022094
0.55189311592685864
-0.60494429804099037
-0.57398291338700702
-0.27876020540771734
0.75978501666473186
0.58738358534506263
0.69248932844488875
0.37889732594378905
0.61391802904182013
0.47875386980204326
-0.76959014965491346
-0.42252305700836712
-0.6761472485984058
0.66831991963420623
-0.31011833746641582
