-0.044728342777404867
-0.98299511249718907
-0.17810105041527843
0.66986562460285382
0.58395856728358109
-0.45855472592868979
-0.95716539844562887
-0.13953852025380287
-0.25369943118540822
-0.83154954701621064
-0.33084469782731396
0.44616940367610147
-0.0058004442501949039
0.29310282923657288
0.95606332757826062
-0.73613915997215895
0.32037160457427266
0.59620564584544977
-0.98350490407377289
0.012697753816965352
0.18043522580372889
-0.5773348159284184
0.68559234629730192
-0.44344970968020669
-0.54404864726124291
-0.74096663519839689
-0.3936743767836276
-0.54412882092060488
0.7867526230825318
0.2914517735686436
-0.13577442418850183
-0.57803456559699817
-0.80463740076594159
-0.10235557955115324
-0.82935559479937471
-0.54926553934296918
0.91286788363909832
0.27955043171785771
-0.29752946601409552
-0.25621134557346448
0.90730375415251574
-0.33340012612503023
-0.50437640735106792
-0.6021349607310138
0.61890058068569498
0.59474409066995471
-0.68642367715682839
0.41845191127734971
0.82531140993349139
0.56465747278131495
-0.0047974019855679239
0.99313055036739728
-0.024731596890859287
-0.11436808139589685
-0.077508160094003367
-0.67234150088171085
0.73617212071021199
-0.64920259366519339
0.18156487797387313
0.73862723173784905
0.68606263470046658
0.15796215101051475
0.71018731340117969
-0.90022612296813564
-0.37826556649286247
-0.21565734101020703
0.60492652554479065
-0.4990425416934503
-0.62050015332185748
-0.86054843204028464
0.49043955264218858
-0.1375697689070442
-0.57108710477096492
-0.80619851762235917
-0.15460746730940145
0.30212123296779447
0.30817589271625995
-0.90208113811261781
0.51889046622689117
0.14953719460349499
0.84165985498237694
-0.28944775501630937
0.34080420881916973
-0.89446771231115896
0.72535821392648714
-0.63776056792809765
0.25906933335577742
-0.14481263131865907
0.95520023254385455
0.25811202521140397
-0.36589296683956873
0.41713878419602868
0.83193603812841121
0.7390274717569415
-0.085258188518778463
-0.66825851081676424
-0.94991204725767453
0.22622861153686655
0.21561010597102184
0.60634504173004611
0.040341772420243206
-0.79417770792649556
-0.56647266601670998
-0.46787504325628126
-0.67838164962936165
0.25474874657371649
-0.89606403172623073
-0.36355512259580802
-0.81823648489668088
0.56808316514753976
0.088150849456352223
0.84178548005683707
-0.20147550839838524
-0.50080417837822866
-0.82017118149238255
-0.559642276077573
-0.11882657899688433
0.5705548162241485
-0.18129465028404007
-0.80099903337133682
0.062271756939685841
0.97319081119010786
0.22140883745411916
0.97392178583821054
0.19857296317920262
-0.1097503228420845
0.058260229002209278
0.83843830821626431
-0.54187355446825314
0.53671962211432245
-0.80683069360769721
0.24689325444406363
-0.62919203916453459
0.73756226658632229
-0.24519233421952943
-0.73319621958522274
-0.26371409972202681
0.62679994989927901
0.44268891454866088
0.85922958757320611
0.25641965754307283
0.32904536563225739
0.13499576501220456
0.93461504951755592
0.4564195718974689
-0.82580795609376911
-0.33124370792690194
0.98828599148054619
-0.12754026489755521
0.083810977044628185
0.94690882809084009
0.072809201025750697
-0.31314931187793454
0.93623132797817976
0.34874663599525635
0.042973065915832442
-0.34811902813864903
0.88850391353006253
0.29895474220952828
0.64634960703043864
-0.042589253412665194
0.76185191539127162
-0.48502666176729464
-0.81764021141928611
0.31018320722614801
-0.16711274059721296
-0.025207803687684983
-0.98561549225006195
-0.98474776777135942
0.17398798143174621
-0.00012722669103155021
0.80840905779745553
0.4421835071579453
-0.38852096631781591
0.04878680977310508
0.017318530481765834
-0.99865905878538697
-0.59480920676314719
0.66136832329950135
0.456939764614333
-0.58489002522868128
-0.41237314137008091
0.69846406540677797
-0.69326995813477044
0.50877529486699546
-0.5104159720079452
0.08007053000411922
0.4923976764769078
0.86667943233066391
0.73375833360488008
0.57070603017244292
0.36863713186574143
0.16033923563104238
0.7091312751386849
-0.6866033528445924
-0.79285854810909395
-0.49530571208540974
-0.35503179331702805
-0.60281508993414334
0.41134169320350333
-0.68367534603799007
0.30338888986050055
-0.48321866002555597
-0.82125203689995152
-0.80767221153514834
-0.57643804173629876
0.12403540927148028
-0.66725853642074673
0.19936063126835493
-0.71764990369533677
-0.27102291660006039
-0.8879040178581562
0.37171633505798402
-0.45160485145232315
-0.33011687779175047
-0.82890041931570502
0.42594970960782252
-0.047784806888703173
-0.90348406577848461
-0.19653540448252199
0.55285952116868664
-0.80976551213176651
0.3723823879840274
-0.2659938809945902
-0.88914487705477396
0.56824097869938073
-0.81558884460095471
-0.10916513495273836
-0.16681242262268653
-0.51072569974657711
0.84340552243693501
0.7300949912490412
-0.51118672249490671
0.45348587463996881
0.031207773889874741
-0.80198942928897488
0.59652244732078863
0.29127349366866978
0.5167095792848071
0.80509065487146547
0.43880645774286048
-0.69991731747200037
0.5635287404791014
-0.8660379063343342
0.27749088550139495
0.41590522148164305
0.40615321204707366
0.7875732280471146
0.46343066235122238
-0.54970138351423492
0.38476501360079002
0.74147439151417771
0.42028456480086562
-0.6024833451782593
-0.67850917707350256
0.80906132801479214
0.037925953088378754
0.58649926648997541
-0.6568028461094354
-0.27212058945604622
-0.70324988882803197
-0.3927168529549237
-0.12943992729910195
0.91050468347284408
0.16865015012295731
0.985662860796232
-0.0050844577382070967
-0.1362476842027498
0.45522218816958704
0.87989165693708038
0.68202688647320375
-0.58343522588399299
-0.44095653224026687
-0.40193016683729432
-0.76285624382552786
0.50646075093984499
-0.25147147989054147
-0.32392688628409544
0.91204904865031899
0.46099690858850495
-0.059476054869258145
0.88540637515721032
-0.40894893538786431
-0.86537565657750792
-0.28963035277432414
0.50056184493811517
-0.39300279427008594
-0.771353772978427
0.1356168252438669
-0.64511880344978045
0.75195066736209371
0.31742789955970463
-0.92004675964323823
0.22968127623097928
0.28741034755469436
0.79847318397722888
-0.52899514798129899
0.89713519409349884
0.14499866863146155
0.41728147528248077
0.12360250876484624
0.42115587366560409
-0.89852665508820484
-0.042427976845578211
0.92905720074923259
-0.36749501291417741
-0.26591293775471897
-0.41717324377185394
-0.86905511575246164
-0.44805762155859769
-0.32024948870600761
0.83467636407579748
-0.17972508232403445
-0.11898524015523652
0.97649444822222098
-0.065653130287709624
0.64067689586227716
0.76499855005856188
-0.60276712805816679
-0.66909663188870572
0.43472000934820021
-0.35911454332591808
0.92639700043317796
-0.11324902807630514
0.32750771700750364
-0.77736129749575722
-0.53707365272953556
0.26682215977895496
0.0918986189256744
-0.9593542509888866
0.016777745095604868
0.90378640396278842
0.42765481790986326
-0.33407667183085371
-0.80510827014075192
-0.49009534856942455
0.16429395147731041
-0.28000940438765992
0.9458341455891931
-0.12840553316694986
0.18714424916979835
-0.97390402456031766
0.21780204245936238
-0.67503224603360146
-0.70490689960828257
0.29848493389952008
0.93733444101303398
-0.17975230158688435
0.38688809523997242
-0.8280259978214296
0.40582083324222246
-0.40241137425717854
0.48979970173941623
-0.77340890739920243
0.89047802373326324
-0.34189082813654476
-0.30026580039060297
-0.048108938786569355
-0.39788819596180319
-0.91617166160228503
-0.66862833312486569
-0.70791946192010591
0.2275657873613941
0.25770982014544164
-0.45278134379430485
0.85356587520379923
0.93324886745775193
-0.23063007755193105
0.27542025836385681
-0.84516062494547461
0.39510892384607849
-0.35998952254054351
0.77955887489400577
-0.40086532664233721
-0.48124313030933119
-0.37230436209512052
-0.098022618101452949
-0.92291983850466774
0.23863822011852129
-0.76781192658518538
0.594572657706533
-0.18243123809826667
-0.80930463387679907
0.55834116179220894
-0.34850619778409903
-0.92177735508287117
0.16991155864889523
-0.87147875875203784
-0.27272666864214207
-0.40760880419265566
-0.84280789161431036
-0.10253885513921655
0.52835654724757564
0.85546389308567583
0.47878849484880787
0.19734007405266812
-0.92546066909267677
0.37691342216934559
0.038194530382342148
0.12042938960903253
-0.82515347657968396
-0.55192255091349252
-0.45508512999481326
0.21870981606128809
0.86317063250323889
0.85142022197726641
-0.44460321122834978
0.27822938409453096
-0.37391709969700643
-0.50697068211370144
0.77663809463053479
0.59686743122478869
0.73330263997388834
0.32560176251127382
0.65985425076133508
-0.7469877807309756
0.08125037348104408
0.56447412707484701
0.5208977420744344
-0.64033936484089871
0.5725637853358464
-0.54536090618386801
0.61217006928483297
0.16642808199047324
-0.34305835570075188
-0.92445262621124547
-0.89789645708034371
0.19014601326771893
-0.39702197168539544
0.23270877170117818
0.8950548012291728
0.38042545967631425
-0.65545552479950908
0.74759888109804051
0.10711660931320642
-0.90365937247780237
-0.032578088948893975
-0.42701101467463609
0.99146919038600934
0.10383196471211482
0.078789387732951105
-0.45254648393756158
0.84151662205274469
-0.29504483504153806
-0.45035210492912831
0.61062270040668165
0.65140072101123403
-0.59869665892730617
-0.18268807175122079
0.77986369259576482
-0.31851144027113321
0.066565805732429401
0.94557889989339383
-0.12008153744577445
-0.96753409900317155
0.2223919774424879
0.60051191511529689
0.34880148718130716
0.71952968135071882
-0.96810684873207775
-0.24080641916987069
-0.06914765306668455
0.60946997588164564
0.73315869446196902
-0.30170296192388907
0.96374096431283185
-0.24359592469570882
-0.1089237310094326
-0.92131521997364219
0.062659410310572206
0.38373436612382089
0.087499428586071182
0.22436310856222411
-0.97056944394175459
0.93978920838425162
0.2495025416149616
0.23354812251905652
0.6850817810098554
0.47080312791597712
0.55588431177080055
-0.4866494040926449
0.2853220771816003
-0.82568981450000367
0.21103701129095401
0.32323219239575207
0.92248811898279592
-0.89122777130218167
-0.38214348170391699
0.2442937147184798
0.03732323558728156
-0.096292591568786945
0.99465306157185451
0.57772458845713137
-0.23998894106836513
0.78015357978857158
-0.41329337069672561
-0.90957941733470149
-0.043056628980957787
0.886307593881276
-0.45335207454091137
-0.094502621856936656
-0.28877647406322171
-0.67185430752295272
0.68207033177705889
-0.9384614580870102
0.29185908865445842
-0.18468449868625028
0.038463624426554335
-0.92584910443924262
-0.37593082529240046
-0.80066386944723178
-0.15535995074471259
-0.57861961068251644
-0.71713920779593532
-0.027756960905181687
0.69637698681326798
-0.25355730282041355
-0.95134170535303464
-0.17509327183651793
-0.92679073194976069
-0.15918394608293007
0.34017555832465962
0.45749342254595893
-0.88711538941081602
0.061041413791629487
-0.24332615514948236
-0.70612026251041848
-0.6649710949299884
-0.07812031774929229
0.72505477465751467
-0.68424614701223585
-0.64815598096415605
-0.57866548326274048
-0.4950152349379679
-0.37576704433669533
-0.5476787299306104
-0.74756079162303424
0.35239747480280714
0.67810412140097709
0.64497350355779259
-0.97158695003886997
0.079349785894974961
-0.22298522370907897
0.37384941157781815
-0.91517006780402388
-0.15066640122634289
0.96412264993172048
0.0028429899018934412
0.26544195843358126
0.51558381450305524
-0.69590539498695714
-0.49988899912933321
-0.18125131912809694
-0.911059112075982
-0.37029617013634897
0.51566922352653499
0.84450778063249932
-0.14454016866847463
0.57939898235477427
0.80985508951434637
0.091823489554481025
0.37777296984714409
-0.26206465964234937
0.8880369910197482
0.44511503035712607
0.42417556385641469
-0.78863660882390385
0.41485656801807486
0.34275523910989014
0.8428599373768968
0.71730831630713909
0.37986199502309276
-0.58410071399861607
0.7612331891078028
-0.1717870847300039
0.62531050632524232
0.14473453393248434
0.66657002904338092
0.73125666565745084
0.17475212946283616
-0.88975907627862716
0.42165208339104404
-0.08545286153416233
0.39545805526420685
-0.91450026516249561
-0.099564832326693276
0.09000863008143857
0.99095170955734291
0.86289491984788769
0.010465596982384603
-0.50527500292465466
0.029358029146121865
-0.99917732714649066
0.027978117182011202
-0.50055821850057802
0.60308646833652046
-0.62107019055893409
-0.38457977528553261
0.7789171337310199
-0.49536501210883049
0.68183396432598176
-0.36815549951673088
0.63211072864420037
-0.52934247500586118
0.073190050205412999
-0.84524538490641776
0.74013393516585591
0.14245425249454655
-0.65719749235836611
0.12104093916706699
0.11253953135474405
0.98624740553676948
0.60376242507277678
0.2877680023237465
-0.74341140084669133
0.88884700959466756
0.43127570920060188
-0.15476516464674728
0.48903837658962779
0.52341637113508332
0.69776555421600028
-0.54664577888870602
-0.14328564235139718
-0.82501370723104195
-0.81040728422174857
0.090549965734738766
-0.57882703581101635
-0.99881923237847647
-0.033663565963920936
-0.035027208816343469
-0.046070299978190385
-0.30812590825848607
0.95022942078205652
-0.45543939707281883
0.88352261415314137
0.10937433827889703
-0.042140610565659389
-0.90959578177309097
0.41335176632228537
-0.62371671337004952
0.50726502245818494
0.5946929110501995
0.34692387261747887
-0.59647633904044539
0.72378159936060749
0.82949750881155315
-0.31409627583778343
0.46181967517664568
0.7284413097201915
0.6661108536156215
0.16021731800464023
-0.33774046200917451
0.12537299364946689
-0.93285207443902918
0.79856176552325364
-0.53789282136176519
-0.27013037476719354
-0.41017599720532683
0.77160967335020569
0.48618326103333148
0.022663980231545033
0.58722542465605676
-0.80910607749390817
0.18598696620105493
0.80334489478835247
0.56572593048296682
-0.69385071369809126
-0.48497238644508744
0.53232787968169215
-0.55299284329521259
0.83021256246872055
-0.070327920368780605
-0.7724704083527405
0.30942819511438957
-0.55456619107875804
-0.86730682212138632
0.43121488020141396
0.24866162429008234
0.10195514428609261
-0.96794853078371546
0.22952296248360152
-0.046796911029217021
0.99835871621939076
0.033013979870560282
0.78125767831124215
0.27532430979332939
0.56020796541691065
0.82455763322123454
-0.55911769286292967
0.08655700447815047
-0.55193542121760664
-0.82863953590897454
0.093401340107636496
-0.29726307598249291
0.68190360549261408
-0.66831290311769387
-0.69787911572108374
-0.66656729262615988
-0.26201676328317164
0.63823161233477377
-0.71678239395523713
-0.28086190331256056
-0.53787921306949016
0.020069298127709329
0.84278299426388958
-0.25706088482912942
0.9635507950384512
0.074091611344562491
-0.75422171303295293
0.57885486903141392
-0.30996233349918889
0.24529255336435943
-0.96894018943795068
0.031408160658355506
0.066047911686689248
0.97974989390452294
-0.18901803817599847
0.40887932444043401
0.84503216227407241
-0.34458430429655384
0.84160763004985362
0.37712887753941299
0.38661402815693507
0.16562993645711577
-0.97043827129196591
-0.17554567998407883
-0.15129782094593824
0.97649073471379744
-0.15354092091399871
0.84179108004855041
0.22678923793902442
-0.48985142554220606
0.47614759270627505
-0.42690447134287912
0.76878868508028664
0.68743154495393599
0.72245131888368963
-0.074175217191877585
0.7666272276530397
0.59699288464797984
-0.23639414015727664
-0.24523266621445164
0.74080722750460481
0.62535237354494133
-0.90783219817564209
-0.41844205189660105
0.027330370655078838
-0.0014620806914232328
-0.71112906007103682
-0.703059970587528
0.044385945156679457
-0.48934008191217621
0.87096278457046183
0.89044066818660927
-0.099211830146823055
0.44415360991249703
0.55881103601225746
0.64304800032219656
0.52365971328003835
-0.19666164730427513
0.86660687713572715
0.45860300585651631
-0.77075337526994692
-0.53870476982261717
0.34020053715469845
0.93994904535096557
-0.1362145818715825
-0.31295587521144036
0.46309592546218792
0.1784319366025828
-0.86816139503007828
-0.19003985049260474
-0.98146810422649677
0.024601130274743858
-0.028966944223490734
0.79080149748233586
0.61138687238282141
0.93240446691943879
-0.34958286515319698
0.091726389114358528
0.38459005986869854
0.64205840987530782
-0.66321300059527044
-0.74426330545368757
-0.38606646334103417
-0.54499983306281574
0.091654968829729386
-0.54580517334998124
-0.83288419329053087
-0.21872709803203708
-0.2353241299977121
-0.94698522186320488
-0.74030805164410429
0.66744823281315502
-0.080354496983718604
0.49796903338559317
0.71117475552379616
-0.49624319531323241
-0.17383962092964186
0.83247195677551133
-0.52608956212548963
0.1861127461795202
0.91060283629116934
-0.3690047699529036
-0.70334352798587951
-0.71069923039293925
-0.014645325508855027
-0.27519244709131835
0.58545479579197468
0.76256920941516448
0.21838208061842171
-0.12696087019840777
-0.96756922455358829
0.40147307350152384
0.91571284302201028
0.017010596044440381
0.26738507992522431
0.94704071209020069
0.17781762757687131
-0.46549835354489361
-0.66067756659826815
-0.58891122916852612
-0.96887641622385123
-0.20472421476402453
0.13916352242768301
-0.81305865518996889
0.1188843612606479
0.56991414429572373
0.25609007931852029
-0.075790939692312972
0.96367712680917672
-0.72510749229117344
0.62987060820372209
0.27835614156019434
0.00038693886645212703
-0.19398072859073759
-0.9810052636014347
-0.76342788804534434
0.48068408847240318
0.43141704514782453
0.74831199516447278
-0.65672878019770653
-0.093469070568817911
0.2622209147117201
0.54170976689622574
-0.7986180065193782
-0.69506115168113614
-0.027097923738503182
-0.71843976640547613
-0.23349507268045985
0.26647656957580063
0.93513116133570273
0.69050631478273716
-0.29863954496291728
-0.65879849076140518
