0.43080194133271443
-0.077925374213370757
-0.89907581626783317
0.55781598163675017
-0.60556378094520003
0.56756835521193616
0.93258156050650964
-0.34825572987721226
0.094918805359809247
-0.20991906736883284
-0.7578279394942804
0.61776273704137619
-0.90780079475605024
0.17272863954827009
0.38218128436657828
0.37323054715559795
-0.68327983792780334
-0.62755686734453608
-0.1489814358212691
0.98665872655465126
0.065643652352585083
-0.063672957422209325
0.94198939495768308
-0.32954777237961647
-0.66284889400085778
0.26211147347817121
0.70137644613498507
-0.19733411021597336
-0.37122077395369341
0.90733366846518548
-0.68382564281166125
0.12214519565080589
-0.71934904004429234
0.020784364564767271
0.38317385553939654
-0.92344236778518707
-0.17150114921710455
-0.136882084507985
0.97562833638530677
-0.028624486046687745
-0.49463688140773771
0.86862822562347741
0.99247035247694382
0.098840165177743411
0.072341006365184479
0.1384156629844375
0.57684082872521203
0.80504395069846313
-0.4839825866054337
0.47475625050598164
-0.73509683611631427
0.24543423846040863
0.83124704066591615
0.49878892527352264
0.21777142471580405
-0.93952092784577301
0.26434075114720151
-0.5055538641815146
0.14908314505012393
0.84981733700431328
0.61080315039134259
-0.042213081841825942
0.79065641538750975
-0.82327127346468865
0.037487304227452348
-0.56640896206679869
0.67033851574332015
0.69064788736284211
-0.27138859591420855
0.22068758556818133
-0.97369083657566158
0.056772742972968651
-0.0064655949928302068
-0.26891507314548679
0.96314219070526974
0.3081789371107298
0.93719821633784084
0.16335619368261098
0.85059875872232538
0.17595658042934084
-0.49550079057823121
0.39459545744723212
-0.7647621850724442
0.50934587977643464
-0.37237081201255667
-0.45904692820480553
0.80660764691815401
-0.58654192531002203
0.7690973728539322
-0.25388540903878648
0.74394499485629662
0.58689610302609774
0.31952904231234575
-0.48480044258459415
0.35753920824104668
0.79820689388162214
0.31359716725432463
0.46547429082260389
0.82764152945176517
0.10272861657049187
0.76436012464865033
0.63655355720050188
-0.35959182747889629
-0.89086399355108647
0.27758793670582549
0.55996929859009581
0.28923723933669104
-0.77638663307491695
0.84796997267221819
-0.26136759396780368
-0.46112244173295108
0.74930828870588118
0.017980863205128875
-0.66197717259363431
-0.1189944383593632
0.69798595271951869
-0.70615574305231377
-0.80462145659095707
0.59161146234117512
0.050795562995038727
-0.29081243499902243
0.76230064480819082
-0.57820917890929024
-0.67254978637453744
0.056958550079995125
0.73785669910921636
-0.30891176823003891
0.59861366705729502
-0.73907726054940204
0.92624357410324143
-0.24238147726219328
0.28865907384430139
0.37324441963186922
0.33417937141345444
-0.86545522757412341
0.20389391908422402
-0.8644844507357089
0.45944956654311431
-0.98682626571500875
-0.15268188002965544
0.053499203784547263
0.38498219232983488
-0.29277377709032809
0.87525552099782655
0.41420973483095869
-0.90418758232218266
0.10428380289207455
-0.87231230180546238
0.47641614194441012
-0.10999503540460166
0.068759553293022496
-0.48478905288159646
-0.87192413548261682
0.32325896220361611
-0.48300879533972957
0.81376049730833233
0.20972398487739577
0.4689769469715388
-0.85794899229289867
-0.32610337446271864
-0.77961640896124773
-0.53465394793492049
0.66175014910070562
0.58533355374014395
-0.46847771668578658
-0.12592813404774769
-0.55457949384618721
-0.82254707467752819
0.72074927071362882
0.23610241174824881
-0.65174852507116021
0.30334516753764246
0.76556347854037687
-0.567357268091912
-0.4327256870562704
0.81385072866954011
0.38780854968107281
-0.9598325034955062
0.27650107029251636
-0.047631117566586285
-0.62227383379282997
0.46011407808285781
0.63330112184231546
0.76319606279481367
0.01248992181006001
0.64604626118233499
-0.96107858033995475
0.21413878937641362
0.17456386022353279
-0.65712914960348068
-0.73676068889268764
0.15926383156190427
-0.78525166363921328
0.26403864270179794
-0.56005662205891316
-0.86438431747858424
0.37994275374503572
0.32936796379387151
-0.70818279915677618
-0.62050460501790017
0.33682511505238583
0.43618468178308828
0.49734526635800042
-0.7499270693934682
-0.13800387513907331
0.78736729181994503
0.60083914504526448
-0.077023282846909583
0.95545195437511066
0.28491924606854191
0.44455350244468061
-0.2885879801394125
-0.84799125065251779
0.53396955785711464
-0.84264658040495188
-0.069449635087009132
-0.39290110268177314
-0.85318648072899261
-0.34307659875416013
-0.0045128410160360866
0.99512881604402137
-0.098479813894971749
-0.53630046720967306
-0.77642605982079305
0.33097489708714267
0.70522177042518619
0.69520840134067707
0.1390954105055448
-0.10881064397884015
-0.99336578716780777
-0.037210974743906396
-0.87276763940123114
-0.48373700554192722
-0.065384685388337305
0.51373935978406293
-0.4548036476881081
0.72747887409755907
0.57911510115531906
-0.72101438015012165
0.38047859759860386
-0.93868816891095908
-0.21149195187497591
0.27227867312498721
0.99345065616223571
-0.0025645861655006633
-0.11423316798821251
0.21461874937995129
-0.17584587002388508
0.9607377490294261
0.91382793745488267
-0.30869223877180374
-0.26387042738625882
-0.84224375759496151
-0.26328333597235498
0.47043313849216412
-0.62214809734291765
-0.50800437423238798
-0.59570403786892989
-0.70003619792238081
-0.092526868462126169
-0.70808763596815461
-0.10710593854951961
0.29823366454531586
0.94846454823535631
-0.71203639882913727
0.69417222360572484
-0.10549450562336075
-0.3284349750520732
-0.48885504621656845
-0.80817771000637029
-0.7850108504777179
0.33026540559316148
0.5241018283698643
0.41061337886871446
0.13109559796526341
-0.90233618861716247
0.8005009155878251
0.51783104113319589
-0.30174376046898521
0.054086427220717159
-0.2844970448737893
-0.9571499829434148
0.62476640733728672
0.45049488839121121
-0.63774704373775792
0.096687907527867822
-0.98915881076748968
-0.11052735235645654
0.84817374902156351
-0.45732029740868951
0.26731897996351422
0.041897020414394956
-0.048611834759839608
0.99793863999831056
0.8790360771484782
0.07653812936403688
0.47057145028663666
-0.78588554878610439
-0.38837515746235779
-0.48119501376806939
0.60677320965558512
-0.1416701633133379
-0.78214821924685818
-0.90303198238822002
0.41288678721307781
0.11856533949204466
0.72394890972248072
-0.42480717770864262
-0.54354101765998231
-0.16500270968603908
0.27771862796965063
-0.9463860044796305
0.43430493059068015
-0.8534781289135287
-0.28801790001818756
0.16036064130023711
-0.38393263128825622
0.90932953287235352
-0.34687575869872866
0.15073592186889045
-0.92571912040613968
0.50284038282302734
-0.73372717183055158
-0.45694199491831755
0.75998197545836832
0.23295189457679685
0.60676256624109337
0.11755367050875604
0.87560685973878472
-0.46850161336787632
0.2882662730323523
0.2599470024848306
0.92159107619984515
-0.54441703557323695
0.83778577688605627
-0.041534123622342316
-0.63975066291790261
0.332737660067701
-0.6928237430030636
0.010092228328740311
-0.9362074744481893
0.35130287746430922
0.94377795158669675
0.10779726343128938
-0.31251068477020733
0.011620086889521083
0.88214576870853312
0.47083310878729762
-0.17862690476547516
-0.89206133240173757
-0.41511324735250599
-0.50367133838446809
0.2473591437687705
-0.82772497659789113
0.69750985484891659
-0.71655234329355699
-0.0057220371508591656
0.89277483047624862
0.43537659871433204
-0.11575974844498028
-0.38364273828540968
-0.78460563592333432
0.48704439781011033
-0.30434366041186595
-0.95175967107834281
0.039095586399897075
-0.48911875341432415
0.85354655157327164
0.17950244944232355
0.017200677212038575
0.15109179628796474
-0.98837007532498866
-0.028021631360719116
-0.69385406250046977
0.71957023849481028
0.16377018702676524
-0.77096891594703876
-0.61545613692989221
-0.14806166536230433
0.50299213432789824
-0.85151433109161845
0.96739690916760013
0.22241515718009658
-0.12113925040847433
0.22741611940813009
-0.5999088291095338
-0.76706668901065911
-0.77798239446213868
0.57285810427083073
0.25802516597841196
0.98726552823214775
-0.11959569528902031
0.10489826706306564
0.25458380407058195
0.04154192392902116
0.96615803844983184
-0.032751550578265481
-0.96150763708071374
-0.27281935373096572
-0.36132596603923856
-0.07333816635450012
-0.9295509989352766
0.72802552856758795
-0.6460097362154319
0.22945642389951124
-0.44366214109671903
0.55466467019158305
0.70392542800976965
0.94769638367524545
0.19364767661013757
0.25371665635578067
-0.16080097035551419
-0.16781827186887838
-0.9726150706007326
0.94708986038833531
-0.10465605339059127
-0.30342693822122824
0.58527347883972991
0.72926463836485134
0.35444046354419356
0.82854083812240509
-0.5564215258152021
0.062571280735693055
-0.45084291297884849
0.78570502658149788
-0.42356614480068394
-0.044105091665293666
0.6634044562742899
0.74696001786214095
0.42657821496783771
-0.089913311055912049
0.89997034562801925
0.33587641191368228
-0.93427592263239856
-0.11964755036928536
0.18169017657670608
-0.7494948843729724
0.63658942658064166
-0.70429417567342023
-0.32575625846005773
0.63075555818922568
0.393668802143887
0.85269758707400711
0.34341185072266112
0.14701219173864832
-0.59553789768282439
0.78976074092330062
-0.81089031705925918
0.12247468046259521
0.57223845234755033
-0.54410507582122813
0.65279070632380032
0.52708060123936407
0.74535858973752134
-0.20394864082755693
-0.63470113014637497
-0.75769097792110229
-0.65257902399274559
-0.0067081608238981454
-0.63665472916450372
0.64619074368517349
-0.42084234412434668
-0.241663919298195
-0.94916364711645318
-0.20170999256860939
0.023436414884325057
-0.99074896826052639
0.13366830719386089
-0.97024576315377276
0.12374385360549256
-0.20811203179301208
0.45449936402653685
0.12105754727585932
0.8824825201368165
0.20435943199976955
0.97856919301086742
-0.025289465055458465
0.68027727506858626
-0.40918701333612445
0.60810263701312894
-0.90897085111534248
-0.24841029940679904
-0.33476008569014687
-0.33168958235483992
0.38550768296454785
-0.86102604335326438
-0.906518730166051
-0.042784449167162737
0.41999200321862451
0.36627741701312161
-0.63885257952695917
0.67654137746182685
-0.58069460954100494
-0.76279637121251487
-0.28449159304808774
-0.32996196152077245
0.013400590067556003
0.94389910908698593
-0.82739121444088226
-0.17816922823934586
-0.53261571923351814
0.30026183144031432
-0.8330878773377246
-0.46455077355767349
0.19839385962069603
0.24649488514201373
-0.94862012843056887
-0.19254401715994893
-0.88350520376807273
0.42701915222931774
-0.65363782887151178
-0.15472754914301656
0.74082182352056258
0.81936949505383094
-0.34428896804292913
0.45836528779911462
-0.6184104384045086
0.7124373033453526
0.33166491896844524
-0.48118257129208053
0.645700015693628
-0.59290372137303227
0.044803371133320814
0.5942578826971846
-0.80302567006749481
0.22777923731742789
0.028693484061234877
-0.97328993779835138
0.42366075874578912
-0.49689777173899896
-0.75736659943501605
0.8411373148883361
0.53365072554943571
0.08777767724769929
-0.26141977158194507
0.88533825280656275
-0.38449431874016848
-0.55883216219919507
-0.49268390229253439
0.66706010742179223
0.08035232910289776
0.17435280326571106
0.9813993087429439
0.10905630479100784
0.38458542381316252
0.91662466373962515
0.48195288291716892
0.63634753367961472
-0.60231489690003626
0.29359326338464908
0.66938081771908353
0.68244583416186466
-0.53940977014167746
-0.19171309924164778
-0.81992876974458251
-0.71690766433595865
0.53005557424253757
0.4528625498214377
0.81142760167355132
-0.47289483876542726
-0.34344682079083094
-0.9980298104434755
0.062515936487973087
0.0053155574676673045
0.89394843493511034
0.32007082406068477
-0.31370505775677404
-0.079410645707456901
0.49161514765523256
0.8671842341418855
0.71940743166004095
-0.54589710965246829
0.42947560227023918
-0.50316649840404226
-0.071854910639634492
0.86119704290062749
0.59581951381058429
0.075486428591890101
-0.79956294690346963
-0.39217668155436153
-0.63804561333444521
0.66264262294971665
-0.35095433805194265
0.7366142533037906
0.57812671139830718
0.86742606518128906
-0.042167910394795213
-0.49577604699808014
0.089589302308108826
0.75488966107680922
-0.64970405302051681
-0.6623516075703817
0.73936283328699426
0.12096672560154602
-0.35498071022734645
0.93484706511593962
0.0070470001137201976
0.77514287188358177
0.62492304059334802
-0.092869378718919163
0.13573786649369604
0.9554123609342523
-0.2622259563311331
0.24822760564573174
-0.18863108398591008
-0.9501586025236457
0.20486977315013999
-0.93288428427238002
-0.2962351906965468
0.58486267668881831
-0.79403199855736095
0.16567689846020722
0.50738149990750947
0.74901429116486051
-0.42607699442988878
-0.51534218126465325
-0.40044533214235412
-0.75767141438409102
0.33079204038976462
0.92578086340965693
-0.18304758659771067
0.62655849147343923
0.17455216835107712
0.75957619583980218
-0.48978437648176981
-0.86546972364281483
0.10523032838489856
0.47990605476789783
0.3338050501902578
0.81133492903029336
0.67370723385510611
-0.61423831407661478
-0.41088910495609315
0.44164844186597452
0.89717820246235713
-0.0042340080030941916
-0.92775861047809938
-0.35710095398042618
0.1083645207160335
-0.56354706310041713
-0.64817592433055282
0.51213541059872836
-0.2315107813382806
-0.68193639513365989
-0.69380509591400941
-0.74337182019856396
-0.63361901533383624
-0.21430184400059049
-0.28965541626842228
0.43526378450790715
0.85243485247977824
-0.89632985010527266
0.17988946927743729
-0.40525618891429815
-0.29320937714641843
0.92887064225076965
0.22633513010147599
-0.40551941510420247
0.88857364272537398
-0.21445485638545203
0.038287882353539492
-0.071775346125052111
-0.99668567650664597
0.89019725895267798
-0.44368029001329251
-0.10342456384660126
0.066493597782479402
0.98914970236513566
0.13100178535006829
0.94239680690361027
0.32663738827165234
0.072085192105960344
0.32443123242723459
0.86434499556855748
-0.38425525898982299
-0.60890168035066861
-0.79014134846523887
-0.070109864581712922
-0.13056955098769726
0.087657304504296499
0.98755647399119006
0.162162120472779
0.93282534406024009
0.32177682353250153
0.01975692753322969
-0.67805805802592067
-0.73474276706924035
-0.94806203930354616
-0.29451203713696761
-0.12017083511832098
0.8687101075322593
0.41979501627157806
0.26289711558865719
0.41175177531404744
-0.85463968070837448
0.31630917104064188
0.53239892940783839
0.82892023759492872
0.17158851847065565
-0.31468085082679242
0.23116887945021689
0.92061767922230187
-0.69904436065363817
-0.58433809347348364
-0.41217226296067128
0.77882740083314983
0.39060566526144619
-0.49076989921667286
0.57620552445942952
-0.25297267292710512
0.77716923532429516
0.97255397801934107
-0.21796516947534644
-0.081424472576360388
0.86080466343087891
0.28155897199603713
0.42395739963372042
-0.52527244939625506
-0.70044448752502952
-0.48318358188276356
0.77221274068803358
-0.60998141532006056
-0.17779245226727625
-0.43510033096713929
-0.89118792912827527
-0.1283424207670322
0.43716137007423611
0.7266106684188377
0.53002535133212891
0.6009788996569505
-0.36280252420413406
-0.71217883329837173
-0.72215686665187728
-0.4826191356274257
0.49554841324917892
-0.53508978271276608
0.025767149523173372
-0.84440214260851754
0.62917189232079451
0.39912095700681449
0.66696715930504036
-0.79670500606641037
0.42971303776210557
-0.4249798095039154
-0.68623003767688107
-0.30206136436323927
-0.66170028528708136
-0.65349903536226706
0.50005075526609344
-0.56823256941009281
0.26096111267228633
-0.39668650985215953
-0.88007903654964703
-0.17084625417709828
-0.96262087461956547
0.21017280789939757
0.62027933112941303
-0.7456493886977954
-0.24343487939950542
-0.84810338790956941
-0.44948277844848494
-0.28051002708377593
-0.3526327189793575
-0.28633516738192949
-0.89087728527872345
0.60683756031151026
0.59411034502593885
0.52799722852334585
-0.16822804049900514
0.045790367760353071
-0.98468399428965869
-0.35675689027024438
-0.22847019043360764
0.90582884328549396
-0.84938704748174787
-0.41611168875690713
0.32464242798826193
-0.083828350968423823
-0.8036177929654349
-0.58921239837878348
-0.20953592270566926
0.96421709354096119
-0.16241949888885035
0.95625841672041323
-0.020856129939592322
0.29177879000248053
-0.22616787577841593
0.87499035597440089
0.42806537925610205
-0.52293309596694071
-0.31293065516761492
0.79285268631618944
-0.92541928246646565
-0.036818036552790839
-0.37715193731923075
-0.14645385248261
-0.36875307281275294
-0.91791744747779691
0.73800067326554553
-0.20214161579064577
0.64381190842135594
-0.0076745834154051552
-0.83661191334946883
0.54774228174492889
-0.79681141696186286
-0.093253842684097268
0.59698851464988678
0.62775107389097962
0.7771751175615923
-0.043902458608227238
0.75027123844020938
0.44712598356792221
0.48700248827681836
-0.24987172616323752
0.62239815921478636
0.74174433052787758
-0.98167727583275122
-0.089797322383045136
-0.16806596028471657
0.56358822965338218
-0.56514406392300331
-0.60247862568622212
-0.77206053201974301
0.57424019215971678
-0.27234304949045962
-0.90305076729090294
0.3391677206125368
-0.2635613192215574
0.51422690518498226
0.8282146639551593
-0.22278052067790408
0.26402419670067967
0.63332943246898155
-0.7274510660691057
-0.090035327416831526
0.84183865935435187
-0.53216661999171977
0.063716047922470431
-0.88730396884424434
-0.45676244603775601
0.86698120123466293
-0.1351165035763352
0.47967398008127049
-0.43925766660507332
-0.60846733547313381
-0.66092375051203223
-0.20630138189048461
-0.5882834671031647
0.78189660580102027
-0.82161825800054755
-0.54616008363342383
0.16325624387960594
-0.97558370847338038
0.0025094458920867841
0.2196135934832833
0.46957262335389549
0.54601854338431399
0.69380494497878342
