0.38039518268948858
-0.50825048970737463
0.77264541977471435
-0.16582262055606356
-0.71411735476363147
0.68010239092162705
-0.54304030201833697
-0.82515414799504738
0.15565301934238515
-0.26895558535702324
0.95123615510837356
0.15103863849988616
0.45807808605307215
0.29711120090859111
0.83778839892457868
0.61047601120368489
-0.79160663768358885
-0.026037874723592577
-0.11207055591000074
-0.82467270265476544
-0.55439617963520293
-0.2083603373411903
0.69006841402909913
0.69310284502549047
-0.67328524090216946
0.23037675508674044
-0.70257635535151042
0.20974049393759914
-0.91059771258542777
0.3561189843816232
-0.047154301981560405
0.63790862566069895
-0.7686670651929286
-0.91917317906164286
-0.39352953512430933
-0.015974100242521175
-0.51494028991597507
0.1108321688864129
-0.85003101599952513
0.38418329469714579
0.046976192754681609
-0.92206097053823999
0.81771580893084317
0.25318894176544515
0.51694894872924435
0.15770207376529524
0.98688900652483924
0.034353234644520572
0.078921791030810179
-0.98352996809286852
0.16260428273489602
0.63676088928422236
0.27130452547439432
-0.72175440721555706
0.6159517692392964
-0.69104960524645032
-0.37822461720478445
-0.34909427229911222
-0.92215491952457684
0.1666238081565013
-0.20586669484034201
0.97647985285370664
-0.064078084602437843
-0.58341672338340611
0.6063617245223164
-0.54032433399847224
-0.82171847150861876
0.53430204791421376
0.19824246562282422
-0.13684962727580763
-0.9656311669224944
-0.22097200949978801
0.09584409966203207
-0.96966118753018493
-0.22488016799514848
0.5903249690789838
0.082823441913804544
-0.80290516771997889
-0.3575620335364898
0.90238193249078369
-0.24053324112780886
-0.056702211016107854
0.99325052922474677
0.10118421547180818
-0.37392280762107732
0.75295368002463836
0.54151868820764182
0.34318311177830502
-0.39615798558415372
-0.85163619125073864
-0.9123053729355407
0.022470621699371682
0.40889360189832707
0.52727777233495809
0.46437782305076092
0.71156966507863451
0.12884781025137459
-0.83207913648051557
0.53948359792236988
-0.49938666117287189
0.32334483819533011
-0.80377924721595473
-0.77546689634011645
-0.32739281155089811
-0.53987502222776074
0.62598550663217101
-0.74902759837242716
0.2170248888097816
-0.03171255773394295
0.0047717399795653573
0.99948563980656524
-0.39042182947665421
-0.63039977135035208
0.67094479903306969
-0.17386011815303562
0.15929932394937985
0.97180058896107013
0.33148557051512811
-0.58074663917158464
-0.74353927779988149
-0.71021475037083037
-0.33477229120432106
0.61929195166537432
-0.90543500120890108
-0.35786077981934056
0.22830488574038579
0.78834158075785521
0.56947621584051378
-0.23283984117881254
-0.39922992107973032
0.69693946985610844
-0.59572715690268707
0.29663423983893622
-0.74153870163103652
-0.60177112072492556
0.75446958315994561
-0.6532308184714235
0.063758496575845133
-0.62798506070127313
-0.70229958602853426
0.33527608772497897
0.33887234524128595
-0.19048303558793347
-0.92134778817983631
-0.26123641359723965
0.59175809621915965
-0.76261254367465525
0.92517463671666433
0.18228018810808805
0.33290512852683424
0.4505005308138727
-0.31285457372488729
0.83616462938576752
0.18070050807690519
0.69523239281267568
-0.69570054359955047
-0.0065310550937701627
-0.93403751148132574
0.35711520895242549
0.41730685663145339
-0.80670276203046654
-0.41843236148843921
0.70680401998757847
0.44370112171747789
0.55096042681489432
0.13061314951666569
0.53115963437697966
-0.83714374391848045
0.19636342418685462
-0.97974321902835748
-0.03930178634063821
0.95794329151050717
-0.052453135978070956
0.28212287885969339
-0.82688561164809005
0.50533597689073195
-0.24677061354475269
-0.0962192135713823
0.46400585043985787
-0.88059095708353086
0.66729431639665604
0.45290186204614169
-0.59126829668083603
-0.72086904892666293
0.67614451165562695
-0.15223801646613194
0.96217476627137155
0.18200402393496642
-0.20271717840901374
-0.54713723443923745
-0.79800264247979991
-0.25265120083910048
0.86294170846342888
-0.48379116059059407
0.14586884769759637
0.63307297034667265
-0.26474304421772082
0.7274130427444746
-0.035147162871383461
-0.55883171112475205
0.82853593499827993
0.48162961856735753
-0.86757378996213352
0.12388958587953
-0.24422810670239528
-0.88386328401968739
-0.39892145474829571
-0.0033286566682779557
0.74702889474286716
0.66478323569719722
0.30838522664138035
-0.91711919056836988
-0.25256868824255002
0.50632736287808855
0.75890465866807855
-0.40950741220740755
0.47426648260687787
-0.63684528509286653
0.60786461184270757
0.18869311325815541
-0.0325045019996636
-0.98149802157655874
0.59667596864049299
0.80161210856190168
-0.037360619024197607
0.56222059472457331
-0.71018906989745623
0.42372100238922916
-0.28043954969560592
-0.58927856704004122
-0.75769679251911926
0.37428502583503021
0.61962424037102659
0.68991051606733689
0.88491685179011381
-0.20787698630672954
0.41678450544844603
-0.24015642568007964
0.51431080972512977
0.82329173578048853
0.84577732912422865
-0.52630313938287088
-0.087554069095734322
0.93313603171914183
-0.28589449138074624
0.21799423411089841
-0.37579598644124212
-0.042696613151637974
-0.92571830261696419
0.68936129754519537
-0.34439389751152172
-0.63731769534795435
0.75140773549407447
0.059273077538215299
-0.65717053899183253
0.66471803593129297
-0.058355775292186718
0.74481174547511808
-0.69614973562379445
-0.13242124863061683
0.70557788974855873
-0.74478932272455001
0.66513906141894485
0.053655323409992732
0.52464596650832285
-0.82029026037205033
-0.22775095733125189
-0.17852448395021817
0.03781656366914752
-0.98320848050785525
-0.98327993782257339
-0.0095519382472400525
0.1818497301382577
-0.92836077563572261
0.35344968293878493
0.11497648408049362
-0.4569253478279689
-0.46026334519463274
-0.76116810205271734
0.1436235680401492
-0.46480558532838018
-0.87368646467194322
0.091459993080283367
-0.79447002211303852
-0.60037692629669126
0.8231338119588244
0.54068799818185798
0.17351431131820177
0.1104926528372106
0.43085954101409674
0.89562906919445029
0.16753568419869469
0.61789512707753547
0.76820401356274592
-0.22090279014859521
-0.19147037572224013
-0.95631639770807531
-0.8621388653716584
0.38059719029676542
0.33445830166685553
-0.50220641695043466
-0.084544321916766849
0.86060500370695059
-0.20216425597251578
0.75603511792431799
-0.62252752073481987
0.29774071178137446
0.40028551362616738
-0.86667293492352449
0.30764375796274401
-0.13844826839609273
0.94137526798014193
0.66932989680234223
0.60899308092235471
-0.42558773083262691
-0.47287198117340296
-0.62732648646989508
-0.61875162124593852
-0.66723575423261794
0.65687935491161753
-0.35114948578137872
-0.58961048021800222
0.80761750532821641
0.010651136302054692
0.58291288631385263
0.72771864806886699
0.36143897994277552
0.17350231662531809
-0.53931273756740017
0.8240380556886947
0.87990832032765975
0.47454190518161532
-0.023902469428061936
-0.76536159379802027
-0.49754696560995004
-0.40825071677987967
-0.48558425035184333
0.774726716684915
-0.40497709844489965
-0.95672355042293988
-0.073025252080164929
-0.28168663550966094
0.98437321798783828
0.10839161115951233
0.13878265863757219
-0.13268453807419298
0.26175276086228827
-0.95597087065297548
-0.75620570338029514
0.47619514019315057
-0.44876622269455496
-0.088507781184036072
-0.84240144694659924
0.53153191329604543
-0.12042826918485706
-0.19191111964337232
0.97399545899268281
0.51574755199847067
-0.10714594597652195
-0.85001424039152484
-0.63615874873590283
-0.48844914813888712
-0.59725997362050465
0.25572703650870054
0.2630860418639
0.93026309040768895
0.98790471451446271
-0.13269897879294518
0.080220047789860804
-0.93031550768885873
-0.17207572396503401
0.32388732821079996
0.78250150093781212
0.2552611977043257
-0.56791999610563504
-0.64736924156256437
0.72754677390816569
0.22713158488975202
0.75667767166794464
0.65294715803831549
-0.033149811596223461
0.67361698457768282
-0.54344572732471919
0.50090607856261526
-0.99771178272488437
-0.041408140639274692
-0.053446838079826905
0.24502571264618522
0.95484606316229037
-0.16802200988472979
-0.41723065786453317
0.10762042549822232
0.90240590764550643
0.044972679408460565
0.22110547038404343
0.97421241476028986
0.51952183108767869
0.61438538468638848
-0.59382460887627742
-0.71526301081218158
0.24346154967835859
0.6550765597944298
0.6808461462798292
-0.1362400429844226
-0.71964378395391437
-0.27194087847494919
-0.035214330851410812
0.96166943879742806
-0.028790052504254565
-0.99906572461417609
-0.03223058761415739
0.4225550361906158
-0.84539762533873752
0.32672633267242324
-0.1004400589377941
0.37645706058670064
0.9209733308272251
-0.60727942984745809
-0.65755992434825228
-0.44589980934652473
-0.07177722989463739
0.88684397906398138
-0.45646005966197817
-0.97478552274777608
-0.20534768087885627
0.087324192518571611
-0.25163932308618314
-0.40984041543950994
-0.87676022089799299
-0.81029443350759811
0.068138847591793145
-0.58204813243877263
-0.064032114193412093
-0.52689849154504165
-0.84751275386243097
0.87367460274699416
0.027820891304450396
-0.48571461427664292
0.41252935725000184
0.84691004711916662
0.33550395153486817
-0.46889074225628413
0.86276012417064274
0.18917304239084376
0.26339364604831861
-0.68256234398919235
0.68171286755448046
0.29207912752881643
0.9377631892957049
0.18785628566527526
0.81091339461753198
-0.37108485486348719
-0.45245496673239788
0.35122561301250665
0.74746485928558004
-0.56385889449150028
0.34353170554579954
-0.7873377621548433
0.51194259011123278
-0.46070447045354085
-0.88679364261290028
-0.036720924899380891
-0.33304285720662974
0.19019089059069688
-0.92353120163855973
0.126529170558107
-0.64388148425714187
-0.75459061962675988
-0.25180643942517961
-0.96731022563879832
-0.030073982753047609
-0.51953827284704868
-0.6814873621862616
0.51541726613251593
0.32019432431033229
0.8754350155127546
-0.36206232653181797
-0.55844586290368115
-0.27875097234808549
0.78130411084337703
0.84157978054192628
0.39969577992022026
0.36329981626333102
-0.63995951542309626
-0.76597512267637824
-0.061105892190057014
-0.57933915598380425
0.61127442468652005
0.53917503657730415
0.9395828882216547
-0.34229431063489657
-0.0043128955510939194
-0.31321985714962453
-0.78830379084670399
0.52959461328820634
0.090459123597670485
0.94355420299096937
-0.31862613354214664
0.75808017887131529
0.1000988516240712
0.6444335980579976
0.0056693833310359123
0.78277789543436649
-0.62227536068206168
0.10183196416575155
-0.17391459185463953
0.97948147803528129
0.77961488311464266
-0.53957479758628557
-0.3178988389973465
-0.6035946401802228
0.43730386278256056
0.66666246477596069
-0.41458005178565865
0.60205639434019576
0.68238660500883463
-0.052167681742155532
-0.33160409546098646
-0.94197518908681999
0.99784075997889488
0.025798253259525849
-0.060400892820376945
-0.32655991023039033
0.87491066647466198
0.35761704478279893
-0.79475940310352877
0.042585215520622874
0.60542876591518568
-0.36005334157086077
-0.90565497320261623
-0.22394343200242584
0.20461187022800562
-0.87737764764665571
-0.43398438447923282
-0.89069564919024524
0.31452564182635656
-0.32822992116393945
0.18351372738203944
0.045816371754112371
0.98194886421933369
0.1474980272895989
-0.26198810333465533
-0.95373296349491166
0.24936260595275173
-0.348581799976377
0.90349821221609605
0.011755042820119996
0.99260488188685581
-0.12081956556236285
-0.88826687668310367
-0.29303582641033887
-0.35371169082694109
-0.089168499145538233
-0.69022315164396797
-0.71808145756230191
0.89583788714015211
0.3857381816037857
-0.22063665882457706
-0.82672318962685443
-0.35691930733715377
0.4348992708469015
0.40327316241065209
0.74987163871221874
0.52446475757133926
-0.71284248907721748
-0.6518686034233695
-0.25869462622378314
-0.52233736341212023
0.7585761347263863
0.38952012349460219
0.57494897479523577
0.12306496072602893
0.80888113578164766
-0.83420255650794894
-0.15948770286885933
0.52789181405778274
0.026245806155936371
0.87613140881928198
0.48135736427270442
0.5009230341946157
0.43753785763509029
-0.74675078637344283
-0.64362603682072139
0.4252514851675524
-0.636322794727049
-0.55023823645725567
0.8101668254022828
-0.20215735989074551
0.20253870442507355
0.76712161307417948
0.60868916859451461
0.92339752031680278
0.34137586665690395
0.17549796903960874
0.89829535673853289
-0.37289190244358122
-0.23241575065816597
-0.40278970966821526
-0.41879223874182669
0.81386332424738461
-0.86098287491692482
0.50753337661150877
-0.033441900740050233
0.030630003668143495
0.11912568656097308
-0.99240660702993433
-0.61165190678580261
-0.31512191348058699
-0.72565840763380218
0.52286616850118151
-0.49433103399596295
-0.69444063725085692
-0.35049259863384957
-0.228893796471136
0.90816439494175349
0.89137143005452046
0.22331339079817611
-0.39444657835096009
0.81316501561135479
-0.16614030481494671
-0.55781722499559094
-0.74733984567343359
0.42266805911567518
0.51267423074716434
-0.12075889338166136
0.93956051050837397
0.32037998808052925
0.46406748556759742
0.86164058430922252
-0.20546744829833596
0.71143138327412059
-0.68092874284734572
-0.17378559795623055
0.96322840293267065
0.26832159089432533
-0.013948750614838841
-0.98657621551943653
0.15916006711922467
0.036543727313319264
0.16632647129548322
0.84860551059304001
-0.50219935517433567
-0.22856883363729344
-0.90472753916794535
0.35947791053248523
-0.77655854824444692
-0.54158349636646108
0.32193809593143302
0.23696036006788423
0.19865771591436798
-0.95099153501184475
-0.13802841840113836
-0.97617776250993538
0.16740708376522234
0.56955368253438088
0.60975123355059468
0.55119146935983498
0.97281019650159706
-0.18023167781790678
-0.14545399236001147
0.72645527649949548
0.57824471427313573
0.37134321275771476
-0.63421299260074782
0.060416433880769414
0.7707942232097581
0.44916899207488009
0.2483553675894983
-0.8582347161167051
0.90917051166355922
-0.19731380150824934
-0.36671002775460765
0.38814984217529569
0.92154657886526947
-0.0095709456696123092
0.033415254771630834
-0.37335780428929871
0.92708541716759885
0.79280119658556092
-0.13627969892513569
0.59404890905831753
0.49632852289658413
-0.10046512127078579
0.86230201018398489
0.68694540584667063
0.70719494238612979
0.16727618733588973
-0.24161519712353793
-0.55365202837804439
0.79692630022595612
0.40339774051634486
-0.91263788603410245
-0.066048103087917892
-0.0066697897977885555
-0.9170787954601971
-0.39865021863950761
-0.43397288889260682
0.42584301089411503
0.79393026254126353
0.83087011557603752
-0.41741549036078568
0.36799342310634675
0.64334008903230944
0.72832632724634394
-0.23591161667826294
-0.71575965951582698
0.58756829491941753
0.37742762036617827
0.31793570063487581
0.46020053919934883
0.82893446905195045
-0.80206749224375451
0.28053901966284089
-0.52724339382530616
-0.3114604340941457
0.29734050627344055
0.90254142360500023
-0.83995038148417711
-0.52881209885251368
0.12182413862525304
-0.94578172616652634
0.18783348222198573
0.26498209261349898
0.078448720595936092
0.3407176539139577
-0.93688701482528258
-0.29877632076970101
-0.7424722657686752
-0.59955620646579111
-0.70839062838439792
-0.6931831133925197
0.13296574342518125
0.28803716188257372
-0.9449454397040864
0.15528267565019258
-0.74083599579662274
-0.15517943309795357
-0.65351462942724103
0.52933033624021841
-0.30813911474819011
-0.79048066459466226
-0.93798297170777856
0.32724573984038857
-0.11444723912162154
0.66941125326827389
-0.53107331372109523
-0.51947060499232667
-0.18538294162842239
-0.37969838474409134
0.90634557514003522
-0.95897751327533953
-0.24013440817491075
-0.15065721039077837
-0.91025315516489125
0.109160019541707
-0.39940366003081956
-0.43948908845714535
-0.82583287648032633
0.35334034761308758
-0.17455309880544637
0.83429957989940995
0.52294878016597768
-0.30526972140201958
0.40080753222386467
-0.86380768652967488
0.7515921720910842
-0.34906998607107548
0.55969576706970492
-0.67354447821926366
0.024000668688541123
-0.7387569314482556
-0.55475250726311098
-0.12716630484620514
-0.82223985952826084
0.3869036029636142
0.086032655287058238
0.91809802539708807
0.51571850567385957
0.84316030188519886
0.15203660161415636
0.49250839878427799
-0.6611793962426642
-0.56593045784012397
-0.14686091200862908
0.9512841437888746
-0.2710910369227677
0.5736114987187817
-0.4592229081543468
0.67829504580518463
0.80071803821095178
0.43034789903935955
-0.41671490143263895
-0.86191119413452477
-0.45770335334614348
-0.21821258845743252
-0.54487357685593063
0.24758350742928084
0.80113369177262772
0.22359605796588064
0.88028132348421928
0.41846098311191432
0.34723328093569289
0.57928849460156817
-0.73746449991364538
-0.01633750899274208
-0.10946978411023336
-0.99385585079868155
-0.28732141082633672
0.85011408942543554
-0.44130764987832016
-0.435200066085141
-0.78823508775088946
-0.43507051028291566
-0.97281843935252776
0.13125935869281261
-0.19077543031340224
-0.41300731417405512
-0.27210532155324174
-0.86912809897111287
-0.40804088422310791
0.91253594937875548
-0.027942403150723088
-0.037254002501316788
0.57960914914488448
0.81404261161512592
-0.67969388622039828
-0.52988387228061162
0.50718764075193767
-0.84992932183621628
0.21903841037226018
0.47921010284072985
-0.79429418422428688
-0.60327410686507388
-0.071812957700000304
0.95674071877970257
-0.008124198393759852
-0.29082846220643038
0.88043750997370185
0.024887375742581416
0.47350861614120093
0.6568963424667974
0.29049756763698176
0.69577177181223815
-0.87077068965612092
-0.11534924010372005
-0.47796752906792506
-0.4596870830490164
0.51932016813826432
-0.72041262387796323
0.08713257439644595
0.96078148104186678
0.26326196110726802
0.049940519509980373
-0.71312762307331878
0.69925312850274179
0.74387422904837597
-0.59812156501318203
0.2981639227402707
-0.55484830765079896
-0.48750665206046701
0.67415177793568071
