-0.97694348034166612
0.12832946276616053
0.17062527715453332
0.61154916634201406
0.19191447615602994
0.76757830283831252
0.41710220678611087
-0.62005094537705274
0.66450174885486901
0.060604502447002058
0.34420328840314646
0.93693713264851008
-0.066402650945695904
-0.97597280629900107
0.2075277555225721
0.9458991385766744
-0.27687184844950574
0.16916500576673441
0.27366524015048066
-0.86765668668791951
0.4150653085709779
-0.39190494743401444
0.86955547209100792
0.30047261627863353
-0.16635075406527511
0.9590273294203121
-0.22933383537293039
0.88628171687330326
-0.41072591360009131
-0.21403023672715055
-0.69484560577470089
-0.51636833757199985
-0.50055301825952281
0.52260603238983261
0.85255002502674249
0.0064334855761108284
0.38359088255462892
0.71865832563151
0.57998986699896338
0.81873588633648287
0.46158055371770362
0.3414892983015308
0.93252588364742384
-0.1224366662295981
0.33971273024450122
-0.83217943918248061
-0.46322458743710904
-0.30479560790085597
-0.36014469041738939
-0.24910645800736964
-0.89902267743543907
0.59627697556297388
-0.64494450874113018
-0.47801710121933377
0.26852579679677652
0.44632864670344347
0.85363026866819158
0.69140082988077023
0.72240466143075854
-0.0098182270952212429
-0.89555488109615244
-0.4417753011110323
0.053066357262516316
0.4834090991308172
0.66326844386123029
-0.57130606005488305
0.59902560495455626
-0.57072420585897066
0.56164241778508428
-0.52619678293094307
-0.71332593871479322
0.46290717297292461
0.064416525515566272
-0.85195869017771009
0.51963150546438497
-0.34773802473827647
0.88630376923115517
-0.30584946427575965
-0.50108565792048476
0.46365931933570592
0.73070732788137893
-0.69552961872297814
-0.057472010354096111
0.71619516718903309
-0.91376687605192863
-0.23387113692276318
-0.33216620469992636
0.79009895807277319
0.34040675361182415
-0.50977139832259821
0.44645237147594746
0.33372284961787568
0.83024655352878607
0.069209502879483464
-0.92977537062437698
-0.36156300265856445
0.83287989745388746
0.55203297531921436
-0.039631686532587265
0.94361086722804721
0.3306807643396083
-0.015772233351844762
0.95493314895254255
0.011804327819955079
-0.29658614073536932
-0.87712714506438261
0.18517363452309205
-0.44312379361608856
0.020840295791541646
0.98991760901491765
-0.14010285305271136
-0.35202472698183596
-0.6900304482208296
0.63240538590489959
-0.18071942526635354
-0.20831733500482452
0.96122025429549018
0.93568042153922415
0.2752149370370176
0.22081414624043
-0.99991386714006025
0.0090052922477765768
-0.0095479323699916262
-0.76956604692019848
0.42687236901323966
0.47491902467751651
-0.14202719525068533
0.88896819954213013
-0.4353892695187232
0.23901040352717068
0.64553033182825392
0.7253720546695217
0.69898002318808372
-0.45221664249589294
-0.5540099596882061
0.21890166663019661
0.030792222451351256
0.97526093912502643
-0.15965690957282216
-0.88468672570247564
-0.43799437050205153
0.020827294479823448
-0.83667293573050772
-0.54730669868067972
0.73890605654363395
-0.35489833380058017
0.57276959789142778
0.75090079494631301
-0.50597424461260165
0.42442674272211212
-0.36292119162660957
0.14280719974206185
0.92081176815359633
-0.43404079714498384
-0.89691780668317944
0.084540135251736218
-0.68945791477673757
-0.32268006931208548
-0.64847926460331839
-0.16548337291323956
0.91832226949801965
0.35958234471851408
0.12260102737482483
0.10408703806191739
-0.98698271342214217
0.42858021366492033
0.53892452167123495
0.72517539974571776
-0.10831033647978422
0.60755769600354814
0.78685609677913537
-0.77282670755075411
0.62926166868593825
-0.08227169877211514
0.74554533186913219
0.030167412885026518
0.66577179673516496
-0.53412679821128994
-0.57231041308449881
0.62222934237112804
0.071715937850937203
-0.11268404070942582
-0.99103941961334574
-0.47397994051109266
0.1320632077843506
-0.87057585835055662
0.45014845985990332
-0.18667071656017484
-0.87322414514525881
0.97085856844130469
0.17802699745932637
-0.16043699155655267
0.73928397434122406
-0.62546246653649007
0.24951133889331423
-0.1965377258080859
-0.39149206184208396
-0.89894765578915647
-0.21475686586662107
-0.59254048256421799
-0.77638602839419368
0.082572722655700231
0.53818989287552876
0.83876896978837479
0.34653189266541445
-0.28590846484205679
0.8934047218911394
0.3462531419687172
-0.58255231001231889
-0.73535132268603598
0.60343369233768041
0.7710019039877567
0.20352848203376259
-0.3913364500508662
-0.64181139657618258
-0.65949519640897747
-0.82963819049675736
-0.37694357434217712
0.41184222055468017
0.45677895049003875
-0.80559301451895049
-0.3773233167291532
-0.31190676361362263
0.54762926868722517
0.77641249016819069
-0.49561784924663799
-0.85998052379129142
-0.1216406437330578
-0.76940344596610466
-0.63458137627545952
0.072971324640758978
-0.028996677991362227
0.45976639991217294
-0.88756636381583609
0.0083103641262907198
-0.54143684329997721
0.84070035242376595
0.10763104933523407
-0.98194804602864294
-0.15554289478959318
0.45805000948403829
-0.84131339137283023
0.28702258849857004
0.22471830576104179
0.95959492281540537
-0.16934954137163502
-0.69871720780211666
0.15021863410323763
0.69944880119231834
0.77196953458256767
-0.042485625310925437
-0.6342381329739748
-0.165407756799867
-0.63744441642332839
0.75253231821707045
0.76037451968737246
0.17139920586906218
-0.6264606149133819
-0.57678594184254328
0.78325988965069016
0.23199552270938067
-0.1485254184593546
-0.79098142788162784
0.59353903057660373
0.28954074608920416
-0.92046877576347119
-0.26249455079792366
-0.70086077321112261
-0.63840429959408862
-0.31817310828177847
0.18010622117880634
-0.42183533195403483
0.88860379349174501
-0.26016120863007486
0.95232847382909713
0.15933180303530564
-0.20578224301484985
-0.76245453620648329
-0.61344661436667314
-0.34667568827068868
-0.52529333286719149
0.77709901660426917
0.21411308648063435
-0.60404864341488695
0.7676462874178257
-0.27160206093235778
0.15751936115636719
-0.94943139370793184
-0.38597240340861805
-0.45637242600246597
-0.80171660366466058
-0.32213809498642115
-0.044613515735063364
-0.94564088425378301
0.26062028339464305
0.88944385252079838
-0.37545532503382628
-0.3320282809573083
-0.81982884592101102
0.46651675644113588
0.24841216098415536
-0.24347570810127114
-0.9375558531841004
0.75756753728957893
-0.54191372335323029
-0.36389688496391537
-0.024335059271861904
0.9770202451528015
0.21175279325618046
-0.32739409179553469
0.79858041921990308
-0.50505685095436614
0.88575750226139749
0.41712579885746348
-0.20356747067047115
-0.067069284886014047
-0.99710075064018011
-0.03594167633358266
-0.17493731526495598
-0.4351836272334505
0.88318296310324429
0.0042185872311606004
-0.084041748878355305
0.99645330445898994
0.42964016299525409
0.12967944531191578
0.89364006837484922
-0.027363636857468832
-0.51253328199111414
-0.85823124286485286
-0.69299281686481562
-0.42860793814241915
0.57970353728011037
-0.46393048353994881
0.51076146374035769
-0.72380331140455323
0.78323879214468395
0.49587636842998428
-0.37502482812798815
-0.80323520780691215
-0.21305017004987234
0.55625787723061271
-0.83078763198135774
0.47994863095146162
0.28185319262805197
0.86423936230496934
0.26644808338055492
0.42672677851938096
0.99495887104646841
-0.040577127902656544
-0.091707914691744816
0.17914122987289358
-0.18771601675862448
0.96574899265383796
0.86951129897983193
0.061154363962665902
0.49011248169652544
0.8332298297411509
-0.14854472005162608
0.53259977184966645
-0.81911564091401401
-0.56087841373296721
-0.12027041123407821
0.60064196043606011
0.40140951597140317
0.69144749319896337
0.86472342419124326
-0.32100862224010329
0.38627304345822755
0.14936324056490141
0.33389367108410806
-0.93070169161656136
-0.91713448165079814
-0.024729036405508224
-0.39781002667803261
-0.14939785586153348
-0.18719069893029547
-0.97089645323173557
-0.30849877108390428
0.81565624789085756
0.48942148861316731
-0.20749721137454172
0.35325559199166157
-0.91222551707262045
-0.042529085583046244
0.23406159171117999
-0.97129112431088271
0.59335695758810325
-0.33002971839265199
-0.73417157794309673
-0.81823992991516648
-0.51783451148546644
0.24966144237152779
0.25193378279806167
-0.85215654387060469
-0.45864866054918885
0.034235892760101257
0.13656029746508785
0.9900399935372135
0.28545729975017525
-0.034694853311378608
-0.95776322604965403
-0.92625066999321604
-0.34863592751809647
-0.1432225065438914
-0.29307677571160157
-0.94950720073225747
-0.11199142510069261
-0.9006484941033871
0.42157159300383956
-0.10540247644863983
-0.90877511389430665
0.31028827571043499
-0.27901429770360309
0.87654235488803911
0.09198298462377269
-0.47245383967858062
0.94407406872073774
-0.20495479036383743
-0.25829767067472198
0.024876216496842192
-0.31975225795614537
-0.94717457070212197
-0.61250745060898326
-0.78696769669086808
0.074272924498458043
-0.3201828543695352
0.94437426054278173
-0.07510123695420369
-0.50227899980987134
0.85010084770424832
-0.15825408393628762
0.96680237145425052
-0.2511166412724844
-0.0472610518975599
0.33037902201479347
0.41910172419000602
-0.84569701820067489
0.59365355045278356
0.77793323681431026
-0.20590128968613708
0.2015900782070385
-0.74859896477290366
-0.63163362031277048
0.6281906933765129
0.10419694836711645
-0.77105087296890895
0.00061763066170278044
-0.32060895870828254
0.94721144108818522
0.11630740706254732
-0.98983721081365927
0.081822265618976472
-0.9672513963055509
0.10006168717462598
-0.23326464606692829
0.41058612500118191
-0.71273054428772731
-0.56871276159044815
-0.80984988730349183
-0.34272258501695529
-0.47611384117017358
0.90171933955513184
0.26077576880589548
-0.34481622797651396
0.46828437545363755
-0.88186871421068103
0.054930088315937715
-0.51477261134330654
-0.40351559723389124
0.75642866246578011
0.72521485490133997
0.44382988238266696
0.52638241776736483
0.87862468168785779
-0.13235400139876585
-0.45880397452795246
-0.65927638831797253
0.71381689864303333
-0.23626273302840545
0.10529041611819825
-0.94247573864358214
0.31725921632301063
-0.69558047535364931
-0.57356926101794792
0.43265009548377131
0.98974737554963321
0.12916780312996129
0.060957454238123696
-0.53203291149870446
0.25768249630015877
0.80656104058076739
0.21364670507258951
0.94871260827258019
0.23302247169803914
-0.12205551929694693
0.9924522292684661
0.011875303331055102
0.39452371702419742
-0.078187531624381926
0.91555324618718792
-0.33908157649098836
-0.89033713051206853
-0.30384778840057697
-0.53872927299137752
-0.29153062955556325
-0.79043068162433994
-0.53681717393046735
-0.78225766466076507
-0.31607003630966402
-0.97368760588881254
0.2203336904330413
-0.058185144140659069
0.50796731356629832
0.76084481780530211
0.40383706066562847
-0.73123689670277725
0.66389602894524047
0.15663544825879014
0.98936623302825011
-0.076378691177479349
0.12377702726073872
-0.23668282476498859
-0.96758918511574998
0.088047767196588383
-0.93607958744934505
0.32870205315096102
0.12533940407951008
-0.10052497234823886
0.023302244252318905
-0.99466161851515666
-0.45885448098060089
0.88525931255643242
0.075950739404801737
-0.67352585471258708
-0.72846491834840932
-0.12530676665417723
0.62950554943547643
0.66592651516369017
-0.40033066286743813
-0.82253337020387163
-0.14677428600042974
-0.54945078384703816
-0.63055561267141369
0.77613859770479909
-0.0029148724511036212
-0.35872178007236605
-0.079662377609661744
0.9300390261141136
0.87768851379742707
0.45819044842662526
0.14044353213541613
-0.97764781377019028
-0.11513876424261489
-0.17591991700501344
0.69577030049607069
-0.18256596495117158
0.69467500126969806
-0.21231398950056196
0.728198272199579
0.65165178295459536
0.034931343996402284
-0.71689124376114921
0.6963093750806445
-0.13524307535736518
0.42958411222995391
0.8928419799088102
0.5669259439775981
0.59774930250801905
0.56682514534579875
0.47747466468302219
-0.86278651798653239
-0.16618474348300019
0.15034100613759244
0.54560238753145485
-0.8244486743233399
0.31887581937184417
0.62156699456747599
-0.71552266427017541
-0.97701556650172228
-0.088372211854273561
0.1939869453991736
0.20192596153810041
-0.43648372649261352
-0.87675986596332933
-0.66769723569163231
-0.69563976322905141
0.2650768214393372
0.11836067750623362
0.99179479586604302
0.048309760021132783
0.14311194324754098
-0.61115903967740959
-0.77846233044412572
0.7480698902383619
0.62811872535367663
-0.21414552570352205
0.17745520259231987
0.80773674025052089
0.56220192949009107
0.77799385066049187
-0.62675835169479921
0.043583677165638067
-0.79558376188549296
0.40526854428935816
-0.45033752323530818
-0.031854566466120456
-0.70294004564643786
-0.71053541700737155
0.29155702770257613
0.77618393279656428
-0.55904651154058549
-0.37413864070457725
-0.79030860420216409
-0.48521396069750339
-0.54939430171649217
-0.66675700389713877
-0.50358812435914213
-0.11476504185775338
-0.96263028884259239
-0.24529963752565048
-0.29969580206308349
0.67652881141386212
-0.67267465654111858
-0.34385005493160581
0.35274827289552385
0.87025042125399565
0.2494891193448526
0.24283739718540884
0.93743542596636809
-0.51450252066804969
0.76739996488479423
-0.382602208724727
0.64155626141139555
-0.76434055419123248
-0.064723107639177935
0.077110053187280481
0.91463893196527124
0.39684967409698452
-0.17680050183619281
0.023452693777591557
0.98396725235398197
0.53259962600757371
-0.23775669262768531
0.81228652179347216
0.49141221611700697
0.48973981497375918
-0.72018674486583001
0.31664208319561366
0.1942545111354079
-0.92844115379117376
0.53273406328498341
-0.52921861814941362
-0.66039539067129804
-0.854007260666787
0.51484800235852035
0.074854079353441641
-0.65063007661437078
0.10003051097248161
-0.75277778944344675
0.43346416798224729
-0.75034730712437514
0.49908690001507439
0.29575978824835408
-0.95427426211967359
-0.043437084515899393
-0.25914354564448
0.52710437789647657
-0.80932416098444482
-0.55399376966594893
-0.49558561264914863
-0.66894379712086383
0.49002860624458122
0.26985054587210805
-0.82888639025774713
-0.29248228415350891
-0.91323037290354225
0.28366247454114069
-0.49227325538961314
-0.82335111140886574
0.28241811090986774
-0.89931705902207904
0.27786424538668436
0.33766890364314978
0.2931459330182663
-0.9369382725641815
0.19029486424834913
0.40896383614518173
-0.39278070797285614
-0.82369405495593984
-0.52065297900030294
-0.17580267443355088
0.83547225873760811
0.079963413079782789
0.84590375324380263
-0.52730701950256609
-0.58845066826252224
0.31105480394036783
-0.74630470986522013
-0.66078375365086539
-0.26343425249327179
0.70282801987711307
-0.40748660654535468
0.33829723658945365
-0.84823914387517541
0.035493433627712685
0.72407227130746088
0.68881025115264516
0.89386888025073652
-0.44832013413628791
-0.0027353696852711663
-0.066876596458595297
0.84143638343422766
0.53620176564353239
-0.60967665576345964
0.55937091336630962
0.56160355830142705
-0.67070270526710052
0.60380324977471433
-0.43078941109187774
-0.15954089238745128
0.23428052419459891
0.95898870673189873
-0.54092587979530271
0.043053520219840685
0.83996761066386216
0.84197472445173793
-0.3422790247880832
-0.41704152380133425
-0.92585160489822427
0.063055083205169005
0.37258940160634146
0.86148900470428991
-0.46112795235942849
0.21259752191973591
-0.79891057065568671
0.055381725185264775
-0.5988946189523735
0.61819883586822977
-0.77096368872966825
0.1531182222712526
0.75687168017679685
0.6287158777050128
0.1784981928983268
-0.073741140734839075
0.63519247256291722
-0.76882557642324323
0.62482448522380785
-0.11807594723491566
-0.77178522488408696
-0.67120681815320027
0.35579767917694743
0.65029948389719239
-0.97473613046812713
-0.22213011693964779
0.023402715833864957
0.95394961454324145
0.080336846910997947
0.28900886481421245
0.67763584949356404
0.62787332552228414
0.38286386951333423
0.63953752914956097
0.33704293969730842
-0.6909369042173612
0.57945639491483325
-0.41400108186391837
0.70202093316923952
-0.83131995843020468
0.0029680022344445523
0.55578621580454757
0.32984435595776024
0.9436834804882358
0.025771874134795553
0.58399690286935246
-0.018951798959827907
0.81153462449558522
-0.51427625495392559
0.73549629728391841
0.44109537548268518
0.46959407774247225
0.035024663180631202
-0.88218743763345464
-0.80404782189202828
0.52763424151230698
-0.27406059055328952
-0.49991311162445717
0.65419585810230008
-0.5675514602815751
0.75500549395149252
0.24093848252062985
0.60984863018926183
0.11227604351344622
0.71483094914752621
-0.69022518368559516
0.31195421013437646
0.85824538598958355
0.40755297595162771
-0.82071855898546897
0.21711682856097198
0.52847074629769331
0.60082438763760504
-0.7003469872866569
0.38538831406569685
0.41732127715053818
0.88841181931699043
-0.19122602054981691
0.39236800554595186
-0.46273246834286935
0.79493774030750819
-0.74648451381351699
0.26666715098050903
-0.60963062687543479
-0.11455354382280253
-0.90455499411958984
0.41067961747686749
0.75243674908186098
-0.25196434874965595
-0.60856627050000234
-0.92384186480820707
-0.31065621813689942
0.22362674920629166
-0.68485294921448125
-0.11398298666289049
-0.71971127315308492
-0.42273416601808406
0.65848768902117261
0.6226474028601986
-0.11143104927751576
0.77928695229175204
-0.61668060391481772
0.04998013323777082
0.93831635259676693
-0.34214676489926732
-0.90961078273760443
-0.15608197362905182
0.38502810473463184
-0.64375978890211827
0.47282319794005651
-0.60167396294208897
-0.51852321776719235
-0.078574117925956644
-0.85144570034061184
-0.35449421248092944
-0.31267484065835704
0.88123112594642095
0.45551382204305735
0.79817172035118245
-0.3942449273730228
0.42276595458637978
0.87994431605192291
0.21671859239710051
0.64985133418694752
0.51467150781339444
-0.55929105347800012
0.78339241181028085
-0.59989175924251614
-0.16256139243679721
0.23884176471101332
-0.75575683357616974
0.60974274897914993
-0.6885435228621346
0.62412527462256684
0.3692904801127519
0.63395505209317837
-0.72197783707358754
-0.27721651231497701
