-0.39123672504463441
-0.34581486461182531
-0.85284576823119318
-0.99503657985117511
0.012084133533213208
0.098773369259267538
0.96533244905282745
0.17522320524629112
0.1934685792289961
-0.536146769441874
-0.05164089584719575
0.84254368402661528
-0.82008243977657624
0.11072621136694738
-0.56143075983278679
0.38822487804374506
0.51069552548163655
-0.7671189766398393
0.87831901913786625
-0.47793577728286507
-0.011536611882188522
0.75916362875516274
0.62104505068230365
-0.19486823701749953
-0.26202461907937497
0.92795448877242925
0.26503502742733431
-0.08526039623307663
0.53762424889345883
0.83886282063035966
0.53924518960154999
-0.58748763922185832
-0.60338453680312032
-0.70129132495918656
0.46918648995037771
0.53670710372141783
0.34635090968301396
-0.77342582068691013
0.53089881075071954
-0.76642129561711392
-0.55964521943988943
-0.31527071856209959
0.85168096999278997
0.022016646677180569
-0.52359793030648305
-0.23397522603496945
-0.64812830422152135
0.72469669163645289
-0.11585386453146826
-0.82325614384917678
-0.55572223609255345
0.72262319325422875
-0.28488986149179552
0.62980432468366487
0.1863222656770768
0.94857644798872753
-0.25590376244605983
-0.77719182809137599
-0.50738798564312038
0.37219658028117597
0.57130695581844149
0.35043439932807002
0.74216177077577916
-0.34635013942057907
0.77343043633128494
-0.53089258902318803
-0.31967206767636158
-0.94299269235930139
0.092598873127460235
-0.77608285870440208
0.62203584137731227
-0.10376323273309415
0.1352352159602194
-0.12844784002861009
0.98245233408862009
0.34782304662217944
-0.93475849971507585
-0.072427035345137974
-0.24670979914312621
0.2971680961301939
-0.92240197183717798
0.26913725671552813
-0.14329096655263643
-0.95238271506367178
0.41257096659675407
0.83090135628383255
0.37334720254356774
