0.86421550581546747
0.44042070740541112
-0.24323067240097984
0.40499295018219034
-0.14331472482425506
0.90301805073391195
0.43526431630303181
-0.77078997332208521
-0.46521800478850078
-0.50703072965867724
-0.83422577268052378
0.21676530944173811
0.86334163833121869
-0.49762769070774654
0.083713182739890382
-0.40631060790238133
0.065577392961040273
-0.91137878812183826
0.81252459761788776
-0.31495517694131558
-0.49051708918625236
-0.10390824006610544
0.57936225475576919
-0.80841972725229561
-0.55865165590439392
0.18072492974417945
-0.80947317875531866
-0.98101399670943401
0.023338994823963854
0.19252747746955454
-0.72229369741138649
-0.22572626187840331
0.65371206916974611
0.77229513868985256
0.23902907123234643
-0.58857907018668532
0.10054277537992189
-0.91812932731349295
0.3833140861562167
0.17975912133324512
0.77439722663153143
-0.60662640371392684
0.24157645525254209
0.22453635478755588
0.94404673700317054
-0.18408216277082218
-0.74039171792580338
-0.64647804400187781
-0.45240591248168432
-0.52194343720934266
0.72312097100396122
0.78772859569152864
-0.50900135011798664
-0.34698888326273403
-0.45590686995594676
-0.14768918628517805
0.87768834456280276
0.29486762470843603
0.9546573700348121
0.041016944511025923
-0.33108842386955922
0.024015333732445188
0.94329407891987227
0.7048865289820756
0.46141224333309094
0.53873344332974726
-0.6935409303992135
0.13043338874580435
0.70851119183911226
0.64170845482637728
0.63919104987233732
0.4238455624014984
-0.25855186426542298
-0.20264213906717593
0.9445036246405587
-0.70377973919592918
0.50712684523939833
0.49751024264314908
0.41813562258772197
0.30755453035017571
0.85473552165816813
-0.15683899059710713
-0.40982679976312458
0.8985786138254106
0.42239394780059059
0.85411795983854544
-0.30342357117184049
0.78687194966263596
-0.32119204817987324
0.52694231469881037
0.7980530476081914
0.59138922067248723
0.1156292474924322
-0.68720553623759317
0.29285850578299277
-0.66481760397492085
-0.8174397283631647
-0.067764864227246716
-0.57201417261272314
0.47852279323752489
-0.30347708826391789
-0.82396455824932857
0.20660795458556194
-0.22840543877136077
0.95139061832752614
0.43817335071247893
0.091354265033790516
0.89423627357960311
0.42202900449855713
0.27231049172306743
-0.86471874933963244
-0.87423835752125656
0.42276230950797633
-0.23870342246817
0.22884769970507729
-0.97343011703399351
0.0079080712490793674
0.99366055808811549
0.063668024042009164
-0.092655696072076368
-0.043347134868787308
-0.24940899017106888
0.96742761048076087
-0.49142078630413788
0.86545292264812357
0.097451780219983936
0.31268656618280516
-0.88643539580147912
-0.34126148390798666
0.44151320639148622
-0.89396887347486476
0.076718588620948949
-0.83379836332382817
0.3685863383871702
0.41100413680745812
0.63890287195120909
-0.66344793546251801
-0.38940975481235601
-0.92105999780886738
-0.36945133214667392
0.12310237045393281
-0.32621634565132218
0.50490650888349031
-0.79915725180779218
0.96517680370174685
0.25824004309817361
0.041782983817974052
0.89882954342384891
-0.13515157444115419
-0.41694064780799728
0.47005987276034522
0.72416839441077951
0.50460266800428411
0.21655630873742285
-0.54590448135740421
0.80937733003829893
0.93017176703893456
0.010726307316155663
0.36696788706237737
-0.83899552670032607
-0.54379073047193927
0.019446018349191515
0.41774713109455003
-0.11953930077597615
-0.90066513756904332
0.48820114943199838
0.86478854868900912
0.11747511970469819
-0.69339158010931634
-0.70950583116326094
0.12573620074917147
-0.11515324322414845
0.9351151006950672
-0.33511114428949473
-0.79813552925224018
-0.55679650459210828
0.23012459542442812
0.27131085925712545
-0.9395459430879961
0.20891107791605534
-0.39902308343679316
0.74406100372503059
-0.53586733584003265
0.74916697964747536
-0.6622034037852581
0.015345638504073361
0.93559432182067059
0.2102850788059239
0.28362554646665011
0.37482373380276396
0.76850345741146953
-0.51856494725807711
0.84018762555443738
0.33945698428005794
0.42291099499621082
-0.79946074792434851
0.59440049096568537
0.086894009390714663
-0.51694991255522482
0.076823184174984183
0.85256142669156809
-0.38989694807313913
-0.17637796019829588
-0.90380926363892744
0.73752268518333108
0.60608899709709529
-0.29785301146338333
-0.11097533045381812
-0.45737604804326454
-0.88232172517001484
-0.50229189687244613
0.85718222905251495
-0.11376061063848852
0.26033987155144123
0.0084015312505452081
0.96548048429433575
-0.55901355992144908
-0.82913332935570339
0.0064623506153094227
-0.97444320865696199
0.04074309821119549
-0.22090820050527224
-0.33201059551261131
-0.38703233651508345
-0.86021795782175836
-0.71682267601871774
-0.54854520877251334
0.43042235661973244
0.850114622935772
0.13814973157066734
0.50815330318489782
0.96708345365028936
-0.14407759819055749
-0.20974088627511045
-0.55006841770348425
0.2776452814621298
0.78761528269009606
-0.69108882746967526
-0.17678436658502533
-0.70081632420893325
0.060398800127332453
0.45269833598072268
-0.88961576061997871
0.97049058393242493
-0.11934928769653286
0.20953227442289418
0.70893065528712929
-0.67810812031030954
-0.19387290466535115
0.98922183022191668
0.070967147908290562
0.12807745519865826
0.089655797418133246
-0.69715538475343086
0.71129192846440659
0.21262971584738777
-0.12699222053597362
-0.96884548812594562
-0.1046699281032572
-0.88051103983568357
-0.46232511815641403
-0.4384603155374161
-0.7877215275222017
0.43272086473489918
-0.71513388277836676
0.32600564118140835
0.61830724694138595
-0.30822910864231379
0.9512614531949638
0.0098216216059427534
0.47516016004221429
-0.83257522699071362
0.28467756095277208
-0.66603174367419526
0.74542388425408002
-0.027293757562332596
0.66062624715832374
0.71666015652705894
0.223542348587736
0.7786588215445186
-0.13222640596396412
-0.61335684327865336
0.85528096081894789
0.053648938611338924
-0.51537973325160369
0.59927428183969444
0.17248802875802921
0.781740503658783
-0.60569826258479109
-0.56859624705810374
-0.55662188470559171
0.55626927379300961
0.72613048878027164
-0.40410271998283009
-0.68974553778313374
-0.64325368260334947
-0.33237898989780434
0.21263372974069208
0.42865313233460922
0.87809076359809779
-0.23169441956908676
0.19004071899184397
-0.95404518816752437
0.54044252839538554
-0.62018501493558942
-0.56858809409883493
-0.30510880314681432
0.86741615673638239
-0.39306211885019177
0.95097368258174098
0.052388704124755749
-0.30480236009101219
0.27726733648630753
0.4622913048020782
-0.84226455085215413
0.024975517102012752
-0.79198352799818428
-0.61003140486784468
0.44805542586275349
-0.49201134897001703
0.74643899137146563
-0.23135527346083812
-0.83164187191527628
0.50482327038193886
0.078196306826028933
0.96212195316192617
-0.2611640956231347
0.55402549462236417
-0.59141748439862674
0.58590196317817944
0.53092892346413656
-0.28221377685811067
0.79904309169198984
-0.37527645825680322
0.61957529902539155
0.68941571545463531
0.43738464315955439
-0.74389721102549478
0.50528369591416644
-0.10519903580202643
-0.9307294595906197
0.35025110409030435
-0.16941428846978257
0.82108443141359699
-0.54508637421282835
0.58661837502452518
-0.80764109204681123
-0.059956221704004352
0.30257737757759523
-0.86447299845847758
0.40141420691658913
-0.983690665808298
-0.17262463402946687
0.050531274749601653
-0.5424351093946268
0.62521309934298619
0.56113521766680841
-0.91036995546715116
0.24047318653890654
-0.33674796322852735
-0.99924903967875212
0.035229677583592404
-0.016131538006266422
-0.80851196166578543
-0.2789151960113358
-0.51818406119573168
0.38107789350435495
0.50805213557548945
0.77243942585776149
-0.17397292348913906
-0.26354216571542322
-0.94883030557769732
-0.37864339505081523
0.43938948508079523
0.81459564188916822
-0.35734895376955
-0.92973727879763957
0.088827460020921789
0.8974396640573411
-0.33437280205199749
-0.28774446758285771
-0.70315648192271551
0.059166492380804285
-0.70856918371421018
0.27185825305038314
0.94630465348783011
-0.17493025191679115
0.89154063388181237
0.23628532991689394
-0.38642533690699021
0.52480005753924752
-0.80782269561664322
-0.26834193122481359
0.99098258772951797
-0.13398964106276531
-0.00053563493136315045
-0.39832324092997279
-0.90975359067920847
-0.11699145259945327
-0.0021784961620484353
0.26729839566871255
-0.96361134376230972
-0.60954410952835303
0.69684562444600739
0.37797110237389991
0.94995545375271795
0.2576655617443373
-0.17661566798119277
-0.80128952311598645
0.37389624547774947
-0.4670510654759259
-0.4203015569575721
-0.84959813148456087
-0.3186371230678931
0.025546008564292313
0.33214673327925076
0.94288172589055685
-0.97255508254796752
-0.16731505595569876
-0.16168575528059817
0.27486457400342623
-0.31954871603457752
-0.90682858580801695
-0.45853542608809661
0.83495365640545605
0.30429862746546743
-0.031088395894420303
-0.96806807750073931
-0.24875230444105262
-0.6507287678812026
0.73758223355832553
0.18034555550643261
0.60860392889814308
0.24685644892260314
-0.75409757416070922
-0.65849809969887463
0.71287447832593376
-0.24122651356038494
-0.15200529182513731
-0.97842546064089786
0.1399214394823102
-0.13394629483817239
-0.027570065426614991
0.99060500785706596
-0.13429939681674374
-0.71762680706444282
0.68335601101998933
-0.25600585767159795
0.67830425448447518
-0.68874112639371987
-0.47854948417305532
-0.49162463111778831
-0.72752705329492817
-0.8665421655776363
-0.17970377628437068
0.46562992608417814
0.66488186778578562
0.56525688760512671
-0.48827937997078102
0.14097168083000564
0.78900420244564995
0.59799611514379147
-0.40166264671228985
0.76676230381325317
0.50074213691986302
-0.96270245332906168
0.24095548301971134
-0.1230627545480099
0.5028232138456219
0.6122375138254178
-0.61019180778082482
0.16050917910447746
-0.666962632750835
-0.7275971755973778
0.583254223152328
-0.055439747098052043
0.81039554886282439
-0.077401591008004478
0.94979480974976493
0.30314817017728724
-0.76363456413037567
-0.47427583433901999
-0.43809209696984663
-0.3505359370448255
-0.69659435989817253
0.62600387746256136
-0.52517849225281643
-0.7239671119773653
-0.44727974697074263
0.14189768666723873
0.075845285957112943
-0.98697139731431427
-0.26794653724550677
-0.57517652671906272
-0.77290142727875555
-0.91606378191471327
-0.15601751118177959
-0.36943968881098282
-0.74996013499745473
0.55434711308915663
-0.36091421989763334
-0.23020841196239256
-0.92917083019959767
-0.28921558631571692
0.12026306634450279
0.62178748921879701
-0.77389735309303276
-0.47362748504085966
0.58897900887827725
-0.65481350972214414
0.21557641209866971
0.27832306575436361
-0.93598241522784853
0.93974436523433302
-0.33421517914663285
-0.071977371710172378
-0.58406855483642639
-0.78448983458096022
-0.20842174236491243
0.070913313168041128
-0.077037737718292601
0.99450313673853175
-0.92671427526398709
-0.36480086421878599
-0.090116488431197184
-0.049223821333811431
0.85311397946698464
0.51939729827108494
0.61697389903413291
0.76175037321447958
-0.19768555035262558
0.61331127272953045
-0.69164949760259564
0.38140563080395207
0.69226996011182984
-0.47810809716491937
-0.54053209872504859
-0.36700119882869414
-0.36922508187700892
0.85380498884184175
0.33293194372439072
-0.36812193704464691
0.86812588966946269
-0.016567763268762116
-0.83584390491486749
0.54871711822845126
0.61439814843256679
-0.12788707856667933
-0.77856265665539959
0.00033273246977619502
0.52377840846860435
0.85185448763929117
0.013777310521438418
-0.99939653964381769
-0.031886396202126632
0.57479645254070688
0.38158797683113943
0.72387820390210444
0.83625793131615356
-0.093954387559388813
0.54022703132032146
0.84602247579355805
-0.51481235387278923
-0.13861533375531201
-0.81432317421778944
0.17299962304552607
-0.55402969086319698
-0.19339951502483654
0.58573660655252624
0.78708910253699294
0.66698208053873898
-0.30961437265890035
-0.67769745792886893
0.73527408855610288
0.039501031273521274
0.67661782656557345
-0.77779420983272474
-0.3664069680854159
0.51066828850941992
-0.58927500102312236
0.66370622821522274
-0.46070491184436263
0.47400287171566347
0.45113640582319126
-0.75617274543998036
-0.048155552708911531
-0.63328215080675421
-0.77242136183100907
-0.36165709780573757
0.24055241126524979
0.90074340466150826
-0.62875283782434199
-0.45323778863304814
0.63185866764875598
-0.83507571050221285
0.17716619016608948
0.52082693746700293
0.11536447494237755
-0.50023907438632709
-0.85816776120894922
0.53718466858762548
0.064752728015683672
-0.84097545508113958
-0.11264810515831318
0.98606599437694786
-0.12241020846989401
-0.92872892240270244
0.21052528505828749
0.30519124011649124
-0.24281801992311852
0.87445437911348134
0.41996303176573996
0.17447788747356649
-0.96444395374814385
-0.19850775012933314
-0.23421954855955288
-0.054406462377628695
-0.97066015676142314
-0.54623060876749785
-0.63715841232073178
0.54374744105550787
-0.028035187659582586
-0.56679355908441853
0.82338271152199316
0.52011143838351337
-0.47139653069849574
-0.71222847633891673
-0.52729063396979792
0.40425786723292523
-0.74735544696483969
0.090828023741800032
0.99501404916559832
-0.041198447376557742
-0.18427578344959447
0.39413067308260402
0.90039071972643736
0.89569328528662062
0.40086524640704491
0.19245932795133516
-0.55862035629289797
0.46107330890917703
0.68945971698623432
0.10786726497073622
0.97871252495696759
0.17460368449746419
0.29837725517949676
0.83732099295925866
0.4581097776093308
-0.94799565808373221
-0.17878140376319279
0.26332763228125827
0.34362063686246797
0.080877599689728033
-0.935619405415824
0.65007687285163784
0.41568057950095633
-0.63608939246711582
-0.21576307722587254
0.7540646068042669
0.62034898506497815
0.23470240844543888
-0.80180271023162986
-0.54957000767429387
0.62503018958335266
-0.76499438353537363
0.15530890273494283
-0.88553077395023649
-0.35083337243635576
-0.30455080556785347
0.75574067028949576
-0.60814299147891826
0.24293649619901914
-0.6249093622526426
-0.70585636149333886
0.33354922561502148
-0.72266751559850739
-0.68532775771869514
-0.089875059938485588
-0.02457389943323645
0.70627972965146069
0.70750623103270616
0.3582350875040447
-0.65728350130479585
-0.66305808266959387
-0.76878616001991573
0.56624884306715562
0.29720378175073792
-0.96841308394423875
0.23153922783067563
0.092550984982242179
-0.16982460990137882
0.39513987641690002
-0.90278684080854954
0.058930600325138853
-0.9820656285366246
0.17909295238027473
0.89445683090490691
0.44611659441877299
-0.0304460478838657
-0.0036609570357047029
-0.12901217410888602
-0.99163625202252526
-0.066389159179248411
0.069065894925284615
-0.99540061367353094
0.71918075024250816
-0.51856319987249733
0.46246216733763151
-0.88937529560664608
0.41132637626094365
0.1995549943164332
-0.55965440198528749
-0.058325055110982002
-0.82667111857424358
-0.38604267031278977
0.30272941986831758
-0.87139311165739808
0.23115998627474937
0.88640271325120668
-0.40106768840977047
-0.79691651134002328
0.58998724973156957
-0.12976563145850775
0.89844194097255314
-0.22660500662473984
0.37610138217516992
-0.79781252512268186
-0.023570410790875587
0.6024446949658695
-0.31379994275360906
0.92927751282698634
-0.19486636467569751
0.73270500416139539
0.26533720477482975
0.62668935258158753
-0.30980843900636412
-0.90218511909980814
0.30013453982390098
0.057847529722125
-0.32008980077308113
-0.94561947037172245
0.71379712001046391
0.056845108459640178
-0.69804176458789258
0.77866309122811239
0.62022914329804335
-0.094866222454862759
-0.91583642574049096
0.014893919856483917
0.40127523277445198
0.38943923164487676
-0.91131129467660166
-0.13359943506880553
0.32692421421520124
0.68536933809266598
0.65068381612131254
0.049515466699512602
0.13079486114921707
0.99017216828917509
0.30455701333981205
0.91811970223485839
0.2535768877356695
-0.28709989500468946
0.93315891228994818
0.21630555864826273
0.49029988379307565
0.8118927792194448
0.31691661206667943
0.033208887054198839
0.87494727584981247
-0.48307808302966282
0.090882354298101459
-0.40753250030868116
0.90865706340147323
0.78541848290860738
0.52714388633999087
0.32440272779357521
0.4689022124050396
0.87855255634953688
-0.090973187991589224
-0.90498808232631123
0.42511567108962828
-0.016529883283338695
-0.86832073335619775
-0.37573916236625537
0.32378879827452267
0.84736337188676991
-0.42745918233644098
0.3150459703296411
0.10329681130692246
-0.90472300231987313
-0.41328689532470902
-0.3077733951067359
-0.81363156422085381
-0.49323342847783513
-0.027213146518237696
0.73901630486783276
-0.67313768710128807
0.65057361683368664
0.7592844596953261
0.015526697817375949
-0.53142502482340159
-0.29198084982990336
-0.79519470969320116
0.33252917841297347
-0.65982141885343926
0.67383977377877258
0.63755141619167577
-0.40471391036504567
0.65554164053019737
0.11525056467383493
0.91390852032047976
0.38921526669440054
-0.63536146137460314
-0.077072433046847674
0.7683590654532344
0.32478625928765104
-0.49779029821032122
-0.80418822721152416
0.5350529975950038
0.56508204573820819
0.62801319361055019
-0.82249322952942394
-0.5297788577422643
-0.20697644616612851
-0.90733677520360823
0.045929754539651674
-0.41788806397293043
-0.10059148729584959
0.99070293821626287
0.091591707557357904
-0.55637846309001793
-0.30606657880505378
0.77250647579690812
-0.49250746798671413
0.80798155462131627
-0.32342263583280079
0.70180616362641912
-0.18890237109069871
0.6868653455316257
-0.1618392596360603
0.18895739161186148
0.96855725602345955
-0.19467710498094712
-0.97793625185318311
-0.075772766265888622
-0.66453651500908772
-0.38539099269652538
-0.64020700009290998
0.93707776838119294
-0.31570907044210755
0.14904039333785932
-0.25226228137833767
-0.56653899228715243
0.78447263279993029
0.20028578273614417
-0.79730956185503987
0.56937076479943594
-0.65582395317492548
0.49198387026083107
-0.57257908959827286
0.32045203288682977
0.63166307713538761
-0.70591235405151498
0.16986176333056247
0.61824653528256557
0.76741006181137295
0.79597250826457666
0.4091508094159349
-0.44612036631528457
-0.40417715710778163
-0.6669910564096504
-0.62591034209526397
