-0.40923248537225348
0.45029662229082179
0.79357527990073207
-0.50090649549258692
0.74168754863363839
-0.44608548841579609
-0.61437307405906483
0.7777952535474858
0.1325906083786382
-0.413722345684367
0.61852900432871705
0.66802372075065664
-0.73779596412251869
0.49844853370697012
0.45519904939476136
0.34497241461902928
0.58117887619831188
-0.7370380906118652
-0.89106504040291401
-0.08240002293118491
0.44633320512000169
-0.71491605284952431
0.14846055990422904
0.68326751681239684
0.92026075959216602
0.25948505474339467
0.29289527261406406
0.69290795959182516
-0.69343965496484117
-0.19753481833979403
-0.079525076010971613
-0.62113933747007455
-0.77965485038745574
-0.02221961103065111
0.77276718857641657
0.63430052904388112
-0.99088514292729701
0.042982433965968098
-0.12766810054321076
-0.59358606801735003
-0.79528680024586684
0.12318476046326671
-0.31206911415233451
-0.34512455027941646
-0.88515643407626421
0.40020255012406486
-0.57293854780032027
0.71524774681130976
-0.13373378518208676
-0.63014457038710026
0.76487456168480883
0.0095863721597804867
-0.075665176643145746
-0.99708719905150511
0.79165212013741026
-0.50939012427184149
0.33735533488632047
-0.031943384867661628
0.23133866657840699
0.97234872422856666
0.93157298901564523
-0.29078500332171647
-0.21821055881795856
-0.41667615332056807
0.50334980583914224
-0.75698081627982639
-0.2227649643378424
0.70839977810322019
0.66973541420987159
-0.34581799880810155
-0.11852592907556544
-0.93078542953633192
-0.6480072041950099
-0.14556015830566424
-0.74759541439564536
-0.21028735930348852
-0.97616285222858179
0.053715104450475705
0.15001426067134513
0.6517482962548069
-0.74345132989603702
0.54960039632920843
-0.77159638883136761
-0.32027865538803868
-0.57095929493611475
0.65714865765830499
0.49209869463751116
-0.41083911332026796
0.025753081530542152
0.91134406332509632
-0.68178887771570718
-0.6868122887799738
-0.25189840452843365
-0.30904899748651754
0.84546555636631071
-0.4355188975817047
-0.023077970135755233
0.62270896804856402
0.78211313018405837
0.64676041463053968
-0.31432991331980553
-0.69490839083960987
0.8372897741939912
-0.48871694058632265
-0.24515624816455311
0.05208339244049378
-0.97056100212287921
-0.23515667413476102
-0.8301179028300405
-0.52728680491831625
-0.18130883254846886
0.054355975330679387
0.81015837371488875
-0.58368556384880499
-0.081072837104957149
0.89766030937944141
-0.43316643919925157
-0.40641418158233822
0.31406747062236118
-0.85801464842136044
-0.99114306664533502
-0.13276570624193801
0.0029476578770542146
-0.45074946687553219
-0.62580041337798054
-0.63655224508862751
-0.23644709130559108
-0.93698437345675922
0.25720236567918614
-0.48319681095644623
-0.45009670951449671
-0.75095525430330623
0.54876922375134274
0.73294607200626116
-0.40204775163398365
0.57649148054541066
0.062924850107961172
-0.81467664511599391
0.6567531240543848
-0.10597286432464069
0.74662245216149048
-0.74759104107697394
-0.64690086009363246
0.15042244683412481
-0.94484600563977594
0.25930173413032792
0.2000715779504047
-0.11934962340399617
-0.93091410504235006
-0.34518776981017835
0.39311678957123564
-0.89163095415730786
-0.22461841274867364
0.24168940725628291
-0.37476665477982446
-0.89506211230575872
0.17696935874235939
0.47225731933398418
-0.86351309799087439
-0.83103412570612123
0.42225903222130512
-0.36204915635779256
-0.64352876921170088
-0.23783179384253383
0.72753471465938713
-0.1196485916576821
0.9491612017558313
0.29116529256722745
0.043121188879761248
-0.88393240799601069
-0.46562223010072218
0.83281294853621868
-0.36881234499943089
-0.41279540565082645
-0.76497331882542685
0.59319040288159497
-0.25088038467441576
0.66877814376503475
0.64166602059530331
0.37550034944801663
-0.55545544645170153
0.57063680896422542
-0.60484946826649955
-0.50979399954944016
-0.81045848982877977
-0.28856041704959989
0.15153479310895515
-0.66863184299731049
-0.72798946764870576
-0.32352216671236533
0.89173771941188262
0.31644469883983017
-0.42802407455180752
-0.85383158180783614
0.2962549940703062
-0.22591018126199011
0.13312122524819509
0.96500949704683947
-0.58242201645467762
-0.67802606487575545
-0.44840299965317509
-0.73138196318885962
-0.68012586604814607
-0.0500922175020116
-0.0084055919969975579
0.88862691928671567
0.45855375294743894
0.20435360062040739
-0.61604292140114425
0.760743534251208
0.20412900577761708
-0.79902275353099483
-0.56559171523280682
-0.45170983327500747
-0.73732678681638908
0.50230213613490027
-0.96399447436859942
-0.1597067261590315
-0.21262270576392378
0.9123967021292072
-0.36954375780432408
0.17598201331842314
0.14245987728485912
0.10392021829867425
0.9843301131189367
-0.84431422526169175
0.039509388975869947
-0.53438983635872295
0.52267846599200496
0.47195245554338605
0.70997753548602693
0.004002852414173059
0.99309390178264145
0.11725391001872688
0.52844888765365072
-0.52695627007822654
-0.66562666905921231
0.17327687873658593
0.70027577667096119
0.69252361685590791
-0.22416038775223035
0.43008286342103325
-0.87451749619680819
0.61278053133913157
0.76446914746127881
-0.20021723949639536
-0.64189759918727307
-0.4252024781831637
0.6380989928721964
-0.27601592183661544
-0.84576816638956365
0.45660860659290986
-0.056525825248419079
0.0048099379051225006
0.99838955101570159
-0.52082377184227246
0.85113944495898508
-0.065606736840809504
0.43058334659904723
0.88486598576227438
0.17779248823424224
-0.387259103143545
0.25973576301104911
0.88462857767852232
-0.22066332407052633
0.54566635543039321
0.80842805861836453
-0.77123701774289799
-0.052179898336946418
0.6344058012601923
-0.032395606020933422
0.52983892081273676
-0.84747934647549428
-0.70867614266520296
0.046518520527622044
-0.70399868754500539
-0.67043881037024711
0.60349944481987583
-0.43162509386205694
-0.30585148293361386
-0.5116657123906182
0.80290290144643928
-0.12859663510470681
-0.42355071235216157
0.89669822097834184
-0.37889809128464341
-0.9180651553481739
-0.11658733617502046
-0.20727637552385528
0.35740680615618969
0.91065738840846477
-0.8585804636525548
0.23523621927259189
-0.45552553010396801
-0.0089794931546682104
0.34526850604682641
-0.93846098876558415
-0.52252499535341901
-0.015909317720167633
-0.85247552624142131
-0.32428871643773582
0.94280955834025482
-0.077116568216040182
-0.865907880495556
0.30210715439804064
0.39866628871427301
0.4605808819088888
0.67064530536543832
-0.58146377841730446
0.90322280146791467
0.40393483952667769
0.14500074594638809
-0.30044459876397511
-0.30500669706209721
0.90371674645367939
-0.73713753908224366
0.23664656294431372
-0.63295075062947581
-0.11767289314907982
-0.80175323135573184
0.58595635181177763
0.71116805963954977
-0.58900494016026117
-0.38381398022391622
-0.78955531133153611
-0.24581275925913848
0.56229751709710585
-0.77325231290756014
0.62030433494468618
0.13154236059893179
-0.20887165582796666
0.94207711956424234
-0.26241823904832517
0.76230512722842614
0.62585075620136144
-0.16492945147376556
0.63587248440385624
0.54726657036146709
-0.54421088241863125
0.35775226338066157
0.59805529222095255
0.71717723436576319
0.84352021335643956
-0.0078851712664927878
-0.5370395457815047
-0.22543051419213039
0.96796951053861247
0.1105265123792062
0.97612727847808023
0.20072837942230312
0.082967788360737912
-0.086361488338992431
-0.22052567455138514
0.97155036935587169
-0.93862920251814619
0.026831979446306824
-0.34388263268031105
-0.89489643043876421
-0.2743676413491008
0.35196985122093777
0.36203447693550489
0.74828652663013706
0.55587616568246623
0.097548530029198888
-0.85182254300570737
0.51466750384732107
0.20129271815138136
-0.15118412680474069
-0.96779367709316888
0.49327061249079895
0.040436272987363658
0.86893556186856769
0.85062502804183482
0.52569203124024066
-0.0092168302217946838
0.80688649940914547
-0.58714531023236038
-0.06476543633297252
0.12334529488841518
0.99050378987347487
-0.060730391692898684
-0.32139969394993939
-0.89015822833372504
-0.32298694286092944
-0.86402516184495914
-0.502649840736625
0.02834885017487665
0.11680448357089218
-0.12214514894313806
0.98561517602327708
0.66511271198347621
0.32796429676728378
0.67086846728992
0.56265053998161074
-0.15572082145858601
-0.8118961729326386
0.55455719424429462
-0.66087995066833505
-0.50567183935484739
-0.49086343424444606
-0.25164414719942113
-0.83410329822032503
0.23353371139416493
0.96293081103220934
0.13500466216882465
-0.11707297896933927
-0.43475959069377007
-0.89290425908662241
0.15103676037075084
0.89374420833652823
-0.42238511702192011
0.63475277898783544
-0.31105501797174406
0.70734269301507469
0.14299977513988391
-0.93740045504876468
0.31753968442434338
-0.18466764384471482
0.78612759152861944
-0.58983156168032724
-0.25394213549555356
-0.098115858367853387
0.96223005053713495
0.53084303576056568
0.84741253779303682
-0.0098824175013813229
0.81685547520215995
-0.55964825663211026
0.13978898912608609
0.34268976652801303
0.93852203056483996
-0.041714770302919618
0.38382211533306321
-0.22195420301994295
-0.89633526960788201
-0.027897238848388056
-0.98163751624837203
0.18870487741010536
0.70087445240513691
0.34749882562363815
-0.62291216728844812
0.60854735503877089
0.76733548661122974
0.20215431645756002
0.69697452264796844
-0.46004798695799598
-0.5500748716997822
-0.24876818798250347
-0.7038221244656413
-0.6653937223633638
0.48804534399192989
-0.17371356070141528
0.85535685011358542
-0.68918198677539344
0.72180284176437237
-0.063473196903875345
-0.7331790155798229
-0.58533140054445187
0.34617290860214961
-0.88300784156863177
-0.35796508865179083
-0.30357560349083013
-0.65468842689060425
-0.34011474582072759
-0.67505927396844778
-0.77742616167578116
-0.42386418943084886
0.46470174527345121
-0.89371030268856411
-0.1705526397421771
-0.41496227773773636
0.71342927947233481
0.599381577478729
-0.36298813723136419
0.087780396418480039
-0.51005455675347444
-0.85565118543693464
0.43895342973268564
0.86903872350624189
-0.22823580694657422
0.46743085119054922
-0.38211988624785548
-0.79717801769065644
-0.75266244411351912
-0.53288602385023565
-0.38669332914617194
0.49686982951676256
0.77739339304567001
0.38571995665887426
-0.58317140600421746
0.33552385757290776
0.73982082440173269
0.088717652777781306
-0.33581655923755471
0.93774005813308992
-0.96706827001653339
-0.10995129944089584
0.2295423117390076
0.9080381514078828
-0.15823144636096775
-0.38785245257735695
0.77331895135367967
0.60802440488062437
0.17967782987004224
-0.18434956524890572
0.015445348438840389
-0.98273937491287189
-0.56739653687507596
-0.81923196831174738
-0.083187451206480925
0.0077178491969731276
-0.99969954310395526
-0.023264959091216342
-0.94265788521078664
0.088416219105264413
0.32183642374513355
-0.29769170093752567
-0.69999697564238228
0.64914088246269053
0.91167352809997015
-0.40944863964739125
-0.034687024269221912
-0.4128804113261702
-0.90631184700534395
0.090158759535024779
0.26227386333232622
-0.43882859344538389
0.85944277656367696
0.23935263648191041
0.94103020255640091
-0.23910766044988488
-0.7880039843439357
-0.35716209273323685
-0.50148276159056249
0.39885829647766552
-0.015775463180462666
-0.91687686964628823
0.87166088132484487
-0.3122304559318832
0.37778227903987621
0.8946434350742124
0.10155574812498454
0.43508568593024077
0.71543543410577271
-0.077447069534431562
-0.6943731641174028
-0.23920338174907002
0.61116543537717105
-0.75449224831010797
-0.019151364290449703
-0.7685533203858268
-0.63949903750493253
-0.84069523016321746
0.46928637856866257
0.27018849877580814
0.043217153393860772
-0.30242798150215211
-0.95219199411519184
0.79743712404372102
0.41002185129935237
-0.44269189585300828
0.7344588355620193
-0.42970534287553097
0.52528424416605657
-0.18696896045266143
-0.83499478851192543
-0.51751938223140603
0.11651878848527474
0.94582099685682042
0.30306107278021388
0.93556868506882285
0.055456137679602162
-0.34876331847293623
0.99945649774813516
-0.0094057924978126119
0.031594939096628527
-0.59211803334488755
-0.73572290850046385
0.32879786570992364
0.37520548509508617
0.38976772878468552
-0.84101246218625603
0.16540707208399258
0.32434941094002911
0.93136349516580086
0.53306260212953793
-0.83411211643721084
0.14177883982993678
-0.97146095716449521
0.23529589779486124
-0.029990818360840523
0.38445254915438237
-0.92309661387791297
0.0094275604388549487
-0.58765895536485302
0.37909159451091595
-0.71480522882157271
-0.069412616773879526
-0.91547398690654003
0.39634488508122179
-0.59382661096467826
0.50277171230144002
0.62816443820044654
-0.15493810945234157
-0.2155373984190852
-0.9641254130672352
0.98187163726315585
0.13054346289416105
-0.13742813479695717
0.50596982025829385
-0.78723674432843249
0.35249517637403227
0.22382734539748067
-0.90915897743648977
-0.35118552532664754
0.9765736591049865
-0.2151671663773774
-0.0026417523402655387
-0.61491033051633537
-0.042972858133625447
0.78742531003779559
0.31269370929420714
-0.029944527762806226
0.94938188808555457
0.51226801968841473
0.2652276830574315
0.81684499884892292
0.1751146281220427
0.52823076728392548
0.83084723235521096
0.31680977551065553
-0.53923797904386839
-0.78029095092636602
0.67643649109830051
-0.69145811661621581
0.25361259132025482
-0.42894592955340544
0.89438625723158394
0.12680146842542492
-0.29035992080519946
-0.53872210991354808
-0.79086636335116267
-0.51328016063971882
0.79579826553283772
0.32132319752640237
-0.61169569244596522
-0.59745752378963413
0.5185295431411886
0.8141076051065731
0.47512411407533911
0.33389501872858812
-0.46507005281646929
-0.17787599415333327
0.86721968190144871
0.79861462711824305
-0.035822682435205241
0.60077567591900394
0.96361795155392393
-0.16618471036072527
0.2093396414569908
0.81777201643843866
0.32517253673445767
0.47488077502030751
0.72600664666576331
0.13956116213325298
-0.6733773318290045
-0.4248351268814185
0.86692356573617912
-0.26068879174010884
0.34864761815373507
-0.90892101888433485
0.22870815417468116
0.0041578626693377311
0.14058271408327838
-0.9900602065930143
0.69733808919117701
0.7165978422969671
0.014391726044126182
-0.63298153690380032
-0.51888936355174942
-0.57453302980051824
-0.82671227086260035
0.55956580216943497
-0.058591247193410766
-0.74517758197537032
0.32982495703544329
0.57959112229045406
-0.17202237970525647
-0.9738390833503987
-0.14847808127732484
0.39628516792478935
0.18961868414059455
-0.89833335700485417
0.57726668524283786
-0.5105292633940296
0.63727783997805543
-0.72315027390652364
0.42634951294738793
-0.54339651651298326
0.85814050806720199
0.45381606967094429
-0.24009548792632721
0.68995535575025779
0.49071325924662379
0.5321297814171756
0.26455245449008291
0.75900385896555389
-0.59491607887051612
0.31374079501095292
0.88055469153776011
0.35523252772900099
-0.10387735414007285
0.99182735325173443
-0.074081014021928931
0.039073282670605496
-0.5300301771600191
0.8470780896003991
0.52792190651175108
0.47277103375431045
-0.70553951715540264
0.38618981107902478
-0.80610060246411464
-0.44839630743990155
0.22055898621379855
-0.96855981878094122
-0.11508957834387785
0.20557977318058343
0.063899137376835377
-0.97655202477979441
-0.94531560892791455
-0.30199966636921105
0.12318523056816358
-0.01603591816183712
0.44262153921155656
0.89656512443586567
-0.46768226332765062
-0.5713750081265927
0.67439150399234882
0.56540343972986784
0.27239040364827694
-0.77853864280584217
-0.05169021635195286
0.69298494306716796
-0.71909664873067125
-0.19871019475933044
0.23408344984791016
-0.95169280600727979
0.33636738887913903
0.19214150360201121
0.92192115839272737
0.63778713398149967
-0.62259635803226088
0.45343284694939051
-0.94078898569737468
0.21860647495580124
-0.2590893542735852
-0.60776640638837298
0.75024556412936794
-0.26029135362122463
0.35241913868273578
0.40680374721869955
0.84279977571125575
-0.57073628684018918
0.18599716408188691
-0.79979068876636028
-0.99282634750989152
0.064266496542221885
0.10082490323504779
0.79261601284179894
-0.22995178176320744
-0.56469640892314454
-0.90297553222072935
0.39734136049441671
-0.16356965320968433
0.91656049137624551
0.26199930858715187
-0.30211459406653923
0.042790850574169759
-0.72420298678801731
0.68825792914753525
0.65031138384467824
0.10619316842115722
0.75220882407925471
0.45947793883718374
-0.37910965350958392
0.80321596992202327
0.37120481014567103
-0.68020181152622194
-0.63208582053480844
0.29723057206493697
-0.24133751106278711
0.92380203116466975
0.9695450950749479
0.044212014395638446
0.24088919942411285
0.78656933671924645
-0.23464871868847381
0.57118180761549309
0.90459004748513683
-0.108068268621007
0.41235675732076471
-0.84807121824895437
0.12476787981632356
0.51498367444402926
0.18336103567169298
-0.97756088010193076
0.10369887314596432
-0.6868759746180132
0.65514362457122965
0.31462394485516537
-0.55150721937357872
0.14999163673779717
0.82057436950439777
-0.20556442612529946
0.84369961322656639
0.49589739801003058
0.97957283242180038
-0.08270468561317211
-0.18329484706002375
-0.37326741711012118
0.11290896880408742
-0.92082734542776068
0.46209031456057281
-0.69897467878060926
0.54580851918310591
0.19713250439706406
0.27299220392332391
-0.94160184383168444
0.31227803513575259
-0.84715350595030092
0.42989925113666727
-0.39325319797987096
0.76650994165994002
0.50775430240922603
0.2642880314929642
-0.74795162125380499
0.60886797310531804
0.84116551256007099
0.20568711656548272
-0.50013337277023473
-0.39491719295906147
-0.77544305433176564
-0.49267482196064971
-0.78859941738988382
-0.15860142570464308
-0.59410146158445909
0.55092684391333979
-0.82931316795007581
-0.093377096336819926
-0.93646253408489599
-0.33825341475711074
-0.092857684983252323
-0.48162383965728417
-0.38131448317987826
0.78907397751480635
-0.37872942674358262
0.69367789886538966
-0.61267854046324766
0.78020587056077384
0.16814856729529812
0.60249884552507116
-0.90561275639197192
0.41787882771982154
0.072407325621393626
0.35945673413749141
0.83199873716182848
-0.42257420371377558
0.5356465767772236
0.63219605000731449
0.5598311344878838
0.6853366664621936
-0.72715115970753619
0.039558115962124635
0.93876027243907911
0.33538663438349908
-0.079025036330361495
0.017368220266634374
0.96699493306796869
-0.25420295896319672
-0.85836011864771056
-0.4541199242737069
0.23873206967797792
0.18047794989433799
0.83544857398730032
0.51908899990707091
