-0.62016518934187426
0.49053959018700055
-0.6121813852019079
-0.37095926082787717
0.03357227486963401
-0.92804209450116681
0.27526178178933675
0.11083053741066359
0.95495944597842652
-0.81908304644852503
0.10409527268025837
-0.56415169699844558
-0.23596435645090588
-0.96744851251630026
-0.091455990042793867
-0.47867718151689431
0.19725503990575061
-0.85554579370529471
-0.86255485465334214
-0.47451315186545445
0.17560293682243483
0.48852878293902124
-0.85272818837048303
0.18491691377078648
0.61192100596532717
-0.11515815684450603
-0.78249043532209284
0.074447974393714172
0.039345199761828965
0.99644842032308667
0.49748143527510086
-0.72321691829883294
-0.47902975966318057
0.085763468024846259
-0.96959047870245474
-0.22921372376429761
-0.56133945675076558
0.35159567429716931
-0.74918522149751088
-0.11532795565714926
0.17475774772879565
0.97783392876945185
0.16205044991451481
0.81900272689819908
0.55043090848517684
0.81781645917640755
-0.5246830388628525
0.23639785919040304
-0.8537077073863365
-0.32458667209641884
-0.40721817573204799
0.51348216916601286
-0.30756358671790213
-0.80108720004365674
-0.49386791225035392
-0.85204774869465394
0.17351979481848287
0.33679001976203071
-0.44919108515809442
0.82752634496019795
-0.61510837609054381
-0.37320170118201768
0.69452298442751492
-0.75896669345447909
0.37399889125213098
0.53300505398068376
-0.98080917001614709
-0.15667141852088992
-0.11604929396979832
0.49949357852365733
0.043299027142907454
-0.86523485786352172
0.26832529342427952
-0.65257858612822339
0.70862029736359045
0.90200357090406647
-0.33489392217545416
0.27246214226246801
-0.17881967041167338
0.84643703703647999
0.50156541727551862
0.30048010662964125
-0.93497434525909862
-0.18850644346323858
-0.17268901312148049
0.84874315876502593
-0.49981352042206223
-0.78997828658663261
0.60941048384236862
-0.067477173211821909
-0.16419938069989548
0.940909828755912
0.2961878753904203
0.29946703472824543
-0.33255357855161738
-0.89427490879683347
-0.6602407561937943
-0.66059730649581416
-0.35734205253667262
-0.1300665468534925
-0.98282846617163133
0.13088506206716885
-0.62904708297126688
0.76517578340575632
-0.13713419666416954
0.12512596541011078
0.6622121123522966
0.73879537832480868
0.57520924413905083
0.74129469320657393
0.34585618872698148
0.68258267183192456
0.5696917141619956
0.45774692454451132
-0.32900294140426889
-0.30952492092325651
0.89216107731440009
-0.24066508808149847
-0.1328465930145861
-0.96147391961672135
0.38094856615123152
0.63316056402662857
-0.67378475057602938
0.02418659247644225
-0.67941029167535549
-0.73335984639874241
0.78145059865783939
-0.62229450967502709
0.045656380557618476
0.16814036638632718
-0.52056695029058353
-0.83710146783805883
0.19349688421509778
-0.81716158543386364
0.54296031078732032
0.30287769967678346
0.39178880937727606
-0.86877305890850276
0.81854927947360778
0.44714442145626726
0.36060912832841235
-0.55543923446121257
-0.63141335919879649
-0.54111406066229106
-0.12307852766331481
-0.33899257987509196
-0.93270343990888116
0.59131055829912282
-0.45053634958922845
-0.66885635329478055
-0.35806158659238085
0.75711769186288391
0.54641074374060938
0.037134899685731367
0.83460778222570497
-0.54959152929573141
-0.2876975605156124
-0.91183690678584473
0.2928883218849605
-0.063564891842284546
-0.60118561787150904
0.79657727647073306
-0.37009255855066869
0.82403285732776921
-0.42895378323270716
-0.62481985382907601
-0.78064836139397253
0.013721738735221209
0.2428658467420759
-0.66408198992396739
-0.70711476518658423
0.043770045823865039
0.97281689741535726
0.22740155494572845
0.66455127310999929
0.10542055595156738
-0.73976895838548229
-0.1496639440641532
0.055094553637902985
-0.98720073642932527
-0.23837824119899459
0.92732256062828533
-0.28852847809648546
-0.7546940693316232
-0.28381797527823122
-0.59151011709406986
0.46289392932103246
0.8853716253939754
0.042968536686336246
-0.33595557419133953
0.93009000321475821
0.14854776366454892
0.8521764985582122
-0.20853572297036113
0.47990422747699801
0.29910473513529851
0.92020697000085716
-0.25249849461231327
0.44959961323640735
-0.61614711549130008
-0.64670156938840295
-0.90321575993064906
0.4274835010179
-0.038198787551167859
0.62407932826936352
0.057326978359701616
0.7792551633316307
0.38262139018122171
-0.48585976309368001
-0.78583787283532114
-0.48387963268888146
0.68106866359650586
-0.54955070424460617
-0.8817259958783088
0.27068397831144775
0.38637993229189876
0.40813683618412228
-0.84727972872923851
-0.33991378941449646
0.21724932450756082
0.90902074471047389
0.35564591476217472
-0.6884600078291554
0.56486530279568059
0.45491758299435248
0.27163036210723429
0.52148845531842447
0.80886756477874433
0.06800128255057708
-0.72165442486837206
0.68890544825786915
-0.59997469323076591
0.4639480697715585
0.65175344727733753
0.28084839439339865
0.018924915037454502
-0.95956554073053035
0.94337629620210595
-0.30542876366912886
-0.12943892029657891
-0.72591388038266791
-0.67298526405280534
-0.14191501906265477
0.36474421404559959
0.20090002887286307
-0.90917591076707527
0.22234469487848527
0.56184364309126578
-0.79680270919301466
-0.8625421340459194
0.4444464192645684
-0.24184384920525662
0.61438896400384513
-0.78872293765070556
0.021031607972835813
-0.76120127080753064
-0.64152146126851139
0.094988631177178415
0.7689663556253753
0.14478378972875086
0.62267840668198038
0.28639015432946585
-0.94104743016339365
0.18002892458162797
0.54123534405047857
-0.36271487170868943
0.75861862895127274
0.9447433739459481
-0.13502259457808999
0.2987119956389887
0.79545485026298834
0.17043424986830291
-0.58155287606967909
0.37553765154328622
0.80845807156898608
0.45317438011025019
-0.43335123650344853
0.87600729783154052
-0.21170243259541227
0.86189831897335423
0.4879132035190748
0.13810138877889716
-0.015782656860368071
-0.85179748699896152
0.52363341077960446
0.093386874893633953
0.45995249525175774
0.88301902228054097
-0.32519195104385551
-0.31112710551871231
-0.8930006266447067
0.85205407618253093
-0.5037215975511804
-0.1423671430535163
0.28060773570877895
0.32134815489984742
0.90443057334593446
-0.91580837121382253
-0.34711033963322374
-0.20201346325033243
-0.43545982168708275
0.54898429622907996
-0.71343604211598111
0.41197094885409424
0.8199157108034677
-0.39751498648214723
0.088800517001061494
0.25108736031324264
0.96388256840305608
-0.45788255953865398
0.39242819745540275
0.79771152148645474
-0.097232688090451158
0.98634679169885064
-0.13291279423776026
-0.85015355134520743
-0.52291788503355663
-0.061610264138076284
0.25403989144600581
-0.10416033944660014
0.96156869605892992
0.611949264922795
0.46758425915468321
0.63787385724076906
-0.32898323592074424
-0.94000354712525724
0.090351324700030253
-0.43141844141524671
-0.45265871023976895
0.78037056611004274
0.51413074281436666
0.66925281818234483
0.53644220997991665
-0.26978605977665365
0.23175911115209016
-0.93461392903603835
-0.29819241423697124
-0.61153055490330588
0.73287902447210285
0.13870656815232685
-0.92207036673019571
0.36131250566434314
-0.76838231396794521
-0.27581749443809067
0.57750612926891076
-0.026327186160348341
0.77167766579133679
0.63546869268887829
-0.016100723789117317
-0.90327123226272754
-0.42876782488899517
-0.65181584470743825
0.61146813970199609
-0.44860095710743719
-0.91795647214606801
0.35821209534708182
0.17041129655101597
-0.58860615376798964
-0.66800603880911658
0.45531387839709747
-0.024351269239742811
-0.99827399834334174
-0.05344193033574976
0.59478295257291236
-0.1576783524502175
0.78827075075587671
-0.21148920566516557
0.69178753173407159
0.69043633075353028
0.44099622467294342
0.56056662252326306
0.70091896217542327
0.40833467599313722
-0.91282829929975862
-0.0026996998148214376
-0.82052073518137347
0.46812778374529196
0.3280275921673958
-0.29670496511826444
0.71949186472889992
-0.62793122255793266
0.76538703074922299
0.6429851294527682
0.027437501043183404
0.55856705989267774
-0.6345580474584811
0.53417124970231189
0.70178783677349255
-0.26497952509409645
-0.66127126312708406
0.4635896163433742
0.17840978338585176
0.86790242355394787
0.46146354629911818
0.37763159984772343
0.80277379767496815
-0.29588678608656027
0.95309321918261924
-0.063752061672370477
0.84441973973283369
-0.20507963755423331
-0.49487134228015017
-0.94351803801717704
0.25162273359784265
-0.21554515042785338
-0.56572415695587996
-0.79487121301107266
-0.21939902680473472
-0.75054271306307085
-0.57359098210873338
0.32814481728569694
-0.9628060576924824
-0.050418648144717498
0.26544765056394715
-0.49614135910094664
0.18802260424073464
0.84763863295864328
-0.82054974944497128
0.55606700199979964
0.13224068198837202
0.89795242665343755
-0.43656102806881009
0.055640886393969205
-0.92572097302771283
-0.28367167740469557
0.25014207869734939
-0.57670599513278942
0.00067277913891432772
-0.81695149338631445
-0.45785720723257151
-0.88660377070393581
-0.065578438215262658
0.94257880057582011
0.33389002627629488
0.0079154948211448972
-0.38318035088108549
-0.72600258433704945
0.57104559032933055
0.94943400096467112
0.074938060954393482
0.30489238237878702
-0.26838113671681457
-0.49781576335788619
-0.82471269615969633
0.66757180893675061
0.32498066165950229
-0.6698771898342758
0.52523457766406023
-0.83516964196443011
-0.16315730926643165
-0.93720968565449636
-0.14515182779187671
-0.31712608218826399
0.63043162208118408
0.26773859068247097
0.72860964647707704
-0.6235654114550897
-0.22856316937501767
-0.74761290467867902
0.60347671277491166
0.51763227967415959
-0.60652508618994427
-0.094072751503356491
0.38107761555566833
0.91974462126559564
-0.33097864126242837
-0.10798313745175682
0.937439481275539
0.0088470894596349037
0.90233873623257221
0.43093680987158411
0.10321540947344911
0.9748738714915397
-0.19740190964204274
0.1407984190819391
-0.53756420047696007
0.83138470971602152
0.44813917482614418
-0.031757780820174851
0.89339953175694042
-0.67423991423619367
0.73530717814398605
0.068730574133338662
0.98962864513385163
0.11572643344262896
-0.085103098258441853
0.83771074222800601
0.44997162454051648
-0.30946122449213526
-0.87152940896466857
0.2619844549380832
-0.4144884011410826
-0.14029088208547491
-0.24971022455040315
0.95810399861323348
0.59504852707429945
0.74105038719828087
-0.31106522476802934
0.88573553998891386
0.2350226491539735
-0.40029602494303573
0.10097909405929564
-0.8062217821993205
-0.58293195183513102
0.47792956895078959
0.86160544003309159
-0.17093680945862677
-0.73877886932676584
0.62032377648875014
-0.26344675849021271
0.87272491559957666
0.00051530583097924502
0.48821199918847985
-0.98232628568078284
-0.16369278298446055
0.090773020547954719
0.13407481651701705
0.71043355735926117
-0.6908748831400614
-0.52695817340646711
0.63723305362466964
0.56236031052013158
-0.13074048852768558
-0.035541337276542871
0.99077935889083646
0.45738693260208008
-0.55352704776592587
0.69599209857325162
-0.6922228704990252
-0.48964122311318969
0.53016881291368823
-0.35648577041649276
0.86443823779444506
0.35449178908600137
-0.79360406197040978
0.17144367918114176
0.58378048759178292
0.084724502225651449
-0.35128765494828268
-0.93242626636295056
-0.90054709381391029
0.063664123702048409
0.43007186745539461
0.9389089895052628
-0.15287196774717948
-0.30835056494728813
-0.98367137300761198
0.049241099564170172
-0.17310674174922017
-0.092675612896879866
0.72608313783068656
-0.68133289054039659
0.0022015622618200693
-0.40241377449186477
0.91545524588743166
-0.23226033394568968
-0.84480921960826472
0.48202958388496381
0.2838416766264682
0.9576154244889703
-0.049057123750628304
0.64362852989575736
-0.57518001626992576
-0.50488638760413618
-0.78033586574592184
0.44836825780633766
-0.43593788780315013
-0.035135226898901341
0.93427804513115287
-0.35480987897277344
0.075968861304275978
0.99696368669559721
0.01709208947012
-0.85391792564610225
-0.11063920276019482
-0.5085107108732777
-0.52569497882159433
0.82715643912809533
0.19863789782086574
-0.13223747975629099
-0.95480786591545497
-0.26618637856524324
-0.15472207809531727
-0.74133694152433083
0.65305483512582407
0.080846950851603192
0.41789566348472035
-0.90489059282250472
-0.51325742715394973
-0.02190598127455776
0.85795509291320537
-0.059431482752710367
0.59176253800214396
0.80391852664002916
0.51477873781311956
0.68383269828341386
-0.51708383445429507
0.40972941016667996
-0.14805732510108752
-0.90011157026691713
0.30651623982311837
-0.78225811357283936
-0.54232834931815943
0.18959306587220759
-0.98171273214999966
-0.017163359454371082
-0.42348791628180477
-0.57769877921316026
-0.69779804045219229
-0.51070411273974392
-0.23380274340551876
0.82735577982314468
0.98022456745827935
0.16034168557835177
0.11597560612957511
0.30728507044941
0.70539379384159451
0.63874523958199736
-0.075546398358785627
-0.93846084275895747
0.33702223710485762
-0.97264246840229562
0.23223452797133032
-0.0058097055194757732
0.19948368124820581
-0.89729464380612989
-0.39378748470779873
0.53533527475008036
-0.76055951553704659
0.36737632876154214
0.74745293278675207
0.63086483596707643
-0.20814339290190481
0.52757724970769915
0.26845621767427469
-0.80597363777165965
0.87051617056127173
0.22187241608624778
0.43928831963915188
0.20061644473260934
-0.32186716183192338
0.92528621098399089
0.76692993009947918
-0.55084055642190644
-0.32923117063609353
0.075397421523164823
-0.98349945122031379
0.1644507776722251
0.95760742191131409
0.064619389130028251
-0.2807353915145509
-0.5169336060243831
-0.57464034030157896
0.634482565765769
0.96635576003765089
-0.24373212969885344
0.082165649723686576
0.18480227813633121
-0.16326200362014143
-0.9691200318688904
-0.39558944343627334
0.58136392140230875
0.71100280107289993
-0.320366612885636
0.096332681729550243
0.94238275014931083
-0.88608432811525872
-0.16669349057968655
0.43251340287543744
-0.69561104933326823
0.66695024502893985
0.26702553941768636
-0.36280498143634826
0.39771600971732368
-0.84273039642551217
0.67360164494537744
-0.70844720219829149
0.21062617506923148
-0.4938140728912635
0.86955751785151902
-0.004169479877273995
0.77160389495521242
0.39110023204188477
-0.50166526468027417
-0.63696664742251685
-0.72949333727663934
0.24922471976172481
0.34534240026431989
-0.86214270310515539
0.37074059133336645
0.98926806274851131
-0.09857848047778664
-0.10784703617855386
-0.050822744427128787
0.24404811153915099
-0.96843046621999074
-0.80960693288255636
-0.51645740017807107
-0.27894151363647457
-0.46755087648383975
-0.7821728377387076
-0.41182742721068311
-0.24881147323098193
0.49900668864329201
0.83011154399748299
0.42850589233963177
0.86764482880429983
0.25214113365211333
0.75345343323456582
-0.068736156837644419
0.65389851253098619
0.76235044622663872
-0.40249809727201319
-0.50677122928443141
0.76838393354046808
-0.053825506741087908
-0.63772168341757252
-0.67137774852823751
0.15912197664418656
-0.72383155176463654
0.9189156980204175
0.30783695206063411
0.24663809697138731
-0.73063120395546333
-0.48922138577385726
-0.47627773358419456
-0.19832436366458131
-0.66113203879198212
-0.72358266567116969
-0.80346073370878224
-0.047576401554191503
0.59345373484653352
-0.9246490226764198
0.061657760056626883
-0.37579582952494456
-0.74101772294512613
0.30927554884418673
-0.59602128247936537
0.93512664729568851
0.29051848441017991
-0.20282298620604367
-0.96289253159456156
0.15771648943415731
0.21900566558877313
0.86422376416486724
0.49349576609322848
-0.097873460655916664
-0.131961538416841
0.98752774746943905
0.085878404483295048
0.99375062494563127
-0.044455165353875781
0.10238864045159769
0.70306535421807093
-0.59207808432821385
0.3938815174090437
-0.48270739394685808
-0.38825228205231471
-0.78501830380584281
-0.24803429227097998
-0.86594476275625065
-0.43430249563254303
-0.02869807571601838
-0.15094660350817907
-0.98812526702819536
0.7173422955667047
-0.68239300240100387
-0.14056963137617545
0.87444464541012745
-0.36005854664067516
-0.32512213874874962
0.73765836962815579
0.62713209757874755
0.25013088954387758
0.75622686368354108
0.35553898416059954
0.54928404435720113
0.28358770229901747
0.77851210236979596
-0.55990795812215799
-0.051843753168499845
-0.5242008326529719
-0.85001512474975094
-0.64538185351630861
0.27200540299668108
0.71378941144602792
-0.46261607393041515
-0.15914302987847706
-0.87215816465954543
0.053399857351530022
-0.17614051897526062
0.982915547140222
-0.008321457761743728
0.58250210191728735
-0.81278659843938228
0.38378512887358518
-0.74120137796755359
0.55075356753677551
-0.36071939194040298
-0.89602725086873836
-0.25887581188430286
-0.44986400543518856
-0.80707885156370118
0.38242136965973306
-0.53760455346104985
0.74833520103535389
0.38855600753214686
0.71911888082930486
-0.27255127178793381
0.63920563160972532
0.40517108897547932
-0.24485613874571568
0.88084156349309672
-0.29746736103945554
0.29974550471558598
0.90645783217920328
-0.99855594758874755
0.034935582708481433
0.040810839196928371
0.88425118081991982
0.0088428865382600592
-0.4669278879829829
-0.55542434629158632
0.76005587923487306
-0.33737050254441081
0.16168857170894227
0.227152357093034
-0.9603429660521291
-0.61891316361874549
-0.44782801389924615
-0.6452879712705738
0.065755657049130486
0.040095455061325905
-0.99702986316833186
0.63543647963172989
0.76803369138279654
-0.079653808786205316
-0.73292528678328972
-0.060180254598539734
-0.67764213339349511
-0.34523618577832027
-0.73753409189861507
-0.58039248730193105
-0.2314835557336529
0.57798796106302286
-0.78252493908572296
-0.11865149194885106
-0.79831787601635151
-0.59043237740748344
0.17593176495719209
0.89359242999339183
-0.41296559558582152
0.79703448850534575
-0.4064439843928927
0.4466982333565378
0.61724624706400211
0.77451425519859718
0.13832837373282106
-0.82981728904614893
-0.38821452731442319
0.40086499919815777
0.65454307490819164
-0.46241262407599304
0.59812032918542735
-0.93613491162921958
-0.35132628705182678
0.014875054800922093
0.46555981868275081
0.46290389808510091
-0.75430367648958385
-0.20019264725639604
-0.46586858493577321
0.86191030017886228
0.25611590014174729
0.95417766363397927
0.15475668617731284
-0.14602421940689098
0.42051303735557705
-0.89545838136710476
-0.67037365581313868
0.064765414677661837
0.73919185781051344
0.62131377067726934
-0.71713458187993617
-0.31573278233132979
0.69597283368720353
0.58228411688711945
-0.42019878865888183
-0.67076585507165487
-0.14979790297805815
0.72638402786223766
