-0.93710324865103412
0.12096063205365494
0.32742331447357043
0.012399702954974957
-0.37905103327932693
-0.92529268965906286
0.76813182488011189
-0.6177712463514321
-0.1683216765236957
0.1525977559116159
-0.10825540427434338
0.98234143368593452
0.40407641868125893
-0.41762308778905854
-0.81382627409740249
0.74321515189083831
0.33381714198349099
-0.57982527861231781
0.42491034671876177
-0.56015613109422568
0.71110920824363566
0.78486764275227416
0.25509220922734177
0.56472183254413211
0.088763908116850185
0.29267691560642833
0.95208255507961648
0.60317355221933489
-0.5615373981199776
0.56644277417560451
-0.131117246939845
0.37823589575052502
0.91637649179838387
-0.52084529675939129
-0.7209979525012904
0.45703624509722263
-0.47671817838724684
0.85219929623175761
0.21562963130618751
0.63584950306393462
0.71233255775149984
0.29711569568192403
0.034829691579335603
0.47963113169256588
-0.87677868934857039
0.089587031175840617
-0.61709991044746881
0.7817684211905882
0.042141427391358288
0.86313744418076976
0.50320756408315981
0.45149388771679377
0.80242069510771208
-0.39022339424646413
-0.34109774177150259
0.85689987908235754
0.38649052742211221
-0.90812452068868088
-0.29864178491846916
-0.29346710075349869
-0.71292616125438746
0.62794163436507988
0.31213072971111877
0.60651564746164044
-0.045666728188959074
-0.79375898062365435
-0.25127274627649376
-0.96624183160856769
-0.056909839469017572
-0.90215277918668779
0.43086774779461195
0.021756537319476923
-0.001936806483553669
-0.97055924414119821
0.24085473296722104
-0.91332376762782042
0.36194863259324628
-0.18663569554081111
0.87696440353855787
-0.040661833875308959
-0.47883196446369175
-0.45976562847460273
0.36073361266325371
0.81147201280652381
0.2159450120974131
-0.022920557341355684
-0.97613646576767621
0.76418375590262022
0.54207868780056989
0.34953380873239864
0.73798747718947699
-0.39215692204781111
0.5491697661028857
0.67067357944074957
0.15545486980030043
0.72527976208874345
-0.43750571005369759
0.57079735373491702
0.69482309593134983
-0.69800383358009488
0.71016809712855755
-0.09193433595939432
-0.14339710811354497
-0.78406916731558485
-0.60388145380506397
0.58888839249083968
0.3409172069688004
-0.73279323085175041
-0.20676612753872278
-0.96464189395766675
0.16344352212432939
0.94454643469799293
0.32827299336179655
0.0082990679353598124
-0.3245261362488317
0.77365892991195095
-0.54418254938843802
0.63835207263007554
0.6494820779371665
-0.41313395140959686
-0.1915547101007492
0.98141602307333453
-0.011374651341383346
-0.34299915109154971
-0.49881738143257731
0.79594773844218125
0.85493127828565152
0.51760662233008703
-0.03429130981605448
-0.69568168317328949
0.036395526717603432
-0.71742760006298001
-0.25516914843045957
0.68226970630980066
0.68512535607815039
0.75839124220295995
-0.045354948495043797
-0.65021969548519798
0.76992431710409326
0.58781540417518452
-0.24837390472060514
0.29914350645178622
0.92333154963658326
0.24077377762837018
-0.463140695505736
-0.61676353489638103
0.63647736659568943
-0.67052727720881378
-0.52797752755030536
-0.52118413341236802
-0.58880002709500689
0.61056166319317107
0.52964986881118747
-0.97437246292086865
0.22438377864287623
-0.015818450728978108
-0.7869663772183717
-0.43151575140900894
0.44099668639765299
-0.094456968653942458
0.17479325331011
0.98006387530098049
-0.27628952053510192
-0.67733088825335031
0.68182620121289772
-0.075138565034492719
0.65090998822850454
-0.75542728522931002
-0.48937809985052205
-0.33467466539966451
-0.80529618385182677
0.88358745003266148
0.42901433268145289
0.18766971119140807
-0.89426509665167631
-0.42761779861009708
-0.13203391693963576
-0.1195573011728041
-0.22680055250809555
-0.9665751709610062
0.24707362339163916
0.45342554387882406
0.85636435048542237
-0.54494555284341084
0.80431425020685854
-0.23688168217565592
0.26018046364737241
-0.85311134608840089
-0.45222467592058113
-0.37496484603466995
-0.87107658088285822
0.31721751918143709
0.96231482296393034
0.21430311050131357
-0.1674047739264366
0.90628135545019139
0.13754692235563931
0.39966854881746194
0.99334499590262471
0.11213636274438817
0.026289831982608182
-0.31497574084033059
-0.28593724054014807
-0.9050028603017618
0.40675162076313764
0.72024912694339638
0.56195579376302895
-0.90996884765899322
-0.29838029779246655
0.28796856456815367
0.23425609800666145
-0.58714961593746529
-0.77484153802644085
-0.27810245145428641
0.31248375909613602
-0.90830222216851597
-0.39381785811421455
-0.30035009030954912
0.86873316840176995
0.044573621162500937
-0.71695626818927949
-0.69569167150438405
-0.43025450846160601
-0.089614205157629176
0.89824849133323237
-0.82196493196573028
0.55017649080568065
-0.14723953131995146
-0.53123098166885752
-0.4244590504496823
0.73323131316556323
-0.91477039352838097
0.077960631674487274
-0.39638020514759043
0.60451438328695906
-0.58263099383674943
-0.54323428225765469
-0.86224916305583665
-0.034505828600831838
0.50530755842563746
-0.74112175602210151
0.08470116710989857
0.6660061974493463
-0.51637682132641205
0.73555449847120347
-0.43853683787751191
0.91660458145381152
-0.079961611484194547
0.39171696663118122
-0.60321145680710109
-0.0067684723733286668
0.7975525851994878
0.62645216788037672
-0.68806862599595375
-0.36622294750331608
0.29827709457449464
0.2562532379810718
0.91943735668963023
-0.12660895663712171
-0.90006795709767518
-0.4169506502036866
0.64650444076456159
0.75675552779950039
0.096711318968367599
-0.016111331317730279
-0.038228004480658634
-0.99913915180849411
0.12359258394049619
0.09541629501926284
0.9877350878852631
-0.7381676154591339
-0.13068138730492268
0.66183906389653147
0.87238924573090482
-0.34952521786390922
-0.34171497773766057
0.26636261879660994
-0.68832305539531791
0.6747312996438406
0.81878896670442225
-0.16605868607848076
0.54955358317546532
0.48325524589184077
0.85828503968367609
0.17265908019333126
0.096139529625555581
0.77047508615620475
-0.63017880990712927
0.31397107104581157
0.15840817199535309
-0.93612446693345031
0.048961605319326681
-0.89993636574091807
0.4332635443025214
0.73461830520249105
-0.41798065211210123
-0.53444187721525194
-0.04858391019000366
0.98666624967974259
0.15533613685669448
0.028818798242915375
-0.56004809208990591
-0.82795870151493089
-0.64957082246012832
0.74553244125408191
0.14912788353021578
-0.30074785183733388
0.26166954519380503
0.91710401740113234
-0.23281510226676541
-0.16386570599860342
0.95861627284023021
0.82857576798395083
0.15073704575014285
-0.53920361622333857
-0.96373549597601149
-0.079277201185399743
-0.25481173279125285
0.98902999896422739
-0.015064141293458762
-0.14694465895673478
0.26565735721896439
-0.92971331450996075
-0.25506728794249228
0.60125145990770257
0.76173202466496925
-0.24137316453711921
-0.31862448739836646
-0.81618034074520207
-0.48200424003443598
0.082939853779280051
0.15005277379339746
-0.98519294847861105
0.33113126531626941
0.053419946191837112
0.94207133194833392
0.86899043056597036
-0.44074365395537535
0.22494591146058648
0.94954500327152602
-0.21923791154321981
0.22427444104098215
0.83887766303451228
-0.54332335122747555
0.032924192817752537
-0.83374169154274735
-0.49481096059029339
0.24502429484267349
0.46304952263930044
0.51528977367036377
-0.72115295793213063
0.9396602038575439
0.089252889713755959
-0.33026144637868815
0.0059744973333417826
0.99768796625439615
-0.067698060332484974
-0.17686617120205436
0.95855361799463512
-0.22336812421140281
-0.34045156702795726
-0.67834230134364959
-0.65111016941529132
-0.944278056604408
-0.092141793277617262
0.31598867344730458
0.28085972656128727
0.80600578914281018
-0.52103021204551547
-0.17599308102516067
-0.44770873268707134
-0.87668884223937049
0.42313220374067989
-0.036227129035149824
-0.90534343388541039
-0.87656775519765684
0.28962873949526347
-0.38437503015430852
0.52731843173007786
-0.8492466263564965
0.026747694850963281
-0.27039054361135884
0.048663876153884691
0.96152003675598641
0.21268392395850547
-0.40740535262755845
-0.88813649127824235
0.24963024168704981
-0.50210868181091906
0.82799252054916916
0.5187913409531828
0.15001890061923817
-0.84163523809842555
0.17958607592394105
0.32694233251419802
-0.92782409569078117
-0.11263799964743695
0.92341618117040525
0.36689949221563278
-0.65428316860042179
-0.66511979641973307
-0.35990164169779065
0.93738057524642004
-0.3450557422510353
0.047478330744431696
0.6912321279470216
-0.044315326441583924
0.72127269263171756
0.58490351879797964
-0.78296534485546387
0.21178560492419227
-0.27862829615720258
0.64614807765928373
-0.71053425977763129
0.05910507444014091
-0.84571973641017095
-0.53034396161522968
-0.35211437468810125
-0.50156398294535287
-0.7902208793432387
0.68673441946920422
-0.24261233022506715
-0.68522630884917002
-0.80343176156085305
-0.4821398248010586
-0.34934022650709584
0.49424563752275835
0.21277788257000341
0.84288007597685455
0.51896570404861864
-0.2366852139934903
-0.82137367105244918
-0.68808302021696188
0.65879902034451054
-0.30418022302940262
0.31318206249004377
0.66629062616041357
-0.67673761327803128
0.77629893195652044
0.4706358023686612
-0.4193589271399526
-0.19020220282946976
-0.36573286464291088
0.91107771005491489
-0.50708521009909291
-0.69115316098002144
-0.51494844185227262
-0.04883721107775383
-0.99860418260259887
0.020115001932445531
-0.54016791709438128
0.076477065380080159
-0.83807510392134243
-0.84239242348633714
-0.23635370122101679
0.48426432118414636
-0.64602037008398661
0.57598723079469538
-0.50089558931778144
0.53573903158588387
0.84245891568032061
-0.056979517602009949
-0.13686320225789844
-0.54856102529351403
0.82483287119066884
-0.18945735092498117
0.82230728815608445
0.53657863918150395
-0.60705680825946196
-0.77356925112550745
-0.18185886082057201
-0.059741315885219311
0.31426612447007862
-0.94745331187708648
0.7233784948542098
0.6860174275762011
-0.078125810358609465
-0.35571899565008352
0.86377228911741766
-0.35687733002609207
-0.65290143297503267
0.2491250040434346
-0.71530165048006678
0.6230259310653008
0.3531217952807913
0.69795679444925973
0.44043683333353434
0.41036606779335422
0.79850803768462386
-0.93161975276889986
-0.35403450526102642
0.082123110848250871
0.78232793153919145
0.60594326835528534
0.14420736135345141
0.76727362176894731
-0.53134927222530992
-0.35910881393137084
0.82386340479904796
-0.23523036398178604
-0.51567021059386042
-0.56738643631269214
-0.82208817536539469
0.047367328537499691
0.44108871639599018
-0.72406403380266759
-0.53025655981001063
-0.577961347032518
0.44595299804793009
-0.68343734523979616
0.35431181346365298
-0.15317540431031351
0.92249684788321606
-0.29048386202605991
-0.91582227008804429
-0.27728810921712155
-0.96549483387942592
0.15184197860281698
-0.21157442966039552
-0.5149688082130871
-0.53577797467303967
-0.66914055954100427
0.38118965759715201
-0.90860372665175404
0.17068600661891037
0.23807363704348766
0.90815190767363618
-0.34435600173892905
-0.84609792575365095
0.17081527831382845
0.50491627100930181
-0.43874077411167239
-0.89052676923364915
-0.12028552036787052
-0.35909355214566135
0.11594566131465189
-0.9260715007113216
0.48234200393997539
0.67649236486177566
-0.55651080090047733
-0.093845969123488124
-0.97458598272514363
-0.20340869291881147
-0.80030228715907092
0.48447465948149165
-0.35327121802979194
0.53522048104387976
-0.19611128840461617
0.82163215567030923
-0.16274590715852039
-0.6319111771853122
-0.7577611984335324
0.15642946950953229
0.98370569467958657
0.088616744038123307
0.028971951349028018
0.96053855387414311
-0.27663389625351326
-0.63407972260439482
-0.52974758416557999
0.56330311773739128
-0.29115401047153189
0.48602724522360269
0.82401872496121042
0.33391103911220438
0.60303486988497412
0.72446695139379547
0.42788785658962109
-0.58788952853819276
-0.68651138695456571
-0.39684840055900394
-0.91164779892331782
0.10681590561349197
0.30765386849994686
-0.9511437552054689
-0.025974105002030057
-0.47903541416049833
0.28844073431724965
-0.82905187700565863
0.04405120802412181
0.47937644460560735
0.87650311775195799
0.26634020194254876
-0.82833174658965403
0.4928787015290228
0.88710522392497515
0.41010718834781629
-0.21179333263931679
-0.84060505843455491
-0.54032572971152515
0.037831753143970553
0.11829562436997272
-0.20549212176553758
-0.97148295566480003
-0.70172535939992775
-0.3353293396523242
0.62859824525954466
0.44510783017160488
-0.7102402920905172
0.54537853552473325
-0.73765476880564851
0.31509797139344098
0.59714211916596815
-0.6459044472973372
-0.36506988648543304
-0.67047104556649884
0.97648956651571373
0.011334635715778418
0.21526646863630228
0.10931642407181795
-0.98693938275859694
-0.1183240220252432
-0.54965875618912463
0.74670347642970791
0.37457865666961476
0.52874458479262787
0.54378608508168336
0.65170994907551305
-0.14880362219699819
0.13145960743322699
-0.98008971713540338
-0.82542425633209537
-0.002952834670056274
-0.56450516191264255
0.13132137139680058
0.62563806682041712
-0.76898095344402051
0.81928132661030761
0.046564084932181761
0.57149793863327569
0.96039537959928278
-0.24383227242860459
-0.13485747204605347
-0.55583442760560975
-0.78994972784781314
0.25889672953034792
0.60949466125351948
-0.68698397537477984
0.3956883565152271
0.85490139230354956
0.3470625826375569
0.38560494443199445
0.45481067228612215
-0.81777777596685064
-0.35268507412329925
-0.40748396881208321
0.73344936310730435
0.54406695076860045
0.88330616349793678
-0.44257399488157001
-0.15459133410745998
-0.78939319517793127
0.60948229339122939
0.073414695050403572
0.35320997890192907
0.93541293618417209
0.015663640170943512
0.62833241315936306
0.51375925322250349
-0.58416590819867875
-0.43557249381037433
-0.10850965574498239
-0.89358953510317962
0.27481869117777608
0.48900484316570259
-0.82785804963159038
-0.47338120518475213
-0.81362020568174276
-0.33753873182826016
-0.032170868246377923
0.74726413313266782
0.66374795711155055
-0.61290059473703506
0.22624309458800723
0.75707788444930202
0.071343428005296014
-0.93848814125180935
-0.33786110165299749
0.71119947129183614
0.45723229859135484
0.53397934150964921
-0.46091830883819984
0.13159906071522989
0.87763090180132275
-0.47231622290354941
0.62256421908763793
-0.62396408445833185
-0.57890024399466422
-0.22104785797644094
0.78486454371881609
0.93775534170282637
-0.14821717433454856
-0.31408054435144062
0.03242736900261272
-0.44007581337814849
0.89737491842547568
0.20593224728726706
0.96894490164850477
-0.13688567162630716
-0.71540719317281098
-0.69844260764675781
-0.01924764349725468
-0.11925229006791231
0.78988149784578698
-0.60155308217517645
-0.77567060205301974
-0.60224225923755381
-0.18878394608428198
-0.15365569352666605
0.89342040435232861
-0.42212546586739008
-0.55216260241629822
0.83351552513147109
-0.01919192167733523
-0.12868507345323943
-0.82834533961645018
0.54523770064627974
0.68568353770720469
-0.24541344759452913
0.6852812020310346
0.19825150151366078
-0.31138204774591127
0.92937482346421563
0.43279010961527165
-0.82662933879666356
0.35968966799143942
-0.98838648604080359
0.065876772566041103
0.13693942108901444
-0.38017179124873129
0.92359297340781821
0.049451275114360378
-0.075552508507647498
-0.70728739675692143
0.70287719898074563
-0.79893914973326308
0.20132638641472528
-0.56671326185001114
-0.93986310988998456
0.28763347775084219
0.18418555085804864
-0.68778893828308241
-0.61890068856014446
0.37935249317120506
0.68895393253699144
0.15143849573589066
-0.70880805642364531
-0.018987093088326142
-0.24381308605577523
0.96963635934509707
0.40057183600805174
0.89267252722173407
-0.20658645488197186
0.95071750410165812
0.22767126154306452
0.21048046004820287
-0.39076250281874675
0.47782305008381609
-0.78675904773915872
0.057404529610462073
0.88256009801516411
-0.4666823259688172
0.99208889235639564
-0.11850675692808646
0.041421953423849252
0.12336036116018108
0.63497429727722599
0.76262039252286096
0.32661925810807474
-0.22395444467098427
-0.91823976549975328
-0.24489886467675676
-0.062851420049441969
-0.96750929973711586
-0.10821662558849654
0.59306912801531619
0.79784595715049633
0.74528152034524664
-0.63153677399331143
0.2138147762106232
0.45746162311185828
0.80525033054855855
0.37722774093550104
-0.74056478067826714
0.48526593483819075
0.46484489682534624
-0.17473260480459571
-0.91401226417536197
0.36612852627899573
0.25867332299620849
0.85932514535469751
0.44118976249594394
0.22130725598683057
-0.92554058532980843
0.30724212496813524
0.40699777347330773
0.33166195173263791
-0.85108939727896227
0.44699452298219838
-0.88011532882972598
-0.15997782465973337
-0.74862606928298359
-0.18317706109643989
-0.63718535190161174
-0.79382998016454531
-0.34295098391711287
-0.50221368482175188
0.75644212932588872
-0.52338597370442264
0.39225301466067608
-0.88394603944166306
-0.1566652390274873
-0.44056259740910625
-0.843280572570691
0.48421638349536039
0.23326459199698832
-0.60256418519339405
-0.15267019854132785
-0.78333148360038007
0.87801046769460989
0.28756113872104694
-0.38263064450739853
0.58108138679775889
-0.42492066822392716
-0.69410867134284149
-0.98204348371702133
-0.14952976939833057
0.11502801464260111
0.62042138045185746
-0.76504953645518969
-0.17255873622599005
0.24776136278068697
-0.73751761473526101
-0.62823727608943092
0.56529548163886678
-0.40966588402780513
0.71597128566891466
0.39866548306800553
-0.35936451412248288
0.84375528359807361
0.097981446329551816
0.94614523206122514
0.30855929093608464
0.15705492934122084
-0.98165878380265503
0.10807303712173702
0.093057062192613393
-0.78825142723678543
0.6082763110916376
0.19944808791063962
0.76117782476138562
0.61711326295933311
-0.25294884354743796
0.94365927764553237
0.21336365731193738
-0.37552423073486441
0.91336243951931129
-0.15732325386388563
0.86449804793879881
-0.31108687660051393
0.39480131752179237
-0.99820722175763843
-0.003857444490326262
-0.059728239157879025
-0.86101240029570825
0.33746423094298877
0.38049380989850567
-0.33438224985336318
-0.79218388766935754
0.51052247658655125
-0.73887603536765234
0.39582190561997382
-0.54533221378417807
-0.97043724259248243
-0.22340333529076001
-0.091337330651074605
-0.71610423055013239
-0.67305303154681584
0.18491713742604848
0.70019338593098257
-0.71358416713339257
0.022953403125648888
-0.1830154479881908
0.49079945004861025
-0.85183404817468034
-0.59905307316177159
0.44332363145201864
0.6667830031814187
0.5969493425223108
0.64048319125108111
0.483148801289015
-0.06042308188930786
-0.03411786643980725
0.99758960618312043
0.52230851077325613
0.010023511479104744
0.8526976889797766
