0.59751781365890122
0.80156880931554775
0.021445425916539085
0.1579026087101944
0.40250227215954248
-0.90169766943744545
0.95855826044994841
0.27856753858716993
0.059717566667226163
-0.91202494671181022
0.32047832400220971
0.25593776669349605
-0.25501893315916702
-0.80338542068803476
0.53808661900875188
0.56585364899798296
-0.10234940238453846
-0.81812850319934172
-0.96645218198303984
-0.24949824113759622
-0.060998423008034527
0.69927953146845845
-0.71174318340967768
0.066556575476142119
0.03294484361831309
0.44761647226021284
0.89361856014760965
0.44678006056415098
-0.05935816516485496
0.89267249633365287
0.45880622618435785
-0.70632629275044712
-0.53907329277555338
-0.68054188499468693
-0.41636801060524237
-0.60290996219378479
0.37729504657678808
-0.67689718441553737
0.63202741203126422
-0.86668759102180137
0.30410925821649404
-0.39543669358803879
-0.37953852820841422
0.67011331422843923
-0.63788608050275553
-0.4618625667065232
0.6998354493842881
0.54489752546726988
-0.59011036120143312
-0.80705481045990035
-0.020791693443501034
-0.13693088910241208
-0.30439301974588434
0.94265307570686063
0.92385778446518896
-0.22647743426199077
-0.30853649031059216
0.080839108584457475
0.9349959802189457
0.34532239356532207
-0.51593226342196885
0.85470494516438111
-0.05738777110009062
-0.1808596606909422
-0.83016148121206068
-0.52737244737145184
0.69598052716872061
0.47489612562060185
-0.53859518719766841
-0.44809484339341871
0.089312543200463876
-0.88951350802070051
0.616359588624112
0.50364298928477624
0.60534667493545391
-0.0061645841058030103
-0.35160729870621127
-0.93612729123732086
0.87145231086361075
-0.20755739930342407
0.44439936530655783
-0.56661695161453951
0.13210337086121865
0.81332277082973015
0.13112137073696989
0.91684214077751791
-0.37710432910609265
-0.75890450421180089
-0.38807524238852364
0.52293552158189571
0.11154944687125805
-0.99321993027210387
0.032724471164462803
