0.17649322362715525
0.9367201503230389
-0.30233342850647255
0.17760317790734448
0.66888330109291061
0.72183948403801146
0.77510560755402846
-0.064090206127402433
-0.62857278227493074
-0.038931419115495608
0.95961831832607358
0.27859832687705083
0.85200872269353189
-0.15616930073782453
0.49969219121494696
-0.91070569996299477
0.41141573176151019
0.036772594605937257
-0.43992089062715872
-0.43233499962696337
-0.78711883352347811
-0.080542912434966668
0.66933447070348784
-0.73858256517777021
0.93387112921964144
-0.34205521417815232
-0.10432135190635716
-0.039627893954112293
-0.82708145268688915
0.56068342283512096
0.63695873909024647
-0.71533902054253773
0.2873563125908426
-0.973263456418619
-0.20102933815926396
0.11111007874774957
0.64995787678684869
0.5700895824278136
-0.50254614356296934
-0.284498016822472
0.30502126150023662
0.90885802436732921
0.23710587002649808
-0.97092081684420284
-0.033069227652958409
-0.29964661277550464
0.11050153819083766
-0.94762931439968956
0.96047035887412513
0.27466261415854232
-0.045355684404550595
-0.73402167241104599
-0.62287862442831554
-0.270618557495935
0.56406965505098383
-0.67047596248797392
-0.48196203997461157
-0.081137546634675567
-0.83784634137338754
-0.53984276115674157
-0.65569059803857344
0.49481935616004308
-0.5702838279428748
0.32388383805972193
0.23806365344574476
-0.91565547907046796
-0.26028819926828317
-0.31459425323890589
0.91284199572035996
0.59292301598074659
0.79552657556177131
0.12481892763221775
0.21052676926079408
-0.37148428356814761
-0.90425544316109718
-0.3746661150910533
-0.92541769146342256
0.05681019740405318
-0.86652445249188492
-0.043993109349469657
-0.49719209523423097
0.37436719418136394
-0.47155810988982366
0.7984247947790134
0.31416082735304662
0.089660946388231549
0.94512638797655846
0.72124845468489829
0.40907348845740027
0.55898081152749735
-0.77511023083405328
0.064090469843753384
0.62856705428425641
-0.47215212123691075
0.86940092187322016
-0.14565167852613384
-0.55998595066147561
0.67024256116110648
0.48702222153610575
-0.65404066652011139
-0.569856217009029
0.49748839029075559
