0.26184461222001837
-0.70495636381072146
-0.65914636020698303
0.76605398168671301
-0.53413560901389556
-0.35757579381900001
0.55039135930006955
-0.16308994780065841
-0.81882294822153101
-0.13724097539908611
0.82902028470127376
0.54211648400074175
-0.60366125665479342
0.0099695998508528595
0.79717858368923167
0.46000648386387444
0.77150451980067702
0.43951656479627921
-0.22523255899233691
-0.89622479129554944
-0.38216674088284036
-0.046060050927072112
-0.26861462083515453
-0.96214586065844598
-0.93398234773824307
-0.14393909124575538
-0.32704512245973949
0.23190278455383237
-0.73854394759865438
0.63306708647786691
-0.52633369389860118
-0.47650578396510429
-0.70421238310246648
0.92898466296384785
0.12183918488421695
-0.34948921157125273
-0.013718052393594282
0.31800428005074999
-0.94799002785257747
-0.4318060685862094
0.67841333831570028
-0.5943894863870568
-0.78030357553345253
-0.47827987810098938
0.40295742729649792
0.28025369500368003
-0.95830769114058356
-0.055715666895302302
0.87592930114886125
0.34410210056298141
0.33814435346019228
0.97081978638967426
-0.19024065522669559
0.14600491585294281
0.7015435973775046
0.69376797492689624
-0.16285753880144238
-0.86326228022640328
0.45859567249669952
-0.21087495039859602
-0.46316882470062093
0.88615556030783749
-0.01424649995430402
0.66843586934884458
-0.2279164961154948
0.70798838928776942
-0.1602058744728995
0.37819042756115268
0.91175987973012185
0.4466054916578896
0.32860243377104303
0.83220428702378246
-0.96533414927897943
0.063797311286755795
0.25310053992121373
-0.26453509445678697
-0.9259224578392603
0.26960857899859586
0.13370076310497445
0.99088838858960659
-0.01625753066859276
-0.68663412800571177
0.55464901713562009
0.46999791706807187
0.6799179824431234
-0.68669004654686661
0.25723202973956139
0.10094900136496004
-0.18292525240605736
0.9779302895174059
-0.72490871072941099
-0.67681766809537014
-0.12816085698281215
0.14270507531983317
0.81699491255340106
-0.55870795084714986
-0.32324559956137772
-0.54384031763840235
0.77443527248903565
0.5540233739329371
0.42124294363115344
-0.71806161544600466
-0.60479622002533973
0.13140478424517049
-0.78546439443207172
