-0.20634966004128183
0.8767090212095574
0.43451249686358517
0.24383656776406437
-0.66060522071233674
-0.71003131662529217
0.85512250422422642
-0.5055601201228993
0.11478008412005691
-0.080882994792681309
0.417008024837559
0.90529677364632466
-0.9609514438952913
-0.27637390553684626
-0.01377631350779073
-0.20815331217071406
0.96756455108841555
-0.1431469109322106
-0.72070746883950254
0.69018487778642112
0.065004452415970887
-0.017252148840146725
-0.98278015416140274
-0.18397155200434434
-0.76816633877292206
-0.30056088946437465
-0.56531728056073827
-0.59530499390745806
0.489817850259188
0.63693833123490751
0.78371380668953738
-0.32694858269429644
-0.52810727459332107
0.54456671378312649
0.19448972481020979
0.81585589486299315
0.90536590583425225
-0.044078914603216203
0.42233828365461495
-0.46271099565298895
0.69170972024664168
-0.55446929348534035
0.54146464214815659
-0.45651570812915238
0.70598119630391509
0.53972140826586434
-0.81027665806890781
-0.22836930364695318
0.0036504976988461237
0.38175142707411047
-0.92425782214349195
-0.70641709341800263
-0.49445421902984443
0.50644833439399084
0.34486631762853209
-0.86847477054596323
0.35611626737692398
-0.64270435277840876
-0.76025952223725746
-0.094533453164810571
0.35367706047085817
-0.1285990152799989
-0.92648520234578347
-0.27276391046935705
-0.90160774169396563
0.33571316516182692
0.20024030460915127
0.79371240254773279
-0.57439049648469986
-0.22025346492014439
-0.23897083696838636
-0.94571737335701911
0.63493679292963257
0.30119882296713318
-0.71143133050734164
0.09288405571962742
-0.13541505306394422
0.9864255246072875
0.80565136000411142
0.51666773671283284
0.28979360925245462
0.7193144087700668
0.63760054070652383
-0.27577587245173857
-0.50981952452067714
-0.082497341078522052
0.85631667105836762
0.98030702090590027
0.085013756000969137
-0.17824367044359871
0.34183216683884027
0.71629676212320736
0.60833355840860237
-0.92090648943220144
0.12630414603702797
0.3687526276726934
-0.57379061197709913
0.20136834620201588
-0.79386089635074675
-0.91730046146441602
0.2782281580312756
-0.28486655731358307
-0.3418304533898251
-0.71629676210590831
-0.60833452123967002
-0.10644283291938138
-0.61365256915867883
0.78236848587161889
0.34155698006559587
0.93830211601397751
0.054110705522684384
