-0.70937785740594939
-0.59645687606003184
-0.37552929369471644
0.51747020549895673
0.52096864376113095
0.67883448545175973
0.36614406394348292
-0.92956385314090029
-0.043006596852032876
-0.625133082988924
0.25756608072668535
0.73679599796134732
-0.32865616211565518
0.94430997599462863
-0.016241808410147489
-0.74661871620246489
-0.2854174486198931
0.60091378136925255
-0.78719252084869862
0.593353586287654
-0.16810549294847704
0.73660639799483374
0.58024947629031776
-0.34745008231095365
-0.93021157444935487
-0.0008702545102647443
-0.36702270967549061
0.91574892237243122
0.33640675112518159
0.21962333430473854
-0.53193355802880526
-0.18543031253863571
-0.82623379804667862
0.62795670053511854
-0.32311153734851961
-0.70800375471131782
0.039433300213701672
-0.91484128423710021
0.40188361435827347
0.092378549868338627
-0.25416250432669901
-0.96273964544865587
0.73830387610180248
-0.07461791627654267
0.67032794444480781
-0.94545352273838679
0.22676448640214616
0.2338706994224494
0.95881950392463478
-0.22751035656335189
0.17001234234647181
0.28100782928887902
-0.7616160674393142
-0.58393113095349369
-0.56696369631584764
-0.79401704442960486
0.2192922712161697
0.62943972469794052
-0.65540668486821052
0.41742988681004034
-0.10457968513451785
0.27703317910893127
-0.95515219055916101
-0.62994598647219291
0.35687506710693973
-0.68978854774850606
0.78393557375817313
-0.58032866745564959
-0.22059839964422734
-0.29929961023162399
-0.62119811269421987
0.72424626205479126
0.21414738357074062
0.95638876038522913
-0.19864902999665163
-0.10426876004753505
0.52998308867111255
0.84157349732556164
-0.28878029394149241
0.77510148075761509
-0.5619818825891254
-0.24369178316733248
-0.10412807449513894
0.96424667949579201
-0.21174555957039096
-0.95862405088140989
-0.19027282274128945
0.52323546160543288
0.20581829247011174
-0.82696038732410704
-0.9340341918417957
-0.34750464422004618
0.082587230949721688
0.58037595925608221
0.79315212650063593
0.18458995136545731
0.27422152640159403
-0.49079821828390641
0.82699435511212682
0.25898807736458246
0.67199741244559907
-0.69379006439226021
0.27628631275844562
0.088774979190163347
0.95696649703745029
-0.25150158439730785
-0.66378713865514494
-0.70436750890544308
0.05399318918290457
0.89657099996941725
0.43959660773907044
0.93356435585712882
0.049053684413679258
-0.35503708189216993
-0.56266876819324974
0.70902297569840866
0.42507678980587132
