-0.8724833304059153
0.33065005567033334
0.35978240486300572
0.022183704933613373
-0.63477741672300281
0.77237653670595763
-0.69510653009919598
-0.068398170926601817
0.71564558408988366
-0.3433927556482298
-0.51364865155168016
-0.78628651147495587
-0.29321909387006284
-0.90659853011683444
-0.3034825665174431
0.13925044179223836
-0.76089506815440222
-0.63375705891056866
0.21955634838687768
-0.26762808270831923
-0.93817387473159208
0.70846364125473182
-0.047069432290068151
-0.70417592799241402
0.93114407082497186
0.32413825201392643
0.16704823539581559
0.29379062335705702
0.82931297417002758
-0.47531785207451971
0.64000280056808145
-0.56203272759939094
-0.52394239031805934
-0.4340990491629439
0.42454030815014299
0.79455870914087257
0.30620170199824248
-0.94622395607410348
-0.10440662165232813
0.87191178042751771
-0.25336473319681474
0.41901808925608824
-0.17437476580875946
-0.12297873653285818
0.97696963689253002
0.08632704335700242
0.99121231092428841
0.10022871972329178
-0.63915958290392716
0.44800413913411818
-0.6251138447521184
0.48370114928197949
-0.74020418296929003
0.4670449289929805
-0.13821943958786143
0.62147757688654715
-0.77114266380952068
-0.93143250258986454
-0.28511946848897191
0.22614239277001577
-0.48427293137251609
0.81748956021303676
0.31175398454962255
-0.023214762119358232
0.77419518973545398
0.63252105341263243
-0.97632507836300597
0.066468704618547092
-0.20584278628556024
0.78202955512493189
-0.62323016425257183
0.0037332662393170747
0.50712357785176898
0.69350610035652616
0.51173720360660191
0.43288270818496083
-0.26003646875122971
0.86313011526295658
-0.086615630935681379
-0.95219355917979354
0.29295931173821849
-0.218153936633044
0.077990194996499507
-0.9727930866406862
-0.30591354086209382
0.90720490264767351
-0.288783950608827
-0.62059480306525716
-0.77244258236634622
0.13488716527381411
-0.70743262418894248
-0.092347975661240839
-0.70072172338555139
0.17297271334595987
0.31261727003082507
0.93399726065776589
-0.78194462871883386
0.61169529652187571
-0.11996441901989079
0.62050958247934263
0.78397692134329466
-0.018655960237985301
-0.50796679551596713
-0.57947751189112551
0.63731903146360702
0.78299316467187929
0.4430351457823602
-0.43662519817197687
0.69407586219324691
0.20781582588801947
0.68925414763436954
0.34460930945373336
0.34914519468542721
-0.87140235073466266
0.97661357727858722
-0.10548783224747024
-0.1873452372569166
-0.78242157491522923
-0.52032067208683241
-0.34217375309377418
