-0.19027912213119647
0.85311466877603825
-0.48578721432344402
-0.29463185171423095
0.95505213910691655
0.032672366653586284
-0.85165639037678931
0.099406810306362794
-0.51458690111106853
0.63575804711881911
0.70564815262717073
0.31284563320833914
0.60827563779591631
0.24977290276518227
-0.75340178225713417
-0.25345990929038137
-0.88625191162429462
-0.38770558872009458
0.30852142945006616
0.94318580179894651
-0.12334938530437096
0.93749821731051508
-0.25339276451617487
0.23851456859164066
0.31844320148531624
0.70918803351433068
-0.6290041816616635
0.94819829658195154
0.28792475012560309
0.13423609285208882
-0.43009325119024422
-0.065531345382174991
-0.9004029309442565
-0.97237381257302258
0.21733118415659872
0.085184065501095863
0.62813536163001404
-0.72978867096015088
0.26991565943484658
-0.48127754887325969
0.46635037108690441
-0.74221914037409054
0.75647586918218745
0.58772293933741626
-0.28692508764770253
-0.67063342878356513
-0.74170954485376295
0.010851510071077378
-0.30073731246108121
0.67741296974040388
0.6713186555736198
0.78490855176333474
-0.57094702069060643
-0.2407032715467424
0.11191973510418581
0.91093404713866921
0.39708076591264591
-0.17158430517777229
-0.97262761255956898
0.15669828813147199
-0.44404852664642414
-0.70007314379160934
0.55921239196290407
0.59431949149735674
-0.38476695852878101
0.70621436522548475
0.3033200420801232
0.021597504557475725
0.95264395230820753
0.30346580776023724
-0.94591777255832321
-0.11466503860692197
-0.94819833226085348
-0.28792482286806503
-0.13423568480150794
0.16853549429504003
-0.81411028388425255
0.55571596417291125
-0.86049548097755135
-0.30250733898822663
0.40992296480616286
0.0044138945449735791
-0.43445044062212901
0.90068492392078137
0.63748205345178632
-0.30483412473833571
-0.70759648665175467
-0.73847215709988445
0.23571234691801621
0.63174248131548372
0.18313887901276818
-0.15015884676417565
-0.97155157955324201
-0.49639946494249987
-0.22124261214895299
0.83942794674367827
0.30818738945146829
-0.73119682985590106
-0.6085817356705423
-0.72984727724619958
0.62788065475540256
-0.27034946879961869
0.94296154025158019
-0.0049968049896265965
-0.3328641848355921
0.021934274678494143
0.36220543770818808
-0.93184017325341173
0.29989602104055024
0.55101869431901318
0.77874307385364006
-0.6651706576616927
-0.49331283845342394
-0.56052693031016554
0.74763601407750102
0.18581003731068854
0.63758530448004136
-0.68780038686443346
0.66809473531982277
0.28386625806367249
-0.20402736194075627
0.22804914489574235
0.95203278467278452
-0.16223867148445079
-0.54767163775568672
-0.82081324957201096
