0.91879297978317354
-0.23390879469470038
-0.3179719108123063
-0.19575253731577913
0.087861315601797441
-0.97670944162281748
-0.39159884820599666
-0.42037663697375999
-0.81849485347824169
0.1697461423576393
-0.3364176516690251
-0.92628797401250906
-0.26718536882914506
0.92151056117732144
-0.28183375298620944
-0.17524439701238317
0.60990022200370964
-0.77285905604812055
0.30383181865868619
0.77866442243446177
-0.54896989280411479
-0.96479963756337361
-0.25157300229026069
0.076633438368948828
-0.70748398447829297
0.70566332943153309
0.038803056610560951
-0.89869619957841973
0.21386828695860441
0.38289097233637814
0.64349061098760274
-0.58577341408825845
0.49273658370186735
-0.20010492827061147
0.92889355452411582
0.31163244703555337
0.31557441708754047
-0.93419814999996587
-0.16639291997107408
-0.083976247724257644
0.59295276145510534
0.80084643503041153
0.062864113485058243
0.040190740108947069
0.99721251879688744
-0.67586491333071641
0.097482393204332718
-0.73055034182704948
-0.64234910237982956
0.57773530850024968
-0.5035966083920228
0.62200187907545557
-0.1021330556595528
0.77632628537764015
0.69054207693120528
0.72249026801795213
-0.034050735775971543
0.942567335430056
-0.1621958608837191
0.29199198771965246
0.72904567415251309
0.42199532294086017
-0.53889920431890292
0.53803759048060928
-0.61355882651503257
-0.57798020522792692
-0.68831089412181312
-0.70966373080868728
0.15035126274137328
0.42760628757169772
0.40067951217968834
0.81031400786892349
-0.3032536989987672
-0.78274666018635441
0.54345640120498429
-0.0092396580742625679
-0.79673733868445396
-0.60425511323006964
0.21600093023296008
-0.89758270101969839
0.38430312641023212
-0.50015682580368814
0.15718779763168997
0.85154867499026621
0.75484771416390439
-0.65549579160113414
-0.023025976954971123
0.20954307807220998
-0.51458260545547119
0.83144238561350881
0.96593917324309464
0.24352209542553094
-0.087512871247636556
-0.83976625263422933
-0.32411459558363337
-0.43559427207703444
0.29758225572782449
0.30620881594790988
-0.90425713274030572
-0.52517109068692069
-0.75948445131505715
-0.38389932758130318
0.64507819608947248
-0.08685810966562639
-0.75916387540192276
-0.30317422040745778
-0.36089346125920446
0.88195311763193018
-0.2022587561009154
-0.97932019493598699
-0.0048323256358609899
0.21621495589374423
0.9749253834688566
-0.052645887930293317
0.36291122172706447
0.81189719821564288
0.45729463661206304
0.81323049145540838
0.389652967742526
0.4322345804035545
-0.57046412696668625
0.60807824709522507
0.55209738747229631
-0.95239609502028977
0.23158324431956676
-0.19826971311959643
-0.7481675687634608
-0.31556562794929915
0.5836639645442715
