-0.46431515350447011
-0.16327525882035376
0.87048987821988311
0.15209389579500573
-0.8973306656773139
-0.4143249006480379
0.81117056432695012
0.46900493745176125
0.34933749328602948
-0.69926454266270899
0.55562388442624577
-0.44979017155758566
-0.91621964025275493
0.3985552767869005
0.041173561425138672
0.05671397176627295
0.99665087933697361
-0.058911375160759609
0.8576263795996758
-0.50952584471751083
-0.069716616237879586
-0.049754274657587493
-0.49033706141099404
0.87011153213833947
-0.084924318404201685
-0.072830802821856111
-0.99372206089223247
0.70714313253144057
-0.55739280825099657
0.43504235129891594
0.38233887527889027
0.8049338566781209
0.45376036718047491
0.50741134997364878
0.31687719378775392
0.80132550563121219
0.036807225355043431
0.58765709330816551
0.80827245953716675
-0.66803540739322331
-0.73951598799719531
0.082733294177751188
-0.37475016739289319
0.39893067506111063
-0.83690897266924136
-0.083412427045614079
-0.99054004827457109
0.10896228603774127
-0.97477772530727946
-0.20976829548032461
0.076194805965008494
-0.6141643800220361
-0.068962482580841103
-0.78615920163058273
-0.74260738434359985
-0.42599210009895594
0.51678332342640287
0.57403202603424064
0.81774728361262505
-0.042149890049651868
-0.84760131500199942
0.1212372778421295
0.51659803838991858
0.15351197653100995
0.41819731663364301
-0.89529049890075507
0.64347652056887183
0.36408510926743481
-0.67333498400595393
0.88060431170662978
0.42324685893131569
-0.21306839889685106
-0.49642667677630864
0.86574743443408997
-0.063576209037829345
0.87022981668736532
-0.10710583167518986
-0.48086214965355756
0.24508015177902787
-0.80818115926098788
0.53551744417855751
0.34408239865690493
0.78363300441200356
-0.51722975294420903
-0.33551998599813848
-0.77828579768493833
0.53075187811041058
-0.36357267364045481
-0.54163200772181419
-0.75792458674538854
0.46733874315202523
-0.10712615463349323
-0.87756394988771413
0.15343821338338656
-0.54676111288819362
-0.82310934881519748
0.041429847727518648
0.063442013516430654
0.99712520710202479
-0.18946294855274487
0.82013001823157949
-0.53989864263690168
-0.79032455484635333
-0.4737600590484044
-0.38850804941129058
-0.16847735997981497
0.89378831552972116
0.41564146351967268
-0.37051224303401803
-0.86434529668794102
-0.34004100613798927
0.60607587802315499
-0.59223932669007706
-0.53096573335776187
0.46750204770955922
-0.88381079723182332
0.017897208827580731
0.99763878380179227
-0.018818793871655966
0.066050814163769914
-0.6365507698023235
0.64758704297797154
0.41884858747656811
-0.91960738190193014
0.06829026990404681
-0.38685747012034055
0.828411196967625
-0.047330225003584914
0.55811713693433274
-0.43626099206366209
0.36939790421636265
0.82050078315879027
0.44238522919883505
-0.28989559419240879
0.84867888712664719
