-0.62056415386945141
-0.22414892364634315
0.75143688421615151
0.76602451278986616
-0.11988570461407141
0.63153294738614851
-0.85684888960330652
0.51438655714994752
-0.034877646265252957
0.90099187054455399
-0.38894217538333598
0.19219165804140431
0.48222816291308029
0.77451283678597949
-0.4093725253936934
-0.3614265160568837
-0.38502990950423605
-0.84918952082449961
0.66935360350600348
-0.73475646172206854
-0.10999406998194998
-0.77746451177934972
-0.35679755088381576
-0.5179231995257676
-0.72522966432159763
-0.68189410002472739
-0.095196482810290084
0.39316165438893119
0.18795536301198162
0.90005371785976906
0.56018905155278886
-0.66414364312375196
0.49507721399666299
-0.18803871974606284
-0.48228204255428309
0.85559655872726048
-0.86145784226074129
-0.38805799844957034
0.3275688871776149
-0.10526930436624968
0.90443646080496698
0.41341633001712813
-0.85885415443491187
0.20591458957919956
-0.46900823362529837
-0.45184668704096248
0.88908237562804282
-0.073260499300114454
0.12596553695075302
-0.54713870638557949
-0.8275094679068169
0.070178863931531457
0.99421290444815857
-0.081336508936862006
-0.1259655370586503
0.54713869486840039
0.82750947550540421
0.99113438328993675
0.10493943619674496
0.081488336534660172
-0.26278264312955846
-0.96474601220604339
0.014505667939802921
-0.48834055968454582
-0.74796331035729291
0.44952684472269777
0.77541422822857031
0.39709345857436623
0.49096798247761425
0.81932012947950394
0.5710855680750998
-0.050752333601810883
-0.362696162124722
-0.78672248447955484
-0.49951899502853142
0.34729216693849774
0.6628254220414499
0.66336310620861061
0.33022822649932737
-0.36082572977444888
0.87221219388165239
-0.59423187033715208
0.68540471135052006
0.42084304192195049
0.15336640152735936
-0.89934403547832331
-0.40946190632598911
-0.042252964016417399
0.83043780783541599
-0.55550673654721416
-0.52390106157233041
0.10297507884678436
-0.84553167345752556
0.90994761009194813
-0.2186505004356874
-0.35240219288076952
-0.56593051884865009
0.28684306744156507
0.77294482500137851
-0.99113438525660935
-0.10493942296660921
-0.08148832965178493
0.81605404303864992
0.28739322823644009
-0.50145880309763313
0.042252965923322311
-0.83043781329229316
0.55550672824457936
0.58006486655078571
-0.56463855361738136
-0.58711843299481803
-0.90789733056394872
0.17835459474622187
0.37935745107716962
0.47511161399485591
0.85593032819683335
0.20408877362575384
-0.55407665568943898
0.63759413265078591
-0.53523152152063946
-0.10892718752518596
0.025938317714610717
0.99371126163085666
-0.14351734973958835
0.4471774941508378
-0.8828561938666466
0.38440110215739881
0.43648935968676322
-0.81345733234166406
0.060830093671333997
-0.031030777924733442
-0.99766567071605827
0.26137720483842913
-0.95910835438918463
0.10859613865934652
0.5637663761897056
-0.086637577089320156
-0.82137774702874644
