-0.57317245090515767
-0.29670182589348332
0.76383333786556329
0.033658191645483546
-0.43748238348440055
0.89859684524038019
0.56620018626822222
0.17113790642162069
-0.80630587623770611
-0.91566858914903959
-0.38870627794012796
-0.10226663354065828
-0.17279821521453356
0.87165740095290056
-0.45864381842853424
-0.25797115265268067
-0.63180703023657991
-0.73093827437252223
0.68350804039208024
-0.67428154045921329
0.27957317989272301
-0.28642215418938211
0.47075159944166428
0.83447904779726423
0.76340912067912003
0.48522139832520922
-0.42634107129299814
0.22846852684374341
0.49921954868632779
0.83581216457483376
0.70462903411209943
0.40569968690021396
0.58215606870951553
-0.93794112539518382
-0.10299292709393018
0.33114785558876886
0.046435553457016235
0.99847430207164289
0.029879884164539586
0.71399421734600244
0.69638818655635493
0.072496560064743198
0.95662361420068609
-0.28292167113544286
0.069473655118650182
0.8322776441673555
-0.093332453801409282
0.54644576683019941
-0.13854279213804846
0.85510110595211564
0.49960783955624866
0.17348762996504799
-0.33521347599860413
-0.92603129955636165
-0.69752411613554932
0.60519668229852486
-0.38366272055567147
-0.7078007207244551
0.18810024905750827
0.68090853721072209
0.19951257319968768
-0.85232330500113063
0.48346635548628297
0.39877845545233603
0.023001333832803252
0.91675879167257579
-0.10088983472377701
-0.9370044314143785
-0.33443076527022214
-0.71205061354855115
-0.3682404785138062
-0.59781508322311061
0.51517787174676188
-0.46427348761692244
0.72044561846019739
-0.90769971102755076
0.4056035400770468
0.10755000175485027
0.25695791010257812
0.62602467015597485
-0.73625114247233514
0.96264695369131204
0.25128295086972391
0.10083511863949357
0.37989585819813254
0.8213770211620659
0.42546318998338234
-0.68696416164788876
0.17412880280635074
-0.70552065926139995
-0.29793324104622221
-0.71674834060995951
0.6304820378984346
0.64367757758654554
-0.3301091946684423
-0.69043978427352304
-0.71011257660388882
-0.62856275403850703
0.31725225418350211
0.39405485910481269
0.86628373949579085
-0.30703949371550715
0.72904184113654502
-0.63022286426623453
-0.26705268249598246
-0.33783192227969833
-0.13190750180270211
-0.93191738005950608
-0.30568728876095547
0.51098061675982398
-0.80340157504558463
-0.62367802988312515
0.64984562702064663
0.43442649100077491
-0.16728417208389612
0.012411770714131293
0.98583059078015278
0.32921923446127344
-0.94362559357611342
-0.034430143898342598
-0.48164510430203356
0.8763419474737586
-0.0065409937917175519
0.30466744687488673
-0.74678892370621885
-0.59117176035771979
-0.58712071420588341
-0.7741328609261684
-0.23665920769038123
-0.24741389375016551
-0.95453204050552942
0.16629777156574349
0.92403115019687243
-0.018894605934213611
-0.38185000632766236
0.072093425161617111
0.18679162593969231
-0.97975069610961363
-0.95694011943303547
0.088565570657778869
-0.27644483629387934
