0.50637067096476551
-0.3896972526731628
-0.76923650124372178
-0.30643780002072391
0.62202512114037745
0.72054189565129212
0.86028781964554724
-0.20483330209769915
-0.46684921090354564
-0.22200592650517134
0.97009513667731573
-0.098126420456473629
-0.6559398628119496
0.71664114259768852
-0.236998669005799
-0.7838581773564014
-0.17143896771479269
-0.59680401987619591
-0.99077556793505928
-0.13268971024264425
-0.027517535839604826
-0.37204530041109518
-0.218036253779929
-0.90224303071823853
-0.88497481516346377
0.41674822373136333
0.20770289969845609
-0.5401726421425902
0.79024366766637044
0.28935870886133042
0.16318562177509391
0.86820776358103691
-0.46859975683251281
0.61217870582042822
0.61380083621017412
-0.49848346573152907
0.72834322740310431
0.6851696869446382
-0.0076578840560758595
0.62072393206456755
0.15623042623339795
-0.76830583368944494
0.46322578779425433
-0.39189782267314183
0.79488235991651202
-0.46193104843863098
-0.65776583465129956
-0.59494858034444154
0.38527608956463422
-0.78752519397599885
-0.481005617080351
0.98019781230631009
-0.18927990988064838
0.058183884929570454
-0.080868513044701273
-0.93203517677126169
-0.35322898077437259
-0.0040722784191056802
0.90915656553225155
0.41643457577160647
-0.88824075835958116
-0.087165172793935569
0.45103280129121365
-0.49728468459608605
-0.86710313609056344
-0.028984372480378846
-0.91642397811118648
0.27676216065819192
-0.28908441461046747
-0.25850476704469272
0.12236433508565424
0.95822870699755947
0.2185394153530556
-0.78650275168414596
0.57762786076366812
0.16816401270707637
0.53254018831954486
0.82953107998123732
0.92944808775932963
0.25668566494360556
-0.26502588849579334
0.76788056276720773
-0.61500542195704744
-0.17924221681219624
-0.63843107856180192
0.32544802118587635
-0.69748788049156196
-0.21384662023587855
0.27448583768158574
-0.9375111454942443
-0.80861060296595799
-0.53957878388518221
-0.23452852438886337
0.90705513618199141
0.30981847837818155
0.28506751898681365
0.0057906455403144465
-0.58265111830210636
-0.81270175511409559
0.219835971704261
0.49326061730931198
-0.84164488292657003
-0.077894372778256116
-0.97662121202335295
0.20035836622292302
0.23619739121944908
0.024405148717352162
0.97139856963926519
-0.67309663404471043
0.29941172631037438
0.67623482562311332
-0.55055683073759665
-0.28231870676955523
0.78561016028061847
0.69502376137802269
-0.62981924992693239
0.34679919772315182
-0.34320868891126777
-0.74033948339875688
0.57801837788834209
-0.062997898577340658
-0.42483716893706164
0.90307510466426977
0.82587367683566582
-0.15697940200994387
0.54156268081777814
-0.75598610183320647
-0.5700519219550314
0.32175428530232147
-0.29526321033959735
0.72467772602852376
-0.62262495132951634
0.16616358930664957
-0.071676313524040219
-0.98348979032236761
0.38510104572089171
-0.92226311213514667
0.033584767074815468
0.51100563566718338
0.71823430179846126
0.47224223449036695
0.62406329390991477
0.2696038383005761
0.73338855702001793
0.30501150582130909
0.95229871380197884
0.0097540252057494274
