0.57406127267433105
-0.65896110129456875
-0.4860287256903405
-0.69086455044134376
0.38330113925539083
-0.61301420015281827
0.90558784612103282
0.38794622055322942
-0.17148872533298978
-0.16423747699792043
-0.20476319593223521
-0.96493423855772398
-0.1328794779966683
0.84125599384999317
0.52405285719934125
0.2202012030677154
-0.0037977114061406463
0.97544708085862164
-0.65131503461969353
0.72523101911711529
-0.22322341854899028
-0.59993120947623335
-0.067432202037661662
-0.79720476793903816
-0.25894592207378897
0.96466793072660129
-0.048608567856011767
0.1961215772192704
0.57892931520308699
-0.79143993767531762
0.86301802764747493
-0.48701319210988303
-0.13423127305663274
-0.91999427832214775
-0.096143026662041317
-0.37995663736638752
0.83508038345080871
0.41247218008246428
0.36401573294799966
-0.50734684035063371
-0.8379749645010609
0.20099040388952505
0.23586082051684773
-0.49707076015442503
-0.83503912048755013
0.91814569744599572
-0.06135702623501528
-0.39146365551989881
-0.18009394558314812
-0.80869800795050084
0.55997651977666529
0.76559979696427749
-0.54077853444494939
0.34844730960624454
0.53309857792898796
0.31639200973643694
0.7846668097893712
0.023085564954423914
-0.46759588893759702
0.88364084408734389
-0.98227493100976593
-0.10226362130033456
0.15709268496114381
-0.93181534453496484
0.33819313997107853
-0.13170255793145053
-0.29203388359686788
0.74171694196101867
-0.60379813583624609
-0.21114704876682439
-0.66441320257620962
-0.71691841937523471
-0.77421655135542966
-0.47483630723134046
0.41847247572834378
0.49834207656391538
-0.86697596721534276
0.0028012491830461893
0.9898454695787694
-0.051064344170488496
0.13265888251008093
-0.82824344869802324
-0.55094451255447474
-0.10233735278439246
0.19601873230016661
0.97087177851815443
0.13778478241239644
0.39130099870205237
0.73271364276478901
0.55678922953046561
0.56822206583999035
0.70968477106147165
-0.41649875103769546
0.25107145772643702
0.087897803650223941
-0.96396944932325968
-0.85706008546963786
0.36634506072538925
0.36226965975208048
0.80071911427759068
-0.061904491679635465
0.59583280703599772
0.12911482530095453
0.91616289923551508
-0.37944025083256488
0.62585227573154045
-0.20956454798549451
-0.75126002767968902
0.49672808636806365
-0.3994341723387233
0.77052809824249813
-0.45613864215579802
-0.42269539932569206
0.78311310710596505
-0.64739807295515117
-0.50922058961352701
-0.56707153538826882
-0.38398131003252928
-0.88087007217622804
-0.27681450375648553
-0.28559590454755535
0.040651604934913682
0.95748755935619301
0.65684158015474425
0.30580668355523488
-0.68923247955444422
0.63456747424021431
0.76913170947193799
0.075898182594642163
-0.57904695083345759
0.7600541405375929
0.29499547824015276
-0.7388961533134063
-0.00017185760981340605
0.67381929705493959
-0.47897918475669177
0.47478412141116422
0.73834881907242456
0.0017052015511060867
-0.99584348717529036
0.091065039055762229
0.13596188201632903
-0.9035766506917895
-0.40628020252429931
0.32347464579492707
-0.80794924700389315
0.49252631177804962
0.023513579630857252
0.48508258657147318
0.87415215825282533
-0.24070399901108114
0.32402135302831292
-0.91491625170928892
