-0.10128776143335419
-0.61147735611974074
-0.78475233821673418
0.38956466379522026
0.14785034765690261
-0.90905425988763178
-0.71329696668084885
-0.66556111759340886
0.21962658325374082
0.67065928989594836
0.70514905478371825
0.23017586192711653
-0.45076475620011897
0.86248709619483321
-0.23005899996577367
-0.82032042485810353
-0.10617095207549289
-0.56196274742726859
-0.6213221645417405
0.5970213892857078
0.50746845082677783
0.75521699434395861
0.23157793904876217
-0.6132038401706279
-0.33901123990605775
0.90156367064930798
0.26880164988835814
-0.45854403156156026
-0.88068779669013364
-0.11885443147122746
-0.40731471344362863
0.3404632806499156
0.84745470601173212
-0.072082958874189654
-0.61007837911792573
0.78905539626365029
0.15893565498000464
-0.21328285055749854
0.96397608021887382
-0.040591998003856669
-0.90915828058704395
-0.41446774366416561
0.77685067022220466
0.33700714480223898
0.53191091408952496
0.22925603968457997
0.90982139429531672
0.34592874808357282
0.94442222445088575
-0.30254809250825199
0.12857415635678529
0.77776121840127999
-0.57437924037718446
-0.25529585851455755
-0.91432093538727643
0.26302588073842686
0.30795229041900457
-0.30133435201311626
-0.85125989052229722
0.42959772704799321
-0.40612631432285889
0.64315482568404092
-0.64916352871511618
0.060882738802409193
0.29687434804025664
0.95297372135415692
-0.78272792888062115
0.62229376060911756
0.0093522648174426161
0.81006183939121645
-0.17817928089999996
0.5586161116724776
0.51178822292544957
0.08787299131854541
0.85460584614870327
0.00045471151667896329
0.46416880376463499
-0.88574664258417846
0.43333369598705418
-0.89655773412844486
-0.091684989483926796
0.69283800877153778
-0.28178860691344099
-0.66375498085910634
0.95465620110903338
-0.058514752712185855
-0.29190334256239786
0.24335692555888591
-0.85208882657415419
0.46338109414391088
-0.87119649486342499
-0.44680129124472107
-0.20343370782574927
-0.98875113972265394
0.069962810988006829
-0.13219829339219688
0.39796006002662943
-0.71898382492161539
-0.56981580368105389
-0.31339440255556944
-0.14632526440505189
0.93828186886650922
-0.50927185940275765
0.21364210097874139
-0.83366613575810256
-0.55337553747221047
-0.64904033714318454
-0.52203654593179905
0.6766244469935021
-0.67817925785487332
0.28679653405533156
-0.46398030814079977
-0.29061376611585099
-0.83681892461961549
-0.57576715490217389
-0.47568994973156697
0.66498966537851945
0.38689121452250536
0.5976938550998121
0.70219459105096038
0.27606766326922227
-0.3430903276923567
-0.89781717088782764
-0.087661848133187711
-0.023210758937644922
-0.99587984267752527
-0.006646724516173463
-0.9976254103109411
0.068551890966862497
0.45282553534473891
0.6176967443294783
-0.64296171471131447
-0.92826520012440839
-0.24241731942314174
0.28205949989619283
0.96897248442934003
0.21379402833886771
0.12403401898459865
0.47669076094001683
-0.49669522609529293
0.72529977995899986
0.46088806890881789
0.86618265547461093
-0.19315743654452436
0.033774932674310747
0.84590077275218378
-0.53226979679491881
-0.7318654223717318
0.0067962077684905805
0.68141530295159514
0.82172873463479412
0.52268257660306672
-0.22707886469480038
-0.79866901169991045
0.41337508423881014
-0.43732007669537104
-0.11055208266417757
0.72473565387434935
0.68010033746641552
0.0061094294745209577
0.99761398856873384
-0.068767759040688339
