0.89546154088231433
-0.026990866642535926
0.4443198419140833
0.53674707934079013
-0.83133790746481362
0.14415219884260075
-0.082030219755936704
0.97824924034678418
0.19052418956062397
-0.49262451203986668
0.68182000640185247
0.54077959374190621
-0.85831014250653148
0.46675980145236678
0.21316422546610619
0.054383146796878029
-0.98566373695886145
0.15971684628980692
-0.44521987455025913
-0.85806898797301978
0.25592357293615864
0.40397690373561901
-0.70559444394651072
0.58218480048863919
-0.47746824418771122
-0.62444869722498531
-0.61813259121835873
0.45773428596220372
-0.23417805745116779
-0.85769456152121493
0.87947615465457785
0.27203016671568142
-0.39053973138547093
0.30372006146436642
0.52424396738445733
0.79556419409440837
0.82265227954036535
-0.19910824710494293
-0.53254026411327604
0.064810104347460942
-0.42655838385826306
0.90213502067855567
-0.016408014186381804
-0.79872281599150641
-0.60147538626701735
-0.015907510468404752
-0.44457800901624639
-0.89559887506061986
-0.27111456338214907
-0.93851483935406799
-0.21374468375684685
0.98191295058000427
-0.17921848984127389
-0.061054814570869899
0.15469572234768755
0.48179760957069578
-0.86251973710709395
0.29816481960164831
0.94576876489826467
-0.12891541294479672
0.71518158244949637
0.69772237468225529
-0.041216404413640384
0.81580225110069726
-0.47815942044223758
0.32531562480363357
-0.03963772818395548
0.78312755625159824
0.62059655263610247
-0.80643403622666188
-0.25244081287231235
-0.53473150385173795
-0.20690986006083673
0.38845011678159702
0.89793920539308703
-0.6975459765340335
-0.69299327962110513
-0.18218102267021755
0.47516838712443898
-0.62883155994403306
-0.61545582546265099
-0.055583627284928203
-0.80866350148584398
0.58563965178470001
0.60562378646294834
0.16044275193324123
0.77940871987832538
-0.95414980932782256
0.011251841847808076
0.29911793228543082
-0.31832795577190487
0.2715640884524736
-0.90825120888279443
-0.96077562268637129
0.18488737601986077
-0.20670476782141681
0.56642750996103741
0.64830638639256088
-0.50878158901630677
0.078678914976616554
0.021099759924697287
-0.99667669204673515
-0.95308201524184144
-0.29098728740928231
-0.08343303176043608
-0.44395235846203218
-0.19501334164649681
-0.87457195244065888
-0.66828286069970722
0.27578474253085727
0.69089854094664604
0.29982417352255125
-0.91706998134958229
-0.26284617988282799
-0.31925151679735858
-0.090153224860572506
0.94337207138531765
-0.78799218486351941
-0.52870622694636848
0.31549650106166299
-0.7294230684499402
0.6097350446776405
-0.31010508300418044
-0.72960736131485793
0.22406196034513687
-0.64611867040154836
0.57497203257747609
0.23015033043092706
-0.78513564888894272
-0.71983223899753757
-0.19107160249826546
0.6673328932538366
0.16704530887930674
0.049334671739928518
0.98471414885017794
-0.25793430565413283
0.92830405090227053
-0.26780866872667736
0.95340121404219402
0.2910726114743436
0.079390553042387443
0.10788357275637851
0.82325476653889818
-0.55732640714423676
0.77105209003433184
-0.59857020540231787
-0.21723808058974303
0.72699978303898782
0.51234885510422723
0.45713232890996913
-0.55546896487374153
0.8263172904599998
0.093026687294229859
0.39672176059497516
0.84506251734164506
0.35844272409218331
-0.37484975677470073
0.65573501914073662
-0.65536191872769456
-0.42299147142813859
-0.55622984813450582
0.71532270419952615
0.55256756773155546
-0.30681814130004448
0.77493981137919277
