-0.87115659462851336
0.44939296524446354
-0.19781847846963266
0.34700342203875928
0.50659258416775244
0.78927344992697512
0.092270639308690477
-0.6315703251963376
-0.76980845244317631
0.35912645710221863
0.049934602471778021
0.93195210353600988
-0.34960016228628832
-0.93610646301676959
-0.038528125150780704
-0.91221728021059845
0.026503384972957348
-0.40884863246702174
-0.41910896047410767
0.5846062074893601
0.6946821297652761
-0.568818038891998
0.80415337229117978
-0.17257865587547219
-0.23575757434626018
0.32490113902356321
-0.9158917053885568
0.62444249420364861
0.77762860804221978
-0.07324834050711268
0.21914913976609457
0.95770216882560677
0.18649453173353234
0.49919106992654799
-0.71573277446616446
-0.4884003186532076
-0.95533261796929381
-0.29482431159501993
-0.020450289397900012
-0.070991410581398434
-0.62122771375093078
0.78040780832296586
-0.32314446775786421
0.89792260980189109
0.29885220388019146
0.85920028443857166
-0.50559630971705194
-0.078404354605955406
-0.088447551242606878
0.33694732619378731
0.9373598722209332
-0.34803592209275258
-0.42614303189477454
-0.83502880986261574
-0.69986506942223792
-0.64068633839328348
0.31576874512657754
0.089440442004640408
-0.9315036680145341
-0.35256392868454833
0.72244414561582859
0.10546441169846833
-0.68333865274145844
0.30881096404127084
0.20841179162855314
-0.92800878961251076
-0.49049129752249115
0.044149516114559875
0.87032701169247484
-0.508762196644857
-0.43186134174757712
0.74475285079621034
0.36740140463765858
-0.43844786633787536
0.82023147731237434
0.52536780259193183
-0.85073683029817115
-0.015346581832630116
0.85994059149594504
0.41669910608999872
-0.29472705013520639
0.0300955745543241
0.79177573674654034
0.61007002802278221
-0.28434780017042183
0.76886453991224746
-0.57270729679633869
0.57266635441990965
0.71131424508448415
0.40753563188425751
-0.34963445681963146
-0.78236260547267378
-0.51542652256403199
0.77311393303573994
-0.3456570216431995
-0.53180454110016973
-0.28488356407676257
-0.85064212807711437
0.44187025794837032
0.091811737682680944
-0.98671529197287056
0.13402812171547943
-0.038796653542899247
-0.12019010573754148
-0.99199251920398612
-0.075110025335642039
-0.17482512823603472
0.98173044092119965
0.10665656770035013
0.62636296872392538
-0.77220062676595358
-0.7720781891908185
0.26520158003891681
0.57754947123228206
0.26285167623086103
0.89064469641223687
-0.37102698157328295
0.41528596532472029
-0.28998337681475511
-0.86223384773240441
-0.71631604549981831
-0.67747343332900267
-0.16709599065481939
0.71573944266108891
-0.58508166292667196
0.38130892715245235
0.30637346391525483
-0.80885580774034649
0.50188403331175979
0.97638508412589087
-0.028788650721277863
-0.21411067485327506
0.74331936920568931
0.27585999131427291
0.60940756522687278
-0.7417410867048092
-0.39724667720167184
-0.54038434261754786
0.72753528639011755
-0.18862451684512699
0.65963110804615022
-0.73193558108095924
0.62696256584326904
0.26681125572003678
-0.97795889779386214
0.15016722282805978
0.14507308300964089
-0.84996450658212419
-0.20783318221513575
0.48411331929718321
0.55101352044021179
0.57040690512418102
-0.60911416243487382
-0.58189753443622616
0.0021068987558414683
-0.81325938076032889
0.96063339327307928
-0.11441091660424585
0.25316718960091517
-0.12748357039863226
0.98159215736639682
-0.14221383855026129
0.90692158203688267
0.38272262479634622
0.17611540677837736
-0.64031473123786531
0.44813551442738203
-0.62383620099244463
