0.88603825786678181
0.30985330003928641
-0.34485814192383835
0.70485245702695087
0.52960426364408009
0.47191348545372419
0.16847822202629972
-0.90747846334077731
0.38483493510272487
0.78153034084708317
0.097628507430854175
0.61618098061548932
-0.35305479571380921
-0.083076193251927818
0.93190700036980545
-0.51662688068390272
0.73151616121588925
0.44495030288200688
0.010793437578411955
-0.179485073262523
-0.98370148428331028
0.29584067493153415
-0.85008640431189875
-0.43569645426617998
-0.6786576213957275
-0.5610874236736717
0.47392482095447935
0.11913161413952093
-0.19300352123077105
0.9739390634454681
0.97073077205753622
-0.17027141620035555
-0.16937949405316169
0.70492483455871291
-0.56694464812503087
-0.42620974130673739
0.79040489729244756
-0.084854598326781258
-0.60667931848622969
-0.95928453464941277
0.2560684972291109
-0.1191725904278519
-0.63816140020165046
0.67226304612071852
-0.37524981560709847
0.13672271881787532
0.97997003828206852
-0.14479510429738077
0.45429268460807049
-0.41242553610957566
-0.78963493709202193
-0.20106264571942362
0.86766555329785033
-0.45467603864360473
-0.038105463882145849
0.2852850137002661
0.9576849349239891
-0.76891851633522479
0.27188866554177965
-0.57865436037996543
-0.021680175869759077
0.93771123386089739
0.34673853530481719
-0.35742095183833106
0.53040665469723758
-0.7687125885790258
0.58288326508134369
-0.66112350389153329
0.47240111334573887
-0.48872066748508108
-0.87243625729998919
0.0026619769578290586
-0.28925652153101261
-0.85334822263335441
0.43373664322982192
-0.24597490586962437
-0.8559431861856861
-0.45481601522453596
0.52258915827498054
0.78206661354660278
-0.33951786938126866
-0.94585323360802032
-0.18835427300285307
-0.26435644178801149
-0.39349257095892176
0.074383237928372439
-0.91631366382665558
0.43691960151136167
0.87260536166488756
0.21831432524881111
-0.36070590295529403
0.93267105918768456
0.0039933603554722979
0.15207548895316425
-0.62699266894844297
0.76403745899305497
-0.37552172980577297
-0.45896823256501046
-0.80519040725770596
0.58043625361798756
0.4410518097545878
-0.68451958087268638
0.17581033021084402
0.71470636367096174
-0.67696790287234809
-0.7378772494680419
-0.1287748256013361
0.66253619448964629
0.41898827472393224
0.22359416470639423
0.88003095124723463
-0.025425923780615658
-0.99831512216532237
-0.052157830245706346
0.46297377021715652
-0.88637190858951398
-0.00035742732642170483
0.30845349868967453
0.6654775634327581
0.67970291430425567
0.89215572696611145
-0.27255156374704353
0.36024131348390664
0.97016551218455604
0.18667151234919671
0.15470173058159903
-0.66449933165062081
-0.61947563302418795
-0.41796002000808652
0.051023914345162416
-0.63661956341872417
-0.76948820110346772
0.78840586538291113
0.61515347849857183
0.0015457428408220245
-0.85806751364845546
0.30796284010429681
0.41094893981619285
-0.76747644962751771
0.63759166717159477
0.066759008534327688
-0.53863221658523797
0.34073920548169367
0.77056610949624382
0.54849132079411578
-0.29384624717179547
0.78282287526398864
-0.9636120266580932
-0.1268373494508204
0.23529587515333264
0.43044786303478033
0.059435985263638899
-0.90065642775951549
-0.72141521690952248
-0.18274267362318589
-0.66795598661022282
-0.83322182675338985
-0.55169662242940565
0.037043544940106109
-0.15481782705659997
0.66832949840715761
0.72757619668616835
0.051753630338293694
0.33838440844126533
-0.93958371307226385
0.81116740093240969
-0.58419364861875056
0.026930068289393191
-0.31093781873313192
-0.52338085685952829
0.7933411318937571
