-0.39536476627024203
0.88097510600497231
0.25994146300966414
0.48138079542271189
0.028436527303760978
0.87605016620802012
0.84000046602378475
0.021176864869488977
0.5421722581192473
0.15186855209520406
-0.97442008532439595
0.16565458098375493
0.58731573209637622
0.43650437031828271
0.68156009678174179
0.2185486569395545
-0.78428854529256009
-0.58062721454716271
-0.065108271227082778
-0.96406476470434299
-0.25756560809506501
0.53203304491511438
0.6795373646974705
-0.50514335499773622
0.44481109285708936
-0.87716994141088045
-0.18087560796446356
-0.93422231579123283
0.2188799021380996
0.28163851497563652
0.53635759608116307
0.30509381958946369
-0.78691695265405714
-0.028584863620368148
-0.066305068215557136
0.99738986534891916
0.99352107317465799
0.11327195817503269
-0.009238000274376882
-0.72130652105605986
0.1080423337857485
0.68413723534984738
0.78286380296572677
0.61033595413248531
-0.12088957398894501
-0.49263414463164179
-0.79713113210493691
-0.34913257907584672
-0.24343548295909512
0.29161453008555327
-0.92504061071903965
-0.88441565364869767
-0.047163999256156608
-0.46431078897147332
-0.76002523761805152
-0.63485554258539123
0.13899668424905978
0.9336526475654906
-0.29523033416080885
0.20280972236371422
-0.76358459534064638
0.63431453415279737
0.12076273233485993
0.91163025081707372
-0.18656444280725942
-0.36622942873998576
-0.39200400075356945
-0.91470818455717917
0.098192670282995012
0.55511709568221568
0.78275708638889596
0.28131184438147711
0.30468329133162853
-0.38450431881445479
0.87139228869456831
-0.19803625705095973
-0.23852335940949074
-0.95073037603163646
-0.19411762864592283
-0.6701272953674865
-0.71641311702979116
0.13657636472224796
0.37581445766978477
0.91657535969805604
0.35943958916443841
0.92614215976033387
-0.11429733879563331
0.85939999743188711
0.41570482732836062
0.297693031409824
0.28667398306562003
-0.75683981297502345
0.58737681681287379
-0.33387723637754602
0.28874273645380893
0.89730352901014399
-0.30917063663380218
0.69282658887948079
-0.65146361002367015
-0.92237839044826619
0.33136085215040589
-0.1985398964848693
-0.5901734468403127
-0.43012435639305419
-0.68314591463470353
-0.47075930136786087
-0.22418093876663689
0.85330451004864194
0.065200959853247989
0.9640569586538783
0.25757137904908922
0.18139280093014981
0.051877276239068161
-0.98204144514410918
-0.55446179083779401
-0.61128155104908455
0.56471850319249484
0.61888421632589619
-0.55039121532749791
-0.56040328056944966
0.2425346493640671
-0.41160802587347195
-0.87849631581150778
0.24127112910108631
0.74087530357120701
0.62681099768635107
0.85280404110153807
0.27072496140391561
-0.44657951448060706
-0.18851789758626442
0.96951951631328914
-0.15650210790050251
0.68278814547095001
-0.41571531525932043
0.60081704791324331
0.61672461690505453
-0.74248538350995652
0.26146931402630463
-0.58662833909113088
0.76200304782033867
-0.2742599987014071
-0.20392697290161771
0.7077086111975881
0.67643352323784489
0.63086257277195745
-0.13345244745632934
-0.7643316417259346
-0.13087060830023897
-0.5397324065845347
0.83160195596546782
-0.62312800749725572
0.54468048248722101
0.56127948320777599
0.092526492213057435
0.86470695672917974
-0.49368079486942551
-0.85284285020469464
-0.27064163479307962
0.44655590732993555
-0.82884717465584923
-0.4839565752110162
-0.28071051703675121
-0.57955103691705268
0.014779198942593098
-0.81480192125877082
-0.16849505223603126
-0.85753255196730505
0.48605281573962533
0.80899570075763072
-0.57323409442764639
-0.1301100654883634
-0.68284177403320678
0.41563777682739339
-0.60080974535135911
-0.98852204063419435
-0.15093247093738124
0.0066003331086110298
0.13797295859074069
0.53906371676637821
-0.83088734011521403
