-0.73610311867860767
0.096619398212937246
-0.66993797515934084
-0.38679807737939764
-0.8363404843364538
0.38848660413901975
-0.72020399510835764
0.69135418316944219
-0.057754643484951913
-0.29126146156028604
-0.56236253548006299
0.77389607809976713
-0.37515996636644589
0.90430841457612043
0.20366956317218998
-0.0035999941360886408
-0.16074939787919396
0.98698868844769272
-0.88309288748904335
0.35298845164817033
-0.30910533005642449
-0.95752789848383024
-0.24948797566061517
0.14455474266141502
0.040784907269525113
0.88101100203064486
-0.47133449443041553
-0.74794915969844566
0.5502562473914735
0.37120091151968171
0.70729980562351247
0.17626156322333073
0.68458662439095985
0.1706764478120931
-0.53826896129064694
0.8253096845871456
0.055726591180577219
0.99831016783170168
-0.016472881934636446
-0.9472804080839573
-0.11387626895611237
-0.29948626651138194
0.77105882163021222
0.63010622196057076
-0.091839221647423405
0.19014931920898262
-0.23367843442220593
-0.95353952497541883
-0.38457662413202637
0.25383456548750372
-0.88750708928716981
0.45208840721594257
0.83435124117117876
-0.3153951147641092
0.050114727013903994
-0.8555993599503865
0.51520699664194258
0.061559361307391529
0.89489214310841203
0.44201639928656444
-0.013068330726398307
-0.91126805856366344
-0.41160629753884642
0.39682980585374455
-0.8959876062792832
0.19932966307100355
0.3258633072642883
-0.67527117705301176
-0.66168114860574678
-0.48244982503031147
-0.14129094054750982
0.86445302732272378
-0.36537024332707135
0.88796199405712894
-0.27933507191400786
-0.10375810829320624
-0.58279674361531564
-0.80596663119188727
0.082736601253134701
0.22372326761192932
-0.97113467363807016
-0.5985396806753549
0.31177224759092315
0.73793517079019089
0.76718260686929396
-0.63264126773996898
0.10581055745812605
-0.14619505624778834
0.61960182519249341
-0.77118129110270628
0.96315356331559654
0.22460241272965711
-0.14794921313912357
0.46297209708076598
0.86384667301792506
0.19855921746546967
0.53426512108022273
-0.63626354233663474
0.55653345370280538
-0.36193916979580321
0.6979377383360198
0.61796678775960645
0.86469708811208956
-0.050742885768755762
-0.49972402919444686
-0.85039791411848253
0.008250908419190699
0.526075384496549
0.52872302690034534
0.14107623555202975
-0.83698832523984756
0.82971547951494751
-0.30233729607436421
0.46921677554806451
-0.43196772241276488
-0.72538055711751748
-0.53593556902803963
-0.74079748593671213
-0.65292459352909893
0.15782445943106427
-0.63309989139235923
-0.34202093040021714
-0.69441069309678194
-0.79140612041825065
-0.54113275620341372
-0.2843443207244174
0.049444501211193037
0.59574257997662505
0.80165205650754157
-0.57430287109712541
0.58952684890562712
-0.56800907269954803
0.95450260924364716
0.081608254908654088
0.28681851697167943
0.58903927674903644
-0.31627928716076592
-0.74363979382497414
-0.024490036724756463
-0.99848221589406083
0.049330544741629408
0.96580136437737141
-0.25326425312135598
-0.055542260106065104
-0.19947866277543852
0.25206780166261833
0.94692665315867941
0.75310243624521611
-0.5439462339255029
-0.37008001178094208
0.30546108496557117
0.2118515321805198
0.92833854486626932
0.33752013106328049
0.58219986654307088
-0.73967795460203922
0.43357913638929246
-0.86663144705882111
-0.24689890128683986
0.50723166108339557
-0.21397405541287337
0.8348240207401485
0.46529410998342524
0.61665017339661499
0.63501492491488476
-0.69916073193892736
-0.44050449028441468
0.56314302353300216
-0.28099958217150584
-0.17767589509257656
-0.94311744291073896
0.79126589462324448
0.50862957192421721
0.33940277336855129
0.72854958054713315
0.43539152607414572
-0.52881918243140813
-0.9664369020285104
0.22626725296895583
0.12166694140734331
-0.4383419642839701
-0.89234379965917465
-0.10760513722633104
