-0.093350563273835785
-0.64418278182943045
-0.7591536181373002
-0.80961200510076714
-0.48915963496427461
-0.32442449463370243
-0.15092104651121008
0.51940557052648828
-0.84109493579857819
-0.9661961070015449
-0.069462470979427982
-0.24827413868643478
-0.4507672523283664
-0.81244793326468978
-0.36977998859087696
-0.59329982915539448
0.31770632369477808
0.73963369623654152
0.59330112244776023
-0.31770350317035978
-0.73963387035445372
-0.0074351908582167116
0.99700004273358556
-0.077043057611510743
0.10737934981130047
0.61000608588689642
0.78508741577932006
0.72355013839550875
0.66058038290787813
-0.20027170280676587
-0.18605285790143164
0.27285749745154453
0.94389253633620285
0.038783449472019026
0.13892864872949423
-0.98954265931754959
-0.73114554409236621
-0.40546999285696134
0.54865314930879017
0.0025210660651592835
-0.91814078054416559
-0.39624632657937081
0.48561619102472459
0.10851286498627406
-0.86741101742317583
0.76725039665310413
-0.63423743143136946
0.095235021956175989
-0.3312279352017819
0.68256953178406865
0.6514498363051765
0.85548697330180512
-0.015141072042074804
-0.51760292353147841
0.13369749865732472
-0.99037785713047122
0.035730644528619383
-0.86793896911835977
0.045480137058892416
0.49458417182403164
0.42878047761351606
-0.83479394409699204
0.34534963865119822
-0.83520390224566632
0.31738240593348171
-0.4491134044731756
0.28858119368457907
0.20897387302860362
0.93437188262650994
0.41170628312386176
0.90969174418556709
0.054395468533284724
-0.069596956598769744
0.8432808248765834
-0.532948134463062
-0.45008567813764472
0.86306720197790454
0.22921144649734976
0.71585932312783918
-0.020537098383074728
0.69794244539285311
0.35879038050362899
-0.69366862784283045
-0.62457449323896186
-0.47540499768752903
-0.76052551545593361
0.44225674501832885
-0.77906909875814201
0.61919101940935972
-0.098253859175984684
-0.94634056456482696
-0.28342052382011956
0.15528149450805021
0.3020350092236268
0.54293137113872425
-0.78358176308328453
-0.51775790809643285
-0.12088431760833121
0.84694375867584859
-0.75265673311366166
0.54204223375352856
0.37376203515894352
0.95236057737842139
0.26875611961047996
-0.14415088909665894
-0.53108688581536445
0.62006466688944484
-0.57746560814495274
0.70009468612579195
0.41797952220548013
-0.57893052214864904
0.9323755139407176
0.18052625101743164
0.31318712249607883
-0.31862616021883233
-0.9471822008185623
0.036376482467489736
0.40335471059600558
0.77406500494617336
0.48798396034879382
0.76755706550695824
0.59161057989006138
0.24668415626564319
0.89945477721605538
-0.27252046226030602
0.34163387038267318
0.17030174557295197
-0.62465838295223863
0.76210184362872391
0.37102381347362051
-0.23919822346069244
0.89728788007458371
0.36406489514950263
0.83037557790168792
-0.42182123197418536
0.77710450545216481
-0.51091741353550746
-0.36752140638625885
0.61400166537508793
0.41478502856320187
0.67153208039262136
-0.015844674423014293
0.92350818683957525
0.38325132111019344
0.17864095893498597
-0.31084078920723079
-0.93352311784755204
-0.066323791961582806
-0.17399229231832045
0.98251098560456451
-0.49076469155135655
0.21668058220831571
-0.8439191565667693
-0.038957961228417985
-0.88507282040682711
0.46381933965071931
0.48629857921626973
-0.8491254949962711
-0.20615427620977195
-0.74089501548250081
-0.10774579380390392
-0.66292188073011404
-0.96832406038533969
0.23546714862044729
0.083088723659742292
0.9766757051033339
-0.19267339589942739
-0.094770932112583708
-0.28649608498035695
-0.53694782302940547
0.79347780601281503
-0.7253560719185308
-0.68485575916422303
0.069506532574389976
-0.2849969047710697
-0.19061201452603543
-0.93938481155979758
-0.51546866197907759
-0.50094000061954858
-0.69523461816626053
-0.42309261415795213
0.87896814324685013
-0.22001736977378628
0.61364869816016832
-0.51495815047355864
0.59854271234990619
