0.24094277025813779
-0.92104135043666546
0.30598923550696655
0.55699394202228925
0.68079574927918851
0.47568360946521904
0.62853236892254238
-0.22492107908625339
0.74455192525390201
0.22077514312359589
-0.35477454619346527
0.90851161663017643
0.89673554277977796
-0.41275035669929749
-0.15969505114454779
-0.87285918612629332
-0.48320006247658187
0.068077461891378338
-0.75079933627004014
0.58457721453551059
-0.30752209173061201
-0.24957332041963384
0.23275253040292926
-0.93996777462089209
0.8809106463951959
0.39755068539940525
0.25680709804454632
0.24932542203366173
0.55569169267125151
0.79312267438517736
-0.27805575847401348
0.88784335781003776
0.36663219603853425
0.54556455945749516
0.75193878942385473
-0.37006400584728177
0.66496287517597386
0.36696663575532579
-0.65050738879748338
-0.15299497588246727
0.63642972003062448
-0.75600909307789677
0.32353211011345584
0.086160515126413331
0.94228623005893797
0.15455222735940169
0.8795637156056445
0.44997919863949332
-0.33755844230917198
-0.18931871366747277
-0.92206980358381707
-0.57126429542810431
-0.4785782066266886
-0.66679832401635042
-0.51512975492821189
0.26789773423237384
0.81416960123844029
-0.84465849963398831
0.19497776786654894
0.49853353852457921
-0.2805701141833577
-0.543214623856626
0.79132691313732162
-0.69881272976258135
-0.0068932190952750447
-0.71527145354213162
-0.54263031878139789
-0.83354738173358156
0.10368750910446861
-0.89146116032516354
-0.27274463987106529
-0.36181122295102436
-0.59839008494129586
0.7995293549005944
0.051789158094990129
-0.59057249083994745
-0.17883640680369003
0.78691910172815438
-0.6345467242366053
0.60085140409782412
0.48613582973719055
0.89687966667110453
0.026290790327871186
-0.44149253431498064
0.095170843823600054
0.90398827005522053
-0.41683056280516856
0.28388883275267024
-0.94976129527204767
-0.13175967760088306
-0.86656421097318503
-0.23683039929831909
0.43929241995352047
-0.16375324541648273
0.98542134419617156
-0.046148120418705613
0.54205001829477406
-0.026760260867630566
-0.83992003554203398
0.29677530010560094
0.62317473072280494
-0.72358667499878004
0.54897931985779158
-0.62797237070265977
0.55160892668860784
-0.66949502871306388
-0.6841073170104367
-0.28943666896451736
-0.21524234690193653
0.64768368312799818
0.73087384596105043
-0.21908899939201248
-0.87734763046465747
0.42692053787965945
-0.89806173263847189
0.42686956962204592
0.10614845689446159
-0.083647937874937503
0.27987639985414764
0.95638497650995746
-0.99864718760184912
-0.019063863041953549
0.048377306878690893
0.59033992395369572
-0.71387446697183043
-0.37667229735146401
0.14938745834212505
-0.83267887167435317
-0.53322535944683447
-0.12540892537549905
-0.58233936040963219
-0.80321446124547757
0.35415912996064891
-0.50710068894753424
-0.78576090634139606
-0.91662110582872081
0.18371234163721095
-0.35504298877671953
0.66366476910919348
0.74603719201752339
0.054567227983927942
0.86440180499905173
-0.40497298810977561
0.29800402416044824
0.99997438725822563
0.0049489283754159024
0.0051703902629174426
0.2795580881794657
0.95982380165030157
0.024198039569448038
0.11003081020864705
-0.17938480474837096
-0.97760642010484855
0.72855400377082913
-0.34793859946000505
-0.59004050250411189
-0.61750848674834213
-0.6087482134066784
0.4981052915478309
0.8770059081489282
0.4264828478154678
-0.22129848076993719
-0.5800096661176718
0.43051870422320576
-0.69155074472090539
-0.38395749572840815
0.82406592752278607
-0.41652369508826215
-0.28984712314115585
-0.85047510969578088
-0.43895413541137179
-0.14426316265234454
-0.98891226883656191
-0.035223066959967915
-0.17410136316842104
-0.14166571597615354
0.97448424320758587
0.1244292742962457
-0.71374005527959772
0.68926953304754912
0.64900463221849458
-0.75457835393493289
0.096976776249697486
0.88881170456319281
0.00020092980401679702
0.45827253186143002
0.20289710714972342
0.26367738340692459
-0.94303075315174723
0.64730459787535777
0.29177341736973705
0.70417684603074426
