-0.98146698907129926
-0.10365720387325041
-0.16117609453171836
0.17387082082919744
0.24383353798693741
0.95410384309935248
-0.40558180987725501
0.9132951618100662
-0.037354289057823897
0.35260614129498247
0.93423482848487482
0.053611513380049852
-0.70535251492450257
0.019974947317006279
0.70857521207657437
-0.21457147098562498
0.46730254508053271
-0.8576639290539867
0.4571264504831194
0.81428418825297888
-0.35773826889206511
0.91491980447132426
-0.0039512291467710672
0.40361632669452752
-0.23531839609114466
-0.95057511234651337
0.20256408430051087
0.64585553076349067
0.14128333749894828
0.75027305158013513
0.12919551835141199
0.82139831270841768
0.55552977410546989
0.69146519307664334
-0.2693862779699161
-0.67030360285843271
0.84822869865814821
-0.47936405336163956
0.22520696951338695
-0.33658877566906842
0.18270764388176486
0.92375641430020483
0.46849990201656233
0.54786372289612661
-0.69307516399368085
-0.87968908534803036
-0.47316367140413756
0.047573660600199422
0.073981095769793226
0.74303698728686984
-0.66514872997875651
-0.052028642959765919
-0.12892300609230872
0.99028878556302335
-0.84176909906480257
0.32298460194905665
0.43255719941233189
-0.098055902322150598
0.5633783357518245
0.82035961067405905
-0.68689042395490141
0.68690121439122453
0.23737789944920451
0.4188659278236434
0.51863226159715548
0.74536696448062267
0.53411877243104589
0.74906294171646592
0.39194622881694724
0.5273503621023804
-0.75665978153516467
0.38648100936222607
-0.49704739744808552
-0.33623293001318583
-0.79993206053066346
-0.050086839286249171
0.98098651649727941
0.1875013679439336
0.85744486218958837
-0.43843086078899024
-0.26938204953653261
-0.7200731602658913
0.6596620147835478
-0.21526883219918858
-0.40347292435060694
-0.70677199051811135
-0.58110494124128398
-0.14432936648055061
0.0021114385834236317
-0.98952745075537507
0.91116593511892852
0.030714714835388394
-0.41089322818881963
-0.58709742165146805
0.50558996273162871
-0.63221468432426375
-0.61817890062082603
-0.74040736221929593
0.26391624580288942
0.3718098679067417
-0.56714343799260025
0.7349188682222717
0.63106354350099536
0.15334227678578255
-0.76042419097114478
-0.95298890448078843
-0.084515908690320968
0.29097974004173538
-0.56692277304223671
-0.8079370234477421
-0.16073685186821063
0.32328004948982991
-0.50391801995764629
-0.80097230836266631
0.79347574595368864
0.45666529200329137
-0.40230964649481882
-0.4455475877874529
-0.30434874181706018
0.84193775920263503
-0.038483060099924381
-0.53016713251322078
0.84701940101042228
0.21214298298082099
-0.96860207314647739
0.12963556097130591
0.55494496812626914
-0.67475336939713815
-0.48656343146453518
0.30249608682330725
-0.10317154463572467
-0.94755039435064603
0.024756662265945188
0.96253724037774657
-0.27001697827996329
-0.75165117513568569
-0.4028680830316132
0.52222391614285135
0.63019394677589979
-0.7752775614309394
-0.042429850208438841
0.38179448704006275
-0.16408651545985339
0.90956505270929289
-0.33473686104065709
0.81425265896573784
0.47428244878750647
-0.53477980273473735
0.49294533382663924
0.68630566109098834
0.18678128329204999
0.31894530078974676
-0.92918601330191841
-0.80537352203590584
-0.11621832218775882
-0.58126310014600335
-0.86906634639481162
0.27068630847705849
-0.41406836146587689
-0.3339099502000662
0.81196726112639972
-0.47876227087802392
0.26537653830176294
-0.91943231557693639
-0.29020597855972236
0.95397906562846324
0.2998427197955093
0.0042761815064184172
-0.77089750713022387
-0.49935282672648112
-0.39542861295141452
0.065124106980127813
-0.84692111713450502
0.52771533239207946
-0.94551448696568252
0.32514245473164083
0.016874213140330541
-0.53306374357600672
0.1208376488954248
-0.8374015213111089
0.80498736129018855
0.41981910869512223
0.41922221331591258
-0.16657275053057807
-0.95758330532795743
-0.2351334347511253
-0.095691079678411159
-0.42623072058900391
-0.89953909870341853
0.73555033101025513
0.67738936776698211
-0.0104572934812179
0.02207109095085763
-0.77814846957394879
-0.62769246151595648
0.99144970924224862
-0.13044512773468178
-0.0033974540090024445
0.71588030433894367
-0.32396890580965704
0.61851397553173748
-0.36905449683981362
-0.70099819788015816
0.61024610193845785
