-0.66546409210524915
-0.74449675224629719
-0.053685454391782038
0.76217607170417978
-0.62899009196252764
-0.15316363776874753
0.35086969500452064
0.7208610006417715
-0.59770383542451755
-0.74922311051429635
0.65082495315525757
-0.12284791826376021
0.12763029763991918
0.96695349779862427
-0.22070668367621241
-0.54782170385054585
0.66450277310626205
-0.50825923043696164
-0.48179758348892493
-0.14987937357478293
-0.86336971334478896
0.61804376165418828
-0.098753822221392826
-0.77991640018466513
-0.54352176131672558
0.81237476869207703
0.21126128411911849
-0.089824014780344699
0.54418225878555404
0.83414466107012453
-0.80406240113358152
-0.11584201199264643
-0.58315030938926471
-0.53478473094567303
0.50997096108557827
0.67374691865478364
0.24669957044438875
0.011776117912999699
-0.96902045643497814
0.16727068412793719
0.83303437237215905
0.52732746247269835
0.12082946999706
-0.98382635010346509
0.13223445852849236
0.54306903814307672
0.80855859605258362
-0.22651493672565659
-0.81022813721271936
0.47467977576682363
0.3438160498678981
0.3283189743727169
-0.4305246373939331
-0.84074680354056031
-0.46606799332028809
-0.53608660377424688
-0.70384073401316694
-0.77904160704194092
-0.49675560098954247
-0.38252849224996116
-0.39892722051167112
-0.82495585610212629
-0.40038095386474176
-0.0854588003090474
0.98369477108761516
0.1582447180307224
-0.59042188344959301
0.26827405026212792
-0.76120367412394196
-0.039965664765148408
-0.71059165846260819
-0.70246867585910167
-0.89719673610870587
-0.42650293003819378
0.11460046851876675
-0.084314197500307136
-0.33364033970418483
-0.93892238221375635
-0.97578284409748217
-0.12245986456704971
-0.18124961444165474
-0.85387199008467496
0.306019414433781
-0.42101632098820424
-0.085520322239513932
0.82479108932719625
-0.55893285236288148
0.96556353117330007
0.24856919350423387
-0.076814212934862361
0.3877298464955074
0.907178522628725
0.16337898952354366
-0.7467879952317541
0.12831489817509326
0.65256645415164671
0.56103544953760343
-0.79081846518737453
0.24463315286531509
-0.26645015405626749
0.80869321579692555
0.52442310983348017
0.77084129049332917
0.4926386740729457
-0.40386983259241943
0.34096597139961599
0.51641215437465737
0.78553210829452513
0.78832774811087536
0.61033674489929968
0.07764289654671086
-0.50813086080877079
-0.18730949131754623
0.84066532149012774
-0.76307627444344939
-0.3545508858619546
0.54037789436283246
0.55527737956141432
-0.53195780458965281
0.63928704498336708
0.39178092637591155
-0.20505413948417106
0.89691722338710755
-0.24878336391814368
0.53227186472725985
-0.80919311654100101
0.84488735621642319
-0.4657845385412655
0.26307816131621992
-0.32579888363808784
0.19408977661139948
0.9253022457743808
0.87654244578342466
0.059239876678075211
-0.47766513139560274
0.59986473731367207
0.64729400381682867
0.47029009084859386
-0.58982525842033806
-0.7142319700030777
0.37680081947217708
0.72686161433470842
-0.43105250953180346
-0.53466431303489492
-0.16889017813268956
0.12915564982842476
-0.97713608358698212
0.16601666521251801
0.44979698711442728
-0.87756546038144556
-0.18920879210730435
-0.8622339687838253
0.46984318241790879
0.59978362538975094
0.18807432205383853
0.7777452359856124
0.85390274605679561
0.30191990758514659
0.42390384485215521
0.10071381325233444
-0.55470769527086983
0.82592741849841367
0.012380084700732232
-0.94544646992704562
-0.32554217239136735
-0.084696510377011633
-0.20353559146904673
0.97539723402073575
0.42327552081554992
-0.8907764879574156
-0.16539371808075759
-0.34236122112104145
-0.5696612111367032
0.74717795657980546
-0.95267557672197223
-0.019390822254597994
0.30336980985218004
-0.96056387828318845
0.27802715683372659
-0.0042350679468498411
-0.3518166846944738
0.91564981163887316
-0.19444907512324494
0.56853453358143458
0.33561341206126233
-0.75108729304251853
0.39461022371523868
-0.73443906233122547
-0.5521612400933622
0.14993619977181119
0.16285014242575954
0.97519175914785972
0.95553484665258315
-0.237576290755831
-0.17467301710145539
0.23278776227381023
-0.81671600978213921
0.52800077376940713
-0.29964464965136534
-0.95328268747394174
0.03827795315543292
0.97304887540716223
-0.056033820601940405
0.22368749857246509
0.77689631353462896
-0.15875888495333643
0.60928460875413293
