0.15130343637256885
-0.21674062782946241
-0.96443287500475761
-0.24925724697177595
0.96283940836675086
-0.1039764325605384
0.73303538244492628
-0.36032228626015439
-0.57691158604076942
0.79190103549279178
0.58889621481524224
0.16153636792290577
-0.53613647989069424
-0.76694777104810063
0.35263123998699497
-0.79750878568915584
0.60236386203768066
-0.033727058271630632
0.59729862918246368
0.57651457220181668
0.55755295319431886
-0.14297114612755357
-0.83512729403246777
0.53115125353987602
0.45367522180615311
-0.32626124964744679
0.8292963222501496
0.87610986406666291
0.2425091281072162
0.41667832781388031
-0.84194009826572203
-0.06447622354444113
-0.53570485113516908
0.1799155313563687
0.97551967868312006
-0.12645852315576697
-0.54124991107423737
0.7700603212221212
-0.33772123925127001
0.37569879204986928
-0.5189142223265607
-0.76784011846183831
0.22920065982343429
0.20341900482013686
-0.9518864249554605
0.36882534600850814
0.77748887262757904
-0.50939073124861656
0.091873609666040107
0.59985607734258362
-0.79481565555926259
-0.4217943739963253
-0.70941101726309419
-0.56464636247016586
-0.26812803976812061
-0.13798699253279362
-0.95345002185844019
0.21614033457364831
-0.96797071351253683
-0.12773430843912537
-0.38160462050299565
0.59284609733966265
-0.70916247678504252
-0.96764792180682391
-0.20893119567006932
-0.14143993389000781
-0.50435493817491828
0.34591441154790004
0.79118222693766604
-0.75320824349643811
0.42379705319632915
-0.50306401146486146
0.57314838595470308
-0.81641362955093633
0.070496192528287371
-0.18757139353451605
0.28167262114818153
-0.94099814389988723
0.53428514817939365
0.42083385607044732
-0.73310179785606944
0.97942952366077052
-0.093668756602944145
0.17872876718115188
0.575828888547123
0.80787035509409166
-0.12556504479643732
-0.58196379117667218
0.15415995262224919
-0.79846906938639806
-0.5765839843462266
-0.34005225869504424
-0.74291006881844646
-0.17371511488572322
0.095273239171649357
0.98017654978987412
0.76586078958776471
0.52454880696749051
-0.3718948777288924
-0.94711110387553687
-0.15818827186683865
0.27920785726666991
0.95876112947244307
-0.14471798028800958
-0.24460949040068866
0.40700546942602656
0.8718120398417456
0.27256249750153522
-0.82584830358717876
-0.55362734018884885
0.10710437739700333
0.24571506170153895
0.016501972799467867
0.96920162677676858
-0.9570243542176643
0.21513704444180734
-0.19447477353915715
-0.12394390528413357
-0.54432694489305278
-0.82966624940774425
0.55713468432622393
-0.059806487670408311
-0.82826573486608035
0.95886812945837341
0.27244090808940652
-0.079673470543335304
0.31715901279328951
0.42076333287626849
0.84992257195043375
-0.51520666904901657
0.83441241371491337
0.19574987102388972
-0.037399872484223107
-0.33048006111582423
0.94307167211354881
-0.35738411960711064
-0.55027121185339667
0.75463778361412892
0.17113731081866812
-0.64954715213915204
0.74081071671086929
-0.17992838616232257
-0.97551783159931849
0.12645448226451211
0.23860095640886159
-0.91247301582549767
0.33235911149101593
-0.55859828958741631
-0.82244783486482831
-0.10745934019976597
-0.09960870200744823
0.49903605542345064
0.86083745380402332
-0.31859081649569621
0.74854617217473596
0.5815311855499723
-0.087021206116628169
0.86310781050588803
-0.49746579493442489
-0.93635481101439044
0.26620399315917426
0.22885607249167614
-0.70628087294864794
0.53974025271664261
0.45809146259701305
-0.49860197781318327
-0.14739399714012408
0.85420786540972515
0.81755214281492539
-0.54425383068261424
-0.18813894218376015
0.55409736057404801
-0.64903252483017815
0.52128005593676596
0.78916537860229674
-0.22163137858165124
0.57279798990873765
-0.048841285995386417
0.95743422722010108
0.28448941866045657
-0.7697914410103226
-0.52034376663650339
-0.36968026978699708
-0.78580720851502417
0.074206462604572879
0.61400360907208151
0.16081744188350797
0.77018616619022773
0.61721229718407533
-0.18362772228512672
-0.9355785579579492
-0.30161833746922734
0.63474489880115337
0.13195349247742055
0.76137191258210002
0.82917884960047272
0.12657706744135691
-0.54446366396039947
0.10674076631469939
-0.80868906960819664
-0.57847074040333279
-0.72465854444080369
-0.40883207984426007
0.55473085767708319
0.50898016347795705
-0.76053460754347701
-0.40314551208545213
0.83807634160522737
-0.49352476063953499
0.23251098098216313
