-0.78388743723176058
-0.62086530740715407
-0.0068378219077787575
0.79085804614222388
0.036484374931566199
-0.61091115658330963
-0.18801907562397024
0.95872104754872434
0.21331380684002718
-0.50883761293397101
-0.47921421170873241
-0.71514895158983238
-0.83121904704463445
0.51998425520079017
0.19670096637660264
0.40196800247623077
0.91305531011897678
-0.068932761795884936
-0.5652490605517001
0.82062801149517073
0.084042645691949316
0.76367787609829618
0.055562794191071491
0.64320205026078392
-0.15552291729900145
0.17517470163080456
0.97217613944355097
-0.29347272709015143
-0.61539914991657707
0.73154469770221409
0.62985417569974167
0.73910411045279378
0.23876522206004686
-0.47951149301653034
0.7373106374484889
0.47585896226756191
0.89421761849472614
0.31805604371766943
-0.31498445013727938
0.30829552491183909
-0.88702532121264932
0.34371492380594976
0.12670628670441558
-0.40886730259401721
0.90375496998858651
0.19961950599431932
-0.8861763150133426
-0.41814302760653194
-0.20013176407624364
-0.89750386935760307
0.39298101925647899
-0.80676757955050971
-0.42960434107207335
-0.40566757661691616
-0.35948944693110285
0.8950997903638499
-0.26374931817117853
0.75550485292518166
-0.63992377223893149
-0.1403922466876138
0.4725482332470427
0.29767151527032509
0.82951180597491636
0.55975929862180496
-0.66109308076973083
-0.49962532578404284
-0.44673656265135098
0.27569915234672648
-0.85112655991089359
-0.19091411420904916
-0.9463428501035569
-0.26074318985095446
0.4805211176103647
-0.58903832416989521
0.64971786814709631
0.70890957918795405
0.67331938808278824
-0.20997192709354601
-0.59467294362739398
-0.68848683879124029
0.41515053044501221
-0.75329077655746823
0.32996355218017037
-0.56892623439782652
0.98825938803295321
-0.027549932057010937
-0.15028101413148309
-0.46514798613842984
0.65691188962795855
-0.5933836198082888
-0.54885247272809823
-0.75187615967102606
-0.3652987868835621
0.27404263849005212
0.52958096737474125
-0.80277308829073468
0.90356137156659611
0.41696238644113814
0.098586084748319133
0.47011174231288483
0.13845862006852805
-0.8716789318712842
0.8507753872171101
-0.32923749090842241
-0.40961434921875323
-0.34878094991555497
0.50203752329997331
0.79139760814323401
-0.27978336346138949
-0.08419519098417369
-0.95636417715500521
-0.13454056363469893
0.54199023257368051
-0.82954531192188963
-0.61182873573760455
-0.35053364085168526
0.70907810906626234
-0.53723703843510495
0.084730235798224141
0.83916455577857596
-0.06024240905850891
0.79177825447971006
0.60783060788667997
0.023484194251697055
0.98850009712248277
-0.14938557697847121
0.96005730477097984
0.04892081089425579
0.2754936039499471
0.088472402608331502
-0.74543058170237253
0.66068591769430951
-0.97481035908345837
-0.21845326400179529
-0.044977052710699322
-0.7204825837853468
0.39146157380230706
0.57241827599947548
0.43360034920139062
-0.89764188491692509
-0.0789289782983537
0.24188850572167508
-0.60356571057714614
-0.75973573288034812
-0.2471780766441824
-0.23884719978673818
0.9390713570227327
0.21317235058944592
-0.19484215384791895
-0.9573892019592003
0.63771686941120342
0.46483039281244132
-0.61420672447166014
-0.17167488005818554
-0.75805280169266109
-0.62919288410066654
-0.82677367254630574
-0.020252129193929672
0.56217003268353472
-0.90785771017514283
-0.032816363140062046
-0.41799218220656464
0.1000989139822966
0.49238548801417553
0.86460206951672669
-0.96964317309858672
0.10975231599839758
0.21850983043399261
-0.45814772228021344
-0.88687926706970199
0.059546874068757465
0.39407887998406743
0.68234694671107765
0.61571460975404269
0.22073661507781586
0.92432449369523695
0.31128696908003084
0.034774314717199523
-0.99768820489179266
0.058386581127359796
-0.94754459610522013
0.27987018720106122
-0.15437589419283829
0.67186622653735517
-0.68951376264288355
0.27049315104916888
0.93118621902078991
-0.35210349868808716
0.094421140203736736
0.57460823088242796
-0.30323669652597357
-0.7601795096437296
0.51429525923967001
-0.21153201504723107
0.8311164737470067
0.37331441707822549
0.79580983514733339
-0.4767840730187185
0.20290676283317841
0.011178260496418357
0.97913425641677676
-0.86672158313571446
-0.37147715780262519
0.33286396404177526
0.74594805534691344
0.43920259905662146
0.50066213728028863
-0.7353365713008545
0.62923034640456244
-0.25169286456134893
-0.12297990278307679
-0.43969781865241064
-0.88968633336911318
-0.030412019704158647
0.83405414035219372
-0.5508437165102974
0.0396351902236537
0.18879922549045072
-0.98121552380205479
-0.65872629615374678
-0.096441434910117446
-0.7461760625938384
0.80139347113792581
-0.33754652131171342
0.49379231501499454
