0.26362902626566409
-0.93737504463289212
-0.22765711543833103
0.81552918552730036
-0.51592216380115552
0.2621764071229748
-0.80724323060718306
-0.55349984383195039
0.20492996246738734
-0.49057633363556069
-0.32892255514152013
0.80693544574263487
-0.060099937836863924
-0.31583094407991841
0.94691013947131875
0.67229547594337957
-0.3719284369279815
0.64006877039141152
0.094199817488415286
0.90057951667621372
0.42436178966583066
-0.24702764292324006
-0.89326908470979183
0.3755631583815417
-0.11230892017535705
0.43314982289410936
-0.89429745464014754
-0.16148323409482201
-0.98644467289716664
-0.0291560014247313
0.56193780244157798
-0.71571303209227
-0.41470563280526995
0.48372927656707732
0.80817145500873677
0.33595369666213454
0.077816652704631742
0.064432791209675142
0.99488340220287996
-0.5123601843285156
0.5049768849233417
-0.69461168087498193
-0.626424467185418
-0.50840529971415505
-0.59086076036070068
0.53069464922492382
0.7064920426377348
-0.46822236487976104
-0.90688931193450806
-0.18157184231567364
-0.38024129441322724
0.81975838923417943
-0.31641001445377498
-0.47736871078187065
0.64768681084022239
0.3701354896470877
-0.66595909361411421
-0.68009782574360833
-0.1302773570208757
-0.72145322624995711
-0.21150892477151734
0.73636048843614832
0.64267970701747967
0.79366177657483516
0.5908591731126519
0.14486691117266701
0.88189632937733453
0.26557967279038663
0.38952060488674423
0.17067396661089024
0.98485580417148244
0.03048675304205729
0.92719843775240196
-0.1371517109570059
0.34855769280145193
0.50757118617711228
-0.44860026212027532
-0.73561490998237622
-0.3356590631513876
-0.28377664875989983
-0.89822258207135575
-0.69209620257371496
0.039867996901287867
0.72070339891395152
0.5413974656901408
0.8363363707018866
-0.086198951185551057
0.057344983517325483
-0.43489046827593175
-0.89865556998670981
-0.59888780253792451
0.80078809986609856
0.0084746140997226729
-0.82044820116681461
-0.27456055930177237
0.50147906085701732
-0.19876460948786798
-0.63717403604203571
0.74464882851518521
0.50777877369736035
-0.72672039311564063
0.46264261283657554
-0.2560636494859298
-0.65552550036376989
-0.71043488497171636
0.82529648431422575
0.49625716788446789
-0.26947084499415869
-0.094199568737328723
-0.90057903254110994
-0.42436287231215208
-0.8020265815039902
-0.55859740350772191
-0.21147648416657247
0.62863328977935984
0.50988655788061255
0.58722728570276794
-0.56143205787047956
0.71376285289772889
0.41873217480701613
0.19002380026583635
-0.96278522662358834
0.19218627091417179
-0.8011340219623021
0.22167562449547126
-0.55591743663879489
-0.97548884928234258
0.16864277952022652
-0.14135458196147513
-0.33133151195936933
0.04620187107742816
0.94238252121506538
-0.45749658229724838
0.42089851897235431
0.7832887806634381
-0.97437397538343995
-0.22205732327454092
0.035859465634856522
0.66678869501560345
-0.025867359972985053
-0.74479776844954126
0.56234803268238776
-0.82528735551447818
0.051628199331059201
0.97860185796481702
0.20575128241979473
-0.0021939394745214163
-0.054554650136147916
0.020510945420902277
-0.99830010080459441
0.81653166427689194
-0.55920542413372198
-0.14340618833450999
0.3107741501312874
0.27249477513618264
-0.91058553971258382
0.40532402640935872
-0.15948025462135779
0.90015469892747457
0.97865619746127042
-0.19233410343662419
-0.072385356432614872
-0.49044015414884984
0.77784371865442281
-0.39297277838078232
-0.14935070814462678
0.76590596757427531
-0.62536582478642988
-0.94979583770226039
0.081025810917092406
0.30219643387817946
-0.48267088418564941
-0.81225219690804151
-0.32752890891874548
0.23548583946331253
0.63082572157065986
-0.73932761913587075
-0.77033348669637314
0.38102893424085332
0.51127611967066111
-0.052952586949994274
0.4341321132706718
0.89929157216246824
-0.86418569318507232
0.48775597380367797
0.12360096161867759
-0.19410367047562968
0.96233906596848429
-0.19033467161500875
0.24752723436490498
0.65459298986990666
0.71430965684417136
0.11772434176955338
-0.81859155806053385
0.56218221283401792
0.90607834009147681
0.099057830963022328
-0.41135093015815061
0.32345088761356977
-0.1338033116905363
-0.93673699461622584
-0.54442411476495367
-0.83466206899701723
0.083316347975742333
0.7128255231708347
0.051455703852926617
0.69945127354035586
-0.43943287307153539
0.15575151064577519
-0.88466955242941137
-0.25900707883152141
0.94047413505147792
0.22005393523937866
0.27952206204152119
-0.53043228868669978
0.80031806424111507
0.17437086600891122
0.90582979988114054
-0.38609218424437863
0.40314594154289113
0.29115541691069191
0.86758392851703803
-0.55934760683568474
-0.64338598653471812
0.52267076353852016
0.2051751740541263
-0.73285569345844903
-0.64871078341383737
-0.7970623813263632
0.52830377475459189
-0.29255201563892314
