0.22883411509754711
0.25062716748568548
0.94064922829162234
-0.42286640611688353
0.19237233179137103
-0.8855376268340841
-0.2737018400336596
-0.84267696867734831
-0.46366240868000536
0.08406155801433611
0.61354744761695212
0.78517079924493238
0.31892046816237685
-0.57616004383698383
-0.75254856246813417
0.59448763190022413
0.16231278035647642
0.78755254862809865
0.78751158936459698
0.080420871974246522
-0.61103026108970104
0.9642311175893673
-0.014509352394899755
0.26466550694308527
-0.018414329956532294
-0.98793673791091319
-0.15375927399085798
0.82989598749583726
0.42460124233402963
-0.36192048152419842
0.44967214190394394
0.07823288715203959
-0.88976096799273885
-0.83035361511234929
0.4503032189762744
-0.32823754332717298
0.18015097195686738
0.74144233733879572
-0.64638137945378593
-0.95540596463901217
0.29375824411686646
0.030092137603933117
-0.6015540738008478
0.27842155817781628
0.74874169927648682
0.95540579883879784
-0.29375873215439813
-0.030092637442389124
0.65771931553789875
0.67212949193036053
0.3400694753220192
0.18912162431118451
-0.24620091205430078
-0.95058830316890042
0.17335413633757502
-0.51739636368723174
0.83800318988526712
-0.8185230263355765
-0.31084636202873572
-0.4831092987843944
-0.18912052845376276
0.24620101655111867
0.950588494126962
-0.17335398297005189
0.51739638799547383
-0.83800320660344496
-0.77496034194159114
0.15641641614800308
-0.6123482450184593
0.018413494200704771
0.98793670838081959
0.15375956381634331
-0.51562421909086031
-0.75904034146064914
0.39747883556516761
0.75928255044605153
-0.64550722368995939
-0.082525346119965273
-0.22349105057787935
0.8062153833596315
-0.54778509102190609
-0.82989603560676162
-0.42460082234660423
0.36192086392852257
-0.60260124179672603
0.6448475311941454
0.47015253365036686
-0.4790901141669569
-0.54378700138103564
-0.68903436752930813
-0.15980915584034774
-0.94592960668658244
0.28227329470455198
0.81852347940615
0.31084624922510534
0.48310860373577857
-0.42988152263975865
0.88571053169117886
0.17526759696033867
0.97428184741720536
0.067181598912159954
-0.21508490082040424
-0.55218924183226459
0.53237930891303697
-0.64160682091603882
0.22349013361601472
-0.80621554252194516
0.54778523088190456
-0.22883274011871427
-0.25062724986324414
-0.94064954083640939
0.15980814461420867
0.94592999721426452
-0.28227255850540256
0.41083717836643763
0.9101546851764023
0.053209603675915797
-0.024796230744745414
0.1104443311120635
-0.99357294481384828
-0.75928298279371642
0.64550672380578222
0.082525278317631012
0.024797637412766218
-0.11044402006497696
0.99357294428271947
0.5521891741928725
-0.53238001815100311
0.64160629063135821
0.85191068106658629
-0.30957633036239529
-0.4223868927464704
-0.16282066973308917
0.85157253843278091
0.49831078785715455
-0.084061202971606824
-0.61354759923229429
-0.78517071878111588
0.51562353350962165
0.75904110540080194
-0.3974782660762482
-0.57558473291028556
0.77025932356784865
-0.27459568404728296
-0.44967164041280955
-0.078231939924959124
0.88976130472393011
0.83035343566946407
-0.45030404121863576
0.32823686924853845
0.42286749749790731
-0.19237281831508618
0.88553699997988122
-0.57204292866062245
-0.45498990156296132
0.68245957920239098
0.72791602454352333
0.68306306076086643
-0.059691843971765322
0.23065563866804956
-0.95785480735170969
0.17120789813514173
-0.41083779977331708
-0.91015443511632399
-0.053209083016953318
0.2213827389607036
0.41393261650792057
-0.88297761686305698
0.60155417070545114
-0.27842127814807793
-0.7487417255511194
-0.5944864680573192
-0.16231334311947263
-0.78755331117462413
0.42988086856643276
-0.88571088710315415
-0.17526740514857106
0.47909057733400057
0.54378671181303473
0.68903427401352213
-0.78751151196653457
-0.08042040802251231
0.6110304219052235
-0.97428187554801327
-0.067181732770119504
0.21508473158420593
0.77496097305179035
-0.15641716340526396
0.6123472554350784
0.92910395666938861
0.36039414617824739
0.082957200421293953
-0.8519108579728919
0.30957626621021156
0.42238658296309023
0.27370157345199475
0.84267690785332894
0.46366267658789873
0.57204304612540402
0.45499085933376543
-0.68245884220390207
-0.18015169600435776
-0.74144152914416461
0.64638210470828827
-0.65771944862086773
-0.67212940447272673
-0.34006939078517401
-0.96423090816605472
0.014509092910374978
-0.26466628413944887
-0.72791646668208676
-0.68306257221673039
0.059692042767278707
0.60260115040405215
-0.64484775427817631
-0.47015234481400364
-0.22138232275087089
-0.41393150347472546
0.88297824299615812
-0.31892021206389076
0.57615980712808113
0.75254885222638879
-0.92910400588049058
-0.3603939280114728
-0.082957597055884014
0.57558387696490343
-0.77026002646681868
0.27459550652803222
-0.23065681610006222
0.9578545538091664
-0.17120773035591855
0.16282036904410049
-0.85157273671786593
-0.49831054725260127
