0.60937420049015067
-0.70225272822849227
0.36810893696381397
0.34930031359837771
0.41747696158568126
-0.83886964271289632
0.92358020720370126
-0.0099267335871182326
-0.38327674182222227
-0.72073785208593466
0.69267207205790227
0.027246085252114745
-0.99845148859319977
0.020035514713175964
0.051896079584121763
-0.42037417613619754
0.0277826990325622
0.90692539586907539
0.84647066836022788
-0.52369861315710664
0.096058160419154451
-0.020464465669214341
0.21513803590390249
0.97636920842081276
-0.32679940763851711
0.11650606942533502
-0.93788511180963585
-0.054648376499889649
-0.99663625352268137
-0.061071540918825218
-0.25680975384014926
0.78849985988940852
-0.55885304086758347
0.31871216344237735
0.94589281976089401
0.060904272417166096
0.69899287463682425
-0.24110113553700013
-0.67326013074421542
0.068951606190729639
0.58177035854768644
0.81042515133663939
-0.62770009048678843
0.6783595622342109
-0.38186502946497658
-0.089376511320615235
0.52179861837863661
-0.84837376260838115
0.71134563538599349
0.3191725606618725
0.62619187437864487
0.63130709858643053
-0.76376480691432203
-0.13459073888463266
0.31896451906348366
-0.15049798377193083
0.93574141324362914
-0.47748243640594457
0.46283188701638373
-0.74685819757481176
0.35772383444414224
-0.92378834464951798
0.13656043555980396
-0.20091134859363724
-0.74719797171828362
0.63350597555695476
-0.72166717816361425
-0.68268142492143191
0.11464098755946622
0.37930114395349324
0.25322621953634278
0.88994782090575597
-0.78901778731859729
0.33506833529534263
-0.51495644667998175
-0.68663199414816967
-0.22397576579651923
0.69164395533248946
-0.37201040857320317
0.9138937392516876
-0.16250073621299926
-0.66907301274087405
0.029763408969116487
-0.74260045994356039
-0.074136509171058448
0.98558937061570462
0.15204397566910915
-0.36015465680724157
-0.4265301849213709
0.82967501139361743
0.16924167867609979
0.86664056894092101
0.46935208369054099
0.41636041642668037
-0.022985930988662213
-0.90890904418956353
0.98717481080090941
-0.15767174060692521
0.025010300561389417
0.093585348177181185
-0.52585850372019349
0.84540795872271923
0.56736099287080699
0.76377542040228663
0.30781262312966012
-0.91699392715368799
0.37413691703322155
-0.13836077795435045
0.92381796086013812
0.0538024439982051
0.37903254769483358
-0.68283235027092615
0.24483719125857623
0.6883274883368341
0.57303990305535479
0.59463085798774107
-0.56394983131043874
-0.45428945405324339
-0.653644427873322
-0.60528510129208013
-0.87140039934194058
0.4002329440461731
0.28368104365085706
-0.077522948114345638
-0.18090748665974241
0.98044004089292258
-0.44023264366619314
0.86235734502428918
0.25007004805320804
0.21186847931023908
-0.74309653422581812
-0.63475923647974142
0.72618041478985595
0.68292952184910305
-0.07917874312331781
-0.71597555697841997
-0.63161501968106215
-0.29739110397376178
0.96937853583381606
0.24498342686822361
-0.016981602533001926
-0.0026728894278230547
-0.94329174572710173
0.33195412048236922
-0.10601060141592929
-0.57677180159693764
-0.80999755633585446
-0.59558764632959393
-0.61086289312301223
0.52165302773487088
0.16680938908024087
0.75958351084556464
-0.62865532509174116
0.84386419748891106
0.40388606469568128
-0.35322692839169573
-0.21413149832423431
0.78479012133161674
0.5815945038303959
0.69669539550200799
0.18878535896160642
-0.69208064134755143
0.33793896515151384
-0.41554859722566923
-0.84446232549244171
0.42902730454037441
0.85075191511080872
-0.30357330398787058
-0.43442938621566685
-0.88487440674498463
-0.168132069159903
-0.93002647336497779
-0.35101352335202779
-0.10881298297674671
0.85759324510613311
-0.4106489308796068
-0.30967932045225088
-0.75067205664616343
-0.33437938087697144
-0.5698086459636712
0.44226894749093665
0.60901899469802068
0.65840264442229524
0.82428721658936521
-0.33380546683559315
0.4573013173805961
0.51148011170848151
-0.46487095313454319
0.72269156094315956
-0.93003875013264892
-0.02425947456916901
-0.366659789376103
0.57956731210711399
-0.62212059573654055
-0.5263722020560615
-0.13911082232094124
-0.8762548218514985
-0.46133032232359272
0.67109399096248334
-0.066859009568185537
0.73835135818498199
0.022173885751277926
0.96107965050599953
-0.27538014484336953
-0.87838377889656127
-0.3615791067380319
0.31257396971264911
0.83611812560535315
0.47426862445589157
0.27563699296521749
0.065758037900135971
0.17029570714658843
-0.98319644658581207
-0.42295537031241415
-0.29753295543972269
-0.85591056492556084
-0.60622561026423061
0.60720448290993356
0.51360804646524116
-0.014078849604769036
-0.22035945538492033
-0.97531712607554855
-0.33989312613674211
0.45223357246743523
0.82459533029137011
0.26346740658623391
-0.77452462545920564
0.57506219683091786
-0.39436156579532483
-0.88297067528257001
0.25464041708751201
-0.89816555445187685
0.021338128974148326
0.43913929572293481
0.28174748219919066
-0.91715931819443097
-0.28184595317929123
