-0.47342477942192646
0.87582793268359649
-0.093778518651543449
-0.62865529985756252
0.071709980015074892
-0.77437083669727369
-0.38851164359018953
-0.20741968437745442
-0.89779495283032573
-0.19941078870987253
0.72324074523286408
-0.66117937186599973
0.52562275987844187
0.06345589713413842
0.8483478434089825
-0.58240277010695285
-0.37589406897073419
0.72077088057466154
0.49529586471843912
-0.35523887801070475
0.79277193816539027
0.54174099750996974
-0.82822300998429832
-0.14339922367102223
-0.11658732493294913
-0.98840155540211228
0.097312696723830805
-0.0047118482148599617
0.47682812415034043
-0.87898392391764923
-0.025001492992100569
0.84372282023252909
0.53619653856308458
0.91043346104623524
0.15482547292853766
-0.38358830266293048
-0.86694869232448091
-0.38837630244447374
-0.31235206510671781
0.55655143610369806
0.71430654896145662
0.42428369410299682
-0.63286807872683326
-0.64427266840961039
0.42940740989061532
-0.83115701507961082
-0.55086817183147574
0.075645710697957336
0.87938448333485664
0.2148865572459068
0.4248607983621091
-0.26733038695689304
-0.62738223396271198
0.731386352564385
0.25062035466490973
0.95052592809158043
-0.18354808049466079
-0.10257341346948891
0.15208868999156702
0.98302986995607933
0.57720823261059584
-0.48168640881090569
-0.65940037896061687
-0.77310452458057177
0.3693547010054708
-0.51564183200959124
-0.43101371382538539
-0.68569787891579459
-0.5865540020704223
0.60595554524571948
-0.76069542781940658
0.23272374885389888
-0.9857699251248887
-0.16780473672527552
-0.0099611772312478471
-0.65130774274737357
-0.70703713285768144
-0.27549358794300532
0.026437572038188219
-0.19260325877317425
-0.98092050620561466
-0.21373804309368938
0.14815100275878088
-0.96559169907163545
0.85606466515550805
-0.51414122632697867
0.053029128440682506
-0.27880239767096293
-0.92178823561596623
-0.26939872258963327
0.26482913330663477
-0.94482402570011159
0.19280324326082168
0.61702403050796706
0.12975048388050825
-0.77617405116924487
-0.87563896484630233
-0.038324344984631588
-0.48144329658267687
0.75671550092201134
-0.46089703453479175
0.46363301675073171
0.98314050585882873
0.18220204404125825
0.015400028793273426
-0.96424105099063773
0.19503300211202562
-0.17944727267819105
0.580333224393356
0.81424452987836737
0.014805209500952902
-0.33191953916611117
0.89589337336064645
0.29530405193332099
-0.52428277116468636
-0.84866001745981312
0.070026785053910037
0.62562331722049014
0.40204846301886965
0.66854506081055942
0.76892340525544289
-0.54803866097193077
-0.32925738098099949
-0.66924919801234617
0.70274888810659675
0.24134935513643566
0.82192101286448149
0.52788444980531724
0.21397162490751509
0.18142262217537369
0.79693895353825739
-0.57617196781547664
-0.78247305372284581
0.59882508429554193
-0.170717423293821
0.96179053174147444
-0.19897246846363542
-0.18806629109422973
0.83028489955752904
0.527344848072137
-0.18037293804370647
0.42560067222738779
-0.19487502220199665
-0.88367855780332649
-0.94983413319150956
0.06296526395021583
0.30635028147532917
-0.74420163522816685
0.40273848962180347
0.53288426051148374
0.24821097809945303
0.32776810519956001
0.91156973379155326
0.20490479888678972
-0.54885178772365628
-0.81041701518768161
-0.4459383911905947
-0.045602185962453315
0.89390122043645848
-0.30475466395846657
-0.85785097109931463
0.41378292156579505
0.14769132952346137
-0.96603694595540091
-0.21203747365207423
0.95916241341081476
-0.16045214784252892
0.2329432826948663
-0.53392310448758207
0.70758545897673508
-0.46287032389107186
0.78250622325802244
-0.10108893006376163
0.61438183467696206
-0.14900910109493348
0.93222327204798527
-0.32978183522296634
0.23253323750103061
0.16218286435850615
-0.95897080871409202
0.38172541278639532
0.50726583436491302
-0.77263644912670582
-0.024274382333204971
-0.82122529970457403
-0.57008750336020686
-0.46041251748529693
0.33651144744117562
0.8214501564208847
0.53325102484537357
0.74887476174814838
-0.39348435257073783
0.42442429302333035
-0.69769007864046817
0.57714172753172466
-0.18492825615387373
-0.52639727104926703
-0.82988399979019445
-0.16407620130787043
-0.29958801860404033
0.93985425427205704
0.28282223275232615
0.66080562457459402
0.69523198372310935
-0.44993671807329799
0.42806613940292954
-0.78378334380497094
-0.65933776090454521
-0.3666407483536962
-0.65639034018792697
-0.75482048207538599
0.016835148600341385
0.65571534800634812
-0.42658455638645992
0.670745456604671
0.60673400159934876
0.37727860319517192
-0.78093129968898745
-0.49780233098808274
0.064396802610479101
-0.84527219263663433
0.53044129945622009
-0.90350930855913991
0.4013760213874501
0.15022722390487758
0.70501002382351108
0.4375672182708662
-0.5581180841032376
-0.86091618675688575
-0.30968802684175223
0.40362934161287822
0.19485015514312098
-0.12831246222756484
0.97240389194912291
0.79884949611220479
-0.17209056182567647
-0.57638903623490245
0.26377323247653223
0.92593199151233552
0.2703213438167274
-0.10029067282449478
0.54774875916900367
0.83061006361181711
0.13300576807166484
-0.54601383252831615
0.82715074826019863
-0.059220259291126016
0.99658595762245961
0.0575272975135891
