-0.18918247222998136
-0.97000715319402842
-0.15263064880085242
0.29936893528520725
-0.643510395989497
-0.70446618857092225
-0.73317596804936647
-0.60616012687473353
0.3082578473649637
-0.40158684658935123
0.80283400461178389
0.44066491315445899
0.64014803651563124
-0.46924961263480064
-0.60828882316484456
-0.82074016210150458
-0.23754747213807459
0.51957365675561973
0.78504618192864983
-0.57588867569184476
-0.22815504695084524
-0.3856118246430833
0.15868246745843315
0.90891330456580688
-0.78790908652851643
0.45395826104891823
0.41607832026103103
-0.41503288507978853
-0.42919125022325744
-0.80221105392168734
-0.16931679594041879
0.48483600463150706
0.85805936346235856
0.82238299822899308
-0.3090751055393679
0.47765969409164161
-0.3239411206764029
-0.7718025557282957
-0.54715899454014949
0.99310525418551354
0.00024009185138417307
-0.11722583531384739
0.35000056107189842
0.080380582212130805
-0.93329447081432726
-0.72323534440656723
0.13708595844894189
0.67685897836790854
0.71617236681334939
0.69720989403587585
-0.031551619157313415
0.72951885201866984
-0.62778911180462027
0.2714462665960396
0.085888860544161297
-0.79909320921396865
0.59504045797117555
0.24652883752060592
0.51312972933354828
0.82214439920540605
0.058070546668085816
-0.88477344382893319
-0.46238919181222149
-0.91318985375103368
-0.28209102217152449
-0.29412403202796994
0.71920727183128774
0.55892337400123715
-0.41272940547054482
-0.66446399647559751
0.7275513788901028
0.17075300425698947
-0.28267808030805591
0.88455703712815925
-0.37101475844015258
-0.53905204802472972
-0.81161422995033528
-0.22517822111045405
0.93234864638706016
-0.35684524339931845
0.058202008930086035
0.77734709397615165
0.086134968592648548
0.62314706343878057
-0.11617168178196967
0.68264502147765538
-0.72145680051110483
0.36327956674545092
0.92238348930402259
0.13128844215913923
0.20794564999360735
-0.97473442432527679
-0.081556168889958203
-0.40382379482163677
-0.03693613250919258
-0.91409084059031898
0.16825039418756046
0.4527263984651661
-0.87563155093251988
-0.898665920848574
0.438442343152247
0.012956636776255753
0.63441745066054533
0.69523186586805441
0.33788629889209448
-0.030997439769991968
0.12096115680948388
-0.99217314883593632
0.86335578008359415
0.18556579070645779
-0.46923569164731699
0.44126717226054901
0.85789529327018943
-0.2632469343981706
0.46200617101771896
0.15731889262153581
0.87281215846588678
-0.53065986018617284
-0.20283049569321296
0.82295802007395069
0.39366356684796577
0.66273526259390303
-0.63703294094664187
0.8700559716020988
0.38024785362557734
0.313710337879818
0.50744907501402026
-0.61912775302613687
0.59931315829057363
0.04295713793243551
0.99316624470578041
-0.10851495140150824
-0.068244052111055276
0.76797777187912442
0.63683034730690957
-0.51770869908579553
0.51168346570696777
0.68568048959628392
-0.71088446802674832
-0.17822547256140958
-0.68035208094676181
0.34663758383608356
-0.30294115507119224
-0.88773252843208017
-0.64434944700436658
0.24652735001442039
-0.72390472842773612
0.67633911919494583
-0.079854505439771253
-0.73224903810628128
0.044407958780567483
0.18210722443055727
0.98227536465450571
-0.052117003366460718
-0.97098530417326923
0.23339099605521291
-0.15766950507346644
-0.18957538240897417
0.96912408986382104
-0.6759207487406047
-0.54094342879985458
-0.50051108705022407
0.56853633404174886
-0.82262794676948392
-0.0070496856803762831
0.30921977444536664
0.78971520323550615
0.52984245665165386
-0.062139119407647214
-0.60897006596558589
-0.790755454358117
-0.80464696277723258
-0.58926055431747626
-0.072905859975967324
-0.99482167389519705
0.070738220520982692
-0.072979047033262578
0.46148689621344019
-0.79935156253150119
-0.38479465186217554
-0.3369198489266903
0.94071662228673247
0.039207804741621805
0.57700134042035967
-0.25340700975590258
0.77643695208283348
0.60840589275894008
0.45849892291508437
0.64778160466464663
0.20575985460309257
-0.51334215367726865
0.83315227629269428
0.92396596965757927
0.37338032787766656
-0.082909695866620267
0.88537522705471883
-0.22996079896950666
-0.40401576485962898
0.23686671651462265
-0.16005506139381398
0.95826746575776223
0.10651004058321417
0.87192714249131675
-0.47791073375881504
-0.89020315297084407
0.08427878210409849
-0.44770016007124469
-0.19256669323828032
-0.54575142863365356
0.81552035339383167
-0.62468708670291795
0.75072320625203748
-0.21489697834376834
-0.29940570417859647
0.37678434783419257
-0.87657845030121584
-0.50743125186006588
0.61912050271050023
-0.59933573876352786
0.35164465966192215
-0.87962203583339571
0.32032968549224905
-0.55311446897265215
-0.53707129567697554
0.63688209864381951
-0.016985538972118887
0.95626744878428738
0.29200009907775176
-0.041656999158937287
-0.26208513993309046
-0.96414525557476283
-0.4700989223506819
-0.86823020188195676
0.15869253210136966
0.58690792211142873
0.32950061429419264
-0.73957314455204148
-0.30685935969997336
-0.80700109448070989
0.50456572106263697
0.9627983604851561
0.0067113961255964713
0.2701375098151696
-0.95105829838890565
-0.27602488729052382
0.13891859005134324
-0.94152684280860222
0.10320164654578234
0.32074386108093356
-0.81139860160164212
0.44909940692986544
-0.37408826767775388
