-0.93355766402782292
-0.27320067573636397
0.23201611735418057
-0.4674420890597335
-0.88369919800872865
0.02395038233936916
-0.33711655159281367
-0.8637574024427096
-0.37453381738848762
0.97614884467079543
-0.11345408963727269
0.18509889949010785
0.15140178179400926
0.57626735196658729
-0.80311483582798837
0.53665979324319946
0.15539919448290307
0.82936563509120098
-0.6202215570482178
0.18981628086895785
0.7611143144690955
-0.10493703183918748
-0.94534145801651481
0.30873572372498648
0.61354181923178719
-0.24374449333644424
0.75110256158657129
-0.064201598012373476
-0.77604524240809836
-0.62740093763749938
0.36268685327754929
0.91569802568025749
0.17307620352003261
0.36156929124318998
0.77132513665405711
-0.52376061439888477
-0.75530935054888793
0.081183722875490777
-0.65032068098246176
0.15484130065529181
0.26831253480665535
0.95080626590121131
0.11517593667302305
0.8445142345705513
0.52300115795207158
0.54023647455080781
-0.82613397221558948
-0.16014746802933255
-0.74838430310381943
-0.17980585492331536
0.63842837452850276
-0.43982456539068682
0.58943854912591487
0.67758139620508306
-0.27899064402764656
0.85108415262739356
0.44476958719268395
0.7438789165108588
0.63582112509042032
0.20585347813282823
0.83408882229621606
-0.1696818038276805
-0.52488467492421231
0.25049301590443307
-0.53539413849801731
0.80660173905408084
-0.042943128702066104
0.82429814218369579
-0.56452498659473471
-0.6648261619805228
0.47756922424910525
-0.57439865110944965
0.16399782035196162
-0.9271302528054961
-0.33694837772665265
-0.27252610383165798
0.30430774483741174
0.91275753580143348
-0.16780622024427305
-0.43787464923709896
-0.88323658438881358
-0.8961762228016239
0.42900637644180073
0.11323297513220325
0.72102846077228899
0.39801419838337088
0.56718837844369363
-0.9128318256815352
-0.37745643511698612
-0.15577129906273418
0.51328345738566539
0.40693650904024531
-0.75560755024308512
-0.8922705881522226
0.3438253071422474
-0.29263860935807123
-0.46029565232245118
0.78702798247669081
-0.41074915368350895
-0.93568612439998144
-0.049147760984926098
-0.34939372374945593
0.24699534372131723
0.1779524945596398
-0.952536723628013
-0.14570552939849873
-0.061914031469643124
-0.98738875394136394
0.94393650535514484
-0.28621831119832403
-0.16450821314662703
0.97925008264115654
0.10103854730367
-0.17567153328314719
0.58731942149992278
0.0062226353796348442
-0.80933131407225822
-0.096841716474324102
-0.40756842994303671
0.90802514109691634
-0.10900162872905128
-0.99057044156035912
-0.08299906771361433
0.59234417862190791
0.79498543068649374
-0.13086840355466839
-0.45374753646785404
-0.5946048110317026
-0.66374565297808674
0.22622484972263288
0.95239558029356031
-0.20436481107388452
-0.11000585039251347
-0.73613376507263695
0.66783665128488101
0.82799952432427615
-0.39195860782541508
0.40098034549131584
0.3544894693086616
0.53175395758151656
0.76913909323714535
0.68567346955229214
0.57553314094341912
-0.44566074185183113
-0.50562541069513633
-0.20285497526330459
-0.83856592052759871
-0.72051168906489205
0.67736115176648526
-0.14847483287896568
0.28677550948770292
-0.15380849218838608
0.94557006873568261
-0.44559751314478235
-0.79280442725106615
0.41581726324227353
0.73953636947694901
-0.55284102061690643
-0.38399578662286205
-0.050135398073633007
0.6157538728793992
0.78634191665840825
-0.46848103863453122
0.21130905563739755
-0.85783098536106883
-0.44616533894347599
-0.50957519473383317
0.73571027669690003
-0.75357254078817126
-0.34824595813560855
-0.55754208667352811
0.8176040339139341
-0.57394345366887811
0.045962546908355377
0.93246308479327678
0.27444193635353592
0.23493449952769413
0.23405413386265922
-0.20557709198135615
-0.95024034942444402
-0.63541526708897633
0.71922810029911954
0.28099533464163506
0.41838292891076212
-0.72897740829436242
-0.54180039035837391
-0.67379614148518263
-0.66999604504138188
-0.31161524248436001
-0.31612037953666944
0.59585417082127867
-0.7382585676824065
0.55480969935400815
-0.59318725041360931
0.5833653087469779
-0.99829706722026179
0.056280932885408481
0.015343473302098277
-0.90893592040763982
0.091607655171826022
0.40674750165998147
0.25205864635077924
-0.96351325871427929
0.090047982107335542
-0.029464107992343318
0.9864875981076916
0.16116477630032322
-0.43844359484155826
-0.13732032688002754
0.8882062496785158
0.56161803222210904
-0.38511198127705437
-0.73230727687209829
0.49384399852491317
0.72481748963878501
0.48037247197841731
0.82121509229022915
0.21840692612959109
-0.527166185195308
0.19758562332861157
-0.55737895835257611
-0.80640474839849574
0.57027884813099605
-0.7828916030259282
0.24872228144232841
0.87669631418036476
0.46402496994657016
-0.12682428777110399
-0.75720975277713443
-0.64674504151772128
0.091401540312140664
0.83449544031492628
0.012364344394954556
0.55087610501934126
-0.42610130369292737
0.90404817923271019
0.033683358164072502
-0.7547297178728205
0.43094555101855853
0.49464025818459589
-0.72205301702708313
-0.51990261742169885
0.4564435441543167
-0.082496491895634252
-0.029987761424372136
0.99614008201139492
0.23667717068290503
-0.83564546196555878
0.49566175843401805
-0.1560766450222526
0.96186112388218337
-0.22464028855639551
-0.11125729774710441
0.32627936783194983
-0.93870314148041245
