0.57915312343279968
-0.17790050712055994
-0.79557090770356864
-0.53276387893857546
0.39077743435393691
0.75063682703293844
-0.28218894750293722
-0.75697596117707322
0.58936982626126266
0.58495487984171901
0.81082048691743713
-0.019948096258302246
-0.6464324339635189
-0.69450083252134565
-0.31590141175239861
-0.56755082182195249
-0.065458682622642844
-0.82073212774847215
-0.047098277157392482
-0.99829852045553069
0.034377555833769953
0.80454065201595093
0.56122886269329653
-0.19425885548344393
0.65519894853690364
0.49324084707457533
-0.57221307623409945
-0.66643397631322143
-0.42567611208908596
-0.61209934064011906
0.16500878026577045
0.77519843390738585
0.60978643023827517
0.34029990838997998
-0.47053449142195475
-0.81412116096564746
0.35949236550693531
-0.92167876846079166
0.14585433456303729
0.53605991577727863
0.27662170484035015
0.79757143824743071
0.16807690501064773
0.10759975604203757
0.97988389439858414
-0.075981438030948895
-0.90860784581360121
-0.41068065890752165
-0.37658626897511494
0.32143912092893318
-0.8688266073019616
0.4382868448745012
0.26974035625662907
-0.85740584428641597
-0.19859429161748329
0.85020962341790973
0.48754887302149108
0.85255676755027154
-0.4810504621470913
-0.20429735919072001
0.6486075467221103
-0.52071876180318066
-0.55512180775149533
0.75445596783663726
-0.44772657500767876
0.47993448159887026
-0.99333678738645181
-0.081161620506976229
-0.081821868601521311
0.041100593906673977
0.97460700759061203
0.22011797276867587
-0.26565793280613476
0.83025805808860631
-0.48999736705017866
0.24479809658876037
-0.043188671970439955
-0.96861170265486141
0.110717539306876
0.86426022980249484
-0.49070956957407014
-0.85296544351539949
-0.11904806870043771
-0.50821010370443598
0.48460369566425426
-0.46402687019525263
0.74151083733506207
-0.52719571063436388
0.82416367887356523
-0.20692731360146499
0.041537219959844933
-0.91356366694808233
0.40456901239514254
0.17043334273709218
-0.32247946350865458
0.93110658428486637
-0.80016767689577351
-0.27661232632203986
0.53218165110977889
-0.17090571182078293
-0.50213499228145753
0.84773326417779082
-0.14382316247113866
0.97931167466682423
-0.14235006778382889
0.91858069854281177
0.22260979232824624
-0.32657982274503011
-0.77845235233029519
0.55499830815135887
-0.29323849184675471
-0.19100129477846467
0.60287722984810854
0.77463381744126103
-0.35503056753804374
-0.40199691427446632
-0.84400934652847415
0.043623157947818444
0.30855933276987729
-0.95020427185488254
0.0034429525185601406
-0.33412265088998094
-0.94252331548890977
0.69709922870536289
-0.70171287521559189
0.1471451871284109
0.80831609814783112
0.30215864945329052
0.50529717596245183
-0.88114835805059433
-0.41628034276265929
-0.22425041211588514
-0.7744657491934116
0.096565219138970815
0.62520233667104141
0.4052079427934942
0.85975109952843354
0.31086101388999215
-0.51753247218194831
-0.39589351181395355
0.75857001492337917
-0.71460202286568086
0.25307485169853544
-0.65214804174668894
-0.19616571296623189
0.26296504317665975
0.94465252824705181
0.94783434866671123
0.30761853379102572
0.083551691519745938
0.28128624270293978
0.6070987112337829
-0.74317508333120452
-0.20131887182500358
-0.0074331700548466413
-0.97949755478512723
0.45568133336570138
-0.75399707590469023
0.47312042013554351
-0.017359560971236757
-0.67433718342503268
-0.73821948544676053
-0.6946358493843181
-0.71605784137601092
0.068863666429073614
0.91728822661040765
-0.36679585056152003
0.15505841909675425
-0.95818394904535487
0.014364792512538721
0.28579218416170948
-0.50908794448645212
-0.016537257944271258
0.86055562509244199
0.99164506721275314
-0.077673855717337481
-0.10298947912586312
0.24834185394053562
-0.94433296377850406
-0.21578131777956125
0.48523104712498366
-0.092602780414940578
0.86946854800240703
0.86198732904637276
-0.1906813873652336
-0.46970038649757384
0.24471728856220798
0.96261490317522702
-0.11612922484762017
-0.63419857427234172
-0.63160797880242814
0.44594117269438216
-0.54635754710650097
0.68191723877700494
0.48629446858720593
0.74223895983180754
0.13062366174584833
-0.65728135946480515
0.52734082936644944
0.60427011820265364
0.59730166074644064
0.480236926670152
0.77797879701743189
-0.40511910057872713
0.18970078399713999
0.47603369867896023
0.85872319770278682
0.75484605493317303
0.60213222359613405
0.26008502198127509
-0.53325139470549532
0.58896998403841649
-0.60725390731260964
0.59400283049020786
-0.7720617950508436
-0.22601155278545063
-0.37317141916402585
-0.71956797757495927
-0.58563215209531494
-0.72987283886299337
0.67448658771036007
0.11114621940898195
0.3244707610587812
-0.76802485012263932
-0.55213816641492242
-0.90006640056680876
-0.39799886119198408
0.17741866040693915
-0.81498849267750162
0.40997289501667106
0.40953141778733315
0.77174291487019431
-0.085097569978572554
0.63021526237579972
-0.37751271922937119
-0.91215590079944886
-0.1595486115790169
-0.37355524752303682
-0.89525158897156387
0.24286018506929583
-0.94002440703207035
0.33833920870971307
0.04336696938558076
-0.1701016695022152
-0.13105036567194192
0.97667355021512148
0.95299384312155355
-0.012545996648928711
0.30272980187040838
-0.12043709386642133
0.61622623089227879
-0.77830594163304867
-0.39643508912709741
0.90419381991921366
0.15897407376264566
0.14085893857816176
-0.69214285965686839
0.70788206733088388
-0.92208706134103224
0.20966981352511746
-0.32525992775594409
