-0.71478542296778824
0.675222257228413
0.18208981974873523
-0.055144098880968759
-0.6944615827879852
-0.71741357555472307
0.50267627045609731
0.63388372338522492
0.58779927896147699
0.56177974207863246
-0.42654080923040766
-0.70884868586401018
-0.49625946672982651
0.86413363854136127
-0.083663590780555741
-0.17886589001413744
-0.35307317366330199
-0.91833889573989747
0.087950265081154597
-0.054257226094738507
-0.9946461201294956
0.88382444326463494
-0.046769915958152705
0.46547494932512257
-0.70859365630053794
0.13082465770466675
-0.69338296718847359
-0.99248255154562992
-0.044289931325194126
-0.11409113401437339
-0.42695495238496117
-0.55841639660158737
-0.71125283594545641
-0.81013800579654305
-0.043241148298547069
0.58464229632983578
0.036827277249924295
0.87214998232233965
-0.48785055087137091
-0.12739412149900556
-0.94681844667640935
0.29547515435441923
-0.3429248220523643
0.13906956945417215
0.9290114214971662
-0.13115964006725708
-0.17319736788386653
0.97611465544552112
0.43107650432375122
0.78170968842637023
-0.45066951354663665
-0.92831300764286762
0.37178646162023038
0.0031283856798591221
0.016982877509135949
0.26489530179669685
0.96412761653089596
-0.89584343029405034
-0.42732958068629384
-0.12187689637279629
-0.27970489550553868
0.51207130785724797
0.81212569661327882
0.49348361051574391
-0.86564546398512299
0.08445032169463082
-0.92166597465000677
-0.29009792410672691
0.2576335102455054
0.90727231689726839
-0.35790802784072323
0.2208139184902678
-0.38472770654331279
0.80902701157896262
-0.44436458719562205
0.26695039265055354
0.95272897648203447
-0.14506889823532276
-0.13583880174201762
0.97835682473685015
-0.15609530240247746
0.42454324560777817
-0.34020355725611379
0.83906172135254742
-0.21243329250762735
0.64593506335968054
-0.73323938120977539
-0.59752942037797507
-0.22371304959448335
-0.77000718387810996
0.3373116022840062
0.25110131132502783
-0.90728662197535337
0.62325636272833096
-0.0065540251181310221
0.78199012210730778
0.52657900934212487
0.49593799348371126
-0.69047813400542724
-0.89280081161691704
0.25219098685426272
-0.37323774852719177
-0.62905680093213201
0.52260224835394209
-0.575477567952424
-0.69367030354463377
-0.43846179807271563
0.57146545093394474
0.48765489746859564
-0.09446080387953816
-0.86791120369846886
-0.82173446714628151
0.38519910118962436
0.41996918690128032
-0.23980848063236412
-0.96341079456248158
-0.11971438316795945
0.91457535162915715
0.28904566788563424
0.28285071693200831
-0.16304819320756478
0.80218488073187455
0.57438201905781894
-0.051299184802080032
-0.76643199363973835
0.64027368582822297
0.65120805066146814
0.74866376332355467
-0.12422014425971015
0.71624551733970721
-0.37151341475900918
0.59073694784131758
0.721730362622238
0.15936648018211882
-0.67357821272925322
0.2402883912284931
-0.041487716410729132
0.96981454847194648
0.93830456399316431
0.11712906577648388
-0.32536952398761332
-0.64125025665018665
-0.74731492610716355
-0.17412211107011732
0.067616949019553826
-0.4799587940131429
0.87468137298946547
-0.75271421451609133
-0.62191878717510196
0.21595910127631551
-0.53844002850507022
-0.17179306211354087
0.82496635053383371
0.90332437001212307
0.42408891248379177
-0.064449025209973615
-0.42176640516012542
0.34171453635827137
-0.839847769015169
0.20727655851904411
-0.41693530965035319
-0.88498665292492706
0.36519421316186435
-0.66632599897138201
0.65010987515025231
-0.71871066488678248
-0.51296418513228592
-0.46938547586133189
0.17188186379808446
0.6218031877357344
-0.76407945962378521
-0.36280797113456548
-0.81760407303768878
-0.44709501879734942
-0.96510124388310725
0.080070942539894871
0.24933558353362251
0.77681606686370885
-0.6292230258727779
-0.025202816785101563
-0.32944013979079889
-0.49621302653030225
0.80326946076410533
0.40559604223574902
0.32308561415997156
0.85504826556491542
0.13585705274956453
-0.99055866680121563
-0.018340906280780389
0.99892848235584297
-0.0027992816722576543
0.046195791587240374
0.70819546622759755
-0.58475239262404222
-0.3956309150396789
0.044657640605503611
-0.91450423145970849
-0.40210409818582749
-0.35729769802959599
0.89630018186834026
0.26264869876991948
0.7296569008117717
0.63119073993156727
0.26305713623165766
0.81516691349511639
-0.19169420802900947
-0.5465859801998002
0.24620877623049683
-0.89269207274400841
0.37746801423046034
0.72423140938767172
0.32711023175100551
0.60703192827078734
0.93437290554859498
-0.29837985672626938
-0.19472219821244663
0.20810058800920089
0.84588636383251814
0.49109103509677893
0.12757367396789437
0.59932343825146428
0.79027613786117623
-0.47605453213487925
-0.86505273338298283
0.1582904005316535
0.44198315688128492
0.87645199840315291
0.19100466886537923
-0.87188336420744306
-0.15813559571563757
-0.46347872937813617
-0.32254111814897363
-0.003316370978551913
-0.94654964412160802
0.32493250891252684
-0.71400923448970977
-0.62016907187897508
-0.62752275735104146
0.27818018871626399
0.7272076537085741
-0.75002119962960145
0.61827109670720393
-0.23496606368291748
0.020494002959185405
0.9816622061368715
0.18952390056454385
0.4395516965764385
-0.85149776985208248
-0.28591231868127737
0.64859052160751274
-0.66530322303863487
0.36973227705367961
-0.53820297967171427
0.64567427371006303
0.54170313359022682
0.77105420904942956
0.48792991687326964
-0.40914521007486182
-0.044327605715938238
0.32189010728338024
-0.94573877059396594
-0.43752345591881725
-0.7346189101525572
0.518563672432927
