0.36376768779368612
-0.90153926331298639
0.23430754580745561
-0.53444380387230117
0.17641958655947548
-0.82658692826628277
-0.85646130447310209
0.30221126507613544
0.41850016153081004
-0.5665154758237978
-0.35603970015149189
0.74316616417068648
0.31371454082801559
0.94855606607489251
0.042715060407205407
-0.65591447733967612
0.64180160643974882
0.39732467377143532
-0.41773816066738367
0.60462168687680673
0.67817950785944259
-0.63042164768850117
0.28904413153765485
0.7204318400441212
0.13524089303926831
0.94659678255977653
-0.29268486824128837
-0.98023031086750512
-0.039814084208486436
-0.19381273527617751
0.54233039910485303
-0.54154001032659083
-0.64234893587694752
0.90047179130694877
0.38167719797858002
0.20850196546717392
-0.55257656327114879
-0.550338379200488
-0.62592875800878955
0.28747118731923321
-0.94861531580024372
-0.13224711373211176
-0.7035170797615542
-0.69873188758945592
0.12975926845297339
0.63001976812291272
-0.0699246316024668
0.77342461666901363
0.023191176213690708
-0.87346554078953864
0.48633334082608837
-0.42129647713214341
-0.81720029471484323
-0.39331025498201666
0.54872728637414836
-0.7667169533087751
-0.33323186927029219
0.088766382078070999
0.51441089342504698
-0.85293725568673273
0.3464188643110529
0.73676460428873003
-0.58066503968872729
-0.96545446505727783
0.25452760530146595
0.055797616799169718
-0.069205873745845567
0.010754698199682274
0.99754442683306488
-0.72611102760697599
-0.64191275268102599
-0.24639560372094538
0.66457519781106977
-0.7465111240016683
0.032572199743697607
0.69240526894216314
-0.60900198931184468
0.3868998844085465
0.31720486111310997
0.074417233786673059
0.94543278523740226
0.52625626560210814
-0.42647397751137872
0.73564549167390914
-0.83287613455706466
0.073228111976770052
-0.54859364569925517
-0.7885788665868757
-0.056916543853866859
0.61229394755157385
0.12045797662002741
0.39442475930939824
0.91099889413342994
-0.26307548603429642
0.93079200329955836
-0.2538060977230725
-0.29854404729292544
0.48875737644039785
-0.81974854608047865
0.83007849848705373
-0.26598270492374398
0.49012537888883773
-0.92335328671120753
-0.38382122473122926
-0.0099987681956210973
-0.40186718403126975
0.7331516705862422
-0.54862682609892477
0.69175724618949652
0.53475648469958814
0.4852910615456083
0.86880608164639639
0.15593112798612241
-0.4699590150419618
-0.056187887430247822
0.69466905174621574
0.71713166842089704
-0.10475160796793551
0.18848952535370184
-0.97647263118843652
-0.63745595908200425
-0.20603491180887579
-0.74242812133347358
0.4435577470328726
0.81409655601410436
0.37483772826797518
0.082023066953930981
0.90508528848178305
0.4172443373627957
0.53493939729664253
0.8047717900303013
-0.25725902742436385
0.2194484307107285
-0.28268429551412982
0.93377297847403928
0.68591741251140315
0.72061642681088534
0.10113984686548592
0.64058654676543492
0.088198065839298637
-0.76280402285602955
0.32900503364545691
0.64173631480597981
0.69276994023643401
-0.88012925816784904
0.37329234442669579
-0.29330072367679727
-0.13606375269979071
-0.75676911751031073
-0.63936465180983826
0.1765609505644983
-0.5489791717592919
-0.81697496883946374
0.54799717776495716
0.32659384427931554
0.77008801707369801
0.68673256035622299
0.50193842849820292
-0.52579102744659034
0.83075664229103163
0.52382222781676613
-0.18829146272311709
-0.80058432663508627
0.59594993707945254
0.062517265145255185
0.81171075310502194
-0.50787483874429562
-0.28842468941499066
-0.2658434279368545
-0.6656150153310354
0.6973406077295714
-0.647215904903092
0.71569679638615713
-0.26246841349591632
0.27290422151006299
0.11341464396893666
-0.95533261454604701
0.099442878240392968
-0.60233987667855982
0.79202132984543039
-0.45842097460194242
-0.018861049295648427
0.88853501386522316
-0.036265049324185616
0.79311691046100374
-0.60798882599790161
0.97786596897630451
-0.047929250187347901
0.20366868609217176
-0.83583359783455191
-0.38739477466694117
0.38898262852176102
-0.082958361455944235
0.99374615413086942
0.074742835206131938
-0.20062270972873461
-0.34402278773976347
0.91727795670497914
-0.30327255143750548
0.86451084172611847
0.40080763975077111
0.78076474321855782
-0.23309078105005107
-0.57971984918263453
0.063719790588806446
-0.21434920804576219
-0.97467646185668866
0.97727365127606225
0.18411244937420443
-0.10506577229043035
0.44524257115226462
0.4161427158135122
-0.79283308010518516
-0.84596196056736406
-0.32348806965039428
-0.42391488540376021
-0.026766934715038323
-0.99339499338124448
0.11157920205413729
-0.3367169216614147
-0.87903074396294578
0.33753024432606177
0.37958319235334093
-0.73089513036132259
0.56719388968583906
-0.41259014056652138
-0.91039629244993248
-0.030789066252734126
-0.96758756975153548
-0.068751690831529322
0.24299691329340672
0.22589969572646501
-0.8168146997345368
-0.53083243473648922
-0.072514093259628987
-0.95704400003771484
-0.28072849565112618
-0.23974496282392008
-0.47057332935334173
-0.84916611714191048
0.45145358474896052
-0.23971781994131772
-0.8594911445849196
-0.58672457055270055
-0.64347339994302444
0.49162614035007696
-0.48983796274723634
0.86905863468793565
0.069252146002693402
-0.66522641332835675
0.44988106866981142
-0.59588660251997505
0.83885357069757027
0.14862203443813343
0.52367564179309189
0.96109342314354196
-0.17226652794431238
-0.2159251614338642
-0.3184406190739521
-0.12026153369965098
-0.94028332732001896
-0.26077529733236099
0.33672394634958852
0.90477247319753162
0.90167820937300203
-0.42060162134634799
0.1003527920026149
