-0.69491499421183467
0.53727646034699161
-0.47794053602574171
0.42458480127721943
0.70424311198319967
-0.56900736879991509
0.99660338639203228
-0.03687968028824188
0.073631375199507146
0.06871268596003148
-0.30453744992142845
-0.95001868843908088
0.32505731003070359
-0.94449111438213007
-0.047689412334451314
0.23297772890044979
0.80493481343908457
0.54571175903600844
-0.7656343343878137
-0.63422719631745583
-0.10751711239532485
-0.74964299179832716
0.24025039438506102
0.61669695381562872
0.16225643292266881
-0.36656940739261679
0.91613302502367921
