-0.38127601885926643
-0.73565478235643911
-0.55985769498947557
-0.81098495449365404
0.21427400299019636
-0.5444171702173648
0.9268696882444708
0.31335856601713774
-0.20668572789934181
-0.27186078712810746
-0.18301486395810029
-0.94477366177962629
0.076645831125804226
-0.72919307274828227
-0.68000211707534641
-0.47910671748487815
-0.8549559417415854
0.19876390754265211
-0.21531094762315717
-0.53036531458561909
-0.81997184641798238
-0.59481307727301447
-0.028446089886476098
-0.80336058098165197
0.060219462697699858
-0.77421141259517512
0.63005579508467657
-0.34237015256047548
-0.75629191269833973
0.55749907750847782
0.18486782953706979
-0.46928675092555133
0.86347775362657297
-0.83498273661612543
0.47656439948826457
-0.27511852480964627
0.42692761368706056
-0.5642305589192449
-0.70666589634221666
0.14510523124093738
0.98817800152990742
0.049484433500569872
0.73670904020388306
0.44310024020548933
-0.51080521455023442
-0.57427784326934306
-0.42453098721502797
0.69998457099006495
-0.70201039370413176
0.57893544620463688
0.41474709915707408
-0.55074445982001619
0.41389798320812038
0.72482342641074249
0.7725149249228731
0.35527226693792469
0.52631008646633004
-0.73339624466682007
-0.54985030690559389
-0.39974315291750756
0.69285626843599735
0.67590723634395633
0.25119633585468609
-0.29612003854807206
0.18365787817220017
0.93732742761298382
0.9284850572712009
-0.33543991774946597
0.15935984439100842
-0.23722206961078679
0.6022035959772517
-0.7622837520776905
0.72264673270417179
-0.012824658775042706
0.69109856593635666
-0.19491546376460603
-0.52692011428969321
0.82726244635083324
-0.078337218518289689
-0.91650675266415438
-0.39227369592648476
-0.5759523377101976
0.62491581044078992
-0.52702858987657308
0.49053378993124719
0.76090449740587907
-0.42473632616388435
-0.11146956943260795
0.94128848803395559
0.31866991917226639
-0.84820707634548886
0.22180815731985062
0.48098430014274951
0.90801586505244603
-0.32347531659134421
-0.26621590555259422
-0.37692408678557748
-0.18869586580542691
0.90681977428196781
0.36039944260815165
-0.060251459980603828
0.93085015085025336
0.13040078765406188
0.74100232488215956
-0.65871935533915704
-0.98431163273718825
-0.015052123052306353
0.17579545855871487
0.34485247758181609
0.87007656695408142
0.35219814926129694
-0.64481907080228051
0.039346324426696534
0.76332184082717869
-0.57120499236616662
-0.40326425067067739
-0.71491454092568629
0.92939165086715336
0.011350721793206776
0.3689204797963927
0.50443999156934982
0.62796054351429353
0.59262623186520136
-0.83931800543666668
-0.17173070039452998
-0.51580408324461691
-0.46379863128061022
0.86282097704113259
0.20107409380628335
0.074943207360249231
0.42402360533549166
-0.90254501150294442
0.078224952630210731
-0.016163315196890956
-0.99680469703339947
-0.23959940355386827
0.20692350249616603
-0.94856459449599417
0.085880993358812968
0.21541422148598394
0.97273900310478512
-0.68531743298904191
-0.60820325246039475
0.40053566599980511
-0.21061403238057522
-0.97676547570817662
-0.039635020234296492
0.37666755045829747
0.18939288818333744
-0.90678105975881507
-0.17611983638802864
0.53345772278967174
0.8272875323771729
0.50376119635090943
0.27861036085412366
0.8176802088077193
0.16018953507052219
-0.98555608577605158
-0.054941010581148683
-0.078053413481474099
-0.94516435832890411
0.31713088841770248
0.151979287694922
0.93228521758990068
-0.32824772531595064
0.91551168847000086
0.36380774919516373
0.17170401829997078
0.4858887765393336
0.87300089729570729
-0.04220817638798828
0.32775793438513612
-0.85371125355950983
-0.4046626150182881
0.99974736509456241
-0.0088812735673249755
-0.020647735137342131
0.65399358236218574
-0.63723555211030791
-0.40770485078760826
-0.21689799831889239
0.85372337950669841
-0.47340431938135019
0.31071285079244626
-0.90049231114188211
0.30425502777568486
-0.8301089437326008
-0.1864832826387785
0.52549322244098562
-0.97365259569474194
0.095584137219922205
-0.20703694261849637
-0.93052402814040691
0.34864214559136075
0.11213245458297801
0.7843733190071539
-0.37186036984164544
0.49646587170815304
-0.013051535307940319
-0.16290915102137402
0.98655474553599953
0.12735813036461607
-0.38855988634175931
-0.91257937811245149
0.45681430453049843
-0.19265310073749237
-0.86845004113797297
0.44117728239614867
0.52015990957214442
-0.73129766440994981
0.68672543307834433
0.11557586919393802
-0.71767011782811885
0.78897346370178145
-0.61228031832065943
-0.051319444380916852
0.51086525042361897
-0.85817088039889255
-0.05059086819775685
0.75789453884177527
0.63713665556043064
-0.14018826675254228
0.21603652184705324
0.53023832492594969
0.81986312272717254
-0.36350500737718772
0.7409451842949405
0.56468074474152841
-0.50274534131141613
-0.83428402286073344
-0.22631237480301178
0.72677918479418879
-0.29987678069146356
-0.61795301840189942
0.6618684555408143
-0.68675057870275358
0.30050589047712584
-0.9039115730548023
-0.37643639454753608
0.2030751313126363
-0.52951987449742555
0.81984362555618229
-0.21786494015128932
-0.53556294509870628
0.3476625489330939
-0.76961229453962343
0.43353994066388885
-0.67254759304215728
0.59976900131830124
0.53509034699774882
-0.34823366301674835
0.76968281551023754
-0.76008111165453696
-0.64960467322264048
-0.017043245973394711
-0.9414186601691733
-0.29262806433357758
-0.16762971768055479
0.90056906768634026
0.016795481566439965
-0.43438838166496513
-0.74642017306327257
0.66394630385085107
0.045080271150332224
0.060406921530855723
0.79155420797009457
0.60810602667298164
-0.20477431911475175
0.97409682898596783
-0.095931465070498184
