0.87648549973944012
0.37064250810022259
0.30724143590290698
-0.66973541837287065
-0.3267770006380179
-0.66683675755835237
0.33961871243821157
-0.043899212645016381
-0.93953817872982626
-0.5059758348078075
-0.85708836665140742
0.096891621626254268
0.1877139638079455
-0.76622527951353769
-0.61454234095455951
-0.42571597906701597
0.85401318634154688
0.29904411500942552
-0.23975636106709175
-0.90021773363386126
0.36348991647497009
-0.7780019139110308
-0.62820055485631454
0.0087797966372572169
0.89036062272064376
-0.30757840632565897
0.33563892126908557
0.39460854956768276
-0.82998545257615397
0.39421851950415332
0.74502757156625854
-0.63109944146314267
-0.21598012082363754
-0.043376661516833885
0.93864881172549031
0.34213575300161098
-0.93161217351747105
0.27214930289714573
0.24090146343816804
0.98800396529909951
0.033763717036604711
0.15069232218373846
0.84404913917237478
-0.33053010166831565
-0.42229243724403381
0.099129848349157765
-0.97782988668289539
0.1844504970879414
0.68550206489174581
0.35878541646030299
0.63352974986543409
-0.98283356080813233
0.11982887638935916
-0.1402826865028991
0.3516807677232241
0.84266708377124366
-0.40771659708929164
-0.52958644789492004
0.40744264293741811
-0.74399508528095315
-0.41752414563173212
0.3929078744569669
0.81932715688191393
0.33206989816931043
0.8954635573235733
0.2964365028724284
0.6046459786647187
-0.23017244321204572
-0.76251156507320073
0.18228024881324589
0.15847536060334017
0.97039140091729092
0.57989026962235568
0.21907778499316469
-0.78468605143700632
-0.65765790923257239
0.61295566090449649
-0.43791715219773419
0.010805710848592956
0.12473161981810241
-0.99213167454255224
0.35791088786746483
0.4671115755222468
0.80852122567007922
-0.67201668969700479
0.044488607496758016
-0.73919843923785367
0.35301982135964399
-0.58788580799325885
0.72785114033524623
-0.23987528242009076
0.97076993003459344
-0.0080988779785874463
0.74632781267533099
-0.64833375690087836
0.15052619602597064
-0.5945465371210088
-0.68503869337925472
0.42099454125993169
-0.15265538632364398
0.44658350736188623
-0.88162322109772906
0.34566998753017375
-0.2495668933807304
0.90455990705380074
-0.32299811031453846
-0.65578512851134629
0.68236213695998271
-0.75336455969567451
0.2943803538171274
0.58803235241017593
0.11786594067579487
0.70293969893464547
-0.7014152833309808
-0.014101964353955073
-0.24988922207842296
-0.96817173646538579
0.84906116611660576
0.028742333635622511
0.52751209886588224
-0.8672425640921525
0.48276173321522409
-0.12178441595664709
-0.22411713435524264
0.1165573124977735
0.96756700181005051
0.9444851344244769
-0.32593553067006115
-0.041398800683156323
-0.20225434535945214
0.73670387883142396
0.6452600829882118
-0.75976510983571377
-0.53519451370081017
-0.3692205443645834
-0.28288734740611199
0.70496824747940745
-0.65038028777273571
0.13569299542767183
-0.96511188943779791
-0.22393403461213623
-0.020193342301289583
0.91728281429154912
-0.39772410981995865
-0.35475068863483217
0.084633969504175108
-0.93112246247154773
-0.76172539683835061
0.59719833148175683
0.25125400034002027
0.45154966210964437
-0.82222077592326126
-0.34649083435037087
-0.10381199007482139
-0.59649779563082317
-0.79587276026025289
0.72702631913123383
0.67119756799959884
0.14466013964431582
0.69861322433946249
0.66188058247278159
-0.27176029386853234
0.56685773529976313
-0.56745075300458381
-0.5972201862339841
0.18027668459184829
0.75174425919540089
0.63433499490358358
0.51370251082353779
0.57934254026336762
-0.63282853239624171
-0.033879760421837123
0.477092662567286
0.87819972281834424
-0.94581544679766449
-0.30525255342639318
-0.11069787362727974
-0.89225193168182948
-0.11643497766978435
-0.43626756283854107
-0.84924808493407777
-0.41961098107592543
0.32047513912361558
-0.62181098524776446
0.78174331455064461
-0.047206872175315884
-0.0054012844529073125
-0.18116468034896444
0.98343794146876218
0.65201580008534621
-0.5718119212817413
0.49790212202716055
0.12679872050982177
0.99087018338872035
-0.045807904866691222
0.66794626764914133
-0.25890895853962825
0.69772052766240622
0.53726357174723827
0.083444915042672138
0.83927635533650136
0.25840511451088749
0.39599831577667216
-0.88114251440766045
-0.5739954005344422
0.013707724956836928
0.81874378070420362
-0.15818854426802059
-0.86705233849791397
-0.4724369024194271
-0.83397342276803155
0.2789641080836664
-0.47609595305742608
-0.38959775897669469
0.85898265006739394
-0.33220835793750636
0.28115562233020686
-0.45588275252693145
-0.84446576720467637
-0.35186128007822992
-0.3009474483720001
0.88635448489872948
0.053972322309404797
-0.81486849755397162
0.57712764629556823
-0.97768549793448944
-0.089398843870322195
0.19010237726877371
0.80919950852590961
0.36361002442551504
-0.46150179364624666
0.81863888095426618
0.012105698039497934
-0.57418101210761319
-0.64231725477779644
-0.37965182181755108
0.66580255211686412
-0.8376553007297064
-0.069534766550728058
0.54175503080281684
0.55675547081798915
0.67136235669164723
0.48917883410024632
0.46167387906425777
-0.88660172130715131
0.028188954662379469
-0.55291879763252294
0.61641064897672426
0.56064134261816512
-0.44174344025744949
-0.63732065597403054
-0.63141516806166809
0.48162476512352931
0.87505285508415631
-0.04816727549666782
-0.19977486881573153
-0.97718867183811076
-0.072057625695870889
-0.0052905564266708992
-0.53281543195109005
0.84621494047757728
0.97313835345361677
0.027567424808616146
-0.2285646125869116
-0.37180396083118966
-0.29585454340528594
-0.87990448564414603
0.91964763391203563
0.38450124901100358
-0.080043856409926076
-0.50486144554646339
-0.81341678200589329
-0.28890839301050469
