-0.96488366854059782
0.064165874906901565
0.25471993773764484
-0.98771532766070747
0.062906131354156625
-0.14304282625198184
0.73730214585466269
-0.37152053782848116
-0.5642322533228189
-0.38893923685328496
-0.33140257876562196
-0.85959211305332484
-0.06198619089269386
-0.94806422165648352
0.31198067849387806
0.59235940382307239
0.80038652857786652
0.092150646082630461
0.23422221561153983
-0.88948716531813421
-0.39236785858213652
-0.77903531962295747
0.061870954983860797
0.62391983115568761
0.1053088003570066
0.13025707799914579
0.98587177168153695
0.12132869358889257
-0.71186779251742272
-0.69175399824531847
-0.72492617606420751
0.65432303156472282
0.2152751950896257
0.42726735293315565
-0.4860368749556489
0.76237180253524661
-0.026775360396743528
0.26594078090642503
-0.9636174454245342
0.46640521128501167
0.16224912478039791
0.86956391392132792
0.28020665483646007
-0.19816483934367121
0.93926297011713278
-0.21428925461832124
0.62216811181280884
0.75298536240647385
0.59417317845005913
0.74531100298729913
-0.30243965156146457
0.14734088392120501
0.47845447141886155
0.86566274189468018
-0.55510132633485509
0.37133482095873144
0.74429360352271712
0.19863978330442653
0.94470108598102387
0.26092545800485678
-0.87287952683136927
-0.27330913781778277
0.40420718304347986
0.75046020539099367
0.54493968197184528
0.37396553736531934
0.86602893740428388
0.0071909902369119054
-0.49994216589303575
0.0080834871105511276
-0.43134059088759208
-0.90215295371066451
0.39548659686994547
-0.4478284333472094
-0.80189777776348359
-0.92095326079878559
0.38825915499447744
0.033165041641132882
-0.41908727354882602
0.11492601720101095
-0.9006430301288767
-0.16213343953093476
0.77706816461553974
-0.60817580955419881
-0.68429308383460008
0.71313317721608682
-0.15226308472450706
0.9352339650136966
-0.25690486772517557
-0.24359252784900848
-0.95983709676019213
-0.2800343382911441
0.017132339618582265
-0.14222444772789236
-0.8977744775635037
-0.41686112064340314
-0.80049255196921987
-0.55860996471850921
-0.21717868578429064
0.4601226568361852
0.76641911203075852
0.44820629779153454
0.77019393178681905
-0.59836541616672467
-0.22081697438010217
0.11595848218929472
0.58756942543008106
-0.80082195318817229
0.79541336269735863
0.44246248898779278
-0.41417934313677141
-0.46440066206491898
-0.00050633026121453236
0.88562507230957033
-0.33661750674888713
-0.44009238930017691
0.83247062592635934
0.26318244930290668
0.81692688700074489
-0.51319144544136264
-0.64005310687102679
-0.48669405824588496
-0.59452578922440136
0.49074494377234268
0.56763435391864503
-0.66102998450391237
-0.78653858608999183
-0.58248267590864766
0.20511212752506333
0.5895369424806961
-0.11217867226292895
-0.79991383219684264
-0.12336124056062843
-0.090838560829315892
-0.98819550707023629
0.93579046020125078
0.26317592742126539
0.23459464150378223
0.8401561315603906
0.54136763519387887
-0.032538564290194819
-0.097464311147546653
0.99389880176929535
0.051632159494770596
-0.13034863316278178
-0.16199584453382387
0.97814445772920855
-0.50764894154392948
0.68545720333353988
0.52195878625375214
0.96347839418186609
0.19611982438827077
-0.18233594935351177
-0.59428276008923508
-0.60057159727780829
0.53492219771094085
-0.85970801582542478
0.10610894354390241
-0.49964289209945534
-0.17641772152082116
0.88292554875952367
0.43510833464907983
-0.44121718000292104
0.88515183089464333
0.14776209369838619
0.89183940098394177
-0.089101887811969052
0.44348995077785847
-0.53178974165039616
0.66350424146743481
-0.52627159550001268
-0.83156324310837537
0.43733981714639791
-0.34239809732157744
0.49461464514142123
-0.85956176541501206
-0.12849095006362773
0.34363358201023636
0.26421020989973476
-0.90117086409823111
0.68203578536153586
-0.7137498242678556
0.15933730211058042
0.66463592127093341
0.23872986072364907
-0.708002221575049
-0.226144611304544
0.28633001803205044
0.93106054344048017
0.89781628788008427
-0.41923750447367297
0.13478066649157289
-0.27373152184555294
-0.65775755621959187
-0.70173075405325369
0.49493994895396359
0.50280987457133586
0.70867247509904407
0.043656008248499613
-0.5110759269661751
0.85842620522644331
-0.59505291092326662
-0.80328587192013545
-0.025374025602076807
-0.88575799385357645
-0.24950559789331328
-0.39138182500518331
-0.49648325300386581
-0.77419067264779062
-0.3925979901526
0.99463847753180068
-0.069242093834963631
0.076810360333561548
0.31961562915765812
-0.9183767419996306
0.23330239894244159
0.14857263198866807
-0.78356685784123481
0.6032819840810546
-0.26489260849305535
-0.9628032866392856
-0.05330794689663567
0.64444202941190942
-0.1517193187118914
0.7494502779084542
0.5008269794497453
-0.71555307922087341
0.48698678367361348
-0.64658400173920416
-0.27814864674337919
0.71032560069994921
-0.6718797812563081
-0.1164470463009758
-0.73144900365422194
-0.37301281191899105
0.89278683926372049
-0.25257296328345002
-0.81177851914401433
0.38097777606285621
0.4425738017580248
-0.63630390860264352
0.33858109083371679
-0.69316677706512253
0.09972182457116413
-0.99328202387299747
-0.058705866444165866
-0.42876838514285059
-0.84900432865977993
0.30878685499701691
0.3108925271105572
0.94385917041985945
-0.11169468653945069
0.12983858408985258
0.76732821851237387
0.62797240955010813
-0.29600241505363128
0.49209602693719479
-0.81867213862146637
0.52120991858151033
-0.67895841080552188
-0.51706450000816662
0.75973410591125767
0.2253607654620077
0.60993164674871547
0.2511151364775146
-0.10170832620078397
-0.96259888043427222
-0.010122772892269512
0.95071735527658685
-0.30989359439146763
-0.22701044277077673
-0.74274358136802465
0.62991922594060945
0.75228543298022732
-0.43434371773090447
0.49539091856174383
