0.24308980926944052
-0.96065284895095671
0.1343631215466411
0.38278030724796253
-0.28205162907900871
0.87973070590779812
-0.27126874150450181
-0.013000584643978871
0.96241584290860394
-0.88034897175571114
0.384944731014081
0.2771339784168641
-0.73819928833738602
0.55396562491617907
-0.38494661592148605
0.51435431270110721
-0.79859081041518054
0.31255776830243148
0.71426947430889487
0.69796205771250741
0.051653500019044861
-0.6369321130158927
-0.50514276800364832
-0.58236437678031328
0.83973461469156108
0.085333425440342142
0.53624992623909329
0.56557132916550934
0.4515811755343615
-0.69007500572688707
-0.21933303709702709
0.94074760137199143
-0.25862515220032045
-0.61293198482539146
0.74686072459931696
0.25790199694649424
-0.53425985952447486
0.21002946764271072
0.81881257026416499
0.74137008755467781
0.074201240163133092
-0.66698168583359352
0.18549163273039551
-0.15542704622612039
-0.9702758821533366
-0.41869573142152439
-0.9081255546200232
-0.0013643809842000037
-0.65684429636818231
0.51169287491938475
0.55382846810661746
-0.56621043706139651
-0.51987386041377015
0.63963810879373539
-0.8057675027228941
0.59194142720033194
-0.018549348229653047
0.017714013163542385
0.90533097555490405
0.42433717541413629
0.53934696867732568
-0.83659950587688747
-0.09594849735731964
-0.29914819443029439
0.94337689629673405
0.14335406971075429
0.19461884362166615
0.5362846386636444
-0.82129306099635946
-0.093082320744166142
0.31829399579398082
0.94341115840675827
0.30148357543370591
-0.509831306234374
-0.80571688137152797
-0.7679920079719732
-0.54659618006304012
0.33379768068647414
-0.57888876506009213
0.41818501977899208
-0.70000649062679821
-0.45454559918904236
-0.31453931989405587
-0.83333865534874785
0.91782423017356907
-0.24150494045577098
0.31507784155943108
-0.20510829562329766
0.53767589198700672
-0.81782346642932824
0.44274041296535188
0.88797885508541496
-0.12439646155926307
-0.84653360411876599
0.20150453459731263
-0.49272383708768647
0.96890878810090986
0.054364880351014069
-0.24137153959248375
0.62891793797567563
0.39996366047949
0.66670180559847858
-0.6043505216952445
-0.16261967717489439
0.77994569523923829
-0.95415306393846688
0.27194509760869401
-0.1250511673813324
0.19064208250125414
0.077891654116543405
0.9785645030342015
0.72286229394026935
-0.52247424066880221
0.45220655881684196
-0.30428896166550545
-0.67051276228120971
-0.67662461042039457
0.45437587790220557
-0.74653708267762697
-0.48602977868416469
0.3681323696252855
0.89594058990060965
0.24853373574349988
-0.62433211507841702
0.020763698006092408
-0.7808830123179924
-0.97989701252017281
0.032110063736500521
0.19690299302163494
0.32697776715091031
0.72032975283606837
0.61172754308444688
0.86441400666792834
0.39017655182363581
0.31709727763466561
0.62650503194210883
0.66514955882357463
0.40628500999670314
0.4061127449895347
0.18532590762484655
-0.89483336231953925
-0.54541864885165892
0.82462006963459222
-0.15006744563918956
0.63590621930514957
-0.45501291574946023
-0.62336708827961518
-0.81848121491094905
-0.18041048770549897
-0.54547278278916977
-0.81108673508059226
0.14140556448396696
0.5675762279282629
-0.72395444612348214
-0.68984707057227712
-0.00098952558830409337
-0.54246201616536249
-0.76855199617094816
-0.33920906562098396
-0.18983643361776226
-0.89965098688277456
-0.39317964122286242
-0.97430013850785802
-0.084109552634429902
-0.20896129607945244
0.43485251863743285
-0.5976452351347209
0.67358997910854168
-0.3311889286194501
0.79489796948328839
0.50838087264495513
0.79402182786360487
-0.60074093558223429
0.092949799310820716
-0.35457410181134436
0.52511743471183003
0.77364648650811119
-0.18462623139377163
-0.11545521731109905
-0.97600371283975162
0.079565359295333177
-0.58405910162099428
0.8078021536328569
0.038686664853943953
0.22479874647845779
-0.97363692696209536
0.69781216650383371
-0.23199560332191274
0.67766969853943415
-0.84669693019422743
-0.46088306908201426
-0.26587798899723686
0.083485204163009544
-0.7693098194624225
-0.63339768105397687
-0.84868782135873733
-0.21581616109055315
0.48285853672633383
-0.94156936275709602
-0.32552703953441714
0.086482840200550276
-0.34152080824268771
0.20834764884527171
-0.91649047717797294
0.20996519006436967
-0.93462831216633491
-0.28702706676956669
0.37017938455015043
0.74854083284673756
-0.55013984114512615
-0.41945344944608437
0.73614005952870276
-0.53118416439579497
-0.29603521380834535
-0.4081549853452815
0.86358129908147063
-0.073019622741430812
-0.99599352484718329
-0.051623959138973163
0.9540203499904486
-0.29157006281678438
-0.069513094256539856
0.54281117322532191
0.083385198587948864
0.8357050549555135
0.1725636505505421
-0.83730956518533284
0.51878172535067124
0.8318577611375354
0.34180848695085975
-0.43724092155653826
0.14400952967523437
0.93651153654896024
-0.3196989165971994
0.058400414959041046
0.99719019289176503
0.046915996558704896
0.29138779402030512
0.42485460441271655
0.85708326235278576
-0.48392263151558096
-0.79891791725558692
0.35714009603379837
0.52989664573779149
-0.17385463849045174
-0.83005066683377349
-0.12876836006647172
-0.93822730802912824
0.32116697824372753
0.86125866229534198
-0.21928589722180608
-0.45841816270831343
-0.066748177521899224
-0.4696834712975137
-0.88030796746787587
-0.011657717983629344
0.66597416537769405
0.74588370987768449
-0.22144246246355656
-0.73462399439564863
0.64131959480142064
0.67155275560110794
0.66038463998264363
-0.33601937997614539
-0.038303795647569645
0.79079354419857606
-0.61088328647364698
0.91071175155765616
0.40724385614852626
-0.068967725814793698
0.021411100699224306
-0.24595649430966923
0.96904435794949317
0.76691343259999356
-0.57573246968825942
-0.28350645538391633
0.98732004602028633
0.073199980735234482
0.14085769253704566
