-0.90206184105581555
0.24253261944767188
0.35701871577669864
-0.58006466509316112
-0.34399517144610414
-0.73837138780706046
-0.40990815306441114
-0.89205114262640084
-0.19031569822338826
0.17012626125317526
-0.10959308798232359
0.97930914950209413
-0.55546674448985411
-0.66241952851212038
0.50265004129277002
-0.5055559916847342
0.61910916626757873
-0.60093009536478403
-0.67536896668730184
0.3467023147836048
0.65090265305913175
0.96218821473581961
0.13964887359614289
0.23386327528456607
0.6734675783210593
-0.61686422407886099
-0.40733272640674556
0.79911839443700461
0.55373265112909398
-0.23407251599871601
-0.030965640994182114
0.92164266507557635
-0.38680218069474287
-0.62557187368321721
0.78016633995748541
0.00055933336223207807
0.24392527948282819
-0.96962519820120086
-0.018095111011158131
-0.72357423441707491
-0.67420972970752924
-0.14792419563899792
-0.26229139134574631
-0.56790058876697469
-0.78018725143649703
0.6181814241360466
0.223494899664932
0.75359256676064079
-0.73753384738488281
0.59365047748059585
0.32190516390501256
0.5579851097213181
0.67842550468206042
-0.4779031825863691
0.82739317059935247
-0.022479640378415169
0.56117306333608719
-0.23916748437773852
-0.85833383280486719
0.45394046512613367
0.79024081273894764
0.38345846111272008
0.47799483938924686
0.6078214223718077
0.70020033308491902
0.37452985468942401
0.23978862158369982
0.79976321563052266
0.55034554225805754
-0.77856378934105586
-0.051148471846437719
-0.62547762530299189
-0.53419280407890868
-0.28936645950207379
0.79429534820842773
0.34949528639445232
0.91421994279231034
0.2050730137996819
0.7604129860842167
0.34991417702369804
-0.54711256548567122
-0.89635030026307405
0.27909940876223172
-0.34447011372087072
-0.81408824716691564
-0.40412246468462892
-0.4170675716978241
-0.48128488730043267
0.64666999192991015
0.59176243442244614
-0.011537138917062694
-0.96252239582016563
-0.27095669759246938
0.70564475512298697
-0.28517271877190387
-0.64864628268083102
-0.79508436685211914
-0.57031228303986681
0.2063607264021419
-0.40247843778585352
0.85023977309782117
-0.3392689719971817
0.060335228261575599
-0.734981437182051
0.6753976215744546
-0.99487840298477392
0.09974550192464382
0.016364538498423328
0.36863148335720508
-0.85275764506597829
-0.37002057815666617
-0.49456404721844122
0.052296017125187284
-0.86756644113967285
-0.68989228062510122
0.30960437473193514
-0.65436516738037342
-0.93898643989850961
-0.34170853756046315
-0.039239534209927179
0.61520729842156152
-0.78433495479617088
-0.079615693514107216
0.46967088259248213
-0.84722117706470446
0.24824491772822979
-0.94646889853835181
-0.14961671075735122
0.2860270336205134
0.42665508767308752
-0.69658331029407439
0.57683370912457899
-0.23894555099589099
-0.82097544293823266
-0.5185598767275027
0.43478305282653884
-0.57944481987846297
-0.68935288328319233
-0.77600508300442306
-0.011125485522609885
0.63062852355660581
0.85356122047794769
0.50410714495216591
0.13156454425251596
-0.084238094179610798
0.18898593536008429
0.97835998473213381
0.95970733544274189
0.23377924703336928
-0.15591373882343831
-0.48115127836023153
0.10496134124288413
0.87033129564368172
0.888304299723365
0.019553030959537962
-0.45883891516879577
0.45243840233966814
0.45027048844694989
-0.76977657753537398
0.072936700914715866
0.47547960681868845
-0.87669799883381894
0.86000482773448239
-0.51012727451585116
-0.012722423841893035
0.3529952257650788
-0.44409606524238748
0.82351263221840765
0.68846602661669543
-0.38040726451807466
0.6174988609677714
-0.13324273013501789
0.76355689439766428
0.63184431934137142
-0.038259845576372208
0.94778344524078395
0.3166113155652876
0.918177543838535
-0.26433422659451822
0.29508882500242706
-0.27148374878926412
0.96217975052639326
-0.022510038211773029
-0.56266245814255011
-0.65625459053474655
-0.50273339912826098
0.22128273244195257
0.74464658232394931
-0.62971058412280534
0.88699951164884616
-0.32580122476201107
-0.32723909955609182
-0.11590740627107883
0.15244757469365422
-0.98149131944278223
-0.51404543346970177
-0.8418761753400622
0.1643222374596186
0.12112637172012572
-0.92620147490744476
0.35704233635969856
0.095030160544265566
-0.49524927587038936
-0.8635377370658367
-0.95077443159134867
-0.079567445885282223
-0.29949457722543243
-0.30074028304243711
0.44668392700674414
0.84263203802691278
-0.30577534735946005
-0.58285148957929456
0.75285163082934137
0.35488734184641241
0.8950002597832174
-0.27023972614173708
0.29466928676131821
0.15955685982210771
-0.94218449356974898
-0.1529530444281535
-0.98409632066204322
0.090331599452175601
0.29166100964487596
0.24341587147180396
0.92503111783796432
0.9919790435256044
-0.11817277609559759
-0.04486392978648962
-0.23099056566950227
-0.16095650686867682
0.95955008283482357
0.52734666926112617
-0.11462365451174185
0.84188295400582225
-0.41034088789846596
0.85835041708094217
0.3079852548672925
-0.26884401142143238
-0.23106742770930186
-0.9350565444798723
0.45756176337920079
0.55014127664214052
0.69855694716169858
-0.33230012199321829
0.40787772153854923
-0.85041895157376046
-0.0060331836450597687
-0.43992448508558241
0.89801450328894472
0.61293051697347478
0.78987168462633128
-0.02046712457065122
0.085128800447445516
0.54112016183495626
0.83662539872399855
0.085974782261676347
-0.15134581339712505
-0.98473487882892607
-0.73074139734466126
0.60777709059948759
-0.31084404184284148
0.62989915936717156
0.078774987658750698
-0.77267169635485811
-0.76986569745550659
-0.36776313854363851
0.52159091423248427
-0.88718659788278209
0.46131399147191543
0.0094520796348929424
0.42243096468286734
-0.23509513497232276
-0.87537555231423236
0.093338502664139594
0.99482728234169293
-0.040082442902823874
-0.15384299038363858
0.71823147152427946
-0.67858373663232441
0.11046130255872716
-0.77565111136513942
-0.62142067400035328
0.7318691233005582
-0.60061831043570602
0.32190873167503592
