-0.48703664693947846
-0.2072792660412848
-0.84842831777784022
0.58236156048497023
0.69031508993761181
0.42932515588297071
0.70584946570218166
0.3727668750965385
0.60234656851243562
-0.97532354736019367
-0.21869722174156539
-0.030257282879480922
-0.84300766997458809
-0.52841541521128876
0.10057443676748676
0.80312064443921405
0.38996956210434697
-0.45046750283198594
-0.5567575278592054
-0.71119059623103098
-0.42921904781201958
0.46696706246647179
-0.80685165532309899
-0.36184550415033379
0.18614619995244966
0.49117247998071489
-0.85094017836323665
0.40845808796709138
0.17506245753301999
-0.89583208601655218
0.6263018853112311
0.70188866052290166
-0.33926133980305578
-0.57470589779935211
0.3793026733746066
-0.72515006240468405
0.94946697655724444
-0.25579616967444069
-0.18188122499898079
0.20288702806297418
-0.74939623017112222
-0.63027148440103509
0.35651583301704048
-0.70531475322040516
0.61272143727619388
-0.89409780954698492
0.37921592026412776
0.23829476028967642
0.37371553037762084
0.54062211809715632
0.75370048943775914
-0.66000093364353973
0.51860460502137207
0.54355131426598779
0.86197368289301379
0.49512646107835878
-0.10886302191228493
0.3822602352382044
-0.14991986936464896
0.91181201205364648
-0.38652820911615465
0.71707743666602553
-0.57999645980121317
0.54310402904105592
0.46431202719620857
-0.69960871566920824
-0.31225727056704555
-0.92379691561522237
-0.22157313843925303
-0.034026664570740363
0.74116870761367426
-0.67045591424974849
0.32682214484124272
0.92286565247112273
0.20373088408589021
-0.55899738828877399
0.20262609736956819
0.80403021370537298
0.28676185898950718
-0.45900711833225422
-0.84088055129679506
-0.044877802782047976
-0.99849161803457065
0.031630231301098398
0.076166067591619299
0.92300133402912987
-0.37718333410700366
0.90234573336943447
0.10993903649738131
0.41675602661989752
0.009498178195571895
0.99979698290279273
-0.017770131947683517
-0.033534226301760464
-0.17023913903611032
0.98483201166827739
0.0666167282968331
-0.93785660165712026
-0.3405689449130434
-0.056523682562915192
0.93926924493489306
0.33849425228349583
0.98431846054421668
0.17554820936202184
0.0173203470418778
-0.067136709651411428
-0.53504967085629473
-0.84214874691692854
0.0051677673308737938
0.18698678259677826
-0.98234883687767416
0.76744906043726724
-0.57496568272124449
-0.2836131226280777
0.56501950245252897
-0.41409981145333319
0.71363457595789892
-0.72235542367342953
-0.35791408493636756
-0.59169261419570118
-0.36682403299269484
-0.90934203546058112
0.19630891819624927
0.20756218963149484
-0.12813833689246751
-0.96979302124412703
-0.68198766202530392
0.70257357790356356
0.20318266775747623
-0.59049490240859703
0.79182033720538658
-0.15600103787285871
0.85710104624409134
-0.50512654517042188
0.10111859320361426
0.2439165709539797
0.80228961048121861
0.54482665805552011
0.82831556999147116
-0.31606225306246533
0.46259914472335834
-0.22080511612274731
0.4748235882227208
-0.85193172306313381
-0.40992354665416253
0.78788375037718639
0.4595670590784896
-0.63563000620931676
-0.68461385264704455
0.35676093952409471
-0.82125423594055147
0.18111653430928507
0.54105293728940662
-0.72084518703169187
0.035925282694474175
-0.69216442439392034
-0.33321040192639184
-0.76207382592875417
0.55517052504826236
-0.35815025530208877
0.92776243956495252
0.10481054507794642
0.30610743027814108
-0.95033896544631746
-0.056161302361465007
0.55578467877899784
-0.19376851487913188
-0.80842881781642473
-0.14457658104222126
-0.19845799252526591
-0.96938745474499699
-0.84283153905497399
-0.34314644255352078
0.41459078105655822
0.72872115277973704
0.10252409922642026
-0.67709252733225633
-0.56107041552200687
-0.47619898018852769
0.67707792763711383
0.84772811353904254
0.46130466699533101
0.26183019253681
-0.0053737152542377457
-0.92340504174535465
0.38378933292058309
0.93911967472105395
0.073823547386597729
-0.33556567226562495
0.15369727058382837
0.15393725597184349
0.97605351812231111
-0.22024132721578332
0.18600531967955433
0.95754675020968916
0.80937665336794673
-0.25398647528536206
-0.52952837823389665
0.71321562014163586
-0.047303777875754266
0.69934671786222236
0.37773488180921511
0.91070050146448944
-0.16715548359807342
0.031475190855407037
0.48178413425452149
0.87572447741355097
-0.98488194167557397
0.15581232007932452
-0.07569730426408415
-0.61901877217196344
-0.78357584655797397
-0.053147458920151269
0.64994452088343668
0.75728613067952855
0.063951826041390186
-0.36787417338123235
0.13190934394115
-0.92047189937558138
-0.96061978680372351
-0.021675733131434678
0.27701947186864606
0.57222906344670321
-0.54553974808046046
-0.61232367438407653
-0.82416104257924461
-0.49770773623939413
-0.27026946772092147
0.34253516085771812
0.74479111947786425
-0.57267429829099803
-0.71593185009981875
-0.13755398446897518
0.68448556403284333
-0.68736995066610485
0.57930716638731283
-0.43809332098718257
-0.35977796024770714
0.51511404295254926
0.77795715953584388
-0.095840953386931965
0.74407087081295997
0.66119063125662003
-0.86673648247259727
0.25869883068673044
-0.42643028146737838
0.3513696008631314
-0.88806382771435599
0.296449053792739
-0.18979961549691046
-0.79828477902026995
-0.57159209016726575
-0.91735204409568349
-0.11200438332943155
-0.38199508545067029
-0.41375376972706651
-0.54226069187968551
-0.73127365608150163
0.0039163084579788279
-0.7245319168769917
0.68923012409108608
0.48802272679214492
0.20877278568526081
0.84749498057013617
0.97408854359433927
-0.15117363678946996
0.16822021512917046
-0.22606743651166178
-0.47831928121898148
0.84858952348187899
-0.40846947863982325
-0.15239885132012737
0.89995959639086942
0.65396712504182664
-0.64993792844992371
0.3871791426804263
-0.85337799391063784
0.51068677897593229
-0.10461841753841751
-0.27570235460131953
0.9168057559949826
-0.28888651308387014
0.18613363320347212
-0.45500183136033773
0.8708200755892197
0.62578343827753802
-0.77986641162406856
0.01426423493012371
