-0.48156026443352146
0.30332706642133223
0.82224838248241361
-0.90122390913233796
0.25248353610870866
-0.35220381826759017
0.47415186128564879
0.86442065110036226
-0.16720332051302353
-0.43765632225886469
0.77397060077913049
-0.45763135023339113
-0.6974673236498512
0.2354519214502889
-0.67683212477399501
-0.2240158035178631
-0.38896902721795984
0.89359947159751618
-0.95313969797505382
0.30252699971444091
0.0014596533154965503
0.29676281515670838
0.33513030547511696
-0.89421446526681736
-0.12744993451473316
0.75897678070393049
-0.6385223257995668
-0.38304561333397846
0.17959238953265008
-0.9061029917882123
-0.79414315490621956
0.25061427812443099
0.55365073206468929
0.18426584753856187
-0.95652956825276214
0.22604708024895978
-0.093787416807992977
-0.58256101536187954
-0.80735777932030828
0.36023650008929359
0.74786661107817987
0.55760666785634361
0.75340187544043435
0.56232421304170022
-0.34084761039190026
-0.23205868136048702
0.96496700016435011
0.12242326984297978
0.67083950612151588
0.61893577864847837
0.40852522435639455
0.63263688566315546
-0.53242260033238431
-0.56240265429114533
-0.43667805271790583
0.51417196698519163
-0.73820015350924773
-0.16239192301132685
-0.98419034105695935
0.070698203024328762
-0.14558949983536482
-0.89380134911778941
0.4241731319318891
0.28012877736267472
0.18186559308418948
0.94257772843698617
-0.1673401113540188
0.95141427291925884
-0.25847276146151715
0.48105224924774664
-0.5576145244319809
0.67650186669083145
0.14239838120230455
0.98900005941545577
-0.04001978894482363
0.81099286798603887
0.26091481655668725
0.5236544916039293
-0.65308622258455484
-0.68141074700494308
-0.33039034449632837
-0.56534074817623492
-0.361816301403309
0.74126837413339375
0.029415180444265759
-0.11183897218505418
0.99329088964916112
-0.89076574086359761
-0.39333693737269504
-0.22764544494014105
0.7757455516042171
-0.47514508620005419
0.41527820340852462
-0.42930803240569143
-0.43993931875460551
-0.78876359520815054
-0.021215389556544745
0.10858271519059064
-0.99386100698629043
0.97154791746954194
-0.057446080267321675
-0.22977073774202958
-0.23652174587336436
-0.18416625731150893
-0.95401271133926024
-0.42715643702267875
-0.66588500704891918
0.61166537886131078
0.36585682957005805
-0.8242604473654791
-0.43213828245806435
0.76722141877925665
-0.63579715135876236
0.084458728917901432
-0.84284756725740539
-0.19445649212811347
0.50179144177387325
0.84596110161987947
0.19885413373722152
-0.49477959541769606
0.52957469312522709
-0.77312553813102969
0.34903803043640863
0.93581440624167322
0.3187326849628197
-0.15053528691618001
0.73448810704060119
0.67843933724706995
0.01572533915916921
0.20976065493580581
0.64428507138422619
-0.73545714656417904
0.15996993850226471
0.51435226064374262
0.84252677746541271
-0.49374823131091333
-0.8665556185377814
-0.072760181816350411
-0.70950708596845669
0.54595134266653678
-0.44557471472375382
0.2226886874622063
-0.79515542115829363
0.56403688237466931
0.13248033134571316
-0.97486505245056487
-0.17912870042817744
0.80714073705242173
-0.18840636530552501
-0.55948804464692059
0.0081557927641303374
0.7766248645738365
0.62991055140397401
0.15626740858317964
0.89486396524631784
-0.41808968023419868
0.94657335636242224
-0.3046705523554018
0.10571062175691344
0.67893581079401177
-0.24889638007413956
0.69072190989389315
0.020605150421348452
-0.82972446899502883
-0.55779273330425461
0.59309124877801322
0.42565645222439463
-0.68341740927684791
0.61672986079962522
0.099692152092664535
0.78083657291984487
-0.092599529522287671
0.45709716224860164
-0.88458324164350222
0.29025774916550767
-0.60671843138437187
-0.74002917784899569
0.98920574697037322
0.059938674670431007
0.13371366960613348
-0.82283560892639551
0.49144345438592624
0.28535047191822882
-0.99145719598626103
-0.054091617514184266
-0.11868751173463861
-0.95989512605277072
0.065249933909616267
0.27266058223536127
-0.51004481908175381
0.85278885958583239
-0.11227396623508265
-0.73324856398760996
-0.53917667701250971
0.41428861241392512
-0.33717074329624253
-0.040620813969193516
0.94056676495480085
-0.37948572161762029
-0.72955155795841797
-0.56898603793836544
-0.49560219360180935
-0.82090039217414612
0.2837270022846039
0.47505419860993314
0.72262269057443107
-0.50213539553594944
-0.60414817270669996
-0.10452365961468833
-0.78998720875461548
0.65753070101683719
-0.71045388524528719
-0.2508159766844667
0.5172197632868194
0.45017224817601387
0.72789330498204197
-0.1029015461536899
0.25841036646277055
0.96053909566646845
-0.93791079044936965
-0.31089567980155813
0.15384155953241485
0.086665046070043397
0.94407066018221486
0.3181505278524524
-0.24373473932597761
0.57108211628603622
0.78387409276232611
0.50681317531188386
-0.30081457302329084
-0.80786818107108349
0.11368165389863454
-0.31825172117275541
-0.9411654071083625
-0.71277163757155393
-0.41294355576565195
-0.5669516843834097
0.45551443409962139
-0.89017884635383204
-0.0093926477131000448
0.38599134703235621
-0.18734173617638827
0.9032794439721098
0.44704512783845524
0.87020120534132372
0.20712439715882491
0.89062340641646054
-0.09177373990477615
0.44538469732022734
-0.65551570775841228
-0.012950238356327351
0.75507049221149014
-0.57730476282520604
0.5781821075923641
0.57656279907689534
0.31552864193364832
-0.020836977297524824
-0.94868724904291302
-0.86574354751684479
-0.086070320529830976
-0.49303144915597508
0.16879404822098737
-0.47065428387289276
0.86602142834762785
0.89137900888128208
0.40498572046450781
0.20354367773445334
-0.22332290624258669
-0.92568124410107921
-0.30535407949926435
-0.77148730304260571
-0.63426262645800358
0.050182286941129181
0.62862421472065422
0.069592908974833612
-0.77458919672769844
-0.58952778290337282
0.77316859442853669
0.23381043127806453
-0.78380823625981366
0.61392412750018899
-0.093497670796719223
-0.083908082332778869
-0.68374306517978967
0.72488264880446773
-0.30915029678844846
0.82989575310962926
0.46443420736011209
0.87571645265037268
-0.41140251181761878
-0.25272251151728009
