-0.95892754951087444
0.11229328259398981
-0.26047681945489104
-0.24153523397720281
0.85955824791063784
-0.45035580288964028
-0.51710938590268796
0.68330399601517477
0.51545468476000778
-0.28580372399358184
-0.95810423547340517
-0.018775125014829065
-0.46437361679078237
-0.65548941370612746
0.59555920994292832
-0.8958929469118927
-0.44321758514677245
0.030561411783290839
0.54682733632678437
0.61737508682726139
0.56553325844797597
-0.92092297577196358
-0.24016296135643544
-0.30695704045976646
-0.24140572427605156
-0.50372353637387124
0.82944913960396405
0.46170923374714512
-0.56241980933729785
0.68593625180305318
-0.77147211906850965
-0.02072600219960552
0.63592546916503134
-0.79081300844957758
0.60099366552413158
-0.11585076463621921
0.26573931785071475
-0.15117058770205088
-0.95211872598014446
-0.19537077794025176
-0.89320304310530585
-0.40499207759466349
0.034321299169493946
0.47813930069939209
-0.87761315939884044
-0.2415168043806355
0.96889995238152204
-0.053874998625059622
0.51552357583696795
0.044015468196776458
0.85574416814588028
0.30784481709026912
-0.93705619858993883
0.16479456688505251
-0.30190398081654529
0.27264967853479932
-0.91351854888775708
0.14748332738934913
-0.86076624375073563
-0.48716541519428019
-0.99493300438133592
-0.082652621602868168
0.057243872465982261
-0.92128063795117277
0.15653712599278402
0.35600296954126603
0.61840120239119034
-0.076753253226251206
-0.78210542192233712
0.064657619342183184
-0.99049636133846564
-0.1213933706437922
-0.73446952862217507
-0.57602594151565722
0.35881558804840208
0.0031036199251912311
0.44594968562537918
0.89505264953185038
0.1129501068878459
-0.57915009804597384
0.80735830787040452
0.96651074994621766
-0.19254348164742699
0.16965841539247872
-0.52550665881215608
0.82368326903633871
-0.2130460604040694
-0.37173749824331814
0.45980158000696758
0.80646992468590861
0.1914238101259963
-0.62471224573898576
-0.75702809389123704
0.38984063144020265
0.22113765681128156
-0.8939364735921228
0.41041721116408653
0.90977507927904033
-0.062185351193909541
0.87211753922167923
0.33980970455851722
-0.35205164744647327
0.17381216365002805
0.10000240404049915
0.97968813964108825
-0.2837659197587849
0.60817411074807304
-0.74135089788793096
0.21140481160694635
0.68892428361421665
0.69331907306525919
-0.50603632070576499
-0.63886266198490649
-0.57946677320458262
-0.39525448177201367
-0.39076768517215227
-0.83130891422162356
0.37690264531335482
0.82070920836822259
-0.42939584447849605
-0.16761532940406304
-0.68180850703395768
-0.71206900022743114
0.072779874331209235
0.95735829980501241
-0.27958572153597122
0.089309102648075636
0.99149113412605183
0.094705940329163144
-0.56718011322016104
0.64111264567627979
-0.51699254803287642
-0.1750035867219018
0.72258791576704939
0.66876038206662713
-0.81687488567183864
0.3996218647658184
-0.41595406760808379
0.3823163705935666
0.3929661794652316
0.83630842072327727
0.81028563956290212
0.45450797916723401
0.36994550840827295
0.3623989250222906
0.55788379922631515
-0.7466141478056123
0.64548962904977258
-0.25490993547073415
0.71997504372547061
-0.64895515367057988
-0.35635842671202717
0.67220969959955434
-0.41258068973511308
-0.85776026086415236
0.30663416205628474
-0.21444115684447831
-0.095173098441192192
-0.97208902451591594
-0.011242070718338099
-0.3839912753676924
-0.92326827969310021
0.68604717165073625
0.26059030236795122
-0.67928784221551097
0.8535102224560841
-0.039003069951990113
0.51961433842541926
-0.41219650857379037
-0.19078762685606379
0.89089512276036653
-0.53039406437342196
0.14076016613935816
0.83598367932984341
-0.6031329638324997
0.33163473748592276
-0.72543023705334175
0.98985634197092498
0.066957600456018729
-0.12530403824742148
-0.79661660672834511
0.53382122129717657
0.28361397281764544
-0.70769150456477325
0.371949552542996
0.60068815930556896
-0.28013864547994605
0.90762392761352706
0.31263580302335231
-0.80886945708557789
0.036277632928275093
-0.58686807269027996
-0.18970213605441996
0.1333921366418423
0.97273821630411661
0.31000774017325577
-0.27402647128263075
0.91038711220505564
0.58161694170827005
-0.71828346802957777
0.38182534315223426
-0.55024071429138288
-0.036042204269707057
-0.83422785607260175
0.79452264699788455
-0.42237518261230211
0.4362716682535086
0.69108589432445378
0.69676445869231818
-0.19214467405830107
0.8962822858802183
0.44343842239550413
-0.0063584243895144993
0.9333641075390694
-0.2889357870936467
-0.21294965060870938
0.63377266894095696
0.57486616679976499
-0.5175529870191079
0.38701002502840848
0.86064079636552004
0.33093905807389107
0.05061203051780671
0.89585147771708629
0.44146183554071511
0.40711475140583137
-0.88336249151487289
-0.23222464936436865
0.95767059265052656
0.16219030898806777
0.23782628038705966
-0.9492760986628157
0.31310278499713345
0.029009214648848952
-0.5815290210828552
0.79963051587123468
0.14971651787935542
-0.041968153198887095
-0.96259338130755656
0.26768013818727698
-0.8956608167156539
-0.24628240446208038
0.37031969789983343
-0.51266739578804033
-0.81734262356502319
-0.26291286959704707
0.70853800616879892
0.26551114357570343
0.65381780830095593
0.46520345006996539
-0.40395460184235232
-0.78765882823300315
-0.04049517894454583
-0.22227389608761386
0.97414293386560169
0.74123506516597237
-0.61393883022332685
-0.27138476543905293
0.67070268509192987
0.72174555426932019
0.17100076930513378
-0.76916170983626919
-0.56216271475821111
-0.30391338611095303
0.84895089420472736
-0.52140587298513497
0.086129523658285162
0.23889434781482413
-0.82207206496886287
0.51684331337452694
-0.66226184216249384
-0.74749846151819332
0.051529626851687889
0.051488223875193737
0.13648649277858985
-0.98930298700204988
0.50144053507632469
-0.6809289947675996
-0.53375377644299205
0.75332038440522797
-0.36314583744858159
-0.54830055551980605
0.06471431744433398
0.77048575085727589
-0.63416383123260334
-0.71357686239986995
-0.32523125605706205
-0.62051002532682964
-0.12098119925076266
-0.79796188806188961
0.59044083075999398
0.61575103319615687
-0.78717593820764775
0.034708895470393929
0.87405852727099798
-0.018168690122986417
-0.4854807819101275
