0.0
0.0
1.0
0.0921315529959
0.0
0.995746843802
0.137264506661
0.0997285016779
0.985501233467
0.183479407695
0.0
0.98302355361
0.227476458996
0.0997285016779
0.968663350476
0.27326652812
0.0
0.961938358009
0.268034881125
0.194738740126
0.943522191363
0.315753425499
0.0997285016779
0.943585714304
0.360729161031
0.0
0.932670613015
0.35382305495
0.194738740126
0.91481477299
0.401344497453
0.0997285016779
0.910481641944
0.387076388187
0.281227457605
0.87811331091
0.4451233166
0.0
0.895469280891
0.436601496976
0.194738740126
0.87832565483
0.483521606536
0.0997285016779
0.869632728205
0.466332037081
0.281227457605
0.838716607849
0.525731112119
0.0
0.850650808352
0.515666068251
0.194738740126
0.834365225275
0.491123473188
0.356822089773
0.794654472292
0.0284702155939
0.0876223138331
0.995746843802
0.0566982550957
0.174499286295
0.98302355361
0.165141533031
0.18552516679
0.968663350476
0.084444001183
0.259891912254
0.961938358009
0.192420615892
0.269481551021
0.943585714304
0.111471441125
0.343073819216
0.932670613015
0.294544884753
0.276328141863
0.91481477299
0.218869711693
0.35088349774
0.910481641944
0.137550669422
0.423337430808
0.895469280891
0.320124830107
0.355055118561
0.87832565483
0.244263834948
0.429038572824
0.869632728205
0.411567730596
0.356604058938
0.838716607849
0.162459848116
0.5
0.850650808352
0.344557126284
0.43024999428
0.834365225275
0.894427191
-1.66533453694e-16
0.4472135955
0.877890784969
0.0876223138331
0.470776061185
0.820072546417
0.0997285016743
0.563502657108
0.853886765222
0.174499286295
0.490333958911
0.792545300838
0.18552516679
0.580906497302
0.822619318082
0.259891912254
0.505720922509
0.72404306036
0.194738740126
0.661693637448
0.757915604431
0.269481551021
0.594090590919
0.784354412546
0.343073819216
0.516806066226
0.686510730744
0.276328141863
0.672566557738
0.716478026749
0.35088349774
0.602942790155
0.612302598762
0.281227457605
0.738915857617
0.739417544098
0.423337430808
0.523495095638
0.642434171952
0.355055118561
0.679127526679
0.668585050412
0.429038572824
0.607387794901
0.566112255012
0.356604058938
0.743202838984
0.688190960236
0.5
0.525731112119
0.59218831341
0.43024999428
0.681320734957
0.849420569375
2.49944214544e-17
0.527716492373
0.797188510126
3.05827218644e-17
0.603730469102
0.764668274472
0.0997285016779
0.636660550034
0.738175316899
3.40941123096e-17
0.674608924875
0.702759495204
0.0997285016779
0.704402809374
0.672882971421
5.28459587731e-17
0.739748948476
0.660000727115
0.194738740126
0.725586564995
0.634872821721
0.0997285016779
0.766153200211
0.601866874676
7.29190129016e-17
0.798596434482
0.590344222969
0.194738740126
0.783307424643
0.561585722129
0.0997285016779
0.821386451467
0.541620912604
0.281227457605
0.792185523801
0.27639320225
0.850650808352
0.4472135955
0.262485391309
0.807846967579
0.527716492373
0.348263794845
0.749117537263
0.563502657105
0.24634479735
0.758171327271
0.603730469102
0.331142933252
0.696424943398
0.636660550034
0.22810871775
0.702046445305
0.674608924875
0.408949158083
0.628428290471
0.661693637448
0.312012068357
0.63754619546
0.704402809374
0.207932273395
0.639949734674
0.739748948476
0.389158988751
0.56752041212
0.725586564995
0.29103393256
0.572982132274
0.766153200211
0.456675114834
0.495430312813
0.738915857617
0.185987092626
0.572409413103
0.798596434482
0.367633945201
0.50127313995
0.783307424643
0.268386973317
0.503281958647
0.821386451467
0.43483327262
0.428208034609
0.792185523801
0.354616944304
0.807846967579
0.470776061185
0.429824205045
0.758171327271
0.490333958911
0.421354885583
0.696424943398
0.580906497302
0.50137524587
0.702046445305
0.505720922509
0.490500987191
0.63754619546
0.594090590919
0.568661434425
0.639949734674
0.516806066226
0.474947162575
0.56752041212
0.672566557738
0.555113923348
0.572982132274
0.602942790155
0.631110409226
0.572409413103
0.523495095638
0.536200561052
0.50127313995
0.679127526679
0.614644073189
0.503281958647
0.607387794901
0.514088921513
0.428208034609
0.743202838984
0.72360679775
0.525731112119
-0.4472135955
0.779327228992
0.499276883672
-0.37864450819
0.774501945285
0.562708601275
-0.288973643781
0.828418460108
0.468575649549
-0.306854551216
0.819890900055
0.530142787311
-0.216165531641
0.870462904319
0.433888564879
-0.232454394389
0.802607914405
0.58312878313
-0.125623875198
0.858082612029
0.49375371987
-0.141072658755
0.905102920136
0.39551068712
-0.156076905195
0.836584752276
0.545485644126
-0.0507086216635
0.888752211444
0.45385093437
-0.0643337860365
0.808514584263
0.58742022998
0.0352369187573
0.932043846565
0.353768472778
-0.0783717790379
0.86300989868
0.504542578263
0.0255088514226
0.911638811489
0.410773858046
0.0133983183009
0.830587547863
0.545874577249
0.110205586284
0.951056516295
0.309016994375
5.55111512313e-17
0.881658573679
0.460647860251
0.102380214419
0.794654472292
0.57735026919
0.187592474085
0.71566589159
0.586899197506
-0.37864450819
0.701637307508
0.643074935844
-0.306854551216
0.75755597409
0.615939452423
-0.216165531641
0.681640377382
0.693780477133
-0.232454394389
0.734749802422
0.663506769214
-0.141072658755
0.65584520023
0.738584506336
-0.156076905195
0.77730658208
0.627075045863
-0.0507086216635
0.706277425683
0.705005930432
-0.0643337860365
0.624471199386
0.777105903586
-0.0783717790379
0.746533231811
0.664858956698
0.0255088514226
0.672381039901
0.740083929192
0.0133983183009
0.775823241378
0.621251178582
0.110205586284
0.587785252292
0.809016994375
5.55111512313e-17
0.710549631712
0.696159114405
0.102380214419
0.904906676985
0.161364105358
0.393834395972
0.877379431406
0.247160770474
0.411238236166
0.889697727066
0.31509390045
0.330384304036
0.842749734999
0.331117154705
0.424422329783
0.852165397449
0.396683302188
0.341257224327
0.801312157317
0.412519101424
0.433274529019
0.851528962905
0.455035584974
0.260463129332
0.808088838657
0.475410278885
0.347818193267
0.75341918098
0.490674176508
0.437719533765
0.805338619154
0.530412186307
0.2647501107
0.757842980116
0.550605154605
0.350011401545
0.923956561467
0.0541535681218
0.37864450819
0.94562646907
0.107846489943
0.306854551216
0.922485407571
0.214389360523
0.321026283835
0.959252582142
0.160622035174
0.232454394389
0.931994194416
0.26627725955
0.245933410949
0.964718993062
0.212031280926
0.156076905195
0.895059484362
0.365518923846
0.255469050502
0.933352152711
0.316586429373
0.169194538231
0.961979202398
0.261636920949
0.0783717790379
0.892372146583
0.414174871277
0.179251577416
0.926547730916
0.364888922168
0.0914624338934
0.844966443601
0.501620886555
0.185494461806
0.3370213834
0.862000535701
0.37864450819
0.43309792541
0.810753140945
0.393834395975
0.394782756293
0.866017817214
0.306854551216
0.488960066352
0.811085802243
0.321026283835
0.449185982993
0.862668480479
0.232454394389
0.574603824788
0.748783450795
0.330384304037
0.54124676757
0.804094953332
0.245933410949
0.499768295035
0.8519810156
0.156076905195
0.624217745997
0.73830059584
0.255469050502
0.58951326355
0.789840059969
0.169194538231
0.695901478976
0.669238440182
0.260463129333
0.546099420348
0.834046334052
0.0783717790379
0.669661868814
0.7207092711
0.179251577416
0.633348982104
0.768442379137
0.0914624338934
0.738178803617
0.648601463558
0.185494461806
0.506189016151
0.758060547082
0.411238236166
0.575335117759
0.699181799144
0.424422329783
0.640601829281
0.687875572445
0.341257224327
0.639948053916
0.634617735958
0.433274529019
0.701855227758
0.621628300274
0.347818193267
0.699478203757
0.564917562331
0.437719533765
0.753315285655
0.602016161978
0.2647501107
0.0
0.0
-1.0
0.0745359920918
0.0541535681218
-0.995746843802
0.052430376094
0.16136410536
-0.985501233467
0.148437958943
0.107846489943
-0.98302355361
0.125413378629
0.214389360523
-0.968663350476
0.221077265243
0.160622035174
-0.961938358009
0.102380214419
0.31509390045
-0.943522191363
0.196830944741
0.26627725955
-0.943585714304
0.29183602164
0.212031280926
-0.932670613015
0.17178430496
0.365518923846
-0.91481477299
0.266075576519
0.316586429373
-0.910481641944
0.147850024045
0.455035584974
-0.87811331091
0.360112327722
0.261636920949
-0.895469280891
0.238753471327
0.414174871277
-0.87832565483
0.332558254316
0.364888922168
-0.869632728205
0.2119691909
0.501620886555
-0.838716607849
0.425325404176
0.309016994375
-0.850650808352
0.302718053141
0.460647860251
-0.834365225275
0.187592474085
0.57735026919
-0.794654472292
-0.0284702155939
0.0876223138331
-0.995746843802
-0.0566982550957
0.174499286295
-0.98302355361
0.0245533497311
0.247160770474
-0.968663350476
-0.084444001183
0.259891912254
-0.961938358009
-0.00272573313015
0.331117154705
-0.943585714304
-0.111471441125
0.343073819216
-0.932670613015
0.075870210791
0.396683302188
-0.91481477299
-0.0291748289308
0.412519101424
-0.910481641944
-0.137550669422
0.423337430808
-0.895469280891
0.050290265437
0.475410278885
-0.87832565483
-0.0545689521861
0.490674176508
-0.869632728205
0.123358681637
0.530412186307
-0.838716607849
-0.162459848116
0.5
-0.850650808352
0.0258579692601
0.550605154605
-0.834365225275
0.658725460402
0.586899197506
-0.470776061185
0.604833684154
0.562708601272
-0.563502657108
0.588240797317
0.643074935844
-0.490333958911
0.532133660221
0.615939452423
-0.580906497302
0.512752375016
0.693780477133
-0.505720922509
0.471298580994
0.583128783129
-0.661693637448
0.454769322831
0.663506769214
-0.594090590919
0.43290231798
0.738584506336
-0.516806066226
0.392977241412
0.627075045863
-0.672566557738
0.373398754491
0.705005930432
-0.602942790155
0.330061855979
0.58742022998
-0.738915857617
0.349369860542
0.777105903586
-0.523495095638
0.311044000435
0.664858956698
-0.679127526679
0.288714122198
0.740083929192
-0.607387794901
0.248387828277
0.621251178582
-0.743202838984
0.26286555606
0.809016994375
-0.525731112119
0.226195807982
0.696159114405
-0.681320734957
0.687195675996
0.499276883672
-0.527716492373
0.644939052413
0.468575649549
-0.603730469102
0.560010686587
0.530142787311
-0.636660550034
0.597196376199
0.433888564879
-0.674608924875
0.509925432059
0.49375371987
-0.704402809374
0.544373759105
0.39551068712
-0.739748948476
0.41948724504
0.545485644126
-0.725586564995
0.455003959519
0.45385093437
-0.766153200211
0.486920529964
0.353768472778
-0.798596434482
0.363133949417
0.504542578263
-0.783307424643
0.395713450481
0.410773858046
-0.821386451467
0.272879170685
0.545874577249
-0.792185523801
-0.27639320225
0.850650808352
-0.4472135955
-0.262485391309
0.807846967579
-0.527716492373
-0.158568912082
0.810753140948
-0.563502657105
-0.24634479735
0.758171327271
-0.603730469102
-0.14144805049
0.758060547082
-0.636660550034
-0.22810871775
0.702046445305
-0.674608924875
-0.0385340625383
0.748783450796
-0.661693637448
-0.122317185595
0.699181799144
-0.704402809374
-0.207932273395
0.639949734674
-0.739748948476
-0.0187438932063
0.687875572445
-0.725586564995
-0.101339049797
0.634617735958
-0.766153200211
0.0782512973986
0.669238440182
-0.738915857617
-0.185987092626
0.572409413103
-0.798596434482
0.00278115034359
0.621628300274
-0.783307424643
-0.078692090555
0.564917562331
-0.821386451467
0.100093139613
0.602016161978
-0.792185523801
-0.187949399217
0.862000535701
-0.470776061185
-0.0979068384061
0.866017817214
-0.490333958911
-0.0684650479584
0.811085802243
-0.580906497302
-0.00703145250672
0.862668480479
-0.505720922509
0.022083383049
0.804094953332
-0.594090590919
0.0839037482458
0.8519810156
-0.516806066226
0.0506601973344
0.73830059584
-0.672566557738
0.112306150625
0.789840059969
-0.602942790155
0.174125235096
0.834046334052
-0.523495095638
0.139154407251
0.7207092711
-0.679127526679
0.201435787664
0.768442379137
-0.607387794901
0.164212306468
0.648601463558
-0.743202838984
0.295833418744
0.910481642623
0.288973643781
0.351695559687
0.910814303921
0.216165531641
0.306568943663
0.943522190922
0.125623875198
0.403982260905
0.90382345501
0.141072658755
0.356182864872
0.933039335966
0.0507086216635
0.452248756885
0.889568561647
0.0643337860365
0.308825090789
0.950465897787
-0.0352369187573
0.401626987689
0.915448011227
-0.0255088514226
0.496084475439
0.868170880815
-0.0133983183009
0.351102415429
0.929828921163
-0.110205586284
0.442514750587
0.890897854531
-0.102380214419
0.303530999103
0.934172358963
-0.187592474085
0.234015175715
0.895469281412
0.37864450819
0.189646542254
0.932670613566
0.306854551216
0.250835530789
0.943585713873
0.216165531641
0.143664716567
0.961938357559
0.232454394389
0.204425583033
0.968663350165
0.141072658755
0.0964608322695
0.98302355389
0.156076905195
0.260268770703
0.964203714308
0.0507086216635
0.156998351435
0.985501233698
0.0643337860365
0.0484364232042
0.99574684391
0.0783717790379
0.213163781799
0.976683418835
-0.0255088514226
0.108957268937
0.993956135155
-0.0133983183009
0.262491906166
0.958620220916
-0.110205586284
3.33066907388e-16
1.0
-5.55111512313e-17
0.165654666706
0.980855148885
-0.102380214419
0.637237438625
0.66243710295
-0.393834395972
0.564537414692
0.715667954101
-0.411238236166
0.534573033281
0.777867523255
-0.330384304036
0.487173077302
0.763235270892
-0.424422329783
0.456251693698
0.821813785989
-0.341257224327
0.405802508962
0.80473443211
-0.433274529019
0.421438196076
0.868647687585
-0.260463129332
0.374318452721
0.859597696824
-0.347818193267
0.321117876669
0.83981243087
-0.437719533765
0.339764168374
0.902478636187
-0.2647501107
0.289470260269
0.890897854531
-0.350011401545
0.620291467424
0.715667954101
-0.321026283835
0.597485295757
0.763235270892
-0.245933410949
0.509271700955
0.821813785989
-0.255469050502
0.569012919018
0.80473443211
-0.169194538231
0.478498350686
0.859597696824
-0.179251577416
0.535116533235
0.83981243087
-0.0914624338934
0.388746853191
0.902478636187
-0.185494461806
-0.234015175715
0.895469281412
-0.37864450819
-0.126165157613
0.910481642622
-0.393834395975
-0.189646542254
0.932670613566
-0.306854551216
-0.081167269653
0.943585713873
-0.321026283835
-0.143664716567
0.961938357559
-0.232454394389
0.0247403897482
0.943522190921
-0.330384304037
-0.0347573218969
0.968663350165
-0.245933410949
-0.0964608322695
0.98302355389
-0.156076905195
0.0710405627086
0.964203714308
-0.255469050502
0.0126699097016
0.985501233698
-0.169194538231
0.169627637496
0.950465897787
-0.260463129333
-0.0484364232042
0.99574684391
-0.0783717790379
0.118145551612
0.976683418835
-0.179251577416
0.0607109921991
0.993956135155
-0.0914624338934
0.215960822118
0.958620220916
-0.185494461806
-0.0360612934875
0.910814303921
-0.411238236166
0.05448713752
0.90382345501
-0.424422329783
0.113934649621
0.933039335966
-0.341257224327
0.144709905096
0.889568561647
-0.433274529019
0.202428859538
0.915448011227
-0.347818193267
0.233839542135
0.868170880815
-0.437719533765
0.255588646565
0.929828921163
-0.2647501107
-0.0524303760983
0.161364105358
0.985501233467
-0.0245533497311
0.247160770474
0.968663350476
-0.102380214419
0.31509390045
0.943522191363
0.00272573313015
0.331117154705
0.943585714304
-0.075870210791
0.396683302188
0.91481477299
0.0291748289308
0.412519101424
0.910481641944
-0.147850024045
0.455035584974
0.87811331091
-0.050290265437
0.475410278885
0.87832565483
0.0545689521861
0.490674176508
0.869632728205
-0.123358681637
0.530412186307
0.838716607849
-0.0258579692601
0.550605154605
0.834365225275
-0.187592474085
0.57735026919
0.794654472292
-0.0745359920918
0.0541535681218
0.995746843802
-0.148437958943
0.107846489943
0.98302355361
-0.125413378629
0.214389360523
0.968663350476
-0.221077265243
0.160622035174
0.961938358009
-0.196830944741
0.26627725955
0.943585714304
-0.29183602164
0.212031280926
0.932670613015
-0.17178430496
0.365518923846
0.91481477299
-0.266075576519
0.316586429373
0.910481641944
-0.360112327722
0.261636920949
0.895469280891
-0.238753471327
0.414174871277
0.87832565483
-0.332558254316
0.364888922168
0.869632728205
-0.2119691909
0.501620886555
0.838716607849
-0.425325404176
0.309016994375
0.850650808352
-0.302718053141
0.460647860251
0.834365225275
0.187949399217
0.862000535701
0.470776061185
0.158568912085
0.810753140945
0.563502657108
0.0979068384061
0.866017817214
0.490333958911
0.0684650479584
0.811085802243
0.580906497302
0.00703145250672
0.862668480479
0.505720922509
0.0385340625387
0.748783450795
0.661693637448
-0.022083383049
0.804094953332
0.594090590919
-0.0839037482458
0.8519810156
0.516806066226
-0.0506601973344
0.73830059584
0.672566557738
-0.112306150625
0.789840059969
0.602942790155
-0.0782512973984
0.669238440182
0.738915857617
-0.174125235096
0.834046334052
0.523495095638
-0.139154407251
0.7207092711
0.679127526679
-0.201435787664
0.768442379137
0.607387794901
-0.164212306468
0.648601463558
0.743202838984
-0.26286555606
0.809016994375
0.525731112119
-0.226195807982
0.696159114405
0.681320734957
0.14144805049
0.758060547082
0.636660550034
0.122317185595
0.699181799144
0.704402809374
0.0187438932063
0.687875572445
0.725586564995
0.101339049797
0.634617735958
0.766153200211
-0.00278115034359
0.621628300274
0.783307424643
0.078692090555
0.564917562331
0.821386451467
-0.100093139613
0.602016161978
0.792185523801
-0.72360679775
0.525731112119
0.4472135955
-0.687195675996
0.499276883672
0.527716492373
-0.604833684153
0.562708601275
0.563502657105
-0.644939052413
0.468575649549
0.603730469102
-0.560010686587
0.530142787311
0.636660550034
-0.597196376199
0.433888564879
0.674608924875
-0.471298580994
0.58312878313
0.661693637448
-0.509925432059
0.49375371987
0.704402809374
-0.544373759105
0.39551068712
0.739748948476
-0.41948724504
0.545485644126
0.725586564995
-0.455003959519
0.45385093437
0.766153200211
-0.330061855979
0.58742022998
0.738915857617
-0.486920529964
0.353768472778
0.798596434482
-0.363133949417
0.504542578263
0.783307424643
-0.395713450481
0.410773858046
0.821386451467
-0.272879170685
0.545874577249
0.792185523801
-0.658725460402
0.586899197506
0.470776061185
-0.588240797317
0.643074935844
0.490333958911
-0.532133660221
0.615939452423
0.580906497302
-0.512752375016
0.693780477133
0.505720922509
-0.454769322831
0.663506769214
0.594090590919
-0.43290231798
0.738584506336
0.516806066226
-0.392977241412
0.627075045863
0.672566557738
-0.373398754491
0.705005930432
0.602942790155
-0.349369860542
0.777105903586
0.523495095638
-0.311044000435
0.664858956698
0.679127526679
-0.288714122198
0.740083929192
0.607387794901
-0.248387828277
0.621251178582
0.743202838984
-0.295833418749
0.910481642622
-0.288973643781
-0.250835530789
0.943585713873
-0.216165531641
-0.306568943664
0.943522190921
-0.125623875198
-0.204425583033
0.968663350165
-0.141072658755
-0.260268770703
0.964203714308
-0.0507086216635
-0.156998351435
0.985501233698
-0.0643337860365
-0.308825090789
0.950465897787
0.0352369187573
-0.213163781799
0.976683418835
0.0255088514226
-0.108957268937
0.993956135155
0.0133983183009
-0.262491906166
0.958620220916
0.110205586284
-0.165654666706
0.980855148885
0.102380214419
-0.303530999103
0.934172358963
0.187592474085
-0.3370213834
0.862000535701
-0.37864450819
-0.394782756293
0.866017817214
-0.306854551216
-0.351695559687
0.910814303921
-0.216165531641
-0.449185982993
0.862668480479
-0.232454394389
-0.403982260905
0.90382345501
-0.141072658755
-0.499768295035
0.8519810156
-0.156076905195
-0.356182864872
0.933039335966
-0.0507086216635
-0.452248756885
0.889568561647
-0.0643337860365
-0.546099420348
0.834046334052
-0.0783717790379
-0.401626987689
0.915448011227
0.0255088514226
-0.496084475439
0.868170880815
0.0133983183009
-0.351102415429
0.929828921163
0.110205586284
-0.587785252292
0.809016994375
5.55111512313e-17
-0.442514750587
0.890897854531
0.102380214419
0.126165157614
0.910481642623
0.393834395972
0.0360612934875
0.910814303921
0.411238236166
-0.0247403897479
0.943522190922
0.330384304036
-0.05448713752
0.90382345501
0.424422329783
-0.113934649621
0.933039335966
0.341257224327
-0.144709905096
0.889568561647
0.433274529019
-0.169627637496
0.950465897787
0.260463129332
-0.202428859538
0.915448011227
0.347818193267
-0.233839542135
0.868170880815
0.437719533765
-0.255588646565
0.929828921163
0.2647501107
-0.289470260269
0.890897854531
0.350011401545
0.081167269653
0.943585713873
0.321026283835
0.0347573218969
0.968663350165
0.245933410949
-0.0710405627086
0.964203714308
0.255469050502
-0.0126699097016
0.985501233698
0.169194538231
-0.118145551612
0.976683418835
0.179251577416
-0.0607109921991
0.993956135155
0.0914624338934
-0.215960822118
0.958620220916
0.185494461806
-0.71566589159
0.586899197506
0.37864450819
-0.637237438623
0.66243710295
0.393834395975
-0.701637307508
0.643074935844
0.306854551216
-0.620291467424
0.715667954101
0.321026283835
-0.681640377382
0.693780477133
0.232454394389
-0.534573033281
0.777867523255
0.330384304037
-0.597485295757
0.763235270892
0.245933410949
-0.65584520023
0.738584506336
0.156076905195
-0.509271700955
0.821813785989
0.255469050502
-0.569012919018
0.80473443211
0.169194538231
-0.421438196076
0.868647687585
0.260463129333
-0.624471199386
0.777105903586
0.0783717790379
-0.478498350686
0.859597696824
0.179251577416
-0.535116533235
0.83981243087
0.0914624338934
-0.388746853191
0.902478636187
0.185494461806
-0.564537414692
0.715667954101
0.411238236166
-0.487173077302
0.763235270892
0.424422329783
-0.456251693698
0.821813785989
0.341257224327
-0.405802508962
0.80473443211
0.433274529019
-0.374318452721
0.859597696824
0.347818193267
-0.321117876669
0.83981243087
0.437719533765
-0.339764168374
0.902478636187
0.2647501107
-0.137264506664
0.0997285016743
-0.985501233467
-0.165141533031
0.18552516679
-0.968663350476
-0.268034881125
0.194738740126
-0.943522191363
-0.192420615892
0.269481551021
-0.943585714304
-0.294544884753
0.276328141863
-0.91481477299
-0.218869711693
0.35088349774
-0.910481641944
-0.387076388187
0.281227457605
-0.87811331091
-0.320124830107
0.355055118561
-0.87832565483
-0.244263834948
0.429038572824
-0.869632728205
-0.411567730596
0.356604058938
-0.838716607849
-0.344557126284
0.43024999428
-0.834365225275
-0.491123473188
0.356822089773
-0.794654472292
-0.0921315529959
1.90819582357e-16
-0.995746843802
-0.183479407695
1.87350135405e-16
-0.98302355361
-0.227476458996
0.0997285016779
-0.968663350476
-0.27326652812
1.94289029309e-16
-0.961938358009
-0.315753425499
0.0997285016779
-0.943585714304
-0.360729161031
1.94289029309e-16
-0.932670613015
-0.35382305495
0.194738740126
-0.91481477299
-0.401344497453
0.0997285016779
-0.910481641944
-0.4451233166
2.22044604925e-16
-0.895469280891
-0.436601496976
0.194738740126
-0.87832565483
-0.483521606536
0.0997285016779
-0.869632728205
-0.466332037081
0.281227457605
-0.838716607849
-0.525731112119
2.77555756156e-16
-0.850650808352
-0.515666068251
0.194738740126
-0.834365225275
-0.354616944304
0.807846967579
-0.470776061185
-0.348263794841
0.749117537263
-0.563502657108
-0.429824205045
0.758171327271
-0.490333958911
-0.421354885583
0.696424943398
-0.580906497302
-0.50137524587
0.702046445305
-0.505720922509
-0.408949158082
0.628428290471
-0.661693637448
-0.490500987191
0.63754619546
-0.594090590919
-0.568661434425
0.639949734674
-0.516806066226
-0.474947162575
0.56752041212
-0.672566557738
-0.555113923348
0.572982132274
-0.602942790155
-0.456675114833
0.495430312813
-0.738915857617
-0.631110409226
0.572409413103
-0.523495095638
-0.536200561052
0.50127313995
-0.679127526679
-0.614644073189
0.503281958647
-0.607387794901
-0.514088921513
0.428208034609
-0.743202838984
-0.688190960236
0.5
-0.525731112119
-0.59218831341
0.43024999428
-0.681320734957
-0.331142933252
0.696424943398
-0.636660550034
-0.312012068357
0.63754619546
-0.704402809374
-0.389158988751
0.56752041212
-0.725586564995
-0.29103393256
0.572982132274
-0.766153200211
-0.367633945201
0.50127313995
-0.783307424643
-0.268386973317
0.503281958647
-0.821386451467
-0.43483327262
0.428208034609
-0.792185523801
-0.894427191
2.22044604925e-16
-0.4472135955
-0.849420569375
1.66533453694e-16
-0.527716492373
-0.820072546418
0.0997285016779
-0.563502657105
-0.797188510126
1.38777878078e-16
-0.603730469102
-0.764668274472
0.0997285016779
-0.636660550034
-0.738175316899
8.32667268469e-17
-0.674608924875
-0.72404306036
0.194738740126
-0.661693637448
-0.702759495204
0.0997285016779
-0.704402809374
-0.672882971421
2.77555756156e-17
-0.739748948476
-0.660000727115
0.194738740126
-0.725586564995
-0.634872821721
0.0997285016779
-0.766153200211
-0.612302598763
0.281227457605
-0.738915857617
-0.601866874676
-2.77555756156e-17
-0.798596434482
-0.590344222969
0.194738740126
-0.783307424643
-0.561585722129
0.0997285016779
-0.821386451467
-0.541620912604
0.281227457605
-0.792185523801
-0.877890784969
0.0876223138331
-0.470776061185
-0.853886765222
0.174499286295
-0.490333958911
-0.792545300838
0.18552516679
-0.580906497302
-0.822619318082
0.259891912254
-0.505720922509
-0.757915604431
0.269481551021
-0.594090590919
-0.784354412546
0.343073819216
-0.516806066226
-0.686510730744
0.276328141863
-0.672566557738
-0.716478026749
0.35088349774
-0.602942790155
-0.739417544098
0.423337430808
-0.523495095638
-0.642434171952
0.355055118561
-0.679127526679
-0.668585050412
0.429038572824
-0.607387794901
-0.566112255012
0.356604058938
-0.743202838984
-0.774501945288
0.562708601272
0.288973643781
-0.75755597409
0.615939452423
0.216165531641
-0.802607914406
0.583128783129
0.125623875198
-0.734749802422
0.663506769214
0.141072658755
-0.77730658208
0.627075045863
0.0507086216635
-0.706277425683
0.705005930432
0.0643337860365
-0.808514584264
0.58742022998
-0.0352369187573
-0.746533231811
0.664858956698
-0.0255088514226
-0.672381039901
0.740083929192
-0.0133983183009
-0.775823241378
0.621251178582
-0.110205586284
-0.710549631712
0.696159114405
-0.102380214419
-0.794654472292
0.57735026919
-0.187592474085
-0.779327228992
0.499276883672
0.37864450819
-0.828418460108
0.468575649549
0.306854551216
-0.819890900055
0.530142787311
0.216165531641
-0.870462904319
0.433888564879
0.232454394389
-0.858082612029
0.49375371987
0.141072658755
-0.905102920136
0.39551068712
0.156076905195
-0.836584752276
0.545485644126
0.0507086216635
-0.888752211444
0.45385093437
0.0643337860365
-0.932043846565
0.353768472778
0.0783717790379
-0.86300989868
0.504542578263
-0.0255088514226
-0.911638811489
0.410773858046
-0.0133983183009
-0.830587547863
0.545874577249
-0.110205586284
-0.951056516295
0.309016994375
-5.55111512313e-17
-0.881658573679
0.460647860251
-0.102380214419
-0.433097925409
0.810753140948
-0.393834395972
-0.506189016151
0.758060547082
-0.411238236166
-0.574603824788
0.748783450796
-0.330384304036
-0.575335117759
0.699181799144
-0.424422329783
-0.640601829281
0.687875572445
-0.341257224327
-0.639948053916
0.634617735958
-0.433274529019
-0.695901478976
0.669238440182
-0.260463129332
-0.701855227758
0.621628300274
-0.347818193267
-0.699478203757
0.564917562331
-0.437719533765
-0.753315285655
0.602016161978
-0.2647501107
-0.757842980116
0.550605154605
-0.350011401545
-0.488960066352
0.811085802243
-0.321026283835
-0.54124676757
0.804094953332
-0.245933410949
-0.624217745997
0.73830059584
-0.255469050502
-0.58951326355
0.789840059969
-0.169194538231
-0.669661868814
0.7207092711
-0.179251577416
-0.633348982104
0.768442379137
-0.0914624338934
-0.738178803617
0.648601463558
-0.185494461806
-0.923956561467
0.0541535681218
-0.37864450819
-0.904906676983
0.16136410536
-0.393834395975
-0.94562646907
0.107846489943
-0.306854551216
-0.922485407571
0.214389360523
-0.321026283835
-0.959252582142
0.160622035174
-0.232454394389
-0.889697727065
0.31509390045
-0.330384304037
-0.931994194416
0.26627725955
-0.245933410949
-0.964718993062
0.212031280926
-0.156076905195
-0.895059484362
0.365518923846
-0.255469050502
-0.933352152711
0.316586429373
-0.169194538231
-0.851528962905
0.455035584974
-0.260463129333
-0.961979202398
0.261636920949
-0.0783717790379
-0.892372146583
0.414174871277
-0.179251577416
-0.926547730916
0.364888922168
-0.0914624338934
-0.844966443601
0.501620886555
-0.185494461806
-0.877379431406
0.247160770474
-0.411238236166
-0.842749734999
0.331117154705
-0.424422329783
-0.852165397449
0.396683302188
-0.341257224327
-0.801312157317
0.412519101424
-0.433274529019
-0.808088838657
0.475410278885
-0.347818193267
-0.75341918098
0.490674176508
-0.437719533765
-0.805338619154
0.530412186307
-0.2647501107
-0.169668261133
-2.23990270776e-12
0.985501233467
-0.242651263668
0.0530252551607
0.968663350476
-0.331309333411
-2.92516011413e-13
0.943522191363
-0.31406882978
0.104913154188
0.943585714304
-0.400713423952
0.0504250233953
0.91481477299
-0.383313461558
0.155222324011
0.910481641944
-0.478452728284
-1.58317803312e-13
0.87811331091
-0.467682590319
0.099080970826
0.87832565483
-0.449796139355
0.203524816806
0.869632728205
-0.54257189514
0.0465853015803
0.838716607849
-0.531647172134
0.1455539598
0.834365225275
-0.607061998207
4.4408920985e-16
0.794654472292
-0.0745359920918
-0.0541535681218
0.995746843802
-0.148437958943
-0.107846489943
0.98302355361
-0.242651263668
-0.0530252551607
0.968663350476
-0.221077265243
-0.160622035174
0.961938358009
-0.31406882978
-0.104913154188
0.943585714304
-0.29183602164
-0.212031280926
0.932670613015
-0.400713423952
-0.0504250233953
0.91481477299
-0.383313461558
-0.155222324011
0.910481641944
-0.360112327722
-0.261636920949
0.895469280891
-0.467682590319
-0.099080970826
0.87832565483
-0.449796139355
-0.203524816806
0.869632728205
-0.54257189514
-0.0465853015803
0.838716607849
-0.425325404176
-0.309016994375
0.850650808352
-0.531647172134
-0.1455539598
0.834365225275
-0.761731668088
0.445123315551
0.470776061185
-0.722071569189
0.401344495916
0.563502657108
-0.793377011356
0.360729159607
0.490333958911
-0.750231574158
0.315753426789
0.580906497302
-0.818273641442
0.273266529705
0.505720922509
-0.700227699986
0.268034882679
0.661693637448
-0.771563885742
0.22747646032
0.594090590919
-0.836209780746
0.183479406194
0.516806066226
-0.717820454573
0.17996672028
0.672566557738
-0.78588704498
0.137264504997
0.602942790155
-0.660664560218
0.132384645006
0.738915857617
-0.847032857686
0.0921315518288
0.523495095638
-0.728436325317
0.0903677069861
0.679127526679
-0.793079213739
0.0458849358785
0.607387794901
-0.66760104178
0.044253690694
0.743202838984
-0.850650808352
5.55111512313e-16
0.525731112119
-0.731985010856
4.4408920985e-16
0.681320734957
-0.677248571626
0.368778681949
0.636660550034
-0.627163317098
0.332389614508
0.704402809374
-0.648416364032
0.230391743675
0.725586564995
-0.572241844558
0.292486829008
0.766153200211
-0.592063068409
0.189448677812
0.783307424643
-0.51295133552
0.249409752684
0.821386451467
-0.603481874925
0.0908389922744
0.792185523801
-0.72360679775
-0.525731112119
0.4472135955
-0.687195675996
-0.499276883672
0.527716492373
-0.722071569192
-0.401344495913
0.563502657105
-0.644939052413
-0.468575649549
0.603730469102
-0.677248571626
-0.368778681949
0.636660550034
-0.597196376199
-0.433888564879
0.674608924875
-0.700227699987
-0.268034882679
0.661693637448
-0.627163317098
-0.332389614508
0.704402809374
-0.544373759105
-0.39551068712
0.739748948476
-0.648416364032
-0.230391743675
0.725586564995
-0.572241844558
-0.292486829008
0.766153200211
-0.660664560219
-0.132384645006
0.738915857617
-0.486920529964
-0.353768472778
0.798596434482
-0.592063068409
-0.189448677812
0.783307424643
-0.51295133552
-0.249409752684
0.821386451467
-0.603481874925
-0.0908389922744
0.792185523801
-0.761731668088
-0.445123315551
0.470776061185
-0.793377011356
-0.360729159607
0.490333958911
-0.750231574158
-0.315753426789
0.580906497302
-0.818273641442
-0.273266529705
0.505720922509
-0.771563885742
-0.22747646032
0.594090590919
-0.836209780746
-0.183479406194
0.516806066226
-0.717820454573
-0.17996672028
0.672566557738
-0.78588704498
-0.137264504997
0.602942790155
-0.847032857686
-0.0921315518288
0.523495095638
-0.728436325317
-0.0903677069861
0.679127526679
-0.793079213739
-0.0458849358785
0.607387794901
-0.66760104178
-0.044253690694
0.743202838984
-0.95733705308
-2.23976392988e-12
-0.288973643781
-0.974915783668
0.0530252551607
-0.216165531641
-0.992077941485
-2.92432744686e-13
-0.125623875198
-0.984424570513
0.104913154188
-0.141072658755
-0.997439698781
0.0504250233953
-0.0507086216635
-0.985782528808
0.155222324011
-0.0643337860365
-0.99937898695
-1.58151269858e-13
0.0352369187573
-0.994752361002
0.099080970826
0.0255088514226
-0.978978107013
0.203524816806
0.0133983183009
-0.992816467646
0.0465853015803
0.110205586284
-0.984038788098
0.1455539598
0.102380214419
-0.982246946377
5.55111512313e-16
0.187592474085
-0.923956561467
-0.0541535681218
-0.37864450819
-0.94562646907
-0.107846489943
-0.306854551216
-0.974915783668
-0.0530252551607
-0.216165531641
-0.959252582142
-0.160622035174
-0.232454394389
-0.984424570513
-0.104913154188
-0.141072658755
-0.964718993062
-0.212031280926
-0.156076905195
-0.997439698781
-0.0504250233953
-0.0507086216635
-0.985782528808
-0.155222324011
-0.0643337860365
-0.961979202398
-0.261636920949
-0.0783717790379
-0.994752361002
-0.099080970826
0.0255088514226
-0.978978107013
-0.203524816806
0.0133983183009
-0.992816467646
-0.0465853015803
0.110205586284
-0.951056516295
-0.309016994375
5.55111512313e-17
-0.984038788098
-0.1455539598
0.102380214419
-0.826932321383
0.401344495916
0.393834395972
-0.855092326352
0.315753426789
0.411238236166
-0.904988128825
0.268034882679
0.330384304036
-0.876424637936
0.22747646032
0.424422329783
-0.922580883412
0.17996672028
0.341257224327
-0.890747797175
0.137264504997
0.433274529019
-0.956364608308
0.132384645006
0.260463129332
-0.933196754156
0.0903677069861
0.347818193267
-0.897939965933
0.0458849358785
0.437719533765
-0.96330108987
0.044253690694
0.2647501107
-0.936745439694
4.4408920985e-16
0.350011401545
-0.872321276152
0.368778681949
0.321026283835
-0.910512988126
0.332389614508
0.245933410949
-0.938964966696
0.230391743675
0.255469050502
-0.941182587541
0.292486829008
0.169194538231
-0.965390113099
0.189448677812
0.179251577416
-0.964069187586
0.249409752684
0.0914624338934
-0.978437571908
0.0908389922744
0.185494461806
-0.779327228992
-0.499276883672
0.37864450819
-0.826932321382
-0.401344495913
0.393834395975
-0.828418460108
-0.468575649549
0.306854551216
-0.872321276152
-0.368778681949
0.321026283835
-0.870462904319
-0.433888564879
0.232454394389
-0.904988128825
-0.268034882679
0.330384304037
-0.910512988126
-0.332389614508
0.245933410949
-0.905102920136
-0.39551068712
0.156076905195
-0.938964966696
-0.230391743675
0.255469050502
-0.941182587541
-0.292486829008
0.169194538231
-0.956364608308
-0.132384645006
0.260463129333
-0.932043846565
-0.353768472778
0.0783717790379
-0.965390113099
-0.189448677812
0.179251577416
-0.964069187586
-0.249409752684
0.0914624338934
-0.978437571908
-0.0908389922744
0.185494461806
-0.855092326352
-0.315753426789
0.411238236166
-0.876424637936
-0.22747646032
0.424422329783
-0.922580883412
-0.17996672028
0.341257224327
-0.890747797175
-0.137264504997
0.433274529019
-0.933196754156
-0.0903677069861
0.347818193267
-0.897939965933
-0.0458849358785
0.437719533765
-0.96330108987
-0.044253690694
0.2647501107
-0.137264506661
-0.0997285016779
-0.985501233467
-0.227476458996
-0.0997285016779
-0.968663350476
-0.268034881125
-0.194738740126
-0.943522191363
-0.315753425499
-0.0997285016779
-0.943585714304
-0.35382305495
-0.194738740126
-0.91481477299
-0.401344497453
-0.0997285016779
-0.910481641944
-0.387076388187
-0.281227457605
-0.87811331091
-0.436601496976
-0.194738740126
-0.87832565483
-0.483521606536
-0.0997285016779
-0.869632728205
-0.466332037081
-0.281227457605
-0.838716607849
-0.515666068251
-0.194738740126
-0.834365225275
-0.491123473188
-0.356822089773
-0.794654472292
-0.0284702155939
-0.0876223138331
-0.995746843802
-0.0566982550957
-0.174499286295
-0.98302355361
-0.165141533031
-0.18552516679
-0.968663350476
-0.084444001183
-0.259891912254
-0.961938358009
-0.192420615892
-0.269481551021
-0.943585714304
-0.111471441125
-0.343073819216
-0.932670613015
-0.294544884753
-0.276328141863
-0.91481477299
-0.218869711693
-0.35088349774
-0.910481641944
-0.137550669422
-0.423337430808
-0.895469280891
-0.320124830107
-0.355055118561
-0.87832565483
-0.244263834948
-0.429038572824
-0.869632728205
-0.411567730596
-0.356604058938
-0.838716607849
-0.162459848116
-0.5
-0.850650808352
-0.344557126284
-0.43024999428
-0.834365225275
-0.877890784969
-0.0876223138331
-0.470776061185
-0.820072546417
-0.0997285016743
-0.563502657108
-0.853886765222
-0.174499286295
-0.490333958911
-0.792545300838
-0.18552516679
-0.580906497302
-0.822619318082
-0.259891912254
-0.505720922509
-0.72404306036
-0.194738740126
-0.661693637448
-0.757915604431
-0.269481551021
-0.594090590919
-0.784354412546
-0.343073819216
-0.516806066226
-0.686510730744
-0.276328141863
-0.672566557738
-0.716478026749
-0.35088349774
-0.602942790155
-0.612302598762
-0.281227457605
-0.738915857617
-0.739417544098
-0.423337430808
-0.523495095638
-0.642434171952
-0.355055118561
-0.679127526679
-0.668585050412
-0.429038572824
-0.607387794901
-0.566112255012
-0.356604058938
-0.743202838984
-0.688190960236
-0.5
-0.525731112119
-0.59218831341
-0.43024999428
-0.681320734957
-0.764668274472
-0.0997285016779
-0.636660550034
-0.702759495204
-0.0997285016779
-0.704402809374
-0.660000727115
-0.194738740126
-0.725586564995
-0.634872821721
-0.0997285016779
-0.766153200211
-0.590344222969
-0.194738740126
-0.783307424643
-0.561585722129
-0.0997285016779
-0.821386451467
-0.541620912604
-0.281227457605
-0.792185523801
-0.27639320225
-0.850650808352
-0.4472135955
-0.262485391309
-0.807846967579
-0.527716492373
-0.348263794845
-0.749117537263
-0.563502657105
-0.24634479735
-0.758171327271
-0.603730469102
-0.331142933252
-0.696424943398
-0.636660550034
-0.22810871775
-0.702046445305
-0.674608924875
-0.408949158083
-0.628428290471
-0.661693637448
-0.312012068357
-0.63754619546
-0.704402809374
-0.207932273395
-0.639949734674
-0.739748948476
-0.389158988751
-0.56752041212
-0.725586564995
-0.29103393256
-0.572982132274
-0.766153200211
-0.456675114834
-0.495430312813
-0.738915857617
-0.185987092626
-0.572409413103
-0.798596434482
-0.367633945201
-0.50127313995
-0.783307424643
-0.268386973317
-0.503281958647
-0.821386451467
-0.43483327262
-0.428208034609
-0.792185523801
-0.354616944304
-0.807846967579
-0.470776061185
-0.429824205045
-0.758171327271
-0.490333958911
-0.421354885583
-0.696424943398
-0.580906497302
-0.50137524587
-0.702046445305
-0.505720922509
-0.490500987191
-0.63754619546
-0.594090590919
-0.568661434425
-0.639949734674
-0.516806066226
-0.474947162575
-0.56752041212
-0.672566557738
-0.555113923348
-0.572982132274
-0.602942790155
-0.631110409226
-0.572409413103
-0.523495095638
-0.536200561052
-0.50127313995
-0.679127526679
-0.614644073189
-0.503281958647
-0.607387794901
-0.514088921513
-0.428208034609
-0.743202838984
-0.774501945285
-0.562708601275
0.288973643781
-0.819890900055
-0.530142787311
0.216165531641
-0.802607914405
-0.58312878313
0.125623875198
-0.858082612029
-0.49375371987
0.141072658755
-0.836584752276
-0.545485644126
0.0507086216635
-0.888752211444
-0.45385093437
0.0643337860365
-0.808514584263
-0.58742022998
-0.0352369187573
-0.86300989868
-0.504542578263
-0.0255088514226
-0.911638811489
-0.410773858046
-0.0133983183009
-0.830587547863
-0.545874577249
-0.110205586284
-0.881658573679
-0.460647860251
-0.102380214419
-0.794654472292
-0.57735026919
-0.187592474085
-0.71566589159
-0.586899197506
0.37864450819
-0.701637307508
-0.643074935844
0.306854551216
-0.75755597409
-0.615939452423
0.216165531641
-0.681640377382
-0.693780477133
0.232454394389
-0.734749802422
-0.663506769214
0.141072658755
-0.65584520023
-0.738584506336
0.156076905195
-0.77730658208
-0.627075045863
0.0507086216635
-0.706277425683
-0.705005930432
0.0643337860365
-0.624471199386
-0.777105903586
0.0783717790379
-0.746533231811
-0.664858956698
-0.0255088514226
-0.672381039901
-0.740083929192
-0.0133983183009
-0.775823241378
-0.621251178582
-0.110205586284
-0.587785252292
-0.809016994375
-5.55111512313e-17
-0.710549631712
-0.696159114405
-0.102380214419
-0.904906676985
-0.161364105358
-0.393834395972
-0.877379431406
-0.247160770474
-0.411238236166
-0.889697727066
-0.31509390045
-0.330384304036
-0.842749734999
-0.331117154705
-0.424422329783
-0.852165397449
-0.396683302188
-0.341257224327
-0.801312157317
-0.412519101424
-0.433274529019
-0.851528962905
-0.455035584974
-0.260463129332
-0.808088838657
-0.475410278885
-0.347818193267
-0.75341918098
-0.490674176508
-0.437719533765
-0.805338619154
-0.530412186307
-0.2647501107
-0.757842980116
-0.550605154605
-0.350011401545
-0.922485407571
-0.214389360523
-0.321026283835
-0.931994194416
-0.26627725955
-0.245933410949
-0.895059484362
-0.365518923846
-0.255469050502
-0.933352152711
-0.316586429373
-0.169194538231
-0.892372146583
-0.414174871277
-0.179251577416
-0.926547730916
-0.364888922168
-0.0914624338934
-0.844966443601
-0.501620886555
-0.185494461806
-0.3370213834
-0.862000535701
-0.37864450819
-0.43309792541
-0.810753140945
-0.393834395975
-0.394782756293
-0.866017817214
-0.306854551216
-0.488960066352
-0.811085802243
-0.321026283835
-0.449185982993
-0.862668480479
-0.232454394389
-0.574603824788
-0.748783450795
-0.330384304037
-0.54124676757
-0.804094953332
-0.245933410949
-0.499768295035
-0.8519810156
-0.156076905195
-0.624217745997
-0.73830059584
-0.255469050502
-0.58951326355
-0.789840059969
-0.169194538231
-0.695901478976
-0.669238440182
-0.260463129333
-0.546099420348
-0.834046334052
-0.0783717790379
-0.669661868814
-0.7207092711
-0.179251577416
-0.633348982104
-0.768442379137
-0.0914624338934
-0.738178803617
-0.648601463558
-0.185494461806
-0.506189016151
-0.758060547082
-0.411238236166
-0.575335117759
-0.699181799144
-0.424422329783
-0.640601829281
-0.687875572445
-0.341257224327
-0.639948053916
-0.634617735958
-0.433274529019
-0.701855227758
-0.621628300274
-0.347818193267
-0.699478203757
-0.564917562331
-0.437719533765
-0.753315285655
-0.602016161978
-0.2647501107
-0.052430376094
-0.16136410536
0.985501233467
-0.125413378629
-0.214389360523
0.968663350476
-0.102380214419
-0.31509390045
0.943522191363
-0.196830944741
-0.26627725955
0.943585714304
-0.17178430496
-0.365518923846
0.91481477299
-0.266075576519
-0.316586429373
0.910481641944
-0.147850024045
-0.455035584974
0.87811331091
-0.238753471327
-0.414174871277
0.87832565483
-0.332558254316
-0.364888922168
0.869632728205
-0.2119691909
-0.501620886555
0.838716607849
-0.302718053141
-0.460647860251
0.834365225275
-0.187592474085
-0.57735026919
0.794654472292
0.0284702155939
-0.0876223138331
0.995746843802
0.0566982550957
-0.174499286295
0.98302355361
-0.0245533497311
-0.247160770474
0.968663350476
0.084444001183
-0.259891912254
0.961938358009
0.00272573313015
-0.331117154705
0.943585714304
0.111471441125
-0.343073819216
0.932670613015
-0.075870210791
-0.396683302188
0.91481477299
0.0291748289308
-0.412519101424
0.910481641944
0.137550669422
-0.423337430808
0.895469280891
-0.050290265437
-0.475410278885
0.87832565483
0.0545689521861
-0.490674176508
0.869632728205
-0.123358681637
-0.530412186307
0.838716607849
0.162459848116
-0.5
0.850650808352
-0.0258579692601
-0.550605154605
0.834365225275
-0.658725460402
-0.586899197506
0.470776061185
-0.604833684154
-0.562708601272
0.563502657108
-0.588240797317
-0.643074935844
0.490333958911
-0.532133660221
-0.615939452423
0.580906497302
-0.512752375016
-0.693780477133
0.505720922509
-0.471298580994
-0.583128783129
0.661693637448
-0.454769322831
-0.663506769214
0.594090590919
-0.43290231798
-0.738584506336
0.516806066226
-0.392977241412
-0.627075045863
0.672566557738
-0.373398754491
-0.705005930432
0.602942790155
-0.330061855979
-0.58742022998
0.738915857617
-0.349369860542
-0.777105903586
0.523495095638
-0.311044000435
-0.664858956698
0.679127526679
-0.288714122198
-0.740083929192
0.607387794901
-0.248387828277
-0.621251178582
0.743202838984
-0.26286555606
-0.809016994375
0.525731112119
-0.226195807982
-0.696159114405
0.681320734957
-0.560010686587
-0.530142787311
0.636660550034
-0.509925432059
-0.49375371987
0.704402809374
-0.41948724504
-0.545485644126
0.725586564995
-0.455003959519
-0.45385093437
0.766153200211
-0.363133949417
-0.504542578263
0.783307424643
-0.395713450481
-0.410773858046
0.821386451467
-0.272879170685
-0.545874577249
0.792185523801
0.27639320225
-0.850650808352
0.4472135955
0.262485391309
-0.807846967579
0.527716492373
0.158568912082
-0.810753140948
0.563502657105
0.24634479735
-0.758171327271
0.603730469102
0.14144805049
-0.758060547082
0.636660550034
0.22810871775
-0.702046445305
0.674608924875
0.0385340625383
-0.748783450796
0.661693637448
0.122317185595
-0.699181799144
0.704402809374
0.207932273395
-0.639949734674
0.739748948476
0.0187438932063
-0.687875572445
0.725586564995
0.101339049797
-0.634617735958
0.766153200211
-0.0782512973986
-0.669238440182
0.738915857617
0.185987092626
-0.572409413103
0.798596434482
-0.00278115034359
-0.621628300274
0.783307424643
0.078692090555
-0.564917562331
0.821386451467
-0.100093139613
-0.602016161978
0.792185523801
0.187949399217
-0.862000535701
0.470776061185
0.0979068384061
-0.866017817214
0.490333958911
0.0684650479584
-0.811085802243
0.580906497302
0.00703145250672
-0.862668480479
0.505720922509
-0.022083383049
-0.804094953332
0.594090590919
-0.0839037482458
-0.8519810156
0.516806066226
-0.0506601973344
-0.73830059584
0.672566557738
-0.112306150625
-0.789840059969
0.602942790155
-0.174125235096
-0.834046334052
0.523495095638
-0.139154407251
-0.7207092711
0.679127526679
-0.201435787664
-0.768442379137
0.607387794901
-0.164212306468
-0.648601463558
0.743202838984
-0.295833418744
-0.910481642623
-0.288973643781
-0.351695559687
-0.910814303921
-0.216165531641
-0.306568943663
-0.943522190922
-0.125623875198
-0.403982260905
-0.90382345501
-0.141072658755
-0.356182864872
-0.933039335966
-0.0507086216635
-0.452248756885
-0.889568561647
-0.0643337860365
-0.308825090789
-0.950465897787
0.0352369187573
-0.401626987689
-0.915448011227
0.0255088514226
-0.496084475439
-0.868170880815
0.0133983183009
-0.351102415429
-0.929828921163
0.110205586284
-0.442514750587
-0.890897854531
0.102380214419
-0.303530999103
-0.934172358963
0.187592474085
-0.234015175715
-0.895469281412
-0.37864450819
-0.189646542254
-0.932670613566
-0.306854551216
-0.250835530789
-0.943585713873
-0.216165531641
-0.143664716567
-0.961938357559
-0.232454394389
-0.204425583033
-0.968663350165
-0.141072658755
-0.0964608322695
-0.98302355389
-0.156076905195
-0.260268770703
-0.964203714308
-0.0507086216635
-0.156998351435
-0.985501233698
-0.0643337860365
-0.0484364232042
-0.99574684391
-0.0783717790379
-0.213163781799
-0.976683418835
0.0255088514226
-0.108957268937
-0.993956135155
0.0133983183009
-0.262491906166
-0.958620220916
0.110205586284
-5.55111512313e-16
-1.0
5.55111512313e-17
-0.165654666706
-0.980855148885
0.102380214419
-0.637237438625
-0.66243710295
0.393834395972
-0.564537414692
-0.715667954101
0.411238236166
-0.534573033281
-0.777867523255
0.330384304036
-0.487173077302
-0.763235270892
0.424422329783
-0.456251693698
-0.821813785989
0.341257224327
-0.405802508962
-0.80473443211
0.433274529019
-0.421438196076
-0.868647687585
0.260463129332
-0.374318452721
-0.859597696824
0.347818193267
-0.321117876669
-0.83981243087
0.437719533765
-0.339764168374
-0.902478636187
0.2647501107
-0.289470260269
-0.890897854531
0.350011401545
-0.620291467424
-0.715667954101
0.321026283835
-0.597485295757
-0.763235270892
0.245933410949
-0.509271700955
-0.821813785989
0.255469050502
-0.569012919018
-0.80473443211
0.169194538231
-0.478498350686
-0.859597696824
0.179251577416
-0.535116533235
-0.83981243087
0.0914624338934
-0.388746853191
-0.902478636187
0.185494461806
0.234015175715
-0.895469281412
0.37864450819
0.126165157613
-0.910481642622
0.393834395975
0.189646542254
-0.932670613566
0.306854551216
0.081167269653
-0.943585713873
0.321026283835
0.143664716567
-0.961938357559
0.232454394389
-0.0247403897482
-0.943522190921
0.330384304037
0.0347573218969
-0.968663350165
0.245933410949
0.0964608322695
-0.98302355389
0.156076905195
-0.0710405627086
-0.964203714308
0.255469050502
-0.0126699097016
-0.985501233698
0.169194538231
-0.169627637496
-0.950465897787
0.260463129333
0.0484364232042
-0.99574684391
0.0783717790379
-0.118145551612
-0.976683418835
0.179251577416
-0.0607109921991
-0.993956135155
0.0914624338934
-0.215960822118
-0.958620220916
0.185494461806
0.0360612934875
-0.910814303921
0.411238236166
-0.05448713752
-0.90382345501
0.424422329783
-0.113934649621
-0.933039335966
0.341257224327
-0.144709905096
-0.889568561647
0.433274529019
-0.202428859538
-0.915448011227
0.347818193267
-0.233839542135
-0.868170880815
0.437719533765
-0.255588646565
-0.929828921163
0.2647501107
0.0524303760983
-0.161364105358
-0.985501233467
0.0245533497311
-0.247160770474
-0.968663350476
0.102380214419
-0.31509390045
-0.943522191363
-0.00272573313015
-0.331117154705
-0.943585714304
0.075870210791
-0.396683302188
-0.91481477299
-0.0291748289308
-0.412519101424
-0.910481641944
0.147850024045
-0.455035584974
-0.87811331091
0.050290265437
-0.475410278885
-0.87832565483
-0.0545689521861
-0.490674176508
-0.869632728205
0.123358681637
-0.530412186307
-0.838716607849
0.0258579692601
-0.550605154605
-0.834365225275
0.187592474085
-0.57735026919
-0.794654472292
0.0745359920918
-0.0541535681218
-0.995746843802
0.148437958943
-0.107846489943
-0.98302355361
0.125413378629
-0.214389360523
-0.968663350476
0.221077265243
-0.160622035174
-0.961938358009
0.196830944741
-0.26627725955
-0.943585714304
0.29183602164
-0.212031280926
-0.932670613015
0.17178430496
-0.365518923846
-0.91481477299
0.266075576519
-0.316586429373
-0.910481641944
0.360112327722
-0.261636920949
-0.895469280891
0.238753471327
-0.414174871277
-0.87832565483
0.332558254316
-0.364888922168
-0.869632728205
0.2119691909
-0.501620886555
-0.838716607849
0.425325404176
-0.309016994375
-0.850650808352
0.302718053141
-0.460647860251
-0.834365225275
-0.187949399217
-0.862000535701
-0.470776061185
-0.158568912085
-0.810753140945
-0.563502657108
-0.0979068384061
-0.866017817214
-0.490333958911
-0.0684650479584
-0.811085802243
-0.580906497302
-0.00703145250672
-0.862668480479
-0.505720922509
-0.0385340625387
-0.748783450795
-0.661693637448
0.022083383049
-0.804094953332
-0.594090590919
0.0839037482458
-0.8519810156
-0.516806066226
0.0506601973344
-0.73830059584
-0.672566557738
0.112306150625
-0.789840059969
-0.602942790155
0.0782512973984
-0.669238440182
-0.738915857617
0.174125235096
-0.834046334052
-0.523495095638
0.139154407251
-0.7207092711
-0.679127526679
0.201435787664
-0.768442379137
-0.607387794901
0.164212306468
-0.648601463558
-0.743202838984
0.26286555606
-0.809016994375
-0.525731112119
0.226195807982
-0.696159114405
-0.681320734957
-0.14144805049
-0.758060547082
-0.636660550034
-0.122317185595
-0.699181799144
-0.704402809374
-0.0187438932063
-0.687875572445
-0.725586564995
-0.101339049797
-0.634617735958
-0.766153200211
0.00278115034359
-0.621628300274
-0.783307424643
-0.078692090555
-0.564917562331
-0.821386451467
0.100093139613
-0.602016161978
-0.792185523801
0.72360679775
-0.525731112119
-0.4472135955
0.687195675996
-0.499276883672
-0.527716492373
0.604833684153
-0.562708601275
-0.563502657105
0.644939052413
-0.468575649549
-0.603730469102
0.560010686587
-0.530142787311
-0.636660550034
0.597196376199
-0.433888564879
-0.674608924875
0.471298580994
-0.58312878313
-0.661693637448
0.509925432059
-0.49375371987
-0.704402809374
0.544373759105
-0.39551068712
-0.739748948476
0.41948724504
-0.545485644126
-0.725586564995
0.455003959519
-0.45385093437
-0.766153200211
0.330061855979
-0.58742022998
-0.738915857617
0.486920529964
-0.353768472778
-0.798596434482
0.363133949417
-0.504542578263
-0.783307424643
0.395713450481
-0.410773858046
-0.821386451467
0.272879170685
-0.545874577249
-0.792185523801
0.658725460402
-0.586899197506
-0.470776061185
0.588240797317
-0.643074935844
-0.490333958911
0.532133660221
-0.615939452423
-0.580906497302
0.512752375016
-0.693780477133
-0.505720922509
0.454769322831
-0.663506769214
-0.594090590919
0.43290231798
-0.738584506336
-0.516806066226
0.392977241412
-0.627075045863
-0.672566557738
0.373398754491
-0.705005930432
-0.602942790155
0.349369860542
-0.777105903586
-0.523495095638
0.311044000435
-0.664858956698
-0.679127526679
0.288714122198
-0.740083929192
-0.607387794901
0.248387828277
-0.621251178582
-0.743202838984
0.295833418749
-0.910481642622
0.288973643781
0.250835530789
-0.943585713873
0.216165531641
0.306568943664
-0.943522190921
0.125623875198
0.204425583033
-0.968663350165
0.141072658755
0.260268770703
-0.964203714308
0.0507086216635
0.156998351435
-0.985501233698
0.0643337860365
0.308825090789
-0.950465897787
-0.0352369187573
0.213163781799
-0.976683418835
-0.0255088514226
0.108957268937
-0.993956135155
-0.0133983183009
0.262491906166
-0.958620220916
-0.110205586284
0.165654666706
-0.980855148885
-0.102380214419
0.303530999103
-0.934172358963
-0.187592474085
0.3370213834
-0.862000535701
0.37864450819
0.394782756293
-0.866017817214
0.306854551216
0.351695559687
-0.910814303921
0.216165531641
0.449185982993
-0.862668480479
0.232454394389
0.403982260905
-0.90382345501
0.141072658755
0.499768295035
-0.8519810156
0.156076905195
0.356182864872
-0.933039335966
0.0507086216635
0.452248756885
-0.889568561647
0.0643337860365
0.546099420348
-0.834046334052
0.0783717790379
0.401626987689
-0.915448011227
-0.0255088514226
0.496084475439
-0.868170880815
-0.0133983183009
0.351102415429
-0.929828921163
-0.110205586284
0.587785252292
-0.809016994375
-5.55111512313e-17
0.442514750587
-0.890897854531
-0.102380214419
-0.126165157614
-0.910481642623
-0.393834395972
-0.0360612934875
-0.910814303921
-0.411238236166
0.0247403897479
-0.943522190922
-0.330384304036
0.05448713752
-0.90382345501
-0.424422329783
0.113934649621
-0.933039335966
-0.341257224327
0.144709905096
-0.889568561647
-0.433274529019
0.169627637496
-0.950465897787
-0.260463129332
0.202428859538
-0.915448011227
-0.347818193267
0.233839542135
-0.868170880815
-0.437719533765
0.255588646565
-0.929828921163
-0.2647501107
0.289470260269
-0.890897854531
-0.350011401545
-0.081167269653
-0.943585713873
-0.321026283835
-0.0347573218969
-0.968663350165
-0.245933410949
0.0710405627086
-0.964203714308
-0.255469050502
0.0126699097016
-0.985501233698
-0.169194538231
0.118145551612
-0.976683418835
-0.179251577416
0.0607109921991
-0.993956135155
-0.0914624338934
0.215960822118
-0.958620220916
-0.185494461806
0.71566589159
-0.586899197506
-0.37864450819
0.637237438623
-0.66243710295
-0.393834395975
0.701637307508
-0.643074935844
-0.306854551216
0.620291467424
-0.715667954101
-0.321026283835
0.681640377382
-0.693780477133
-0.232454394389
0.534573033281
-0.777867523255
-0.330384304037
0.597485295757
-0.763235270892
-0.245933410949
0.65584520023
-0.738584506336
-0.156076905195
0.509271700955
-0.821813785989
-0.255469050502
0.569012919018
-0.80473443211
-0.169194538231
0.421438196076
-0.868647687585
-0.260463129333
0.624471199386
-0.777105903586
-0.0783717790379
0.478498350686
-0.859597696824
-0.179251577416
0.535116533235
-0.83981243087
-0.0914624338934
0.388746853191
-0.902478636187
-0.185494461806
0.564537414692
-0.715667954101
-0.411238236166
0.487173077302
-0.763235270892
-0.424422329783
0.456251693698
-0.821813785989
-0.341257224327
0.405802508962
-0.80473443211
-0.433274529019
0.374318452721
-0.859597696824
-0.347818193267
0.321117876669
-0.83981243087
-0.437719533765
0.339764168374
-0.902478636187
-0.2647501107
0.137264506664
-0.0997285016743
0.985501233467
0.165141533031
-0.18552516679
0.968663350476
0.268034881125
-0.194738740126
0.943522191363
0.192420615892
-0.269481551021
0.943585714304
0.294544884753
-0.276328141863
0.91481477299
0.218869711693
-0.35088349774
0.910481641944
0.387076388187
-0.281227457605
0.87811331091
0.320124830107
-0.355055118561
0.87832565483
0.244263834948
-0.429038572824
0.869632728205
0.411567730596
-0.356604058938
0.838716607849
0.344557126284
-0.43024999428
0.834365225275
0.491123473188
-0.356822089773
0.794654472292
0.227476458996
-0.0997285016779
0.968663350476
0.315753425499
-0.0997285016779
0.943585714304
0.35382305495
-0.194738740126
0.91481477299
0.401344497453
-0.0997285016779
0.910481641944
0.436601496976
-0.194738740126
0.87832565483
0.483521606536
-0.0997285016779
0.869632728205
0.466332037081
-0.281227457605
0.838716607849
0.515666068251
-0.194738740126
0.834365225275
0.354616944304
-0.807846967579
0.470776061185
0.348263794841
-0.749117537263
0.563502657108
0.429824205045
-0.758171327271
0.490333958911
0.421354885583
-0.696424943398
0.580906497302
0.50137524587
-0.702046445305
0.505720922509
0.408949158082
-0.628428290471
0.661693637448
0.490500987191
-0.63754619546
0.594090590919
0.568661434425
-0.639949734674
0.516806066226
0.474947162575
-0.56752041212
0.672566557738
0.555113923348
-0.572982132274
0.602942790155
0.456675114833
-0.495430312813
0.738915857617
0.631110409226
-0.572409413103
0.523495095638
0.536200561052
-0.50127313995
0.679127526679
0.614644073189
-0.503281958647
0.607387794901
0.514088921513
-0.428208034609
0.743202838984
0.688190960236
-0.5
0.525731112119
0.59218831341
-0.43024999428
0.681320734957
0.331142933252
-0.696424943398
0.636660550034
0.312012068357
-0.63754619546
0.704402809374
0.389158988751
-0.56752041212
0.725586564995
0.29103393256
-0.572982132274
0.766153200211
0.367633945201
-0.50127313995
0.783307424643
0.268386973317
-0.503281958647
0.821386451467
0.43483327262
-0.428208034609
0.792185523801
0.820072546418
-0.0997285016779
0.563502657105
0.764668274472
-0.0997285016779
0.636660550034
0.72404306036
-0.194738740126
0.661693637448
0.702759495204
-0.0997285016779
0.704402809374
0.660000727115
-0.194738740126
0.725586564995
0.634872821721
-0.0997285016779
0.766153200211
0.612302598763
-0.281227457605
0.738915857617
0.590344222969
-0.194738740126
0.783307424643
0.561585722129
-0.0997285016779
0.821386451467
0.541620912604
-0.281227457605
0.792185523801
0.877890784969
-0.0876223138331
0.470776061185
0.853886765222
-0.174499286295
0.490333958911
0.792545300838
-0.18552516679
0.580906497302
0.822619318082
-0.259891912254
0.505720922509
0.757915604431
-0.269481551021
0.594090590919
0.784354412546
-0.343073819216
0.516806066226
0.686510730744
-0.276328141863
0.672566557738
0.716478026749
-0.35088349774
0.602942790155
0.739417544098
-0.423337430808
0.523495095638
0.642434171952
-0.355055118561
0.679127526679
0.668585050412
-0.429038572824
0.607387794901
0.566112255012
-0.356604058938
0.743202838984
0.774501945288
-0.562708601272
-0.288973643781
0.75755597409
-0.615939452423
-0.216165531641
0.802607914406
-0.583128783129
-0.125623875198
0.734749802422
-0.663506769214
-0.141072658755
0.77730658208
-0.627075045863
-0.0507086216635
0.706277425683
-0.705005930432
-0.0643337860365
0.808514584264
-0.58742022998
0.0352369187573
0.746533231811
-0.664858956698
0.0255088514226
0.672381039901
-0.740083929192
0.0133983183009
0.775823241378
-0.621251178582
0.110205586284
0.710549631712
-0.696159114405
0.102380214419
0.794654472292
-0.57735026919
0.187592474085
0.779327228992
-0.499276883672
-0.37864450819
0.828418460108
-0.468575649549
-0.306854551216
0.819890900055
-0.530142787311
-0.216165531641
0.870462904319
-0.433888564879
-0.232454394389
0.858082612029
-0.49375371987
-0.141072658755
0.905102920136
-0.39551068712
-0.156076905195
0.836584752276
-0.545485644126
-0.0507086216635
0.888752211444
-0.45385093437
-0.0643337860365
0.932043846565
-0.353768472778
-0.0783717790379
0.86300989868
-0.504542578263
0.0255088514226
0.911638811489
-0.410773858046
0.0133983183009
0.830587547863
-0.545874577249
0.110205586284
0.951056516295
-0.309016994375
5.55111512313e-17
0.881658573679
-0.460647860251
0.102380214419
0.433097925409
-0.810753140948
0.393834395972
0.506189016151
-0.758060547082
0.411238236166
0.574603824788
-0.748783450796
0.330384304036
0.575335117759
-0.699181799144
0.424422329783
0.640601829281
-0.687875572445
0.341257224327
0.639948053916
-0.634617735958
0.433274529019
0.695901478976
-0.669238440182
0.260463129332
0.701855227758
-0.621628300274
0.347818193267
0.699478203757
-0.564917562331
0.437719533765
0.753315285655
-0.602016161978
0.2647501107
0.757842980116
-0.550605154605
0.350011401545
0.488960066352
-0.811085802243
0.321026283835
0.54124676757
-0.804094953332
0.245933410949
0.624217745997
-0.73830059584
0.255469050502
0.58951326355
-0.789840059969
0.169194538231
0.669661868814
-0.7207092711
0.179251577416
0.633348982104
-0.768442379137
0.0914624338934
0.738178803617
-0.648601463558
0.185494461806
0.923956561467
-0.0541535681218
0.37864450819
0.904906676983
-0.16136410536
0.393834395975
0.94562646907
-0.107846489943
0.306854551216
0.922485407571
-0.214389360523
0.321026283835
0.959252582142
-0.160622035174
0.232454394389
0.889697727065
-0.31509390045
0.330384304037
0.931994194416
-0.26627725955
0.245933410949
0.964718993062
-0.212031280926
0.156076905195
0.895059484362
-0.365518923846
0.255469050502
0.933352152711
-0.316586429373
0.169194538231
0.851528962905
-0.455035584974
0.260463129333
0.961979202398
-0.261636920949
0.0783717790379
0.892372146583
-0.414174871277
0.179251577416
0.926547730916
-0.364888922168
0.0914624338934
0.844966443601
-0.501620886555
0.185494461806
0.877379431406
-0.247160770474
0.411238236166
0.842749734999
-0.331117154705
0.424422329783
0.852165397449
-0.396683302188
0.341257224327
0.801312157317
-0.412519101424
0.433274529019
0.808088838657
-0.475410278885
0.347818193267
0.75341918098
-0.490674176508
0.437719533765
0.805338619154
-0.530412186307
0.2647501107
0.169668261133
2.23988882997e-12
-0.985501233467
0.242651263668
-0.0530252551607
-0.968663350476
0.331309333411
2.92488255837e-13
-0.943522191363
0.31406882978
-0.104913154188
-0.943585714304
0.400713423952
-0.0504250233953
-0.91481477299
0.383313461558
-0.155222324011
-0.910481641944
0.478452728284
1.58290047736e-13
-0.87811331091
0.467682590319
-0.099080970826
-0.87832565483
0.449796139355
-0.203524816806
-0.869632728205
0.54257189514
-0.0465853015803
-0.838716607849
0.531647172134
-0.1455539598
-0.834365225275
0.607061998207
-5.27355936697e-16
-0.794654472292
0.242651263668
0.0530252551607
-0.968663350476
0.31406882978
0.104913154188
-0.943585714304
0.400713423952
0.0504250233953
-0.91481477299
0.383313461558
0.155222324011
-0.910481641944
0.467682590319
0.099080970826
-0.87832565483
0.449796139355
0.203524816806
-0.869632728205
0.54257189514
0.0465853015803
-0.838716607849
0.531647172134
0.1455539598
-0.834365225275
0.761731668088
-0.445123315551
-0.470776061185
0.722071569189
-0.401344495916
-0.563502657108
0.793377011356
-0.360729159607
-0.490333958911
0.750231574158
-0.315753426789
-0.580906497302
0.818273641442
-0.273266529705
-0.505720922509
0.700227699986
-0.268034882679
-0.661693637448
0.771563885742
-0.22747646032
-0.594090590919
0.836209780746
-0.183479406194
-0.516806066226
0.717820454573
-0.17996672028
-0.672566557738
0.78588704498
-0.137264504997
-0.602942790155
0.660664560218
-0.132384645006
-0.738915857617
0.847032857686
-0.0921315518288
-0.523495095638
0.728436325317
-0.0903677069861
-0.679127526679
0.793079213739
-0.0458849358785
-0.607387794901
0.66760104178
-0.044253690694
-0.743202838984
0.850650808352
-6.10622663544e-16
-0.525731112119
0.731985010856
-4.4408920985e-16
-0.681320734957
0.677248571626
-0.368778681949
-0.636660550034
0.627163317098
-0.332389614508
-0.704402809374
0.648416364032
-0.230391743675
-0.725586564995
0.572241844558
-0.292486829008
-0.766153200211
0.592063068409
-0.189448677812
-0.783307424643
0.51295133552
-0.249409752684
-0.821386451467
0.603481874925
-0.0908389922744
-0.792185523801
0.722071569192
0.401344495913
-0.563502657105
0.677248571626
0.368778681949
-0.636660550034
0.700227699987
0.268034882679
-0.661693637448
0.627163317098
0.332389614508
-0.704402809374
0.648416364032
0.230391743675
-0.725586564995
0.572241844558
0.292486829008
-0.766153200211
0.660664560219
0.132384645006
-0.738915857617
0.592063068409
0.189448677812
-0.783307424643
0.51295133552
0.249409752684
-0.821386451467
0.603481874925
0.0908389922744
-0.792185523801
0.761731668088
0.445123315551
-0.470776061185
0.793377011356
0.360729159607
-0.490333958911
0.750231574158
0.315753426789
-0.580906497302
0.818273641442
0.273266529705
-0.505720922509
0.771563885742
0.22747646032
-0.594090590919
0.836209780746
0.183479406194
-0.516806066226
0.717820454573
0.17996672028
-0.672566557738
0.78588704498
0.137264504997
-0.602942790155
0.847032857686
0.0921315518288
-0.523495095638
0.728436325317
0.0903677069861
-0.679127526679
0.793079213739
0.0458849358785
-0.607387794901
0.66760104178
0.044253690694
-0.743202838984
0.95733705308
2.23970841873e-12
0.288973643781
0.974915783668
-0.0530252551607
0.216165531641
0.992077941485
2.92321722384e-13
0.125623875198
0.984424570513
-0.104913154188
0.141072658755
0.997439698781
-0.0504250233953
0.0507086216635
0.985782528808
-0.155222324011
0.0643337860365
0.99937898695
1.58040247555e-13
-0.0352369187573
0.994752361002
-0.099080970826
-0.0255088514226
0.978978107013
-0.203524816806
-0.0133983183009
0.992816467646
-0.0465853015803
-0.110205586284
0.984038788098
-0.1455539598
-0.102380214419
0.982246946377
-6.10622663544e-16
-0.187592474085
0.974915783668
0.0530252551607
0.216165531641
0.984424570513
0.104913154188
0.141072658755
0.997439698781
0.0504250233953
0.0507086216635
0.985782528808
0.155222324011
0.0643337860365
0.994752361002
0.099080970826
-0.0255088514226
0.978978107013
0.203524816806
-0.0133983183009
0.992816467646
0.0465853015803
-0.110205586284
0.984038788098
0.1455539598
-0.102380214419
0.826932321383
-0.401344495916
-0.393834395972
0.855092326352
-0.315753426789
-0.411238236166
0.904988128825
-0.268034882679
-0.330384304036
0.876424637936
-0.22747646032
-0.424422329783
0.922580883412
-0.17996672028
-0.341257224327
0.890747797175
-0.137264504997
-0.433274529019
0.956364608308
-0.132384645006
-0.260463129332
0.933196754156
-0.0903677069861
-0.347818193267
0.897939965933
-0.0458849358785
-0.437719533765
0.96330108987
-0.044253690694
-0.2647501107
0.936745439694
-4.99600361081e-16
-0.350011401545
0.872321276152
-0.368778681949
-0.321026283835
0.910512988126
-0.332389614508
-0.245933410949
0.938964966696
-0.230391743675
-0.255469050502
0.941182587541
-0.292486829008
-0.169194538231
0.965390113099
-0.189448677812
-0.179251577416
0.964069187586
-0.249409752684
-0.0914624338934
0.978437571908
-0.0908389922744
-0.185494461806
0.826932321382
0.401344495913
-0.393834395975
0.872321276152
0.368778681949
-0.321026283835
0.904988128825
0.268034882679
-0.330384304037
0.910512988126
0.332389614508
-0.245933410949
0.938964966696
0.230391743675
-0.255469050502
0.941182587541
0.292486829008
-0.169194538231
0.956364608308
0.132384645006
-0.260463129333
0.965390113099
0.189448677812
-0.179251577416
0.964069187586
0.249409752684
-0.0914624338934
0.978437571908
0.0908389922744
-0.185494461806
0.855092326352
0.315753426789
-0.411238236166
0.876424637936
0.22747646032
-0.424422329783
0.922580883412
0.17996672028
-0.341257224327
0.890747797175
0.137264504997
-0.433274529019
0.933196754156
0.0903677069861
-0.347818193267
0.897939965933
0.0458849358785
-0.437719533765
0.96330108987
0.044253690694
-0.2647501107
