0.0
0.0
1.0
0.0850623699974
0.0
0.996375628571
0.126858462029
0.0921680677035
0.987629473997
0.169508146252
0.0
0.985528786162
0.210408784332
0.0921680677035
0.973259056352
0.252725200846
0.0
0.967538098918
0.248569710299
0.180596465736
0.951629137682
0.292433909158
0.0921680677035
0.951833733417
0.334110317091
0.0
0.942533976053
0.328616633598
0.180596465736
0.92703615069
0.372339252849
0.0921680677035
0.923508813214
0.360851067095
0.262173646521
0.895014796775
0.413073550689
0.0
0.910697667572
0.406281496596
0.180596465736
0.895723317821
0.449545606431
0.0921680677035
0.888489614478
0.43567528953
0.262173646521
0.86107608326
0.489042521286
0.0
0.872259945414
0.48100133043
0.180596465736
0.857917616492
0.460818727194
0.334804403008
0.82191977248
0.52349331903
0.0921680677035
0.847029983074
0.507341413358
0.262173646521
0.820895650714
0.026285717911
0.0808991212776
0.996375628571
0.0523808978769
0.161211827058
0.985528786162
0.152676931508
0.171629146166
0.973259056352
0.0780963819683
0.240355949097
0.967538098918
0.178024089045
0.249639675631
0.951833733417
0.103245765977
0.317757794231
0.942533976053
0.273305569974
0.256725613709
0.92703615069
0.202716198187
0.325634173435
0.923508813214
0.12764674709
0.392856292092
0.910697667572
0.297305332507
0.330589287751
0.895723317821
0.226574273517
0.399061779109
0.888489614478
0.383973023419
0.333335710844
0.86107608326
0.151122450049
0.465107076615
0.872259945414
0.320395030978
0.401652072616
0.857917616492
0.249425373406
0.469390233041
0.847029983074
0.406119073602
0.401494244909
0.820895650714
0.894427191
-1.66533453694e-16
0.4472135955
0.879430124226
0.0808991212776
0.469103388156
0.826629827251
0.0921680677009
0.555146985937
0.858058294182
0.161211827058
0.487592771278
0.802230164399
0.171629146166
0.571813080923
0.830466620225
0.240355949097
0.502547719551
0.739999222602
0.180596465697
0.647908996021
0.771731179532
0.249639675631
0.584902572134
0.7968551064
0.317757794231
0.513859828757
0.706940373599
0.256725613709
0.659035103345
0.735353953809
0.325634173435
0.594320576548
0.639148067427
0.26217364652
0.723017791603
0.757467395937
0.392856292092
0.521447099768
0.66820030436
0.330589287751
0.666497618959
0.693362174602
0.399061779109
0.59999882607
0.59845190601
0.333335710844
0.72852084395
0.712588998551
0.465107076615
0.525254534894
0.624059830044
0.401652072616
0.670242449483
0.529062993464
0.334804403008
0.779742496388
0.646060230404
0.469390233041
0.601896160326
0.552609419866
0.401494244909
0.7303596377
0.853144406315
2.48897077552e-17
0.521674823978
0.805677396305
3.01655168352e-17
0.592354567032
0.776411694923
0.0921680677035
0.623450019876
0.752370238257
6.0917143732e-17
0.658740483488
0.720565552519
0.0921680677035
0.687233826161
0.693609340423
6.50811666693e-17
0.720351360711
0.682204513965
0.180596465736
0.708506822613
0.659496217654
0.0921680677035
0.746036048858
0.629820648847
9.8138552689e-17
0.776740593948
0.619464682194
0.180596465736
0.763968863291
0.593646363117
0.0921680677035
0.799430449041
0.575329949686
0.262173646521
0.774764756596
0.561466548502
1.04539719312e-16
0.827499434993
0.552234509407
0.180596465736
0.813893090758
0.27639320225
0.850650808352
0.4472135955
0.263636120207
0.811388546967
0.521674823978
0.343099706062
0.757690184513
0.555146985935
0.248968007442
0.766244737787
0.592354567032
0.327581449746
0.709929902525
0.623450019876
0.232495189683
0.71554661776
0.658740483488
0.400429781171
0.647973705685
0.647908995996
0.310324042673
0.656817064882
0.687233826161
0.214337073648
0.659661682972
0.720351360711
0.382570234013
0.593007671416
0.708506822613
0.291452580365
0.598736676013
0.746036048858
0.446849569682
0.526849822152
0.723017791602
0.194625283902
0.598995032183
0.776740593948
0.363182559771
0.533338545579
0.763968863291
0.271103856236
0.536109742758
0.799430449041
0.42712868675
0.466155185417
0.774764756596
0.17350270526
0.533986419634
0.827499434993
0.342407293845
0.469398851658
0.813893090758
0.48190736524
0.399708557144
0.779742496388
0.348698490205
0.811388546967
0.469103388156
0.418476153694
0.766244737787
0.487592771278
0.411131772046
0.709929902525
0.571813080923
0.485220390529
0.71554661776
0.502547719551
0.475899489799
0.656817064882
0.584902572134
0.548447390739
0.659661682972
0.513859828757
0.46261715727
0.593007671416
0.659035103345
0.536933371182
0.598736676013
0.594320576548
0.607698834591
0.598995032183
0.521447099768
0.520894346026
0.533338545579
0.666497618959
0.593791000634
0.536109742758
0.59999882607
0.501952909185
0.466155185417
0.72852084395
0.662545226546
0.533986419634
0.525254534894
0.574838913935
0.469398851658
0.670242449483
0.72360679775
0.525731112119
-0.4472135955
0.775270693362
0.501465700108
-0.384041018159
0.771388229966
0.560446354675
-0.301430061876
0.821314851846
0.473565291653
-0.318084625026
0.814311229788
0.530928877094
-0.23454583456
0.861405509658
0.442232130311
-0.249822518705
0.799769066831
0.581066239666
-0.150769575381
0.851155876339
0.498103338191
-0.165610200945
0.89525206095
0.407693341153
-0.179749511666
0.833059088646
0.547095362261
-0.0818487594073
0.881655090289
0.462207683791
-0.0951228616673
0.809016294189
0.587784743578
-0.00131565741266
0.922609159015
0.370199288982
-0.108373549079
0.859966361517
0.510217814414
-0.0116464120228
0.905587792473
0.423502110428
-0.0235947576076
0.832210574822
0.55027339514
0.0680055126755
0.943278500797
0.330021756865
-0.0362120136079
0.880295843032
0.470700910341
0.0593285912882
0.800831134434
0.581837876917
0.141894958001
0.922780500199
0.38226718571
0.0484556207356
0.848872817339
0.510310736162
0.137832842754
0.716494041276
0.582364821386
-0.384041018159
0.704187603471
0.634777118711
-0.318084625026
0.756579376964
0.610389955556
-0.23454583456
0.68677669078
0.682588079408
-0.249822518705
0.736746056226
0.655574946119
-0.165610200945
0.664387509836
0.725451135384
-0.179749511666
0.777748025023
0.623224510234
-0.0818487594073
0.712032035627
0.695673789522
-0.0951228616673
0.637182355415
0.763055581074
-0.108373549079
0.750990197428
0.660210636429
-0.0116464120228
0.68261645956
0.730395821833
-0.0235947576076
0.780508308711
0.621435459464
0.0680055126755
0.60535842956
0.79512883348
-0.0362120136079
0.71968954358
0.69175651722
0.0593285912882
0.648712554575
0.759489351048
0.0484556207356
0.747650477583
0.64963133455
0.137832842754
0.905032668548
0.149131066219
0.398341303344
0.880633005695
0.228592144684
0.415007398331
0.893623752167
0.29221121977
0.340659936893
0.850134020828
0.306602674149
0.428096889542
0.860564903163
0.368340367783
0.351786044217
0.813756795106
0.382597171953
0.437514893955
0.862166291769
0.424205871025
0.27698134292
0.821824833924
0.442204041824
0.359248559831
0.771765015899
0.456024777627
0.443193143477
0.821470130351
0.495367935349
0.282484395267
0.777684359609
0.513266826689
0.362993390354
0.813864629523
0.54172490365
0.210139224271
0.7244630717
0.52635323156
0.445090477734
0.775627644207
0.563526469413
0.284323189017
0.921961309225
0.0499984066095
0.384041018159
0.942812367308
0.0996343885104
0.318084625026
0.922408166845
0.198240713494
0.331457076031
0.956829220648
0.14854814594
0.249822518705
0.932921744391
0.246453872184
0.262521442416
0.963910264945
0.196385117025
0.179749511666
0.900588364791
0.339261620791
0.27173912096
0.936497190514
0.293421054785
0.192034103139
0.964004171281
0.242798541207
0.108373549079
0.900680727052
0.384911881883
0.201536773576
0.933108588098
0.338801810804
0.120505999079
0.858882241569
0.468186445487
0.207660172832
0.957110259194
0.287451981756
0.0362120136079
0.893900169653
0.428831098265
0.130561770265
0.332453023117
0.861386953576
0.384041018159
0.421502547356
0.81465318303
0.398341303347
0.386102978445
0.865879126298
0.318084625026
0.473577921669
0.816002548315
0.331457076031
0.436954172074
0.8640947637
0.249822518705
0.554054310702
0.759588459734
0.340659936934
0.522680234545
0.811102869362
0.262521442416
0.48463799817
0.856046799997
0.179749511666
0.600954084839
0.751672826471
0.27173912096
0.568453553225
0.799989663095
0.192034103139
0.669867794023
0.688882046656
0.27698134292
0.528808806336
0.84179357339
0.108373549079
0.644398604629
0.737653961725
0.201536773576
0.610566081217
0.782743485858
0.120505999079
0.710680978633
0.672167984383
0.207660172832
0.569146415953
0.82143840139
0.0362120136079
0.684072954092
0.717633484186
0.130561770265
0.766709001299
0.606629057786
0.210139224271
0.489534613343
0.766892901043
0.415007398331
0.554302331095
0.7137800634
0.428096889542
0.616241686834
0.704622425489
0.351786044217
0.615336212478
0.655699674531
0.437514893955
0.674518875591
0.644953299652
0.359248559831
0.672193841931
0.593072741276
0.443193143477
0.724971133527
0.628187409921
0.282484395267
0.728463443499
0.581013605731
0.362993390354
0.0
0.0
-1.0
0.0688169029097
0.0499984066095
-0.996375628571
0.0484556207335
0.14913106622
-0.987629473997
0.137134971003
0.0996343885104
-0.985528786162
0.116049251362
0.198240713494
-0.973259056352
0.204458982391
0.14854814594
-0.967538098918
0.0949451807431
0.292211219785
-0.951629137682
0.182408971312
0.246453872184
-0.951833733417
0.270300924522
0.196385117025
-0.942533976053
0.159704502039
0.339261620791
-0.92703615069
0.247053752299
0.293421054785
-0.923508813214
0.137832842753
0.424205871025
-0.895014796775
0.334183522434
0.242798541207
-0.910697667572
0.22253669607
0.384911881883
-0.895723317821
0.30951500442
0.338801810804
-0.888489614478
0.198366910294
0.468186445487
-0.86107608326
0.395643710692
0.287451981756
-0.872259945414
0.282986311459
0.428831098265
-0.857917616492
0.176017091136
0.54172490365
-0.82191977248
0.369339960609
0.38226718571
-0.847029983074
0.256346022392
0.510310736162
-0.820895650714
-0.026285717911
0.0808991212776
-0.996375628571
-0.0523808978769
0.161211827058
-0.985528786162
0.0226371512594
0.228592144684
-0.973259056352
-0.0780963819683
0.240355949097
-0.967538098918
-0.00271000627745
0.306602674149
-0.951833733417
-0.103245765977
0.317757794231
-0.942533976053
0.0702093211425
0.368340367783
-0.92703615069
-0.0274021154193
0.382597171953
-0.923508813214
-0.12764674709
0.392856292092
-0.910697667572
0.0462095586104
0.442204041824
-0.895723317821
-0.0512601907499
0.456024777627
-0.888489614478
0.11471088643
0.495367935349
-0.86107608326
-0.151122450049
0.465107076615
-0.872259945414
0.0231198601386
0.513266826689
-0.857917616492
-0.0741112906383
0.52635323156
-0.847029983074
0.0925648362466
0.563526469413
-0.820895650714
0.663922605454
0.582364821386
-0.469103388156
0.614582547377
0.560446354672
-0.555146985937
0.599425807717
0.634777118711
-0.487592771278
0.548136755419
0.610389955556
-0.571813080923
0.530583926843
0.682588079408
-0.502547719551
0.492520007757
0.581066239627
-0.647908996021
0.477609119607
0.655574946119
-0.584902572134
0.457895977882
0.725451135384
-0.513859828757
0.421027246627
0.623224510234
-0.659035103345
0.403510880725
0.695673789522
-0.594320576548
0.362979845506
0.587784743577
-0.723017791603
0.381888861236
0.763055581074
-0.521447099768
0.346269893968
0.660210636429
-0.666497618959
0.326379153997
0.730395821833
-0.59999882607
0.288227947381
0.621435459464
-0.72852084395
0.303113529462
0.79512883348
-0.525254534894
0.268789843177
0.69175651722
-0.670242449483
0.231227862317
0.581837876917
-0.779742496388
0.246773049235
0.759489351048
-0.601896160326
0.211078015885
0.64963133455
-0.7303596377
0.690208323365
0.501465700108
-0.521674823978
0.651806705594
0.473565291653
-0.592354567032
0.573955224895
0.530928877094
-0.623450019876
0.608680308811
0.442232130311
-0.658740483488
0.52877474662
0.498103338191
-0.687233826161
0.561141743859
0.407693341153
-0.720351360711
0.445763106261
0.547095362261
-0.708506822613
0.47936861688
0.462207683791
-0.746036048858
0.509535608325
0.370199288982
-0.776740593948
0.395005516134
0.510217814414
-0.763968863291
0.426094965482
0.423502110428
-0.799430449041
0.311349903705
0.55027339514
-0.774764756596
0.454235979511
0.330021756865
-0.827499434993
0.340615163814
0.470700910341
-0.813893090758
-0.27639320225
0.850650808352
-0.4472135955
-0.263636120207
0.811388546967
-0.521674823978
-0.167785623294
0.814653183031
-0.555146985935
-0.248968007442
0.766244737787
-0.592354567032
-0.152267366979
0.766892901043
-0.623450019876
-0.232495189683
0.71554661776
-0.658740483488
-0.0569148900538
0.759588459758
-0.647908995996
-0.135009959906
0.7137800634
-0.687233826161
-0.214337073648
0.659661682972
-0.720351360711
-0.039055342896
0.704622425489
-0.708506822613
-0.116138497597
0.655699674531
-0.746036048858
0.0518343401675
0.688882046657
-0.723017791602
-0.194625283902
0.598995032183
-0.776740593948
-0.0196676686545
0.644953299652
-0.763968863291
-0.0957897734683
0.593072741276
-0.799430449041
0.0715552230985
0.628187409921
-0.774764756596
-0.17350270526
0.533986419634
-0.827499434993
0.00110759727151
0.581013605731
-0.813893090758
0.15492845309
0.606629057786
-0.779742496388
-0.194819217298
0.861386953576
-0.469103388156
-0.111833036439
0.865879126298
-0.487592771278
-0.0846737363525
0.816002548315
-0.571813080923
-0.0280362072919
0.8640947637
-0.502547719551
-0.00105660932973
0.811102869362
-0.584902572134
0.0559638508746
0.856046799997
-0.513859828757
0.0257039783664
0.751672826471
-0.659035103345
0.0824596339659
0.799989663095
-0.594320576548
0.139558238532
0.84179357339
-0.521447099768
0.107923846639
0.737653961725
-0.666497618959
0.165269610217
0.782743485858
-0.59999882607
0.132089290639
0.672167984383
-0.72852084395
0.222141005432
0.82143840139
-0.525254534894
0.189148727954
0.717633484186
-0.670242449483
0.294644085324
0.906821250733
0.301430061876
0.346719459637
0.908170616019
0.23454583456
0.305484600361
0.94018492547
0.150769575381
0.395821772514
0.903270937066
0.165610200945
0.352384374499
0.932269292207
0.0818487594073
0.441595091193
0.892157730798
0.0951228616673
0.309016726927
0.951055693177
0.00131565741266
0.395828894289
0.918250427462
0.0116464120228
0.483707619185
0.874911553562
0.0235947576076
0.349829911537
0.934341630904
-0.0680055126755
0.435503243752
0.898229949922
-0.0593285912882
0.305890274105
0.941433460794
-0.141894958001
0.521854092543
0.851657418752
-0.0484556207356
0.386799410487
0.911804981071
-0.137832842754
0.237350402296
0.892287668244
0.384041018159
0.196587109565
0.927456564845
0.318084625026
0.253307359534
0.938522047209
0.23454583456
0.154398807715
0.955902566857
0.249822518705
0.210702794924
0.963419739031
0.165610200945
0.111091307671
0.977419477203
0.179749511666
0.262889193603
0.961348039198
0.0818487594073
0.167139223474
0.981333847966
0.0951228616673
0.0669785368122
0.991851324275
0.108373549079
0.219501756829
0.975542587402
0.0116464120228
0.122932424015
0.992134520385
0.0235947576076
0.266173887674
0.961523120765
-0.0680055126755
0.0223802552107
0.999093496249
0.0362120136079
0.175636792431
0.982665678347
-0.0593285912882
0.0784028412962
0.995743464601
-0.0484556207356
0.223018224342
0.965020714322
-0.137832842754
0.644529767937
0.652614422376
-0.398341303344
0.57808397598
0.702558023259
-0.415007398331
0.551199356544
0.761662705363
-0.340659936893
0.507556340168
0.747743013822
-0.428096889542
0.479706595415
0.80382097597
-0.351786044217
0.433458101286
0.787841857226
-0.437514893955
0.448165227094
0.849958390098
-0.27698134292
0.404949242756
0.840807102165
-0.359248559831
0.356326374557
0.822563889537
-0.443193143477
0.373413328969
0.883609105985
-0.282484395267
0.327469191964
0.872352982957
-0.362993390354
0.340012407239
0.916642279925
-0.210139224271
0.276720269795
0.851657418752
-0.445090477734
0.296263397473
0.911804981071
-0.284323189017
0.629720914932
0.702558023259
-0.331457076031
0.609887594194
0.747743013822
-0.262521442416
0.529178314683
0.80382097597
-0.27173912096
0.585173573596
0.787841857226
-0.192034103139
0.502420487088
0.840807102165
-0.201536773576
0.555757997528
0.822563889537
-0.120505999079
0.419657241616
0.883609105985
-0.207660172832
0.47111983324
0.872352982957
-0.130561770265
-0.237350402296
0.892287668244
-0.384041018159
-0.137838402735
0.906821250732
-0.398341303347
-0.196587109565
0.927456564845
-0.318084625026
-0.0965016769419
0.938522047209
-0.331457076031
-0.154398807715
0.955902566857
-0.249822518705
0.00176445872125
0.940184925455
-0.340659936934
-0.053897112332
0.963419739031
-0.262521442416
-0.111091307671
0.977419477203
-0.179749511666
0.0443598655257
0.961348039198
-0.27173912096
-0.0103335408819
0.981333847966
-0.192034103139
0.137019721755
0.951055693177
-0.27698134292
-0.0669785368122
0.991851324275
-0.108373549079
0.0877473022993
0.975542587402
-0.201536773576
0.0338732585778
0.992134520385
-0.120505999079
0.17986256101
0.961523120765
-0.207660172832
-0.0223802552107
0.999093496249
-0.0362120136079
0.131612266697
0.982665678347
-0.130561770265
0.263712998013
0.941433460794
-0.210139224271
-0.0547265157919
0.908170616019
-0.415007398331
0.0288906112309
0.903270937066
-0.428096889542
0.0843833271542
0.932269292207
-0.351786044217
0.112406854526
0.892157730798
-0.437514893955
0.166603195427
0.918250427462
-0.359248559831
0.195216830777
0.874911553562
-0.443193143477
0.217274672227
0.934341630904
-0.282484395267
0.247828076742
0.898229949922
-0.362993390354
-0.0484556207365
0.149131066219
0.987629473997
-0.0226371512594
0.228592144684
0.973259056352
-0.0949451807891
0.29221121977
0.951629137682
0.00271000627745
0.306602674149
0.951833733417
-0.0702093211425
0.368340367783
0.92703615069
0.0274021154193
0.382597171953
0.923508813214
-0.137832842754
0.424205871025
0.895014796775
-0.0462095586104
0.442204041824
0.895723317821
0.0512601907499
0.456024777627
0.888489614478
-0.11471088643
0.495367935349
0.86107608326
-0.0231198601386
0.513266826689
0.857917616492
-0.176017091136
0.54172490365
0.82191977248
0.0741112906383
0.52635323156
0.847029983074
-0.0925648362466
0.563526469413
0.820895650714
-0.0688169029097
0.0499984066095
0.996375628571
-0.137134971003
0.0996343885104
0.985528786162
-0.116049251362
0.198240713494
0.973259056352
-0.204458982391
0.14854814594
0.967538098918
-0.182408971312
0.246453872184
0.951833733417
-0.270300924522
0.196385117025
0.942533976053
-0.159704502039
0.339261620791
0.92703615069
-0.247053752299
0.293421054785
0.923508813214
-0.334183522434
0.242798541207
0.910697667572
-0.22253669607
0.384911881883
0.895723317821
-0.30951500442
0.338801810804
0.888489614478
-0.198366910294
0.468186445487
0.86107608326
-0.395643710692
0.287451981756
0.872259945414
-0.282986311459
0.428831098265
0.857917616492
-0.369339960609
0.38226718571
0.847029983074
-0.256346022392
0.510310736162
0.820895650714
0.194819217298
0.861386953576
0.469103388156
0.167785623297
0.81465318303
0.555146985937
0.111833036439
0.865879126298
0.487592771278
0.0846737363525
0.816002548315
0.571813080923
0.0280362072919
0.8640947637
0.502547719551
0.0569148900871
0.759588459734
0.647908996021
0.00105660932973
0.811102869362
0.584902572134
-0.0559638508746
0.856046799997
0.513859828757
-0.0257039783664
0.751672826471
0.659035103345
-0.0824596339659
0.799989663095
0.594320576548
-0.0518343401671
0.688882046656
0.723017791603
-0.139558238532
0.84179357339
0.521447099768
-0.107923846639
0.737653961725
0.666497618959
-0.165269610217
0.782743485858
0.59999882607
-0.132089290639
0.672167984383
0.72852084395
-0.222141005432
0.82143840139
0.525254534894
-0.189148727954
0.717633484186
0.670242449483
-0.15492845309
0.606629057786
0.779742496388
-0.246773049235
0.759489351048
0.601896160326
-0.211078015885
0.64963133455
0.7303596377
0.152267366979
0.766892901043
0.623450019876
0.135009959906
0.7137800634
0.687233826161
0.039055342896
0.704622425489
0.708506822613
0.116138497597
0.655699674531
0.746036048858
0.0196676686545
0.644953299652
0.763968863291
0.0957897734683
0.593072741276
0.799430449041
-0.0715552230985
0.628187409921
0.774764756596
-0.00110759727151
0.581013605731
0.813893090758
-0.72360679775
0.525731112119
0.4472135955
-0.690208323365
0.501465700108
0.521674823978
-0.614582547376
0.560446354675
0.555146985935
-0.651806705594
0.473565291653
0.592354567032
-0.573955224895
0.530928877094
0.623450019876
-0.608680308811
0.442232130311
0.658740483488
-0.492520007744
0.581066239666
0.647908995996
-0.52877474662
0.498103338191
0.687233826161
-0.561141743859
0.407693341153
0.720351360711
-0.445763106261
0.547095362261
0.708506822613
-0.47936861688
0.462207683791
0.746036048858
-0.362979845506
0.587784743578
0.723017791602
-0.509535608325
0.370199288982
0.776740593948
-0.395005516134
0.510217814414
0.763968863291
-0.426094965482
0.423502110428
0.799430449041
-0.311349903705
0.55027339514
0.774764756596
-0.454235979511
0.330021756865
0.827499434993
-0.340615163814
0.470700910341
0.813893090758
-0.231227862317
0.581837876917
0.779742496388
-0.663922605454
0.582364821386
0.469103388156
-0.599425807717
0.634777118711
0.487592771278
-0.548136755419
0.610389955556
0.571813080923
-0.530583926843
0.682588079408
0.502547719551
-0.477609119607
0.655574946119
0.584902572134
-0.457895977882
0.725451135384
0.513859828757
-0.421027246627
0.623224510234
0.659035103345
-0.403510880725
0.695673789522
0.594320576548
-0.381888861236
0.763055581074
0.521447099768
-0.346269893968
0.660210636429
0.666497618959
-0.326379153997
0.730395821833
0.59999882607
-0.288227947381
0.621435459464
0.72852084395
-0.303113529462
0.79512883348
0.525254534894
-0.268789843176
0.69175651722
0.670242449483
-0.294644085327
0.906821250732
-0.301430061876
-0.253307359534
0.938522047209
-0.23454583456
-0.305484600407
0.940184925455
-0.150769575381
-0.210702794924
0.963419739031
-0.165610200945
-0.262889193603
0.961348039198
-0.0818487594073
-0.167139223474
0.981333847966
-0.0951228616673
-0.309016726928
0.951055693177
-0.00131565741266
-0.219501756829
0.975542587402
-0.0116464120228
-0.122932424015
0.992134520385
-0.0235947576076
-0.266173887674
0.961523120765
0.0680055126755
-0.175636792431
0.982665678347
0.0593285912882
-0.305890274105
0.941433460794
0.141894958001
-0.0784028412962
0.995743464601
0.0484556207356
-0.223018224342
0.965020714322
0.137832842754
-0.332453023117
0.861386953576
-0.384041018159
-0.386102978445
0.865879126298
-0.318084625026
-0.346719459637
0.908170616019
-0.23454583456
-0.436954172074
0.8640947637
-0.249822518705
-0.395821772514
0.903270937066
-0.165610200945
-0.48463799817
0.856046799997
-0.179749511666
-0.352384374499
0.932269292207
-0.0818487594073
-0.441595091193
0.892157730798
-0.0951228616673
-0.528808806336
0.84179357339
-0.108373549079
-0.395828894289
0.918250427462
-0.0116464120228
-0.483707619185
0.874911553562
-0.0235947576076
-0.349829911537
0.934341630904
0.0680055126755
-0.569146415953
0.82143840139
-0.0362120136079
-0.435503243752
0.898229949922
0.0593285912882
-0.521854092543
0.851657418752
0.0484556207356
-0.386799410487
0.911804981071
0.137832842754
0.137838402736
0.906821250733
0.398341303344
0.0547265157919
0.908170616019
0.415007398331
-0.00176445870068
0.94018492547
0.340659936893
-0.0288906112309
0.903270937066
0.428096889542
-0.0843833271542
0.932269292207
0.351786044217
-0.112406854526
0.892157730798
0.437514893955
-0.137019721755
0.951055693177
0.27698134292
-0.166603195427
0.918250427462
0.359248559831
-0.195216830777
0.874911553562
0.443193143477
-0.217274672227
0.934341630904
0.282484395267
-0.247828076742
0.898229949922
0.362993390354
-0.263712998013
0.941433460794
0.210139224271
-0.276720269795
0.851657418752
0.445090477734
-0.296263397473
0.911804981071
0.284323189017
0.0965016769419
0.938522047209
0.331457076031
0.053897112332
0.963419739031
0.262521442416
-0.0443598655257
0.961348039198
0.27173912096
0.0103335408819
0.981333847966
0.192034103139
-0.0877473022993
0.975542587402
0.201536773576
-0.0338732585778
0.992134520385
0.120505999079
-0.17986256101
0.961523120765
0.207660172832
-0.131612266697
0.982665678347
0.130561770265
-0.716494041276
0.582364821386
0.384041018159
-0.644529767936
0.652614422376
0.398341303347
-0.704187603471
0.634777118711
0.318084625026
-0.629720914932
0.702558023259
0.331457076031
-0.68677669078
0.682588079408
0.249822518705
-0.551199356519
0.761662705363
0.340659936934
-0.609887594194
0.747743013822
0.262521442416
-0.664387509836
0.725451135384
0.179749511666
-0.529178314683
0.80382097597
0.27173912096
-0.585173573596
0.787841857226
0.192034103139
-0.448165227094
0.849958390098
0.27698134292
-0.637182355415
0.763055581074
0.108373549079
-0.502420487088
0.840807102165
0.201536773576
-0.555757997528
0.822563889537
0.120505999079
-0.419657241616
0.883609105985
0.207660172832
-0.60535842956
0.79512883348
0.0362120136079
-0.47111983324
0.872352982957
0.130561770265
-0.340012407239
0.916642279925
0.210139224271
-0.57808397598
0.702558023259
0.415007398331
-0.507556340168
0.747743013822
0.428096889542
-0.479706595415
0.80382097597
0.351786044217
-0.433458101286
0.787841857226
0.437514893955
-0.404949242756
0.840807102165
0.359248559831
-0.356326374557
0.822563889537
0.443193143477
-0.373413328969
0.883609105985
0.282484395267
-0.327469191964
0.872352982957
0.362993390354
-0.126858462031
0.0921680677009
-0.987629473997
-0.152676931508
0.171629146166
-0.973259056352
-0.248569710328
0.180596465697
-0.951629137682
-0.178024089045
0.249639675631
-0.951833733417
-0.273305569974
0.256725613709
-0.92703615069
-0.202716198187
0.325634173435
-0.923508813214
-0.360851067095
0.26217364652
-0.895014796775
-0.297305332507
0.330589287751
-0.895723317821
-0.226574273517
0.399061779109
-0.888489614478
-0.383973023419
0.333335710844
-0.86107608326
-0.320395030978
0.401652072616
-0.857917616492
-0.460818727194
0.334804403008
-0.82191977248
-0.249425373406
0.469390233041
-0.847029983074
-0.406119073602
0.401494244909
-0.820895650714
-0.0850623699974
1.94289029309e-16
-0.996375628571
-0.169508146252
1.94289029309e-16
-0.985528786162
-0.210408784332
0.0921680677035
-0.973259056352
-0.252725200846
2.08166817117e-16
-0.967538098918
-0.292433909158
0.0921680677035
-0.951833733417
-0.334110317091
2.22044604925e-16
-0.942533976053
-0.328616633598
0.180596465736
-0.92703615069
-0.372339252849
0.0921680677035
-0.923508813214
-0.413073550689
2.35922392733e-16
-0.910697667572
-0.406281496596
0.180596465736
-0.895723317821
-0.449545606431
0.0921680677035
-0.888489614478
-0.43567528953
0.262173646521
-0.86107608326
-0.489042521286
2.49800180541e-16
-0.872259945414
-0.48100133043
0.180596465736
-0.857917616492
-0.52349331903
0.0921680677035
-0.847029983074
-0.507341413358
0.262173646521
-0.820895650714
-0.348698490205
0.811388546967
-0.469103388156
-0.343099706059
0.757690184513
-0.555146985937
-0.418476153694
0.766244737787
-0.487592771278
-0.411131772046
0.709929902525
-0.571813080923
-0.485220390529
0.71554661776
-0.502547719551
-0.40042978113
0.647973705685
-0.647908996021
-0.475899489799
0.656817064882
-0.584902572134
-0.548447390739
0.659661682972
-0.513859828757
-0.46261715727
0.593007671416
-0.659035103345
-0.536933371182
0.598736676013
-0.594320576548
-0.446849569681
0.526849822152
-0.723017791603
-0.607698834591
0.598995032183
-0.521447099768
-0.520894346026
0.533338545579
-0.666497618959
-0.593791000634
0.536109742758
-0.59999882607
-0.501952909185
0.466155185417
-0.72852084395
-0.662545226546
0.533986419634
-0.525254534894
-0.574838913935
0.469398851658
-0.670242449483
-0.48190736524
0.399708557144
-0.779742496388
-0.646060230404
0.469390233041
-0.601896160326
-0.552609419866
0.401494244909
-0.7303596377
-0.327581449746
0.709929902525
-0.623450019876
-0.310324042673
0.656817064882
-0.687233826161
-0.382570234013
0.593007671416
-0.708506822613
-0.291452580365
0.598736676013
-0.746036048858
-0.363182559771
0.533338545579
-0.763968863291
-0.271103856236
0.536109742758
-0.799430449041
-0.42712868675
0.466155185417
-0.774764756596
-0.342407293845
0.469398851658
-0.813893090758
-0.894427191
2.22044604925e-16
-0.4472135955
-0.853144406315
2.22044604925e-16
-0.521674823978
-0.826629827252
0.0921680677035
-0.555146985935
-0.805677396305
1.94289029309e-16
-0.592354567032
-0.776411694923
0.0921680677035
-0.623450019876
-0.752370238257
1.66533453694e-16
-0.658740483488
-0.739999222615
0.180596465736
-0.647908995996
-0.720565552519
0.0921680677035
-0.687233826161
-0.693609340423
1.38777878078e-16
-0.720351360711
-0.682204513965
0.180596465736
-0.708506822613
-0.659496217654
0.0921680677035
-0.746036048858
-0.639148067428
0.262173646521
-0.723017791602
-0.629820648847
1.11022302463e-16
-0.776740593948
-0.619464682194
0.180596465736
-0.763968863291
-0.593646363117
0.0921680677035
-0.799430449041
-0.575329949686
0.262173646521
-0.774764756596
-0.561466548502
0.0
-0.827499434993
-0.552234509407
0.180596465736
-0.813893090758
-0.529062993464
0.334804403008
-0.779742496388
-0.879430124226
0.0808991212776
-0.469103388156
-0.858058294182
0.161211827058
-0.487592771278
-0.802230164399
0.171629146166
-0.571813080923
-0.830466620225
0.240355949097
-0.502547719551
-0.771731179532
0.249639675631
-0.584902572134
-0.7968551064
0.317757794231
-0.513859828757
-0.706940373599
0.256725613709
-0.659035103345
-0.735353953809
0.325634173435
-0.594320576548
-0.757467395937
0.392856292092
-0.521447099768
-0.66820030436
0.330589287751
-0.666497618959
-0.693362174602
0.399061779109
-0.59999882607
-0.59845190601
0.333335710844
-0.72852084395
-0.712588998551
0.465107076615
-0.525254534894
-0.624059830044
0.401652072616
-0.670242449483
-0.771388229967
0.560446354672
0.301430061876
-0.756579376964
0.610389955556
0.23454583456
-0.79976906686
0.581066239627
0.150769575381
-0.736746056226
0.655574946119
0.165610200945
-0.777748025023
0.623224510234
0.0818487594073
-0.712032035627
0.695673789522
0.0951228616673
-0.809016294189
0.587784743577
0.00131565741266
-0.750990197428
0.660210636429
0.0116464120228
-0.68261645956
0.730395821833
0.0235947576076
-0.780508308711
0.621435459464
-0.0680055126755
-0.71968954358
0.69175651722
-0.0593285912882
-0.800831134434
0.581837876917
-0.141894958001
-0.648712554575
0.759489351048
-0.0484556207356
-0.747650477583
0.64963133455
-0.137832842754
-0.775270693362
0.501465700108
0.384041018159
-0.821314851846
0.473565291653
0.318084625026
-0.814311229788
0.530928877094
0.23454583456
-0.861405509658
0.442232130311
0.249822518705
-0.851155876339
0.498103338191
0.165610200945
-0.89525206095
0.407693341153
0.179749511666
-0.833059088646
0.547095362261
0.0818487594073
-0.881655090289
0.462207683791
0.0951228616673
-0.922609159015
0.370199288982
0.108373549079
-0.859966361517
0.510217814414
0.0116464120228
-0.905587792473
0.423502110428
0.0235947576076
-0.832210574822
0.55027339514
-0.0680055126755
-0.943278500797
0.330021756865
0.0362120136079
-0.880295843032
0.470700910341
-0.0593285912882
-0.922780500199
0.38226718571
-0.0484556207356
-0.848872817339
0.510310736162
-0.137832842754
-0.421502547355
0.814653183031
-0.398341303344
-0.489534613343
0.766892901043
-0.415007398331
-0.554054310694
0.759588459758
-0.340659936893
-0.554302331095
0.7137800634
-0.428096889542
-0.616241686834
0.704622425489
-0.351786044217
-0.615336212478
0.655699674531
-0.437514893955
-0.669867794023
0.688882046657
-0.27698134292
-0.674518875591
0.644953299652
-0.359248559831
-0.672193841931
0.593072741276
-0.443193143477
-0.724971133527
0.628187409921
-0.282484395267
-0.728463443499
0.581013605731
-0.362993390354
-0.766709001299
0.606629057786
-0.210139224271
-0.7244630717
0.52635323156
-0.445090477734
-0.775627644207
0.563526469413
-0.284323189017
-0.473577921669
0.816002548315
-0.331457076031
-0.522680234545
0.811102869362
-0.262521442416
-0.600954084839
0.751672826471
-0.27173912096
-0.568453553225
0.799989663095
-0.192034103139
-0.644398604629
0.737653961725
-0.201536773576
-0.610566081217
0.782743485858
-0.120505999079
-0.710680978633
0.672167984383
-0.207660172832
-0.684072954092
0.717633484186
-0.130561770265
-0.921961309225
0.0499984066095
-0.384041018159
-0.905032668546
0.14913106622
-0.398341303347
-0.942812367308
0.0996343885104
-0.318084625026
-0.922408166845
0.198240713494
-0.331457076031
-0.956829220648
0.14854814594
-0.249822518705
-0.893623752146
0.292211219785
-0.340659936934
-0.932921744391
0.246453872184
-0.262521442416
-0.963910264945
0.196385117025
-0.179749511666
-0.900588364791
0.339261620791
-0.27173912096
-0.936497190514
0.293421054785
-0.192034103139
-0.862166291769
0.424205871025
-0.27698134292
-0.964004171281
0.242798541207
-0.108373549079
-0.900680727052
0.384911881883
-0.201536773576
-0.933108588098
0.338801810804
-0.120505999079
-0.858882241569
0.468186445487
-0.207660172832
-0.957110259194
0.287451981756
-0.0362120136079
-0.893900169653
0.428831098265
-0.130561770265
-0.813864629523
0.54172490365
-0.210139224271
-0.880633005695
0.228592144684
-0.415007398331
-0.850134020828
0.306602674149
-0.428096889542
-0.860564903163
0.368340367783
-0.351786044217
-0.813756795106
0.382597171953
-0.437514893955
-0.821824833924
0.442204041824
-0.359248559831
-0.771765015899
0.456024777627
-0.443193143477
-0.821470130351
0.495367935349
-0.282484395267
-0.777684359609
0.513266826689
-0.362993390354
-0.15680568259
-1.58760504743e-12
0.987629473997
-0.224399313219
0.0491096472723
0.973259056352
-0.307249059095
-2.41877906593e-11
0.951629137682
-0.290759033168
0.0973228059622
0.951833733417
-0.372008380391
0.0470504009819
0.92703615069
-0.355403814156
0.144289988563
0.923508813214
-0.446036448683
-2.7658431101e-13
0.895014796775
-0.434840574422
0.0927006620734
0.895723317821
-0.417865066277
0.189670744582
0.888489614478
-0.506570516224
0.0439805744614
0.86107608326
-0.495290189811
0.136619878455
0.857917616492
-0.569603272117
-5.60662627436e-15
0.82191977248
-0.477690022466
0.233136119489
0.847029983074
-0.564549628322
0.0861048651367
0.820895650714
-0.0688169029097
-0.0499984066095
0.996375628571
-0.137134971003
-0.0996343885104
0.985528786162
-0.224399313219
-0.0491096472723
0.973259056352
-0.204458982391
-0.14854814594
0.967538098918
-0.290759033168
-0.0973228059622
0.951833733417
-0.270300924522
-0.196385117025
0.942533976053
-0.372008380391
-0.0470504009819
0.92703615069
-0.355403814156
-0.144289988563
0.923508813214
-0.334183522434
-0.242798541207
0.910697667572
-0.434840574422
-0.0927006620734
0.895723317821
-0.417865066277
-0.189670744582
0.888489614478
-0.506570516224
-0.0439805744614
0.86107608326
-0.395643710692
-0.287451981756
0.872259945414
-0.495290189811
-0.136619878455
0.857917616492
-0.477690022466
-0.233136119489
0.847029983074
-0.564549628322
-0.0861048651367
0.820895650714
-0.759025226275
0.451467293498
0.469103388156
-0.72293260923
0.411315288455
0.555146985937
-0.788941676597
0.373930903143
0.487592771278
-0.749898917378
0.3326881636
0.571813080923
-0.813139291203
0.293683984371
0.502547719551
-0.704823886063
0.28885501988
0.647908996021
-0.771078159053
0.251649466007
0.584902572134
-0.831442668382
0.211308224128
0.513859828757
-0.722826305875
0.207833741469
0.659035103345
-0.7863168103
0.168786629006
0.594320576548
-0.671183451435
0.163578872553
0.723017791603
-0.84371913076
0.127400747774
0.521447099768
-0.734900909779
0.125305932531
0.666497618959
-0.795504411024
0.0847002996245
0.59999882607
-0.680087577175
0.0820869496539
0.72852084395
-0.849879690204
0.042569775109
0.525254534894
-0.740960172849
0.0418698120763
0.670242449483
-0.624814043298
0.0401129732668
0.779742496388
-0.798574362339
4.4408920985e-16
0.601896160326
-0.683062807961
3.33066907388e-16
0.7303596377
-0.682305286752
0.381797810872
0.623450019876
-0.637124808477
0.34897227197
0.687233826161
-0.658066984613
0.254884142451
0.708506822613
-0.587718678737
0.313076617569
0.746036048858
-0.607309394486
0.218006594605
0.763968863291
-0.534445027339
0.274371044206
0.799430449041
-0.619553509634
0.126067524115
0.774764756596
-0.552919042166
0.178489690531
0.813893090758
-0.72360679775
-0.525731112119
0.4472135955
-0.690208323365
-0.501465700108
0.521674823978
-0.722932609233
-0.411315288453
0.555146985935
-0.651806705594
-0.473565291653
0.592354567032
-0.682305286752
-0.381797810872
0.623450019876
-0.608680308811
-0.442232130311
0.658740483488
-0.704823886096
-0.288855019856
0.647908995996
-0.637124808477
-0.34897227197
0.687233826161
-0.561141743859
-0.407693341153
0.720351360711
-0.658066984613
-0.254884142451
0.708506822613
-0.587718678737
-0.313076617569
0.746036048858
-0.671183451435
-0.163578872553
0.723017791602
-0.509535608325
-0.370199288982
0.776740593948
-0.607309394486
-0.218006594605
0.763968863291
-0.534445027339
-0.274371044206
0.799430449041
-0.619553509634
-0.126067524115
0.774764756596
-0.454235979511
-0.330021756865
0.827499434993
-0.552919042166
-0.178489690531
0.813893090758
-0.624814043298
-0.0401129732668
0.779742496388
-0.759025226275
-0.451467293498
0.469103388156
-0.788941676597
-0.373930903143
0.487592771278
-0.749898917378
-0.3326881636
0.571813080923
-0.813139291203
-0.293683984371
0.502547719551
-0.771078159053
-0.251649466007
0.584902572134
-0.831442668382
-0.211308224128
0.513859828757
-0.722826305875
-0.207833741469
0.659035103345
-0.7863168103
-0.168786629006
0.594320576548
-0.84371913076
-0.127400747774
0.521447099768
-0.734900909779
-0.125305932531
0.666497618959
-0.795504411024
-0.0847002996245
0.59999882607
-0.680087577175
-0.0820869496539
0.72852084395
-0.849879690204
-0.042569775109
0.525254534894
-0.740960172849
-0.0418698120763
0.670242449483
-0.953488289282
-1.58745239176e-12
-0.301430061876
-0.970863787581
0.0491096472723
-0.23454583456
-0.988568932922
-2.41876518814e-11
-0.150769575381
-0.981377365126
0.0973228059622
-0.165610200945
-0.995533545568
0.0470504009819
-0.0818487594073
-0.98495281125
0.144289988563
-0.0951228616673
-0.999999134522
-2.76445533132e-13
-0.00131565741266
-0.995625907828
0.0927006620734
-0.0116464120228
-0.981564208834
0.189670744582
-0.0235947576076
-0.996715084322
0.0439805744614
0.0680055126755
-0.98884535043
0.136619878455
0.0593285912882
-0.989881720659
-5.44009282066e-15
0.141894958001
-0.971236120935
0.233136119489
0.0484556207356
-0.986705660092
0.0861048651367
0.137832842754
-0.921961309225
-0.0499984066095
-0.384041018159
-0.942812367308
-0.0996343885104
-0.318084625026
-0.970863787581
-0.0491096472723
-0.23454583456
-0.956829220648
-0.14854814594
-0.249822518705
-0.981377365126
-0.0973228059622
-0.165610200945
-0.963910264945
-0.196385117025
-0.179749511666
-0.995533545568
-0.0470504009819
-0.0818487594073
-0.98495281125
-0.144289988563
-0.0951228616673
-0.964004171281
-0.242798541207
-0.108373549079
-0.995625907828
-0.0927006620734
-0.0116464120228
-0.981564208834
-0.189670744582
-0.0235947576076
-0.996715084322
-0.0439805744614
0.0680055126755
-0.957110259194
-0.287451981756
-0.0362120136079
-0.98884535043
-0.136619878455
0.0593285912882
-0.971236120935
-0.233136119489
0.0484556207356
-0.986705660092
-0.0861048651367
0.137832842754
-0.819843850702
0.411315288455
0.398341303344
-0.84681015885
0.3326881636
0.415007398331
-0.894714247615
0.28885501988
0.340659936893
-0.867989400524
0.251649466007
0.428096889542
-0.912716667428
0.207833741469
0.351786044217
-0.883228051771
0.168786629006
0.437514893955
-0.946849136943
0.163578872553
0.27698134292
-0.924791271332
0.125305932531
0.359248559831
-0.892415652495
0.0847002996245
0.443193143477
-0.955753262682
0.0820869496539
0.282484395267
-0.930850534402
0.0418698120763
0.362993390354
-0.97684822557
0.0401129732668
0.210139224271
-0.89548560381
5.55111512313e-16
0.445090477734
-0.958728493468
4.4408920985e-16
0.284323189017
-0.862766850524
0.381797810872
0.331457076031
-0.899611497074
0.34897227197
0.262521442416
-0.928004269423
0.254884142451
0.27173912096
-0.930110711025
0.313076617569
0.192034103139
-0.954911542294
0.218006594605
0.201536773576
-0.954043413209
0.274371044206
0.120505999079
-0.970043417576
0.126067524115
0.207660172832
-0.975241023809
0.178489690531
0.130561770265
-0.775270693362
-0.501465700108
0.384041018159
-0.819843850701
-0.411315288453
0.398341303347
-0.821314851846
-0.473565291653
0.318084625026
-0.862766850524
-0.381797810872
0.331457076031
-0.861405509658
-0.442232130311
0.249822518705
-0.894714247607
-0.288855019856
0.340659936934
-0.899611497074
-0.34897227197
0.262521442416
-0.89525206095
-0.407693341153
0.179749511666
-0.928004269423
-0.254884142451
0.27173912096
-0.930110711025
-0.313076617569
0.192034103139
-0.946849136942
-0.163578872553
0.27698134292
-0.922609159015
-0.370199288982
0.108373549079
-0.954911542294
-0.218006594605
0.201536773576
-0.954043413209
-0.274371044206
0.120505999079
-0.970043417576
-0.126067524115
0.207660172832
-0.943278500797
-0.330021756865
0.0362120136079
-0.975241023809
-0.178489690531
0.130561770265
-0.97684822557
-0.0401129732668
0.210139224271
-0.84681015885
-0.3326881636
0.415007398331
-0.867989400524
-0.251649466007
0.428096889542
-0.912716667428
-0.207833741469
0.351786044217
-0.883228051771
-0.168786629006
0.437514893955
-0.924791271332
-0.125305932531
0.359248559831
-0.892415652495
-0.0847002996245
0.443193143477
-0.955753262682
-0.0820869496539
0.282484395267
-0.930850534402
-0.0418698120763
0.362993390354
-0.126858462029
-0.0921680677035
-0.987629473997
-0.210408784332
-0.0921680677035
-0.973259056352
-0.248569710299
-0.180596465736
-0.951629137682
-0.292433909158
-0.0921680677035
-0.951833733417
-0.328616633598
-0.180596465736
-0.92703615069
-0.372339252849
-0.0921680677035
-0.923508813214
-0.360851067095
-0.262173646521
-0.895014796775
-0.406281496596
-0.180596465736
-0.895723317821
-0.449545606431
-0.0921680677035
-0.888489614478
-0.43567528953
-0.262173646521
-0.86107608326
-0.48100133043
-0.180596465736
-0.857917616492
-0.460818727194
-0.334804403008
-0.82191977248
-0.52349331903
-0.0921680677035
-0.847029983074
-0.507341413358
-0.262173646521
-0.820895650714
-0.026285717911
-0.0808991212776
-0.996375628571
-0.0523808978769
-0.161211827058
-0.985528786162
-0.152676931508
-0.171629146166
-0.973259056352
-0.0780963819683
-0.240355949097
-0.967538098918
-0.178024089045
-0.249639675631
-0.951833733417
-0.103245765977
-0.317757794231
-0.942533976053
-0.273305569974
-0.256725613709
-0.92703615069
-0.202716198187
-0.325634173435
-0.923508813214
-0.12764674709
-0.392856292092
-0.910697667572
-0.297305332507
-0.330589287751
-0.895723317821
-0.226574273517
-0.399061779109
-0.888489614478
-0.383973023419
-0.333335710844
-0.86107608326
-0.151122450049
-0.465107076615
-0.872259945414
-0.320395030978
-0.401652072616
-0.857917616492
-0.249425373406
-0.469390233041
-0.847029983074
-0.406119073602
-0.401494244909
-0.820895650714
-0.879430124226
-0.0808991212776
-0.469103388156
-0.826629827251
-0.0921680677009
-0.555146985937
-0.858058294182
-0.161211827058
-0.487592771278
-0.802230164399
-0.171629146166
-0.571813080923
-0.830466620225
-0.240355949097
-0.502547719551
-0.739999222602
-0.180596465697
-0.647908996021
-0.771731179532
-0.249639675631
-0.584902572134
-0.7968551064
-0.317757794231
-0.513859828757
-0.706940373599
-0.256725613709
-0.659035103345
-0.735353953809
-0.325634173435
-0.594320576548
-0.639148067427
-0.26217364652
-0.723017791603
-0.757467395937
-0.392856292092
-0.521447099768
-0.66820030436
-0.330589287751
-0.666497618959
-0.693362174602
-0.399061779109
-0.59999882607
-0.59845190601
-0.333335710844
-0.72852084395
-0.712588998551
-0.465107076615
-0.525254534894
-0.624059830044
-0.401652072616
-0.670242449483
-0.529062993464
-0.334804403008
-0.779742496388
-0.646060230404
-0.469390233041
-0.601896160326
-0.552609419866
-0.401494244909
-0.7303596377
-0.776411694923
-0.0921680677035
-0.623450019876
-0.720565552519
-0.0921680677035
-0.687233826161
-0.682204513965
-0.180596465736
-0.708506822613
-0.659496217654
-0.0921680677035
-0.746036048858
-0.619464682194
-0.180596465736
-0.763968863291
-0.593646363117
-0.0921680677035
-0.799430449041
-0.575329949686
-0.262173646521
-0.774764756596
-0.552234509407
-0.180596465736
-0.813893090758
-0.27639320225
-0.850650808352
-0.4472135955
-0.263636120207
-0.811388546967
-0.521674823978
-0.343099706062
-0.757690184513
-0.555146985935
-0.248968007442
-0.766244737787
-0.592354567032
-0.327581449746
-0.709929902525
-0.623450019876
-0.232495189683
-0.71554661776
-0.658740483488
-0.400429781171
-0.647973705685
-0.647908995996
-0.310324042673
-0.656817064882
-0.687233826161
-0.214337073648
-0.659661682972
-0.720351360711
-0.382570234013
-0.593007671416
-0.708506822613
-0.291452580365
-0.598736676013
-0.746036048858
-0.446849569682
-0.526849822152
-0.723017791602
-0.194625283902
-0.598995032183
-0.776740593948
-0.363182559771
-0.533338545579
-0.763968863291
-0.271103856236
-0.536109742758
-0.799430449041
-0.42712868675
-0.466155185417
-0.774764756596
-0.17350270526
-0.533986419634
-0.827499434993
-0.342407293845
-0.469398851658
-0.813893090758
-0.48190736524
-0.399708557144
-0.779742496388
-0.348698490205
-0.811388546967
-0.469103388156
-0.418476153694
-0.766244737787
-0.487592771278
-0.411131772046
-0.709929902525
-0.571813080923
-0.485220390529
-0.71554661776
-0.502547719551
-0.475899489799
-0.656817064882
-0.584902572134
-0.548447390739
-0.659661682972
-0.513859828757
-0.46261715727
-0.593007671416
-0.659035103345
-0.536933371182
-0.598736676013
-0.594320576548
-0.607698834591
-0.598995032183
-0.521447099768
-0.520894346026
-0.533338545579
-0.666497618959
-0.593791000634
-0.536109742758
-0.59999882607
-0.501952909185
-0.466155185417
-0.72852084395
-0.662545226546
-0.533986419634
-0.525254534894
-0.574838913935
-0.469398851658
-0.670242449483
-0.771388229966
-0.560446354675
0.301430061876
-0.814311229788
-0.530928877094
0.23454583456
-0.799769066831
-0.581066239666
0.150769575381
-0.851155876339
-0.498103338191
0.165610200945
-0.833059088646
-0.547095362261
0.0818487594073
-0.881655090289
-0.462207683791
0.0951228616673
-0.809016294189
-0.587784743578
0.00131565741266
-0.859966361517
-0.510217814414
0.0116464120228
-0.905587792473
-0.423502110428
0.0235947576076
-0.832210574822
-0.55027339514
-0.0680055126755
-0.880295843032
-0.470700910341
-0.0593285912882
-0.800831134434
-0.581837876917
-0.141894958001
-0.922780500199
-0.38226718571
-0.0484556207356
-0.848872817339
-0.510310736162
-0.137832842754
-0.716494041276
-0.582364821386
0.384041018159
-0.704187603471
-0.634777118711
0.318084625026
-0.756579376964
-0.610389955556
0.23454583456
-0.68677669078
-0.682588079408
0.249822518705
-0.736746056226
-0.655574946119
0.165610200945
-0.664387509836
-0.725451135384
0.179749511666
-0.777748025023
-0.623224510234
0.0818487594073
-0.712032035627
-0.695673789522
0.0951228616673
-0.637182355415
-0.763055581074
0.108373549079
-0.750990197428
-0.660210636429
0.0116464120228
-0.68261645956
-0.730395821833
0.0235947576076
-0.780508308711
-0.621435459464
-0.0680055126755
-0.60535842956
-0.79512883348
0.0362120136079
-0.71968954358
-0.69175651722
-0.0593285912882
-0.648712554575
-0.759489351048
-0.0484556207356
-0.747650477583
-0.64963133455
-0.137832842754
-0.905032668548
-0.149131066219
-0.398341303344
-0.880633005695
-0.228592144684
-0.415007398331
-0.893623752167
-0.29221121977
-0.340659936893
-0.850134020828
-0.306602674149
-0.428096889542
-0.860564903163
-0.368340367783
-0.351786044217
-0.813756795106
-0.382597171953
-0.437514893955
-0.862166291769
-0.424205871025
-0.27698134292
-0.821824833924
-0.442204041824
-0.359248559831
-0.771765015899
-0.456024777627
-0.443193143477
-0.821470130351
-0.495367935349
-0.282484395267
-0.777684359609
-0.513266826689
-0.362993390354
-0.813864629523
-0.54172490365
-0.210139224271
-0.7244630717
-0.52635323156
-0.445090477734
-0.775627644207
-0.563526469413
-0.284323189017
-0.922408166845
-0.198240713494
-0.331457076031
-0.932921744391
-0.246453872184
-0.262521442416
-0.900588364791
-0.339261620791
-0.27173912096
-0.936497190514
-0.293421054785
-0.192034103139
-0.900680727052
-0.384911881883
-0.201536773576
-0.933108588098
-0.338801810804
-0.120505999079
-0.858882241569
-0.468186445487
-0.207660172832
-0.893900169653
-0.428831098265
-0.130561770265
-0.332453023117
-0.861386953576
-0.384041018159
-0.421502547356
-0.81465318303
-0.398341303347
-0.386102978445
-0.865879126298
-0.318084625026
-0.473577921669
-0.816002548315
-0.331457076031
-0.436954172074
-0.8640947637
-0.249822518705
-0.554054310702
-0.759588459734
-0.340659936934
-0.522680234545
-0.811102869362
-0.262521442416
-0.48463799817
-0.856046799997
-0.179749511666
-0.600954084839
-0.751672826471
-0.27173912096
-0.568453553225
-0.799989663095
-0.192034103139
-0.669867794023
-0.688882046656
-0.27698134292
-0.528808806336
-0.84179357339
-0.108373549079
-0.644398604629
-0.737653961725
-0.201536773576
-0.610566081217
-0.782743485858
-0.120505999079
-0.710680978633
-0.672167984383
-0.207660172832
-0.569146415953
-0.82143840139
-0.0362120136079
-0.684072954092
-0.717633484186
-0.130561770265
-0.766709001299
-0.606629057786
-0.210139224271
-0.489534613343
-0.766892901043
-0.415007398331
-0.554302331095
-0.7137800634
-0.428096889542
-0.616241686834
-0.704622425489
-0.351786044217
-0.615336212478
-0.655699674531
-0.437514893955
-0.674518875591
-0.644953299652
-0.359248559831
-0.672193841931
-0.593072741276
-0.443193143477
-0.724971133527
-0.628187409921
-0.282484395267
-0.728463443499
-0.581013605731
-0.362993390354
-0.0484556207335
-0.14913106622
0.987629473997
-0.116049251362
-0.198240713494
0.973259056352
-0.0949451807431
-0.292211219785
0.951629137682
-0.182408971312
-0.246453872184
0.951833733417
-0.159704502039
-0.339261620791
0.92703615069
-0.247053752299
-0.293421054785
0.923508813214
-0.137832842753
-0.424205871025
0.895014796775
-0.22253669607
-0.384911881883
0.895723317821
-0.30951500442
-0.338801810804
0.888489614478
-0.198366910294
-0.468186445487
0.86107608326
-0.282986311459
-0.428831098265
0.857917616492
-0.176017091136
-0.54172490365
0.82191977248
-0.369339960609
-0.38226718571
0.847029983074
-0.256346022392
-0.510310736162
0.820895650714
0.026285717911
-0.0808991212776
0.996375628571
0.0523808978769
-0.161211827058
0.985528786162
-0.0226371512594
-0.228592144684
0.973259056352
0.0780963819683
-0.240355949097
0.967538098918
0.00271000627745
-0.306602674149
0.951833733417
0.103245765977
-0.317757794231
0.942533976053
-0.0702093211425
-0.368340367783
0.92703615069
0.0274021154193
-0.382597171953
0.923508813214
0.12764674709
-0.392856292092
0.910697667572
-0.0462095586104
-0.442204041824
0.895723317821
0.0512601907499
-0.456024777627
0.888489614478
-0.11471088643
-0.495367935349
0.86107608326
0.151122450049
-0.465107076615
0.872259945414
-0.0231198601386
-0.513266826689
0.857917616492
0.0741112906383
-0.52635323156
0.847029983074
-0.0925648362466
-0.563526469413
0.820895650714
-0.663922605454
-0.582364821386
0.469103388156
-0.614582547377
-0.560446354672
0.555146985937
-0.599425807717
-0.634777118711
0.487592771278
-0.548136755419
-0.610389955556
0.571813080923
-0.530583926843
-0.682588079408
0.502547719551
-0.492520007757
-0.581066239627
0.647908996021
-0.477609119607
-0.655574946119
0.584902572134
-0.457895977882
-0.725451135384
0.513859828757
-0.421027246627
-0.623224510234
0.659035103345
-0.403510880725
-0.695673789522
0.594320576548
-0.362979845506
-0.587784743577
0.723017791603
-0.381888861236
-0.763055581074
0.521447099768
-0.346269893968
-0.660210636429
0.666497618959
-0.326379153997
-0.730395821833
0.59999882607
-0.288227947381
-0.621435459464
0.72852084395
-0.303113529462
-0.79512883348
0.525254534894
-0.268789843177
-0.69175651722
0.670242449483
-0.231227862317
-0.581837876917
0.779742496388
-0.246773049235
-0.759489351048
0.601896160326
-0.211078015885
-0.64963133455
0.7303596377
-0.573955224895
-0.530928877094
0.623450019876
-0.52877474662
-0.498103338191
0.687233826161
-0.445763106261
-0.547095362261
0.708506822613
-0.47936861688
-0.462207683791
0.746036048858
-0.395005516134
-0.510217814414
0.763968863291
-0.426094965482
-0.423502110428
0.799430449041
-0.311349903705
-0.55027339514
0.774764756596
-0.340615163814
-0.470700910341
0.813893090758
0.27639320225
-0.850650808352
0.4472135955
0.263636120207
-0.811388546967
0.521674823978
0.167785623294
-0.814653183031
0.555146985935
0.248968007442
-0.766244737787
0.592354567032
0.152267366979
-0.766892901043
0.623450019876
0.232495189683
-0.71554661776
0.658740483488
0.0569148900538
-0.759588459758
0.647908995996
0.135009959906
-0.7137800634
0.687233826161
0.214337073648
-0.659661682972
0.720351360711
0.039055342896
-0.704622425489
0.708506822613
0.116138497597
-0.655699674531
0.746036048858
-0.0518343401675
-0.688882046657
0.723017791602
0.194625283902
-0.598995032183
0.776740593948
0.0196676686545
-0.644953299652
0.763968863291
0.0957897734683
-0.593072741276
0.799430449041
-0.0715552230985
-0.628187409921
0.774764756596
0.17350270526
-0.533986419634
0.827499434993
-0.00110759727151
-0.581013605731
0.813893090758
-0.15492845309
-0.606629057786
0.779742496388
0.194819217298
-0.861386953576
0.469103388156
0.111833036439
-0.865879126298
0.487592771278
0.0846737363525
-0.816002548315
0.571813080923
0.0280362072919
-0.8640947637
0.502547719551
0.00105660932973
-0.811102869362
0.584902572134
-0.0559638508746
-0.856046799997
0.513859828757
-0.0257039783664
-0.751672826471
0.659035103345
-0.0824596339659
-0.799989663095
0.594320576548
-0.139558238532
-0.84179357339
0.521447099768
-0.107923846639
-0.737653961725
0.666497618959
-0.165269610217
-0.782743485858
0.59999882607
-0.132089290639
-0.672167984383
0.72852084395
-0.222141005432
-0.82143840139
0.525254534894
-0.189148727954
-0.717633484186
0.670242449483
-0.294644085324
-0.906821250733
-0.301430061876
-0.346719459637
-0.908170616019
-0.23454583456
-0.305484600361
-0.94018492547
-0.150769575381
-0.395821772514
-0.903270937066
-0.165610200945
-0.352384374499
-0.932269292207
-0.0818487594073
-0.441595091193
-0.892157730798
-0.0951228616673
-0.309016726927
-0.951055693177
-0.00131565741266
-0.395828894289
-0.918250427462
-0.0116464120228
-0.483707619185
-0.874911553562
-0.0235947576076
-0.349829911537
-0.934341630904
0.0680055126755
-0.435503243752
-0.898229949922
0.0593285912882
-0.305890274105
-0.941433460794
0.141894958001
-0.521854092543
-0.851657418752
0.0484556207356
-0.386799410487
-0.911804981071
0.137832842754
-0.237350402296
-0.892287668244
-0.384041018159
-0.196587109565
-0.927456564845
-0.318084625026
-0.253307359534
-0.938522047209
-0.23454583456
-0.154398807715
-0.955902566857
-0.249822518705
-0.210702794924
-0.963419739031
-0.165610200945
-0.111091307671
-0.977419477203
-0.179749511666
-0.262889193603
-0.961348039198
-0.0818487594073
-0.167139223474
-0.981333847966
-0.0951228616673
-0.0669785368122
-0.991851324275
-0.108373549079
-0.219501756829
-0.975542587402
-0.0116464120228
-0.122932424015
-0.992134520385
-0.0235947576076
-0.266173887674
-0.961523120765
0.0680055126755
-0.0223802552107
-0.999093496249
-0.0362120136079
-0.175636792431
-0.982665678347
0.0593285912882
-0.0784028412962
-0.995743464601
0.0484556207356
-0.223018224342
-0.965020714322
0.137832842754
-0.644529767937
-0.652614422376
0.398341303344
-0.57808397598
-0.702558023259
0.415007398331
-0.551199356544
-0.761662705363
0.340659936893
-0.507556340168
-0.747743013822
0.428096889542
-0.479706595415
-0.80382097597
0.351786044217
-0.433458101286
-0.787841857226
0.437514893955
-0.448165227094
-0.849958390098
0.27698134292
-0.404949242756
-0.840807102165
0.359248559831
-0.356326374557
-0.822563889537
0.443193143477
-0.373413328969
-0.883609105985
0.282484395267
-0.327469191964
-0.872352982957
0.362993390354
-0.340012407239
-0.916642279925
0.210139224271
-0.276720269795
-0.851657418752
0.445090477734
-0.296263397473
-0.911804981071
0.284323189017
-0.629720914932
-0.702558023259
0.331457076031
-0.609887594194
-0.747743013822
0.262521442416
-0.529178314683
-0.80382097597
0.27173912096
-0.585173573596
-0.787841857226
0.192034103139
-0.502420487088
-0.840807102165
0.201536773576
-0.555757997528
-0.822563889537
0.120505999079
-0.419657241616
-0.883609105985
0.207660172832
-0.47111983324
-0.872352982957
0.130561770265
0.237350402296
-0.892287668244
0.384041018159
0.137838402735
-0.906821250732
0.398341303347
0.196587109565
-0.927456564845
0.318084625026
0.0965016769419
-0.938522047209
0.331457076031
0.154398807715
-0.955902566857
0.249822518705
-0.00176445872125
-0.940184925455
0.340659936934
0.053897112332
-0.963419739031
0.262521442416
0.111091307671
-0.977419477203
0.179749511666
-0.0443598655257
-0.961348039198
0.27173912096
0.0103335408819
-0.981333847966
0.192034103139
-0.137019721755
-0.951055693177
0.27698134292
0.0669785368122
-0.991851324275
0.108373549079
-0.0877473022993
-0.975542587402
0.201536773576
-0.0338732585778
-0.992134520385
0.120505999079
-0.17986256101
-0.961523120765
0.207660172832
0.0223802552107
-0.999093496249
0.0362120136079
-0.131612266697
-0.982665678347
0.130561770265
-0.263712998013
-0.941433460794
0.210139224271
0.0547265157919
-0.908170616019
0.415007398331
-0.0288906112309
-0.903270937066
0.428096889542
-0.0843833271542
-0.932269292207
0.351786044217
-0.112406854526
-0.892157730798
0.437514893955
-0.166603195427
-0.918250427462
0.359248559831
-0.195216830777
-0.874911553562
0.443193143477
-0.217274672227
-0.934341630904
0.282484395267
-0.247828076742
-0.898229949922
0.362993390354
0.0484556207365
-0.149131066219
-0.987629473997
0.0226371512594
-0.228592144684
-0.973259056352
0.0949451807891
-0.29221121977
-0.951629137682
-0.00271000627745
-0.306602674149
-0.951833733417
0.0702093211425
-0.368340367783
-0.92703615069
-0.0274021154193
-0.382597171953
-0.923508813214
0.137832842754
-0.424205871025
-0.895014796775
0.0462095586104
-0.442204041824
-0.895723317821
-0.0512601907499
-0.456024777627
-0.888489614478
0.11471088643
-0.495367935349
-0.86107608326
0.0231198601386
-0.513266826689
-0.857917616492
0.176017091136
-0.54172490365
-0.82191977248
-0.0741112906383
-0.52635323156
-0.847029983074
0.0925648362466
-0.563526469413
-0.820895650714
0.0688169029097
-0.0499984066095
-0.996375628571
0.137134971003
-0.0996343885104
-0.985528786162
0.116049251362
-0.198240713494
-0.973259056352
0.204458982391
-0.14854814594
-0.967538098918
0.182408971312
-0.246453872184
-0.951833733417
0.270300924522
-0.196385117025
-0.942533976053
0.159704502039
-0.339261620791
-0.92703615069
0.247053752299
-0.293421054785
-0.923508813214
0.334183522434
-0.242798541207
-0.910697667572
0.22253669607
-0.384911881883
-0.895723317821
0.30951500442
-0.338801810804
-0.888489614478
0.198366910294
-0.468186445487
-0.86107608326
0.395643710692
-0.287451981756
-0.872259945414
0.282986311459
-0.428831098265
-0.857917616492
0.369339960609
-0.38226718571
-0.847029983074
0.256346022392
-0.510310736162
-0.820895650714
-0.194819217298
-0.861386953576
-0.469103388156
-0.167785623297
-0.81465318303
-0.555146985937
-0.111833036439
-0.865879126298
-0.487592771278
-0.0846737363525
-0.816002548315
-0.571813080923
-0.0280362072919
-0.8640947637
-0.502547719551
-0.0569148900871
-0.759588459734
-0.647908996021
-0.00105660932973
-0.811102869362
-0.584902572134
0.0559638508746
-0.856046799997
-0.513859828757
0.0257039783664
-0.751672826471
-0.659035103345
0.0824596339659
-0.799989663095
-0.594320576548
0.0518343401671
-0.688882046656
-0.723017791603
0.139558238532
-0.84179357339
-0.521447099768
0.107923846639
-0.737653961725
-0.666497618959
0.165269610217
-0.782743485858
-0.59999882607
0.132089290639
-0.672167984383
-0.72852084395
0.222141005432
-0.82143840139
-0.525254534894
0.189148727954
-0.717633484186
-0.670242449483
0.15492845309
-0.606629057786
-0.779742496388
0.246773049235
-0.759489351048
-0.601896160326
0.211078015885
-0.64963133455
-0.7303596377
-0.152267366979
-0.766892901043
-0.623450019876
-0.135009959906
-0.7137800634
-0.687233826161
-0.039055342896
-0.704622425489
-0.708506822613
-0.116138497597
-0.655699674531
-0.746036048858
-0.0196676686545
-0.644953299652
-0.763968863291
-0.0957897734683
-0.593072741276
-0.799430449041
0.0715552230985
-0.628187409921
-0.774764756596
0.00110759727151
-0.581013605731
-0.813893090758
0.72360679775
-0.525731112119
-0.4472135955
0.690208323365
-0.501465700108
-0.521674823978
0.614582547376
-0.560446354675
-0.555146985935
0.651806705594
-0.473565291653
-0.592354567032
0.573955224895
-0.530928877094
-0.623450019876
0.608680308811
-0.442232130311
-0.658740483488
0.492520007744
-0.581066239666
-0.647908995996
0.52877474662
-0.498103338191
-0.687233826161
0.561141743859
-0.407693341153
-0.720351360711
0.445763106261
-0.547095362261
-0.708506822613
0.47936861688
-0.462207683791
-0.746036048858
0.362979845506
-0.587784743578
-0.723017791602
0.509535608325
-0.370199288982
-0.776740593948
0.395005516134
-0.510217814414
-0.763968863291
0.426094965482
-0.423502110428
-0.799430449041
0.311349903705
-0.55027339514
-0.774764756596
0.454235979511
-0.330021756865
-0.827499434993
0.340615163814
-0.470700910341
-0.813893090758
0.231227862317
-0.581837876917
-0.779742496388
0.663922605454
-0.582364821386
-0.469103388156
0.599425807717
-0.634777118711
-0.487592771278
0.548136755419
-0.610389955556
-0.571813080923
0.530583926843
-0.682588079408
-0.502547719551
0.477609119607
-0.655574946119
-0.584902572134
0.457895977882
-0.725451135384
-0.513859828757
0.421027246627
-0.623224510234
-0.659035103345
0.403510880725
-0.695673789522
-0.594320576548
0.381888861236
-0.763055581074
-0.521447099768
0.346269893968
-0.660210636429
-0.666497618959
0.326379153997
-0.730395821833
-0.59999882607
0.288227947381
-0.621435459464
-0.72852084395
0.303113529462
-0.79512883348
-0.525254534894
0.268789843176
-0.69175651722
-0.670242449483
0.294644085327
-0.906821250732
0.301430061876
0.253307359534
-0.938522047209
0.23454583456
0.305484600407
-0.940184925455
0.150769575381
0.210702794924
-0.963419739031
0.165610200945
0.262889193603
-0.961348039198
0.0818487594073
0.167139223474
-0.981333847966
0.0951228616673
0.309016726928
-0.951055693177
0.00131565741266
0.219501756829
-0.975542587402
0.0116464120228
0.122932424015
-0.992134520385
0.0235947576076
0.266173887674
-0.961523120765
-0.0680055126755
0.175636792431
-0.982665678347
-0.0593285912882
0.305890274105
-0.941433460794
-0.141894958001
0.0784028412962
-0.995743464601
-0.0484556207356
0.223018224342
-0.965020714322
-0.137832842754
0.332453023117
-0.861386953576
0.384041018159
0.386102978445
-0.865879126298
0.318084625026
0.346719459637
-0.908170616019
0.23454583456
0.436954172074
-0.8640947637
0.249822518705
0.395821772514
-0.903270937066
0.165610200945
0.48463799817
-0.856046799997
0.179749511666
0.352384374499
-0.932269292207
0.0818487594073
0.441595091193
-0.892157730798
0.0951228616673
0.528808806336
-0.84179357339
0.108373549079
0.395828894289
-0.918250427462
0.0116464120228
0.483707619185
-0.874911553562
0.0235947576076
0.349829911537
-0.934341630904
-0.0680055126755
0.569146415953
-0.82143840139
0.0362120136079
0.435503243752
-0.898229949922
-0.0593285912882
0.521854092543
-0.851657418752
-0.0484556207356
0.386799410487
-0.911804981071
-0.137832842754
-0.137838402736
-0.906821250733
-0.398341303344
-0.0547265157919
-0.908170616019
-0.415007398331
0.00176445870068
-0.94018492547
-0.340659936893
0.0288906112309
-0.903270937066
-0.428096889542
0.0843833271542
-0.932269292207
-0.351786044217
0.112406854526
-0.892157730798
-0.437514893955
0.137019721755
-0.951055693177
-0.27698134292
0.166603195427
-0.918250427462
-0.359248559831
0.195216830777
-0.874911553562
-0.443193143477
0.217274672227
-0.934341630904
-0.282484395267
0.247828076742
-0.898229949922
-0.362993390354
0.263712998013
-0.941433460794
-0.210139224271
0.276720269795
-0.851657418752
-0.445090477734
0.296263397473
-0.911804981071
-0.284323189017
-0.0965016769419
-0.938522047209
-0.331457076031
-0.053897112332
-0.963419739031
-0.262521442416
0.0443598655257
-0.961348039198
-0.27173912096
-0.0103335408819
-0.981333847966
-0.192034103139
0.0877473022993
-0.975542587402
-0.201536773576
0.0338732585778
-0.992134520385
-0.120505999079
0.17986256101
-0.961523120765
-0.207660172832
0.131612266697
-0.982665678347
-0.130561770265
0.716494041276
-0.582364821386
-0.384041018159
0.644529767936
-0.652614422376
-0.398341303347
0.704187603471
-0.634777118711
-0.318084625026
0.629720914932
-0.702558023259
-0.331457076031
0.68677669078
-0.682588079408
-0.249822518705
0.551199356519
-0.761662705363
-0.340659936934
0.609887594194
-0.747743013822
-0.262521442416
0.664387509836
-0.725451135384
-0.179749511666
0.529178314683
-0.80382097597
-0.27173912096
0.585173573596
-0.787841857226
-0.192034103139
0.448165227094
-0.849958390098
-0.27698134292
0.637182355415
-0.763055581074
-0.108373549079
0.502420487088
-0.840807102165
-0.201536773576
0.555757997528
-0.822563889537
-0.120505999079
0.419657241616
-0.883609105985
-0.207660172832
0.60535842956
-0.79512883348
-0.0362120136079
0.47111983324
-0.872352982957
-0.130561770265
0.340012407239
-0.916642279925
-0.210139224271
0.57808397598
-0.702558023259
-0.415007398331
0.507556340168
-0.747743013822
-0.428096889542
0.479706595415
-0.80382097597
-0.351786044217
0.433458101286
-0.787841857226
-0.437514893955
0.404949242756
-0.840807102165
-0.359248559831
0.356326374557
-0.822563889537
-0.443193143477
0.373413328969
-0.883609105985
-0.282484395267
0.327469191964
-0.872352982957
-0.362993390354
0.126858462031
-0.0921680677009
0.987629473997
0.152676931508
-0.171629146166
0.973259056352
0.248569710328
-0.180596465697
0.951629137682
0.178024089045
-0.249639675631
0.951833733417
0.273305569974
-0.256725613709
0.92703615069
0.202716198187
-0.325634173435
0.923508813214
0.360851067095
-0.26217364652
0.895014796775
0.297305332507
-0.330589287751
0.895723317821
0.226574273517
-0.399061779109
0.888489614478
0.383973023419
-0.333335710844
0.86107608326
0.320395030978
-0.401652072616
0.857917616492
0.460818727194
-0.334804403008
0.82191977248
0.249425373406
-0.469390233041
0.847029983074
0.406119073602
-0.401494244909
0.820895650714
0.210408784332
-0.0921680677035
0.973259056352
0.292433909158
-0.0921680677035
0.951833733417
0.328616633598
-0.180596465736
0.92703615069
0.372339252849
-0.0921680677035
0.923508813214
0.406281496596
-0.180596465736
0.895723317821
0.449545606431
-0.0921680677035
0.888489614478
0.43567528953
-0.262173646521
0.86107608326
0.48100133043
-0.180596465736
0.857917616492
0.52349331903
-0.0921680677035
0.847029983074
0.507341413358
-0.262173646521
0.820895650714
0.348698490205
-0.811388546967
0.469103388156
0.343099706059
-0.757690184513
0.555146985937
0.418476153694
-0.766244737787
0.487592771278
0.411131772046
-0.709929902525
0.571813080923
0.485220390529
-0.71554661776
0.502547719551
0.40042978113
-0.647973705685
0.647908996021
0.475899489799
-0.656817064882
0.584902572134
0.548447390739
-0.659661682972
0.513859828757
0.46261715727
-0.593007671416
0.659035103345
0.536933371182
-0.598736676013
0.594320576548
0.446849569681
-0.526849822152
0.723017791603
0.607698834591
-0.598995032183
0.521447099768
0.520894346026
-0.533338545579
0.666497618959
0.593791000634
-0.536109742758
0.59999882607
0.501952909185
-0.466155185417
0.72852084395
0.662545226546
-0.533986419634
0.525254534894
0.574838913935
-0.469398851658
0.670242449483
0.48190736524
-0.399708557144
0.779742496388
0.646060230404
-0.469390233041
0.601896160326
0.552609419866
-0.401494244909
0.7303596377
0.327581449746
-0.709929902525
0.623450019876
0.310324042673
-0.656817064882
0.687233826161
0.382570234013
-0.593007671416
0.708506822613
0.291452580365
-0.598736676013
0.746036048858
0.363182559771
-0.533338545579
0.763968863291
0.271103856236
-0.536109742758
0.799430449041
0.42712868675
-0.466155185417
0.774764756596
0.342407293845
-0.469398851658
0.813893090758
0.826629827252
-0.0921680677035
0.555146985935
0.776411694923
-0.0921680677035
0.623450019876
0.739999222615
-0.180596465736
0.647908995996
0.720565552519
-0.0921680677035
0.687233826161
0.682204513965
-0.180596465736
0.708506822613
0.659496217654
-0.0921680677035
0.746036048858
0.639148067428
-0.262173646521
0.723017791602
0.619464682194
-0.180596465736
0.763968863291
0.593646363117
-0.0921680677035
0.799430449041
0.575329949686
-0.262173646521
0.774764756596
0.552234509407
-0.180596465736
0.813893090758
0.529062993464
-0.334804403008
0.779742496388
0.879430124226
-0.0808991212776
0.469103388156
0.858058294182
-0.161211827058
0.487592771278
0.802230164399
-0.171629146166
0.571813080923
0.830466620225
-0.240355949097
0.502547719551
0.771731179532
-0.249639675631
0.584902572134
0.7968551064
-0.317757794231
0.513859828757
0.706940373599
-0.256725613709
0.659035103345
0.735353953809
-0.325634173435
0.594320576548
0.757467395937
-0.392856292092
0.521447099768
0.66820030436
-0.330589287751
0.666497618959
0.693362174602
-0.399061779109
0.59999882607
0.59845190601
-0.333335710844
0.72852084395
0.712588998551
-0.465107076615
0.525254534894
0.624059830044
-0.401652072616
0.670242449483
0.771388229967
-0.560446354672
-0.301430061876
0.756579376964
-0.610389955556
-0.23454583456
0.79976906686
-0.581066239627
-0.150769575381
0.736746056226
-0.655574946119
-0.165610200945
0.777748025023
-0.623224510234
-0.0818487594073
0.712032035627
-0.695673789522
-0.0951228616673
0.809016294189
-0.587784743577
-0.00131565741266
0.750990197428
-0.660210636429
-0.0116464120228
0.68261645956
-0.730395821833
-0.0235947576076
0.780508308711
-0.621435459464
0.0680055126755
0.71968954358
-0.69175651722
0.0593285912882
0.800831134434
-0.581837876917
0.141894958001
0.648712554575
-0.759489351048
0.0484556207356
0.747650477583
-0.64963133455
0.137832842754
0.775270693362
-0.501465700108
-0.384041018159
0.821314851846
-0.473565291653
-0.318084625026
0.814311229788
-0.530928877094
-0.23454583456
0.861405509658
-0.442232130311
-0.249822518705
0.851155876339
-0.498103338191
-0.165610200945
0.89525206095
-0.407693341153
-0.179749511666
0.833059088646
-0.547095362261
-0.0818487594073
0.881655090289
-0.462207683791
-0.0951228616673
0.922609159015
-0.370199288982
-0.108373549079
0.859966361517
-0.510217814414
-0.0116464120228
0.905587792473
-0.423502110428
-0.0235947576076
0.832210574822
-0.55027339514
0.0680055126755
0.943278500797
-0.330021756865
-0.0362120136079
0.880295843032
-0.470700910341
0.0593285912882
0.922780500199
-0.38226718571
0.0484556207356
0.848872817339
-0.510310736162
0.137832842754
0.421502547355
-0.814653183031
0.398341303344
0.489534613343
-0.766892901043
0.415007398331
0.554054310694
-0.759588459758
0.340659936893
0.554302331095
-0.7137800634
0.428096889542
0.616241686834
-0.704622425489
0.351786044217
0.615336212478
-0.655699674531
0.437514893955
0.669867794023
-0.688882046657
0.27698134292
0.674518875591
-0.644953299652
0.359248559831
0.672193841931
-0.593072741276
0.443193143477
0.724971133527
-0.628187409921
0.282484395267
0.728463443499
-0.581013605731
0.362993390354
0.766709001299
-0.606629057786
0.210139224271
0.7244630717
-0.52635323156
0.445090477734
0.775627644207
-0.563526469413
0.284323189017
0.473577921669
-0.816002548315
0.331457076031
0.522680234545
-0.811102869362
0.262521442416
0.600954084839
-0.751672826471
0.27173912096
0.568453553225
-0.799989663095
0.192034103139
0.644398604629
-0.737653961725
0.201536773576
0.610566081217
-0.782743485858
0.120505999079
0.710680978633
-0.672167984383
0.207660172832
0.684072954092
-0.717633484186
0.130561770265
0.921961309225
-0.0499984066095
0.384041018159
0.905032668546
-0.14913106622
0.398341303347
0.942812367308
-0.0996343885104
0.318084625026
0.922408166845
-0.198240713494
0.331457076031
0.956829220648
-0.14854814594
0.249822518705
0.893623752146
-0.292211219785
0.340659936934
0.932921744391
-0.246453872184
0.262521442416
0.963910264945
-0.196385117025
0.179749511666
0.900588364791
-0.339261620791
0.27173912096
0.936497190514
-0.293421054785
0.192034103139
0.862166291769
-0.424205871025
0.27698134292
0.964004171281
-0.242798541207
0.108373549079
0.900680727052
-0.384911881883
0.201536773576
0.933108588098
-0.338801810804
0.120505999079
0.858882241569
-0.468186445487
0.207660172832
0.957110259194
-0.287451981756
0.0362120136079
0.893900169653
-0.428831098265
0.130561770265
0.813864629523
-0.54172490365
0.210139224271
0.880633005695
-0.228592144684
0.415007398331
0.850134020828
-0.306602674149
0.428096889542
0.860564903163
-0.368340367783
0.351786044217
0.813756795106
-0.382597171953
0.437514893955
0.821824833924
-0.442204041824
0.359248559831
0.771765015899
-0.456024777627
0.443193143477
0.821470130351
-0.495367935349
0.282484395267
0.777684359609
-0.513266826689
0.362993390354
0.15680568259
1.58759810853e-12
-0.987629473997
0.224399313219
-0.0491096472723
-0.973259056352
0.307249059095
2.41877490259e-11
-0.951629137682
0.290759033168
-0.0973228059622
-0.951833733417
0.372008380391
-0.0470504009819
-0.92703615069
0.355403814156
-0.144289988563
-0.923508813214
0.446036448683
2.7658431101e-13
-0.895014796775
0.434840574422
-0.0927006620734
-0.895723317821
0.417865066277
-0.189670744582
-0.888489614478
0.506570516224
-0.0439805744614
-0.86107608326
0.495290189811
-0.136619878455
-0.857917616492
0.569603272117
5.55111512313e-15
-0.82191977248
0.477690022466
-0.233136119489
-0.847029983074
0.564549628322
-0.0861048651367
-0.820895650714
0.224399313219
0.0491096472723
-0.973259056352
0.290759033168
0.0973228059622
-0.951833733417
0.372008380391
0.0470504009819
-0.92703615069
0.355403814156
0.144289988563
-0.923508813214
0.434840574422
0.0927006620734
-0.895723317821
0.417865066277
0.189670744582
-0.888489614478
0.506570516224
0.0439805744614
-0.86107608326
0.495290189811
0.136619878455
-0.857917616492
0.477690022466
0.233136119489
-0.847029983074
0.564549628322
0.0861048651367
-0.820895650714
0.759025226275
-0.451467293498
-0.469103388156
0.72293260923
-0.411315288455
-0.555146985937
0.788941676597
-0.373930903143
-0.487592771278
0.749898917378
-0.3326881636
-0.571813080923
0.813139291203
-0.293683984371
-0.502547719551
0.704823886063
-0.28885501988
-0.647908996021
0.771078159053
-0.251649466007
-0.584902572134
0.831442668382
-0.211308224128
-0.513859828757
0.722826305875
-0.207833741469
-0.659035103345
0.7863168103
-0.168786629006
-0.594320576548
0.671183451435
-0.163578872553
-0.723017791603
0.84371913076
-0.127400747774
-0.521447099768
0.734900909779
-0.125305932531
-0.666497618959
0.795504411024
-0.0847002996245
-0.59999882607
0.680087577175
-0.0820869496539
-0.72852084395
0.849879690204
-0.042569775109
-0.525254534894
0.740960172849
-0.0418698120763
-0.670242449483
0.624814043298
-0.0401129732668
-0.779742496388
0.798574362339
-4.16333634234e-16
-0.601896160326
0.683062807961
-4.16333634234e-16
-0.7303596377
0.682305286752
-0.381797810872
-0.623450019876
0.637124808477
-0.34897227197
-0.687233826161
0.658066984613
-0.254884142451
-0.708506822613
0.587718678737
-0.313076617569
-0.746036048858
0.607309394486
-0.218006594605
-0.763968863291
0.534445027339
-0.274371044206
-0.799430449041
0.619553509634
-0.126067524115
-0.774764756596
0.552919042166
-0.178489690531
-0.813893090758
0.722932609233
0.411315288453
-0.555146985935
0.682305286752
0.381797810872
-0.623450019876
0.704823886096
0.288855019856
-0.647908995996
0.637124808477
0.34897227197
-0.687233826161
0.658066984613
0.254884142451
-0.708506822613
0.587718678737
0.313076617569
-0.746036048858
0.671183451435
0.163578872553
-0.723017791602
0.607309394486
0.218006594605
-0.763968863291
0.534445027339
0.274371044206
-0.799430449041
0.619553509634
0.126067524115
-0.774764756596
0.552919042166
0.178489690531
-0.813893090758
0.624814043298
0.0401129732668
-0.779742496388
0.759025226275
0.451467293498
-0.469103388156
0.788941676597
0.373930903143
-0.487592771278
0.749898917378
0.3326881636
-0.571813080923
0.813139291203
0.293683984371
-0.502547719551
0.771078159053
0.251649466007
-0.584902572134
0.831442668382
0.211308224128
-0.513859828757
0.722826305875
0.207833741469
-0.659035103345
0.7863168103
0.168786629006
-0.594320576548
0.84371913076
0.127400747774
-0.521447099768
0.734900909779
0.125305932531
-0.666497618959
0.795504411024
0.0847002996245
-0.59999882607
0.680087577175
0.0820869496539
-0.72852084395
0.849879690204
0.042569775109
-0.525254534894
0.740960172849
0.0418698120763
-0.670242449483
0.953488289282
1.58739688061e-12
0.301430061876
0.970863787581
-0.0491096472723
0.23454583456
0.988568932922
2.41875408591e-11
0.150769575381
0.981377365126
-0.0973228059622
0.165610200945
0.995533545568
-0.0470504009819
0.0818487594073
0.98495281125
-0.144289988563
0.0951228616673
0.999999134522
2.76445533132e-13
0.00131565741266
0.995625907828
-0.0927006620734
0.0116464120228
0.981564208834
-0.189670744582
0.0235947576076
0.996715084322
-0.0439805744614
-0.0680055126755
0.98884535043
-0.136619878455
-0.0593285912882
0.989881720659
5.38458166943e-15
-0.141894958001
0.971236120935
-0.233136119489
-0.0484556207356
0.986705660092
-0.0861048651367
-0.137832842754
0.970863787581
0.0491096472723
0.23454583456
0.981377365126
0.0973228059622
0.165610200945
0.995533545568
0.0470504009819
0.0818487594073
0.98495281125
0.144289988563
0.0951228616673
0.995625907828
0.0927006620734
0.0116464120228
0.981564208834
0.189670744582
0.0235947576076
0.996715084322
0.0439805744614
-0.0680055126755
0.98884535043
0.136619878455
-0.0593285912882
0.971236120935
0.233136119489
-0.0484556207356
0.986705660092
0.0861048651367
-0.137832842754
0.819843850702
-0.411315288455
-0.398341303344
0.84681015885
-0.3326881636
-0.415007398331
0.894714247615
-0.28885501988
-0.340659936893
0.867989400524
-0.251649466007
-0.428096889542
0.912716667428
-0.207833741469
-0.351786044217
0.883228051771
-0.168786629006
-0.437514893955
0.946849136943
-0.163578872553
-0.27698134292
0.924791271332
-0.125305932531
-0.359248559831
0.892415652495
-0.0847002996245
-0.443193143477
0.955753262682
-0.0820869496539
-0.282484395267
0.930850534402
-0.0418698120763
-0.362993390354
0.97684822557
-0.0401129732668
-0.210139224271
0.89548560381
-4.99600361081e-16
-0.445090477734
0.958728493468
-4.99600361081e-16
-0.284323189017
0.862766850524
-0.381797810872
-0.331457076031
0.899611497074
-0.34897227197
-0.262521442416
0.928004269423
-0.254884142451
-0.27173912096
0.930110711025
-0.313076617569
-0.192034103139
0.954911542294
-0.218006594605
-0.201536773576
0.954043413209
-0.274371044206
-0.120505999079
0.970043417576
-0.126067524115
-0.207660172832
0.975241023809
-0.178489690531
-0.130561770265
0.819843850701
0.411315288453
-0.398341303347
0.862766850524
0.381797810872
-0.331457076031
0.894714247607
0.288855019856
-0.340659936934
0.899611497074
0.34897227197
-0.262521442416
0.928004269423
0.254884142451
-0.27173912096
0.930110711025
0.313076617569
-0.192034103139
0.946849136942
0.163578872553
-0.27698134292
0.954911542294
0.218006594605
-0.201536773576
0.954043413209
0.274371044206
-0.120505999079
0.970043417576
0.126067524115
-0.207660172832
0.975241023809
0.178489690531
-0.130561770265
0.97684822557
0.0401129732668
-0.210139224271
0.84681015885
0.3326881636
-0.415007398331
0.867989400524
0.251649466007
-0.428096889542
0.912716667428
0.207833741469
-0.351786044217
0.883228051771
0.168786629006
-0.437514893955
0.924791271332
0.125305932531
-0.359248559831
0.892415652495
0.0847002996245
-0.443193143477
0.955753262682
0.0820869496539
-0.282484395267
0.930850534402
0.0418698120763
-0.362993390354
