0.0
0.0
1.0
0.525731112119
0.0
0.850650808352
0.162459848116
0.5
0.850650808352
0.894427191
-1.66533453694e-16
0.4472135955
0.688190960236
0.5
0.525731112119
0.27639320225
0.850650808352
0.4472135955
0.72360679775
0.525731112119
-0.4472135955
0.951056516295
0.309016994375
5.55111512313e-17
0.587785252292
0.809016994375
5.55111512313e-17
0.0
0.0
-1.0
0.425325404176
0.309016994375
-0.850650808352
-0.162459848116
0.5
-0.850650808352
0.26286555606
0.809016994375
-0.525731112119
-0.27639320225
0.850650808352
-0.4472135955
3.33066907388e-16
1.0
-5.55111512313e-17
-0.425325404176
0.309016994375
0.850650808352
-0.26286555606
0.809016994375
0.525731112119
-0.72360679775
0.525731112119
0.4472135955
-0.587785252292
0.809016994375
5.55111512313e-17
-0.525731112119
2.77555756156e-16
-0.850650808352
-0.688190960236
0.5
-0.525731112119
-0.894427191
2.22044604925e-16
-0.4472135955
-0.951056516295
0.309016994375
-5.55111512313e-17
-0.425325404176
-0.309016994375
0.850650808352
-0.850650808352
5.55111512313e-16
0.525731112119
-0.72360679775
-0.525731112119
0.4472135955
-0.951056516295
-0.309016994375
5.55111512313e-17
-0.162459848116
-0.5
-0.850650808352
-0.688190960236
-0.5
-0.525731112119
-0.27639320225
-0.850650808352
-0.4472135955
-0.587785252292
-0.809016994375
-5.55111512313e-17
0.162459848116
-0.5
0.850650808352
-0.26286555606
-0.809016994375
0.525731112119
0.27639320225
-0.850650808352
0.4472135955
-5.55111512313e-16
-1.0
5.55111512313e-17
0.425325404176
-0.309016994375
-0.850650808352
0.26286555606
-0.809016994375
-0.525731112119
0.72360679775
-0.525731112119
-0.4472135955
0.587785252292
-0.809016994375
-5.55111512313e-17
0.688190960236
-0.5
0.525731112119
0.951056516295
-0.309016994375
5.55111512313e-17
0.850650808352
-6.10622663544e-16
-0.525731112119
