0.0
0.0
1.0
0.110134537604
0.0800174253724
0.990690463901
0.219624682689
0.0
0.975584439582
0.216880977653
0.157573253798
0.963396756907
0.325025619958
0.0800174253724
0.942313938137
0.317288990362
0.230523945166
0.919883909686
0.428524846446
0.0
0.903529997277
0.42317141456
0.157573253798
0.892242469056
0.409153102853
0.297267129688
0.862685337787
0.524045336847
0.0800174253724
0.847923166664
0.511571413519
0.230523945166
0.827739934747
0.491123473188
0.356822089773
0.794654472292
0.067867759335
0.20887548561
0.975584439582
0.176539533992
0.284390989538
0.942313938137
0.132421460064
0.407551347607
0.903529997277
0.280628228451
0.353767118044
0.892242469056
0.238040008726
0.473669988156
0.847923166664
0.377325560826
0.415297509711
0.827739934747
0.894427191
-1.66533453694e-16
0.4472135955
0.836846826226
0.0800174253711
0.54155756949
0.842237865207
0.20887548561
0.496997394281
0.76469613328
0.157573253774
0.624828371188
0.763880328984
0.284390989538
0.579317363853
0.680873231194
0.230523945166
0.695176491079
0.748921120172
0.407551347607
0.522512253277
0.672545166244
0.353767118044
0.650024480733
0.588630393157
0.297267129688
0.751762272171
0.651950807968
0.473669988156
0.592112224422
0.571607983983
0.415297509711
0.70766679382
0.774370105872
1.79437954082e-17
0.632732912951
0.697475332597
0.0800174253724
0.712127356626
0.616499660108
7.15766339626e-17
0.787355173404
0.60879791547
0.157573253798
0.77751898228
0.27639320225
0.850650808352
0.4472135955
0.33470098481
0.771161882937
0.54155756949
0.239293522651
0.736469735214
0.632732912951
0.386165170537
0.678576427266
0.624828371173
0.291632824747
0.638611715735
0.712127356626
0.429642699667
0.576313106632
0.695176491078
0.190508872
0.58632601904
0.787355173404
0.337989971839
0.530308411332
0.77751898228
0.464614635661
0.467960176159
0.75176227217
0.458918205339
0.736469735214
0.496997394281
0.506523907101
0.638611715735
0.579317363853
0.619033718446
0.58632601904
0.522512253277
0.544280408721
0.530308411332
0.650024480733
0.72360679775
0.525731112119
-0.4472135955
0.766124016695
0.556621679856
-0.321288494281
0.846103258276
0.455163328048
-0.277372711592
0.794112564035
0.576956549813
-0.191066415858
0.868261192172
0.474701171311
-0.144157206289
0.807530200382
0.586705033227
-0.0605985103538
0.9272835485
0.362369408255
-0.0939874068311
0.874278693336
0.485321876522
-0.00997208849565
0.807223804979
0.586482423935
0.0665439335354
0.926973095164
0.372761577504
0.04206765003
0.864844575861
0.487191921611
0.121193610062
0.794654472292
0.57735026919
0.187592474085
0.694346334922
0.664038813658
-0.277372711592
0.719775106205
0.679074735476
-0.144157206289
0.631180162117
0.769920755862
-0.0939874068311
0.731735507227
0.681515740768
-0.00997208849565
0.640967767043
0.766414140287
0.04206765003
0.730598723169
0.671965486156
0.121193610062
0.904913713801
0.129470913943
0.40542379434
0.898735948998
0.25495888034
0.356748739752
0.831947216559
0.333844478111
0.443183588702
0.876968611495
0.372995578499
0.302985730478
0.806584981962
0.45115274461
0.381944849297
0.841500917323
0.480988319573
0.246021223839
0.720017695543
0.523123476729
0.455978449272
0.767703364283
0.557769143045
0.315476033219
0.952050206552
0.129092149524
0.277372711592
0.939392757735
0.255780723001
0.228292506349
0.963183543395
0.251880584982
0.0939874068311
0.909730200403
0.376213356852
0.175654412415
0.402767872384
0.820615371509
0.405423794341
0.41697362333
0.865561884738
0.277372711592
0.520204986235
0.775962053817
0.356748739777
0.533550249886
0.814375013364
0.228292506349
0.625738079966
0.718784739965
0.302985730479
0.537192755286
0.838206604021
0.0939874068311
0.638922256772
0.748948514386
0.175654412415
0.717485159827
0.651681366044
0.246021223839
0.574590794676
0.688065204308
0.443183588702
0.678320224439
0.627694037898
0.381944849297
0.0
0.0
-1.0
0.0420676500288
0.129470913944
-0.990690463901
0.177680100679
0.129092149524
-0.975584439582
0.0828411619392
0.254958880349
-0.963396756907
0.215918187593
0.255780723001
-0.942313938137
0.121193610062
0.3729955785
-0.919883909686
0.346683883287
0.251880584982
-0.903529997277
0.249733631174
0.376213356852
-0.892242469056
0.156282578687
0.480988319573
-0.862685337787
0.376928520772
0.372761577504
-0.847923166664
0.278371392104
0.487191921611
-0.827739934747
0.187592474085
0.57735026919
-0.794654472292
-0.067867759335
0.20887548561
-0.975584439582
-0.0243373463568
0.333844478111
-0.942313938137
-0.132421460064
0.407551347607
-0.903529997277
0.0190939111861
0.45115274461
-0.892242469056
-0.085837821091
0.523123476729
-0.847923166664
0.0611570395987
0.557769143045
-0.827739934747
0.629990241546
0.556621679855
-0.54155756949
0.558610816252
0.664038813658
-0.496997394281
0.526032932632
0.576956549789
-0.624828371188
0.450831338281
0.679074735476
-0.579317363853
0.415339439782
0.586705033226
-0.695176491079
0.36633724199
0.769920755862
-0.522512253277
0.336161374244
0.681515740768
-0.650024480733
0.301482756648
0.586482423935
-0.751762272171
0.249023049651
0.766414140287
-0.592112224422
0.218334821641
0.671965486156
-0.70766679382
0.626478575587
0.455163328048
-0.632732912951
0.517236334668
0.474701171311
-0.712127356626
0.498758702054
0.362369408255
-0.787355173404
0.399908625017
0.485321876522
-0.77751898228
-0.27639320225
0.850650808352
-0.4472135955
-0.182498797175
0.82061537151
-0.54155756949
-0.239293522651
0.736469735214
-0.632732912951
-0.0864430308999
0.775962053832
-0.624828371173
-0.139430637112
0.688065204308
-0.712127356626
0.00883990075849
0.718784739965
-0.695176491078
-0.190508872
0.58632601904
-0.787355173404
-0.0382678322016
0.627694037898
-0.77751898228
0.100821045879
0.651681366044
-0.75176227217
-0.0616134219711
0.865561884738
-0.496997394281
0.0344199004512
0.814375013364
-0.579317363853
0.156175011287
0.838206604021
-0.522512253277
0.128624637013
0.748948514386
-0.650024480733
0.292633334779
0.900632796881
0.321288494281
0.303324008557
0.933535307615
0.191066415858
0.423415712281
0.894392438736
0.144157206289
0.308449089604
0.949308685131
0.0605985103538
0.422041279094
0.906521768184
0.00997208849565
0.308332056974
0.948948495732
-0.0665439335354
0.530833229438
0.84643156566
-0.04206765003
0.413309732806
0.902489431322
-0.121193610062
0.303530999103
0.934172358963
-0.187592474085
0.171425763315
0.945345220825
0.277372711592
0.183160178331
0.972456193846
0.144157206289
0.0580874119361
0.993877366646
0.0939874068311
0.191401559106
0.981461155942
0.00997208849565
0.0680668875753
0.996793464885
-0.04206765003
0.1960953803
0.973066652756
-0.121193610062
0.655989479091
0.636639105227
-0.40542379434
0.57723158639
0.734529803588
-0.356748739752
0.476830575826
0.759092160849
-0.443183588702
0.49024121002
0.817228978393
-0.302985730478
0.387360028002
0.839088994566
-0.381944849297
0.398070702126
0.883749553623
-0.246021223839
0.275022287196
0.84643156566
-0.455978449272
0.293236591879
0.902489431322
-0.315476033219
0.6096405686
0.759092160849
-0.228292506349
0.514854529549
0.839088994566
-0.175654412415
-0.15649955963
0.900632796881
-0.405423794341
-0.171425763315
0.945345220825
-0.277372711592
-0.0352443771491
0.933535307606
-0.356748739777
-0.04702640318
0.972456193846
-0.228292506349
0.0837416709962
0.949308685131
-0.302985730479
-0.0580874119361
0.993877366646
-0.0939874068311
0.0766780723305
0.981461155942
-0.175654412415
0.197408991357
0.948948495732
-0.246021223839
0.0604191379966
0.894392438736
-0.443183588702
0.179823290771
0.906521768184
-0.381944849297
-0.0420676500304
0.129470913943
0.990690463901
-0.0828411619675
0.25495888034
0.963396756907
0.0243373463568
0.333844478111
0.942313938137
-0.121193610063
0.372995578499
0.919883909686
-0.0190939111861
0.45115274461
0.892242469056
-0.156282578687
0.480988319573
0.862685337787
0.085837821091
0.523123476729
0.847923166664
-0.0611570395987
0.557769143045
0.827739934747
-0.187592474085
0.57735026919
0.794654472292
-0.177680100679
0.129092149524
0.975584439582
-0.215918187593
0.255780723001
0.942313938137
-0.346683883287
0.251880584982
0.903529997277
-0.249733631174
0.376213356852
0.892242469056
-0.376928520772
0.372761577504
0.847923166664
-0.278371392104
0.487191921611
0.827739934747
0.182498797176
0.820615371509
0.54155756949
0.0616134219711
0.865561884738
0.496997394281
0.0864430309203
0.775962053817
0.624828371188
-0.0344199004512
0.814375013364
0.579317363853
-0.00883990075798
0.718784739965
0.695176491079
-0.156175011287
0.838206604021
0.522512253277
-0.128624637013
0.748948514386
0.650024480733
-0.100821045879
0.651681366044
0.751762272171
-0.249023049651
0.766414140287
0.592112224422
-0.218334821641
0.671965486156
0.70766679382
0.139430637112
0.688065204308
0.712127356626
0.0382678322016
0.627694037898
0.77751898228
-0.72360679775
0.525731112119
0.4472135955
-0.629990241546
0.556621679856
0.54155756949
-0.626478575587
0.455163328048
0.632732912951
-0.526032932624
0.576956549813
0.624828371173
-0.517236334668
0.474701171311
0.712127356626
-0.415339439782
0.586705033227
0.695176491078
-0.498758702054
0.362369408255
0.787355173404
-0.399908625017
0.485321876522
0.77751898228
-0.301482756648
0.586482423935
0.75176227217
-0.558610816252
0.664038813658
0.496997394281
-0.450831338281
0.679074735476
0.579317363853
-0.36633724199
0.769920755862
0.522512253277
-0.336161374244
0.681515740768
0.650024480733
-0.292633334781
0.900632796881
-0.321288494281
-0.303324008586
0.933535307606
-0.191066415858
-0.183160178331
0.972456193846
-0.144157206289
-0.308449089604
0.949308685131
-0.0605985103538
-0.191401559106
0.981461155942
-0.00997208849565
-0.308332056974
0.948948495732
0.0665439335354
-0.0680668875753
0.996793464885
0.04206765003
-0.1960953803
0.973066652756
0.121193610062
-0.303530999103
0.934172358963
0.187592474085
-0.41697362333
0.865561884738
-0.277372711592
-0.423415712281
0.894392438736
-0.144157206289
-0.537192755286
0.838206604021
-0.0939874068311
-0.422041279094
0.906521768184
-0.00997208849565
-0.530833229438
0.84643156566
0.04206765003
-0.413309732806
0.902489431322
0.121193610062
0.156499559631
0.900632796881
0.40542379434
0.0352443771617
0.933535307615
0.356748739752
-0.0604191379966
0.894392438736
0.443183588702
-0.0837416709959
0.949308685131
0.302985730478
-0.179823290771
0.906521768184
0.381944849297
-0.197408991357
0.948948495732
0.246021223839
-0.275022287196
0.84643156566
0.455978449272
-0.293236591879
0.902489431322
0.315476033219
0.04702640318
0.972456193846
0.228292506349
-0.0766780723305
0.981461155942
0.175654412415
-0.655989479091
0.636639105227
0.405423794341
-0.694346334922
0.664038813658
0.277372711592
-0.577231586375
0.734529803588
0.356748739777
-0.6096405686
0.759092160849
0.228292506349
-0.49024121002
0.817228978393
0.302985730479
-0.631180162117
0.769920755862
0.0939874068311
-0.514854529549
0.839088994566
0.175654412415
-0.398070702126
0.883749553623
0.246021223839
-0.476830575826
0.759092160849
0.443183588702
-0.387360028002
0.839088994566
0.381944849297
-0.110134537605
0.0800174253711
-0.990690463901
-0.21688097767
0.157573253774
-0.963396756907
-0.176539533992
0.284390989538
-0.942313938137
-0.317288990363
0.230523945166
-0.919883909686
-0.280628228451
0.353767118044
-0.892242469056
-0.409153102853
0.297267129688
-0.862685337787
-0.238040008726
0.473669988156
-0.847923166664
-0.377325560826
0.415297509711
-0.827739934747
-0.491123473188
0.356822089773
-0.794654472292
-0.219624682689
1.80411241502e-16
-0.975584439582
-0.325025619958
0.0800174253724
-0.942313938137
-0.428524846446
2.22044604925e-16
-0.903529997277
-0.42317141456
0.157573253798
-0.892242469056
-0.524045336847
0.0800174253724
-0.847923166664
-0.511571413519
0.230523945166
-0.827739934747
-0.334700984809
0.771161882937
-0.54155756949
-0.458918205339
0.736469735214
-0.496997394281
-0.386165170512
0.678576427266
-0.624828371188
-0.506523907101
0.638611715735
-0.579317363853
-0.429642699666
0.576313106632
-0.695176491079
-0.619033718446
0.58632601904
-0.522512253277
-0.544280408721
0.530308411332
-0.650024480733
-0.464614635661
0.467960176159
-0.751762272171
-0.651950807968
0.473669988156
-0.592112224422
-0.571607983983
0.415297509711
-0.70766679382
-0.291632824747
0.638611715735
-0.712127356626
-0.337989971839
0.530308411332
-0.77751898228
-0.894427191
2.22044604925e-16
-0.4472135955
-0.836846826226
0.0800174253724
-0.54155756949
-0.774370105872
1.38777878078e-16
-0.632732912951
-0.764696133288
0.157573253798
-0.624828371173
-0.697475332597
0.0800174253724
-0.712127356626
-0.680873231194
0.230523945166
-0.695176491078
-0.616499660108
5.55111512313e-17
-0.787355173404
-0.60879791547
0.157573253798
-0.77751898228
-0.588630393157
0.297267129688
-0.75176227217
-0.842237865207
0.20887548561
-0.496997394281
-0.763880328984
0.284390989538
-0.579317363853
-0.748921120172
0.407551347607
-0.522512253277
-0.672545166244
0.353767118044
-0.650024480733
-0.766124016696
0.556621679855
0.321288494281
-0.794112564053
0.576956549789
0.191066415858
-0.719775106205
0.679074735476
0.144157206289
-0.807530200383
0.586705033226
0.0605985103538
-0.731735507227
0.681515740768
0.00997208849565
-0.807223804979
0.586482423935
-0.0665439335354
-0.640967767043
0.766414140287
-0.04206765003
-0.730598723169
0.671965486156
-0.121193610062
-0.794654472292
0.57735026919
-0.187592474085
-0.846103258276
0.455163328048
0.277372711592
-0.868261192172
0.474701171311
0.144157206289
-0.9272835485
0.362369408255
0.0939874068311
-0.874278693336
0.485321876522
0.00997208849565
-0.926973095164
0.372761577504
-0.04206765003
-0.864844575861
0.487191921611
-0.121193610062
-0.402767872384
0.82061537151
-0.40542379434
-0.52020498623
0.775962053832
-0.356748739752
-0.574590794676
0.688065204308
-0.443183588702
-0.625738079966
0.718784739965
-0.302985730478
-0.678320224439
0.627694037898
-0.381944849297
-0.717485159827
0.651681366044
-0.246021223839
-0.720017695543
0.523123476729
-0.455978449272
-0.767703364283
0.557769143045
-0.315476033219
-0.533550249886
0.814375013364
-0.228292506349
-0.638922256772
0.748948514386
-0.175654412415
-0.904913713801
0.129470913944
-0.405423794341
-0.952050206552
0.129092149524
-0.277372711592
-0.898735948985
0.254958880349
-0.356748739777
-0.939392757735
0.255780723001
-0.228292506349
-0.876968611494
0.3729955785
-0.302985730479
-0.963183543395
0.251880584982
-0.0939874068311
-0.909730200403
0.376213356852
-0.175654412415
-0.841500917322
0.480988319573
-0.246021223839
-0.831947216559
0.333844478111
-0.443183588702
-0.806584981962
0.45115274461
-0.381944849297
-0.136133775149
-8.48793257902e-13
0.990690463901
-0.268079631416
-1.48336065653e-11
0.963396756907
-0.309984312714
0.126309809056
0.942313938137
-0.3921907606
-3.70536934469e-13
0.919883909686
-0.434972100651
0.121254476488
0.892242469056
-0.505741048331
-7.82707232361e-14
0.862685337787
-0.470994645892
0.243290663559
0.847923166664
-0.549368542643
0.114196343111
0.827739934747
-0.607061998207
4.4408920985e-16
0.794654472292
-0.177680100679
-0.129092149524
0.975584439582
-0.309984312714
-0.126309809056
0.942313938137
-0.346683883287
-0.251880584982
0.903529997277
-0.434972100651
-0.121254476488
0.892242469056
-0.470994645892
-0.243290663559
0.847923166664
-0.549368542643
-0.114196343111
0.827739934747
-0.724056366665
0.427150765912
0.54155756949
-0.804158676266
0.326071178524
0.496997394281
-0.71127140208
0.321997669464
0.624828371188
-0.785152997352
0.218920448309
0.579317363853
-0.68633659032
0.213709454727
0.695176491079
-0.84544258534
0.110488823273
0.522512253277
-0.752039563708
0.10910851967
0.650024480733
-0.650941226291
0.105494104362
0.751762272171
-0.805855516634
3.88578058619e-16
0.592112224422
-0.706546324685
3.88578058619e-16
0.70766679382
-0.611302459788
0.345230257366
0.712127356626
-0.585147094494
0.230362996158
0.77751898228
-0.72360679775
-0.525731112119
0.4472135955
-0.724056366666
-0.427150765911
0.54155756949
-0.626478575587
-0.455163328048
0.632732912951
-0.711271402101
-0.32199766945
0.624828371173
-0.611302459788
-0.345230257366
0.712127356626
-0.68633659032
-0.213709454727
0.695176491078
-0.498758702054
-0.362369408255
0.787355173404
-0.585147094494
-0.230362996158
0.77751898228
-0.650941226292
-0.105494104362
0.75176227217
-0.804158676266
-0.326071178524
0.496997394281
-0.785152997352
-0.218920448309
0.579317363853
-0.84544258534
-0.110488823273
0.522512253277
-0.752039563708
-0.10910851967
0.650024480733
-0.946981363831
-8.48654480023e-13
-0.321288494281
-0.981577110945
-1.48335232986e-11
-0.191066415858
-0.981460407765
0.126309809056
-0.144157206289
-0.998162221557
-3.70481423317e-13
-0.0605985103538
-0.992571362363
0.121254476488
-0.00997208849565
-0.99778349601
-7.82152120848e-14
0.0665439335354
-0.969040745194
0.243290663559
0.04206765003
-0.986038185924
0.114196343111
0.121193610062
-0.982246946377
5.55111512313e-16
0.187592474085
-0.952050206552
-0.129092149524
-0.277372711592
-0.981460407765
-0.126309809056
-0.144157206289
-0.963183543395
-0.251880584982
-0.0939874068311
-0.992571362363
-0.121254476488
-0.00997208849565
-0.969040745194
-0.243290663559
0.04206765003
-0.986038185924
-0.114196343111
0.121193610062
-0.808191666725
0.427150765912
0.40542379434
-0.876953726
0.321997669464
0.356748739752
-0.869288297412
0.218920448309
0.443183588702
-0.928723810445
0.213709454727
0.302985730478
-0.917721887628
0.10910851967
0.381944849297
-0.963506383666
0.105494104362
0.246021223839
-0.889990816694
3.88578058619e-16
0.455978449272
-0.948933544809
5.55111512313e-16
0.315476033219
-0.910328842202
0.345230257366
0.228292506349
-0.957119855295
0.230362996158
0.175654412415
-0.808191666725
-0.427150765911
0.405423794341
-0.846103258276
-0.455163328048
0.277372711592
-0.876953725995
-0.32199766945
0.356748739777
-0.910328842202
-0.345230257366
0.228292506349
-0.928723810445
-0.213709454727
0.302985730479
-0.9272835485
-0.362369408255
0.0939874068311
-0.957119855295
-0.230362996158
0.175654412415
-0.963506383666
-0.105494104362
0.246021223839
-0.869288297412
-0.218920448309
0.443183588702
-0.917721887628
-0.10910851967
0.381944849297
-0.110134537604
-0.0800174253724
-0.990690463901
-0.216880977653
-0.157573253798
-0.963396756907
-0.325025619958
-0.0800174253724
-0.942313938137
-0.317288990362
-0.230523945166
-0.919883909686
-0.42317141456
-0.157573253798
-0.892242469056
-0.409153102853
-0.297267129688
-0.862685337787
-0.524045336847
-0.0800174253724
-0.847923166664
-0.511571413519
-0.230523945166
-0.827739934747
-0.491123473188
-0.356822089773
-0.794654472292
-0.067867759335
-0.20887548561
-0.975584439582
-0.176539533992
-0.284390989538
-0.942313938137
-0.132421460064
-0.407551347607
-0.903529997277
-0.280628228451
-0.353767118044
-0.892242469056
-0.238040008726
-0.473669988156
-0.847923166664
-0.377325560826
-0.415297509711
-0.827739934747
-0.836846826226
-0.0800174253711
-0.54155756949
-0.842237865207
-0.20887548561
-0.496997394281
-0.76469613328
-0.157573253774
-0.624828371188
-0.763880328984
-0.284390989538
-0.579317363853
-0.680873231194
-0.230523945166
-0.695176491079
-0.748921120172
-0.407551347607
-0.522512253277
-0.672545166244
-0.353767118044
-0.650024480733
-0.588630393157
-0.297267129688
-0.751762272171
-0.651950807968
-0.473669988156
-0.592112224422
-0.571607983983
-0.415297509711
-0.70766679382
-0.697475332597
-0.0800174253724
-0.712127356626
-0.60879791547
-0.157573253798
-0.77751898228
-0.27639320225
-0.850650808352
-0.4472135955
-0.33470098481
-0.771161882937
-0.54155756949
-0.239293522651
-0.736469735214
-0.632732912951
-0.386165170537
-0.678576427266
-0.624828371173
-0.291632824747
-0.638611715735
-0.712127356626
-0.429642699667
-0.576313106632
-0.695176491078
-0.190508872
-0.58632601904
-0.787355173404
-0.337989971839
-0.530308411332
-0.77751898228
-0.464614635661
-0.467960176159
-0.75176227217
-0.458918205339
-0.736469735214
-0.496997394281
-0.506523907101
-0.638611715735
-0.579317363853
-0.619033718446
-0.58632601904
-0.522512253277
-0.544280408721
-0.530308411332
-0.650024480733
-0.766124016695
-0.556621679856
0.321288494281
-0.794112564035
-0.576956549813
0.191066415858
-0.868261192172
-0.474701171311
0.144157206289
-0.807530200382
-0.586705033227
0.0605985103538
-0.874278693336
-0.485321876522
0.00997208849565
-0.807223804979
-0.586482423935
-0.0665439335354
-0.926973095164
-0.372761577504
-0.04206765003
-0.864844575861
-0.487191921611
-0.121193610062
-0.794654472292
-0.57735026919
-0.187592474085
-0.694346334922
-0.664038813658
0.277372711592
-0.719775106205
-0.679074735476
0.144157206289
-0.631180162117
-0.769920755862
0.0939874068311
-0.731735507227
-0.681515740768
0.00997208849565
-0.640967767043
-0.766414140287
-0.04206765003
-0.730598723169
-0.671965486156
-0.121193610062
-0.904913713801
-0.129470913943
-0.40542379434
-0.898735948998
-0.25495888034
-0.356748739752
-0.831947216559
-0.333844478111
-0.443183588702
-0.876968611495
-0.372995578499
-0.302985730478
-0.806584981962
-0.45115274461
-0.381944849297
-0.841500917323
-0.480988319573
-0.246021223839
-0.720017695543
-0.523123476729
-0.455978449272
-0.767703364283
-0.557769143045
-0.315476033219
-0.939392757735
-0.255780723001
-0.228292506349
-0.909730200403
-0.376213356852
-0.175654412415
-0.402767872384
-0.820615371509
-0.405423794341
-0.41697362333
-0.865561884738
-0.277372711592
-0.520204986235
-0.775962053817
-0.356748739777
-0.533550249886
-0.814375013364
-0.228292506349
-0.625738079966
-0.718784739965
-0.302985730479
-0.537192755286
-0.838206604021
-0.0939874068311
-0.638922256772
-0.748948514386
-0.175654412415
-0.717485159827
-0.651681366044
-0.246021223839
-0.574590794676
-0.688065204308
-0.443183588702
-0.678320224439
-0.627694037898
-0.381944849297
-0.0420676500288
-0.129470913944
0.990690463901
-0.0828411619392
-0.254958880349
0.963396756907
-0.215918187593
-0.255780723001
0.942313938137
-0.121193610062
-0.3729955785
0.919883909686
-0.249733631174
-0.376213356852
0.892242469056
-0.156282578687
-0.480988319573
0.862685337787
-0.376928520772
-0.372761577504
0.847923166664
-0.278371392104
-0.487191921611
0.827739934747
-0.187592474085
-0.57735026919
0.794654472292
0.067867759335
-0.20887548561
0.975584439582
0.0243373463568
-0.333844478111
0.942313938137
0.132421460064
-0.407551347607
0.903529997277
-0.0190939111861
-0.45115274461
0.892242469056
0.085837821091
-0.523123476729
0.847923166664
-0.0611570395987
-0.557769143045
0.827739934747
-0.629990241546
-0.556621679855
0.54155756949
-0.558610816252
-0.664038813658
0.496997394281
-0.526032932632
-0.576956549789
0.624828371188
-0.450831338281
-0.679074735476
0.579317363853
-0.415339439782
-0.586705033226
0.695176491079
-0.36633724199
-0.769920755862
0.522512253277
-0.336161374244
-0.681515740768
0.650024480733
-0.301482756648
-0.586482423935
0.751762272171
-0.249023049651
-0.766414140287
0.592112224422
-0.218334821641
-0.671965486156
0.70766679382
-0.517236334668
-0.474701171311
0.712127356626
-0.399908625017
-0.485321876522
0.77751898228
0.27639320225
-0.850650808352
0.4472135955
0.182498797175
-0.82061537151
0.54155756949
0.239293522651
-0.736469735214
0.632732912951
0.0864430308999
-0.775962053832
0.624828371173
0.139430637112
-0.688065204308
0.712127356626
-0.00883990075849
-0.718784739965
0.695176491078
0.190508872
-0.58632601904
0.787355173404
0.0382678322016
-0.627694037898
0.77751898228
-0.100821045879
-0.651681366044
0.75176227217
0.0616134219711
-0.865561884738
0.496997394281
-0.0344199004512
-0.814375013364
0.579317363853
-0.156175011287
-0.838206604021
0.522512253277
-0.128624637013
-0.748948514386
0.650024480733
-0.292633334779
-0.900632796881
-0.321288494281
-0.303324008557
-0.933535307615
-0.191066415858
-0.423415712281
-0.894392438736
-0.144157206289
-0.308449089604
-0.949308685131
-0.0605985103538
-0.422041279094
-0.906521768184
-0.00997208849565
-0.308332056974
-0.948948495732
0.0665439335354
-0.530833229438
-0.84643156566
0.04206765003
-0.413309732806
-0.902489431322
0.121193610062
-0.303530999103
-0.934172358963
0.187592474085
-0.171425763315
-0.945345220825
-0.277372711592
-0.183160178331
-0.972456193846
-0.144157206289
-0.0580874119361
-0.993877366646
-0.0939874068311
-0.191401559106
-0.981461155942
-0.00997208849565
-0.0680668875753
-0.996793464885
0.04206765003
-0.1960953803
-0.973066652756
0.121193610062
-0.655989479091
-0.636639105227
0.40542379434
-0.57723158639
-0.734529803588
0.356748739752
-0.476830575826
-0.759092160849
0.443183588702
-0.49024121002
-0.817228978393
0.302985730478
-0.387360028002
-0.839088994566
0.381944849297
-0.398070702126
-0.883749553623
0.246021223839
-0.275022287196
-0.84643156566
0.455978449272
-0.293236591879
-0.902489431322
0.315476033219
-0.6096405686
-0.759092160849
0.228292506349
-0.514854529549
-0.839088994566
0.175654412415
0.15649955963
-0.900632796881
0.405423794341
0.171425763315
-0.945345220825
0.277372711592
0.0352443771491
-0.933535307606
0.356748739777
0.04702640318
-0.972456193846
0.228292506349
-0.0837416709962
-0.949308685131
0.302985730479
0.0580874119361
-0.993877366646
0.0939874068311
-0.0766780723305
-0.981461155942
0.175654412415
-0.197408991357
-0.948948495732
0.246021223839
-0.0604191379966
-0.894392438736
0.443183588702
-0.179823290771
-0.906521768184
0.381944849297
0.0420676500304
-0.129470913943
-0.990690463901
0.0828411619675
-0.25495888034
-0.963396756907
-0.0243373463568
-0.333844478111
-0.942313938137
0.121193610063
-0.372995578499
-0.919883909686
0.0190939111861
-0.45115274461
-0.892242469056
0.156282578687
-0.480988319573
-0.862685337787
-0.085837821091
-0.523123476729
-0.847923166664
0.0611570395987
-0.557769143045
-0.827739934747
0.187592474085
-0.57735026919
-0.794654472292
0.177680100679
-0.129092149524
-0.975584439582
0.215918187593
-0.255780723001
-0.942313938137
0.346683883287
-0.251880584982
-0.903529997277
0.249733631174
-0.376213356852
-0.892242469056
0.376928520772
-0.372761577504
-0.847923166664
0.278371392104
-0.487191921611
-0.827739934747
-0.182498797176
-0.820615371509
-0.54155756949
-0.0616134219711
-0.865561884738
-0.496997394281
-0.0864430309203
-0.775962053817
-0.624828371188
0.0344199004512
-0.814375013364
-0.579317363853
0.00883990075798
-0.718784739965
-0.695176491079
0.156175011287
-0.838206604021
-0.522512253277
0.128624637013
-0.748948514386
-0.650024480733
0.100821045879
-0.651681366044
-0.751762272171
0.249023049651
-0.766414140287
-0.592112224422
0.218334821641
-0.671965486156
-0.70766679382
-0.139430637112
-0.688065204308
-0.712127356626
-0.0382678322016
-0.627694037898
-0.77751898228
0.72360679775
-0.525731112119
-0.4472135955
0.629990241546
-0.556621679856
-0.54155756949
0.626478575587
-0.455163328048
-0.632732912951
0.526032932624
-0.576956549813
-0.624828371173
0.517236334668
-0.474701171311
-0.712127356626
0.415339439782
-0.586705033227
-0.695176491078
0.498758702054
-0.362369408255
-0.787355173404
0.399908625017
-0.485321876522
-0.77751898228
0.301482756648
-0.586482423935
-0.75176227217
0.558610816252
-0.664038813658
-0.496997394281
0.450831338281
-0.679074735476
-0.579317363853
0.36633724199
-0.769920755862
-0.522512253277
0.336161374244
-0.681515740768
-0.650024480733
0.292633334781
-0.900632796881
0.321288494281
0.303324008586
-0.933535307606
0.191066415858
0.183160178331
-0.972456193846
0.144157206289
0.308449089604
-0.949308685131
0.0605985103538
0.191401559106
-0.981461155942
0.00997208849565
0.308332056974
-0.948948495732
-0.0665439335354
0.0680668875753
-0.996793464885
-0.04206765003
0.1960953803
-0.973066652756
-0.121193610062
0.303530999103
-0.934172358963
-0.187592474085
0.41697362333
-0.865561884738
0.277372711592
0.423415712281
-0.894392438736
0.144157206289
0.537192755286
-0.838206604021
0.0939874068311
0.422041279094
-0.906521768184
0.00997208849565
0.530833229438
-0.84643156566
-0.04206765003
0.413309732806
-0.902489431322
-0.121193610062
-0.156499559631
-0.900632796881
-0.40542379434
-0.0352443771617
-0.933535307615
-0.356748739752
0.0604191379966
-0.894392438736
-0.443183588702
0.0837416709959
-0.949308685131
-0.302985730478
0.179823290771
-0.906521768184
-0.381944849297
0.197408991357
-0.948948495732
-0.246021223839
0.275022287196
-0.84643156566
-0.455978449272
0.293236591879
-0.902489431322
-0.315476033219
-0.04702640318
-0.972456193846
-0.228292506349
0.0766780723305
-0.981461155942
-0.175654412415
0.655989479091
-0.636639105227
-0.405423794341
0.694346334922
-0.664038813658
-0.277372711592
0.577231586375
-0.734529803588
-0.356748739777
0.6096405686
-0.759092160849
-0.228292506349
0.49024121002
-0.817228978393
-0.302985730479
0.631180162117
-0.769920755862
-0.0939874068311
0.514854529549
-0.839088994566
-0.175654412415
0.398070702126
-0.883749553623
-0.246021223839
0.476830575826
-0.759092160849
-0.443183588702
0.387360028002
-0.839088994566
-0.381944849297
0.110134537605
-0.0800174253711
0.990690463901
0.21688097767
-0.157573253774
0.963396756907
0.176539533992
-0.284390989538
0.942313938137
0.317288990363
-0.230523945166
0.919883909686
0.280628228451
-0.353767118044
0.892242469056
0.409153102853
-0.297267129688
0.862685337787
0.238040008726
-0.473669988156
0.847923166664
0.377325560826
-0.415297509711
0.827739934747
0.491123473188
-0.356822089773
0.794654472292
0.325025619958
-0.0800174253724
0.942313938137
0.42317141456
-0.157573253798
0.892242469056
0.524045336847
-0.0800174253724
0.847923166664
0.511571413519
-0.230523945166
0.827739934747
0.334700984809
-0.771161882937
0.54155756949
0.458918205339
-0.736469735214
0.496997394281
0.386165170512
-0.678576427266
0.624828371188
0.506523907101
-0.638611715735
0.579317363853
0.429642699666
-0.576313106632
0.695176491079
0.619033718446
-0.58632601904
0.522512253277
0.544280408721
-0.530308411332
0.650024480733
0.464614635661
-0.467960176159
0.751762272171
0.651950807968
-0.473669988156
0.592112224422
0.571607983983
-0.415297509711
0.70766679382
0.291632824747
-0.638611715735
0.712127356626
0.337989971839
-0.530308411332
0.77751898228
0.836846826226
-0.0800174253724
0.54155756949
0.764696133288
-0.157573253798
0.624828371173
0.697475332597
-0.0800174253724
0.712127356626
0.680873231194
-0.230523945166
0.695176491078
0.60879791547
-0.157573253798
0.77751898228
0.588630393157
-0.297267129688
0.75176227217
0.842237865207
-0.20887548561
0.496997394281
0.763880328984
-0.284390989538
0.579317363853
0.748921120172
-0.407551347607
0.522512253277
0.672545166244
-0.353767118044
0.650024480733
0.766124016696
-0.556621679855
-0.321288494281
0.794112564053
-0.576956549789
-0.191066415858
0.719775106205
-0.679074735476
-0.144157206289
0.807530200383
-0.586705033226
-0.0605985103538
0.731735507227
-0.681515740768
-0.00997208849565
0.807223804979
-0.586482423935
0.0665439335354
0.640967767043
-0.766414140287
0.04206765003
0.730598723169
-0.671965486156
0.121193610062
0.794654472292
-0.57735026919
0.187592474085
0.846103258276
-0.455163328048
-0.277372711592
0.868261192172
-0.474701171311
-0.144157206289
0.9272835485
-0.362369408255
-0.0939874068311
0.874278693336
-0.485321876522
-0.00997208849565
0.926973095164
-0.372761577504
0.04206765003
0.864844575861
-0.487191921611
0.121193610062
0.402767872384
-0.82061537151
0.40542379434
0.52020498623
-0.775962053832
0.356748739752
0.574590794676
-0.688065204308
0.443183588702
0.625738079966
-0.718784739965
0.302985730478
0.678320224439
-0.627694037898
0.381944849297
0.717485159827
-0.651681366044
0.246021223839
0.720017695543
-0.523123476729
0.455978449272
0.767703364283
-0.557769143045
0.315476033219
0.533550249886
-0.814375013364
0.228292506349
0.638922256772
-0.748948514386
0.175654412415
0.904913713801
-0.129470913944
0.405423794341
0.952050206552
-0.129092149524
0.277372711592
0.898735948985
-0.254958880349
0.356748739777
0.939392757735
-0.255780723001
0.228292506349
0.876968611494
-0.3729955785
0.302985730479
0.963183543395
-0.251880584982
0.0939874068311
0.909730200403
-0.376213356852
0.175654412415
0.841500917322
-0.480988319573
0.246021223839
0.831947216559
-0.333844478111
0.443183588702
0.806584981962
-0.45115274461
0.381944849297
0.136133775149
8.48786319008e-13
-0.990690463901
0.268079631416
1.48335926875e-11
-0.963396756907
0.309984312714
-0.126309809056
-0.942313938137
0.3921907606
3.70509178893e-13
-0.919883909686
0.434972100651
-0.121254476488
-0.892242469056
0.505741048331
7.82152120848e-14
-0.862685337787
0.470994645892
-0.243290663559
-0.847923166664
0.549368542643
-0.114196343111
-0.827739934747
0.607061998207
-5.27355936697e-16
-0.794654472292
0.309984312714
0.126309809056
-0.942313938137
0.434972100651
0.121254476488
-0.892242469056
0.470994645892
0.243290663559
-0.847923166664
0.549368542643
0.114196343111
-0.827739934747
0.724056366665
-0.427150765912
-0.54155756949
0.804158676266
-0.326071178524
-0.496997394281
0.71127140208
-0.321997669464
-0.624828371188
0.785152997352
-0.218920448309
-0.579317363853
0.68633659032
-0.213709454727
-0.695176491079
0.84544258534
-0.110488823273
-0.522512253277
0.752039563708
-0.10910851967
-0.650024480733
0.650941226291
-0.105494104362
-0.751762272171
0.805855516634
-4.16333634234e-16
-0.592112224422
0.706546324685
-4.4408920985e-16
-0.70766679382
0.611302459788
-0.345230257366
-0.712127356626
0.585147094494
-0.230362996158
-0.77751898228
0.724056366666
0.427150765911
-0.54155756949
0.711271402101
0.32199766945
-0.624828371173
0.611302459788
0.345230257366
-0.712127356626
0.68633659032
0.213709454727
-0.695176491078
0.585147094494
0.230362996158
-0.77751898228
0.650941226292
0.105494104362
-0.75176227217
0.804158676266
0.326071178524
-0.496997394281
0.785152997352
0.218920448309
-0.579317363853
0.84544258534
0.110488823273
-0.522512253277
0.752039563708
0.10910851967
-0.650024480733
0.946981363831
8.48598968872e-13
0.321288494281
0.981577110945
1.48334122763e-11
0.191066415858
0.981460407765
-0.126309809056
0.144157206289
0.998162221557
3.70370401015e-13
0.0605985103538
0.992571362363
-0.121254476488
0.00997208849565
0.99778349601
7.82152120848e-14
-0.0665439335354
0.969040745194
-0.243290663559
-0.04206765003
0.986038185924
-0.114196343111
-0.121193610062
0.982246946377
-6.10622663544e-16
-0.187592474085
0.981460407765
0.126309809056
0.144157206289
0.992571362363
0.121254476488
0.00997208849565
0.969040745194
0.243290663559
-0.04206765003
0.986038185924
0.114196343111
-0.121193610062
0.808191666725
-0.427150765912
-0.40542379434
0.876953726
-0.321997669464
-0.356748739752
0.869288297412
-0.218920448309
-0.443183588702
0.928723810445
-0.213709454727
-0.302985730478
0.917721887628
-0.10910851967
-0.381944849297
0.963506383666
-0.105494104362
-0.246021223839
0.889990816694
-4.99600361081e-16
-0.455978449272
0.948933544809
-6.10622663544e-16
-0.315476033219
0.910328842202
-0.345230257366
-0.228292506349
0.957119855295
-0.230362996158
-0.175654412415
0.808191666725
0.427150765911
-0.405423794341
0.876953725995
0.32199766945
-0.356748739777
0.910328842202
0.345230257366
-0.228292506349
0.928723810445
0.213709454727
-0.302985730479
0.957119855295
0.230362996158
-0.175654412415
0.963506383666
0.105494104362
-0.246021223839
0.869288297412
0.218920448309
-0.443183588702
0.917721887628
0.10910851967
-0.381944849297
