0.0
0.0
1.0
0.091925841196
0.066788033052
0.993523526828
0.183479407965
0.0
0.983023553559
0.181870569247
0.13213670316
0.974403914052
0.272656374952
0.066788033052
0.959790529146
0.268034881125
0.194738740126
0.943522191363
0.360729161031
0.0
0.932670613015
0.357566108308
0.13213670316
0.924492493138
0.348943944405
0.253522615501
0.902199760082
0.444129439764
0.066788033052
0.893469864839
0.436601497441
0.194738740126
0.878325654599
0.423526062924
0.307709696433
0.852021371061
0.525731112119
0.0
0.850650808352
0.521121240211
0.13213670316
0.843191878921
0.508555192586
0.253522615501
0.82285958676
0.491123473188
0.356822089773
0.794654472292
0.0566982551791
0.174499286551
0.983023553559
0.14777464753
0.238672984874
0.959790529146
0.111471441125
0.343073819216
0.932670613015
0.236163476661
0.299233090455
0.924492493138
0.200762738634
0.401753560532
0.893469864839
0.320124830251
0.355055119004
0.878325654599
0.162459848116
0.5
0.850650808352
0.286704791937
0.454783264426
0.843191878921
0.398266532587
0.405321933157
0.82285958676
0.894427191
-1.66533453694e-16
0.4472135955
0.847523971333
0.0667880330514
0.526538200568
0.85388676514
0.174499286551
0.490333958963
0.790198364552
0.132136703148
0.598436660258
0.792375915487
0.238672984874
0.561405036357
0.72404306036
0.194738740126
0.661693637448
0.784354412546
0.343073819216
0.516806066226
0.721275706214
0.299233090455
0.624676646916
0.650899521125
0.2535226155
0.715580950577
0.709359915264
0.401753560532
0.579139523099
0.64243417168
0.355055119004
0.679127526704
0.572664468202
0.307709696433
0.759848767572
0.688190960236
0.5
0.525731112119
0.625955462888
0.454783264426
0.633523433567
0.557877780768
0.405321933157
0.724214410398
0.797188509961
3.75216157767e-17
0.603730469321
0.736527109154
0.066788033052
0.673102649023
0.672882971421
5.28459587731e-17
0.739748948476
0.666982798812
0.13213670316
0.733262461719
0.600523017827
0.066788033052
0.796813317974
0.590344222554
0.194738740126
0.783307424956
0.27639320225
0.850650808352
0.4472135955
0.325418504327
0.785404558418
0.526538200568
0.246344797298
0.758171327114
0.603730469321
0.369854196157
0.71069081692
0.59843666025
0.291118587591
0.679840269355
0.673102649023
0.408949158083
0.628428290471
0.661693637448
0.207932273395
0.639949734674
0.739748948476
0.331778492371
0.59350585021
0.733262461719
0.442253349159
0.540699434372
0.715580950577
0.249091012066
0.550492692056
0.796813317974
0.367633945073
0.501273139555
0.783307424956
0.469612364669
0.449548748602
0.759848767572
0.429824205264
0.758171327114
0.490333958963
0.471849121347
0.679840269355
0.561405036357
0.568661434425
0.639949734674
0.516806066226
0.507474031418
0.59350585021
0.624676646916
0.601294610634
0.550492692056
0.579139523099
0.536200561389
0.501273139555
0.679127526704
0.72360679775
0.525731112119
-0.4472135955
0.760030863698
0.552194745074
-0.342686518176
0.828418460244
0.468575649452
-0.306854550998
0.786420287148
0.571367783509
-0.23469552175
0.85096304963
0.486952426434
-0.196822820208
0.802607914405
0.58312878313
-0.125623875198
0.905102920136
0.39551068712
-0.156076905195
0.862432339551
0.498943491112
-0.0852399693484
0.808890355329
0.58769324364
-0.0176930617654
0.912406493253
0.407011227301
-0.0430842421386
0.863009898809
0.504542578019
0.0255088518627
0.805935069316
0.585546102669
0.0872033582766
0.951056516295
0.309016994375
5.55111512313e-17
0.90798299172
0.413208218089
0.069468375904
0.853342622669
0.504025346578
0.133284726595
0.794654472292
0.57735026919
0.187592474085
0.701637307458
0.643074936003
-0.306854550998
0.726081322207
0.658837378256
-0.196822820208
0.65584520023
0.738584506336
-0.156076905195
0.741029707904
0.666039878407
-0.0852399693484
0.669039792123
0.741976754781
-0.0430842421386
0.746533231619
0.664858956896
0.0255088518627
0.587785252292
0.809016994375
5.55111512313e-17
0.673566543446
0.735854779355
0.069468375904
0.74305396267
0.655824664234
0.133284726595
0.904337265637
0.108065307519
0.41291161196
0.902600557908
0.213801676862
0.373632273546
0.849189209791
0.279950259342
0.447778447749
0.889697727066
0.31509390045
0.330384304036
0.83367789957
0.380898064169
0.399872260204
0.866558738937
0.410208208797
0.284262514954
0.766173209568
0.443030835
0.465512934492
0.808088838386
0.475410279328
0.347818193292
0.834417970211
0.497884747496
0.236341763555
0.738357656244
0.53644823814
0.408719046855
0.773536998579
0.562007526453
0.292895974775
0.945626469122
0.107846490101
0.306854550998
0.939554476669
0.214296049901
0.267047913994
0.964718993062
0.212031280926
0.156076905195
0.921525669094
0.31707292362
0.224176721156
0.942275008852
0.315085388562
0.113309335924
0.892372146544
0.41417487155
0.179251576976
0.38223179863
0.826681832886
0.412911611961
0.39478275646
0.866017817215
0.306854550998
0.482256389503
0.792355790627
0.373632273558
0.494145955106
0.827348286204
0.267047913994
0.574603824788
0.748783450795
0.330384304037
0.499768295035
0.8519810156
0.156076905195
0.586321362652
0.77844207067
0.224176721156
0.65791256697
0.697385027668
0.284262514955
0.590843003092
0.798790047566
0.113309335924
0.669661869062
0.720709270979
0.179251576976
0.731365866677
0.639723799666
0.236341763555
0.528662415651
0.721117543823
0.447778447749
0.619876224774
0.675170823924
0.399872260204
0.658107904938
0.591769966523
0.465512934492
0.701855228095
0.62162829988
0.347818193292
0.0
0.0
-1.0
0.0351125468922
0.10806530752
-0.993523526828
0.148437959162
0.107846490101
-0.983023553559
0.0694683758938
0.213801676867
-0.974403914052
0.181326620104
0.214296049901
-0.959790529146
0.102380214419
0.31509390045
-0.943522191363
0.29183602164
0.212031280926
-0.932670613015
0.21160905283
0.31707292362
-0.924492493138
0.133284726594
0.410208208797
-0.902199760082
0.320051243614
0.315085388562
-0.893469864839
0.238753471703
0.41417487155
-0.878325654599
0.161772560916
0.497884747497
-0.852021371061
0.425325404176
0.309016994375
-0.850650808352
0.343927934057
0.413208218089
-0.843191878921
0.262412938866
0.504025346578
-0.82285958676
0.187592474085
0.57735026919
-0.794654472292
-0.0566982551791
0.174499286551
-0.983023553559
-0.0207362594403
0.279950259342
-0.959790529146
-0.111471441125
0.343073819216
-0.932670613015
0.0151754685023
0.380898064169
-0.924492493138
-0.0737243505447
0.443030835
-0.893469864839
0.0502902652933
0.475410279328
-0.878325654599
-0.162459848116
0.5
-0.850650808352
-0.0353658467731
0.53644823814
-0.843191878921
0.0839621384135
0.562007526453
-0.82285958676
0.646404275091
0.552194745073
-0.526538200568
0.588240797099
0.643074936003
-0.490333958963
0.561615900453
0.571367783497
-0.598436660258
0.500757120933
0.658837378256
-0.561405036357
0.471298580994
0.583128783129
-0.661693637448
0.43290231798
0.738584506336
-0.516806066226
0.407639506389
0.666039878407
-0.624676646916
0.377571919707
0.58769324364
-0.715580950577
0.33773940864
0.741976754781
-0.579139523099
0.311043999955
0.664858956896
-0.679127526704
0.282428065299
0.585546102669
-0.759848767572
0.26286555606
0.809016994375
-0.525731112119
0.23909371138
0.735854779355
-0.633523433567
0.213090350685
0.655824664234
-0.724214410398
0.644939052279
0.468575649452
-0.603730469321
0.556605927266
0.486952426434
-0.673102649023
0.544373759105
0.39551068712
-0.739748948476
0.461932413791
0.498943491112
-0.733262461719
0.446576306078
0.407011227301
-0.796813317974
0.363133949081
0.504542578019
-0.783307424956
-0.27639320225
0.850650808352
-0.4472135955
-0.198380116237
0.826681832886
-0.526538200568
-0.246344797298
0.758171327114
-0.603730469321
-0.118515250993
0.792355790634
-0.59843666025
-0.164080199502
0.721117543823
-0.673102649023
-0.0385340625383
0.748783450796
-0.661693637448
-0.207932273395
0.639949734674
-0.739748948476
-0.0804395472069
0.675170823924
-0.733262461719
0.039975321842
0.697385027668
-0.715580950577
-0.122052623977
0.591769966523
-0.796813317974
0.00278115047179
0.62162829988
-0.783307424956
0.115686259171
0.639723799666
-0.759848767572
-0.0979068381365
0.866017817215
-0.490333958963
-0.0178661262909
0.827348286204
-0.561405036357
0.0839037482458
0.8519810156
-0.516806066226
0.0617011297186
0.77844207067
-0.624676646916
0.162886072744
0.798790047566
-0.579139523099
0.139154407756
0.720709270979
-0.679127526704
0.290305957433
0.893469865938
0.342686518176
0.300385820243
0.924492493786
0.23469552175
0.402220113909
0.894136319256
0.196822820208
0.306568943663
0.943522190922
0.125623875198
0.404450793392
0.91057877383
0.0852399693484
0.308968622564
0.950907643169
0.0176930617654
0.498917161895
0.865578080618
0.0430842421386
0.401626987937
0.915448011105
-0.0255088518627
0.307839803753
0.947433496099
-0.0872033582766
0.491695974186
0.867991482515
-0.069468375904
0.394110018264
0.909347279735
-0.133284726595
0.303530999103
0.934172358963
-0.187592474085
0.189646542119
0.932670613665
0.306854550998
0.200157234365
0.959790528697
0.196822820208
0.0964608322695
0.98302355389
0.156076905195
0.208017209065
0.97440391438
0.0852399693484
0.105141567736
0.993523527056
0.0430842421386
0.213163781527
0.976683418883
-0.0255088518627
3.33066907388e-16
1.0
-5.55111512313e-17
0.112402193356
0.991231502565
-0.069468375904
0.215659217811
0.96732945961
-0.133284726595
0.668105022502
0.618982778125
-0.41291161196
0.604549717905
0.703504486657
-0.373632273546
0.522457868344
0.725625411308
-0.447778447749
0.534573033281
0.777867523255
-0.330384304036
0.450573323841
0.798176581567
-0.399872260204
0.459946410924
0.841215859141
-0.284262514954
0.359440156051
0.808764787833
-0.465512934492
0.374318452242
0.859597697022
-0.347818193292
0.382409006392
0.893255799102
-0.236341763555
0.282027528832
0.867991482515
-0.408719046855
0.295464841902
0.909347279735
-0.292895974775
0.63415548101
0.725625411308
-0.267047913994
0.559159138645
0.798176581567
-0.224176721156
0.577113950926
0.808764787833
-0.113309335924
0.478498350494
0.859597697022
-0.179251576976
-0.176679368826
0.893469865938
-0.412911611961
-0.189646542119
0.932670613665
-0.306854550998
-0.0755814335452
0.924492493782
-0.373632273558
-0.0865306457576
0.959790528697
-0.267047913994
0.0247403897482
0.943522190921
-0.330384304037
-0.0964608322695
0.98302355389
-0.156076905195
0.0167871776467
0.97440391438
-0.224176721156
0.122349813059
0.950907643168
-0.284262514955
0.00848502087148
0.993523527056
-0.113309335924
0.118145551884
0.976683418883
-0.179251576976
0.215667200264
0.947433496099
-0.236341763555
0.00383462112034
0.894136319256
-0.447778447749
0.104634947171
0.91057877383
-0.399872260204
0.184586820155
0.865578080618
-0.465512934492
0.202428860042
0.915448011105
-0.347818193292
-0.0351125468929
0.108065307519
0.993523526828
-0.0694683759079
0.213801676862
0.974403914052
0.0207362594403
0.279950259342
0.959790529146
-0.102380214419
0.31509390045
0.943522191363
-0.0151754685023
0.380898064169
0.924492493138
-0.133284726595
0.410208208797
0.902199760082
0.0737243505447
0.443030835
0.893469864839
-0.0502902652933
0.475410279328
0.878325654599
-0.161772560916
0.497884747496
0.852021371061
0.0353658467731
0.53644823814
0.843191878921
-0.0839621384135
0.562007526453
0.82285958676
-0.187592474085
0.57735026919
0.794654472292
-0.148437959162
0.107846490101
0.983023553559
-0.181326620104
0.214296049901
0.959790529146
-0.29183602164
0.212031280926
0.932670613015
-0.21160905283
0.31707292362
0.924492493138
-0.320051243614
0.315085388562
0.893469864839
-0.238753471703
0.41417487155
0.878325654599
-0.425325404176
0.309016994375
0.850650808352
-0.343927934057
0.413208218089
0.843191878921
-0.262412938866
0.504025346578
0.82285958676
0.198380116238
0.826681832886
0.526538200568
0.0979068381365
0.866017817215
0.490333958963
0.118515251003
0.792355790627
0.598436660258
0.0178661262909
0.827348286204
0.561405036357
0.0385340625387
0.748783450795
0.661693637448
-0.0839037482458
0.8519810156
0.516806066226
-0.0617011297186
0.77844207067
0.624676646916
-0.0399753218416
0.697385027668
0.715580950577
-0.162886072744
0.798790047566
0.579139523099
-0.139154407756
0.720709270979
0.679127526704
-0.115686259171
0.639723799666
0.759848767572
-0.26286555606
0.809016994375
0.525731112119
-0.23909371138
0.735854779355
0.633523433567
-0.213090350685
0.655824664234
0.724214410398
0.164080199502
0.721117543823
0.673102649023
0.0804395472069
0.675170823924
0.733262461719
0.122052623977
0.591769966523
0.796813317974
-0.00278115047179
0.62162829988
0.783307424956
-0.72360679775
0.525731112119
0.4472135955
-0.646404275091
0.552194745074
0.526538200568
-0.644939052279
0.468575649452
0.603730469321
-0.561615900449
0.571367783509
0.59843666025
-0.556605927266
0.486952426434
0.673102649023
-0.471298580994
0.58312878313
0.661693637448
-0.544373759105
0.39551068712
0.739748948476
-0.461932413791
0.498943491112
0.733262461719
-0.377571919707
0.58769324364
0.715580950577
-0.446576306078
0.407011227301
0.796813317974
-0.363133949081
0.504542578019
0.783307424956
-0.282428065299
0.585546102669
0.759848767572
-0.588240797099
0.643074936003
0.490333958963
-0.500757120933
0.658837378256
0.561405036357
-0.43290231798
0.738584506336
0.516806066226
-0.407639506389
0.666039878407
0.624676646916
-0.33773940864
0.741976754781
0.579139523099
-0.311043999955
0.664858956896
0.679127526704
-0.290305957434
0.893469865938
-0.342686518176
-0.300385820257
0.924492493782
-0.23469552175
-0.200157234365
0.959790528697
-0.196822820208
-0.306568943664
0.943522190921
-0.125623875198
-0.208017209065
0.97440391438
-0.0852399693484
-0.308968622564
0.950907643168
-0.0176930617654
-0.105141567736
0.993523527056
-0.0430842421386
-0.213163781527
0.976683418883
0.0255088518627
-0.307839803753
0.947433496099
0.0872033582766
-0.112402193356
0.991231502565
0.069468375904
-0.215659217811
0.96732945961
0.133284726595
-0.303530999103
0.934172358963
0.187592474085
-0.39478275646
0.866017817215
-0.306854550998
-0.402220113909
0.894136319256
-0.196822820208
-0.499768295035
0.8519810156
-0.156076905195
-0.404450793392
0.91057877383
-0.0852399693484
-0.498917161895
0.865578080618
-0.0430842421386
-0.401626987937
0.915448011105
0.0255088518627
-0.587785252292
0.809016994375
5.55111512313e-17
-0.491695974186
0.867991482515
0.069468375904
-0.394110018264
0.909347279735
0.133284726595
0.176679368827
0.893469865938
0.41291161196
0.0755814335515
0.924492493786
0.373632273546
-0.00383462112034
0.894136319256
0.447778447749
-0.0247403897479
0.943522190922
0.330384304036
-0.104634947171
0.91057877383
0.399872260204
-0.122349813058
0.950907643169
0.284262514954
-0.184586820155
0.865578080618
0.465512934492
-0.202428860042
0.915448011105
0.347818193292
-0.215667200264
0.947433496099
0.236341763555
-0.282027528832
0.867991482515
0.408719046855
-0.295464841902
0.909347279735
0.292895974775
0.0865306457576
0.959790528697
0.267047913994
-0.0167871776467
0.97440391438
0.224176721156
-0.00848502087148
0.993523527056
0.113309335924
-0.118145551884
0.976683418883
0.179251576976
-0.668105022502
0.618982778125
0.412911611961
-0.701637307458
0.643074936003
0.306854550998
-0.604549717897
0.703504486657
0.373632273558
-0.63415548101
0.725625411308
0.267047913994
-0.534573033281
0.777867523255
0.330384304037
-0.65584520023
0.738584506336
0.156076905195
-0.559159138645
0.798176581567
0.224176721156
-0.459946410924
0.841215859141
0.284262514955
-0.577113950926
0.808764787833
0.113309335924
-0.478498350494
0.859597697022
0.179251576976
-0.382409006392
0.893255799102
0.236341763555
-0.522457868344
0.725625411308
0.447778447749
-0.450573323841
0.798176581567
0.399872260204
-0.359440156051
0.808764787833
0.465512934492
-0.374318452242
0.859597697022
0.347818193292
-0.0919258411964
0.0667880330514
-0.993523526828
-0.181870569256
0.132136703148
-0.974403914052
-0.14777464753
0.238672984874
-0.959790529146
-0.268034881125
0.194738740126
-0.943522191363
-0.236163476661
0.299233090455
-0.924492493138
-0.348943944406
0.2535226155
-0.902199760082
-0.200762738634
0.401753560532
-0.893469864839
-0.320124830251
0.355055119004
-0.878325654599
-0.423526062924
0.307709696433
-0.852021371061
-0.286704791937
0.454783264426
-0.843191878921
-0.398266532587
0.405321933157
-0.82285958676
-0.491123473188
0.356822089773
-0.794654472292
-0.183479407965
1.87350135405e-16
-0.983023553559
-0.272656374952
0.066788033052
-0.959790529146
-0.360729161031
1.94289029309e-16
-0.932670613015
-0.357566108308
0.13213670316
-0.924492493138
-0.444129439764
0.066788033052
-0.893469864839
-0.436601497441
0.194738740126
-0.878325654599
-0.525731112119
2.77555756156e-16
-0.850650808352
-0.521121240211
0.13213670316
-0.843191878921
-0.508555192586
0.253522615501
-0.82285958676
-0.325418504326
0.785404558418
-0.526538200568
-0.429824205264
0.758171327114
-0.490333958963
-0.369854196144
0.71069081692
-0.598436660258
-0.471849121347
0.679840269355
-0.561405036357
-0.408949158082
0.628428290471
-0.661693637448
-0.568661434425
0.639949734674
-0.516806066226
-0.507474031418
0.59350585021
-0.624676646916
-0.442253349158
0.540699434372
-0.715580950577
-0.601294610634
0.550492692056
-0.579139523099
-0.536200561389
0.501273139555
-0.679127526704
-0.469612364669
0.449548748602
-0.759848767572
-0.688190960236
0.5
-0.525731112119
-0.625955462888
0.454783264426
-0.633523433567
-0.557877780768
0.405321933157
-0.724214410398
-0.291118587591
0.679840269355
-0.673102649023
-0.331778492371
0.59350585021
-0.733262461719
-0.249091012066
0.550492692056
-0.796813317974
-0.367633945073
0.501273139555
-0.783307424956
-0.894427191
2.22044604925e-16
-0.4472135955
-0.847523971333
0.066788033052
-0.526538200568
-0.797188509961
1.38777878078e-16
-0.603730469321
-0.790198364556
0.13213670316
-0.59843666025
-0.736527109154
0.066788033052
-0.673102649023
-0.72404306036
0.194738740126
-0.661693637448
-0.672882971421
2.77555756156e-17
-0.739748948476
-0.666982798812
0.13213670316
-0.733262461719
-0.650899521126
0.253522615501
-0.715580950577
-0.600523017827
0.066788033052
-0.796813317974
-0.590344222554
0.194738740126
-0.783307424956
-0.572664468202
0.307709696433
-0.759848767572
-0.85388676514
0.174499286551
-0.490333958963
-0.792375915487
0.238672984874
-0.561405036357
-0.784354412546
0.343073819216
-0.516806066226
-0.721275706214
0.299233090455
-0.624676646916
-0.709359915264
0.401753560532
-0.579139523099
-0.64243417168
0.355055119004
-0.679127526704
-0.760030863698
0.552194745073
0.342686518176
-0.786420287157
0.571367783497
0.23469552175
-0.726081322207
0.658837378256
0.196822820208
-0.802607914406
0.583128783129
0.125623875198
-0.741029707904
0.666039878407
0.0852399693484
-0.80889035533
0.58769324364
0.0176930617654
-0.669039792123
0.741976754781
0.0430842421386
-0.746533231619
0.664858956896
-0.0255088518627
-0.805935069316
0.585546102669
-0.0872033582766
-0.673566543446
0.735854779355
-0.069468375904
-0.74305396267
0.655824664234
-0.133284726595
-0.794654472292
0.57735026919
-0.187592474085
-0.828418460244
0.468575649452
0.306854550998
-0.85096304963
0.486952426434
0.196822820208
-0.905102920136
0.39551068712
0.156076905195
-0.862432339551
0.498943491112
0.0852399693484
-0.912406493253
0.407011227301
0.0430842421386
-0.863009898809
0.504542578019
-0.0255088518627
-0.951056516295
0.309016994375
-5.55111512313e-17
-0.90798299172
0.413208218089
-0.069468375904
-0.853342622669
0.504025346578
-0.133284726595
-0.38223179863
0.826681832886
-0.41291161196
-0.4822563895
0.792355790634
-0.373632273546
-0.528662415651
0.721117543823
-0.447778447749
-0.574603824788
0.748783450796
-0.330384304036
-0.619876224774
0.675170823924
-0.399872260204
-0.657912566969
0.697385027668
-0.284262514954
-0.658107904938
0.591769966523
-0.465512934492
-0.701855228095
0.62162829988
-0.347818193292
-0.731365866677
0.639723799666
-0.236341763555
-0.738357656244
0.53644823814
-0.408719046855
-0.773536998579
0.562007526453
-0.292895974775
-0.494145955106
0.827348286204
-0.267047913994
-0.586321362652
0.77844207067
-0.224176721156
-0.590843003092
0.798790047566
-0.113309335924
-0.669661869062
0.720709270979
-0.179251576976
-0.904337265636
0.10806530752
-0.412911611961
-0.945626469122
0.107846490101
-0.306854550998
-0.902600557902
0.213801676867
-0.373632273558
-0.939554476669
0.214296049901
-0.267047913994
-0.889697727065
0.31509390045
-0.330384304037
-0.964718993062
0.212031280926
-0.156076905195
-0.921525669094
0.31707292362
-0.224176721156
-0.866558738937
0.410208208797
-0.284262514955
-0.942275008852
0.315085388562
-0.113309335924
-0.892372146544
0.41417487155
-0.179251576976
-0.834417970211
0.497884747497
-0.236341763555
-0.849189209791
0.279950259342
-0.447778447749
-0.83367789957
0.380898064169
-0.399872260204
-0.766173209568
0.443030835
-0.465512934492
-0.808088838386
0.475410279328
-0.347818193292
-0.113626588607
-3.79793418936e-13
0.993523526828
-0.224804386702
-7.3980682691e-12
0.974403914052
-0.259840661819
0.106230742381
0.959790529146
-0.331309333411
-2.92516011413e-13
0.943522191363
-0.366945063637
0.103271246746
0.924492493138
-0.431318435622
-3.23546744951e-13
0.902199760082
-0.398565285329
0.207020081042
0.893469864839
-0.467682590696
0.0990809710995
0.878325654599
-0.523507004017
-4.40758540776e-14
0.852021371061
-0.499263944865
0.199406541216
0.843191878921
-0.560446647894
0.0938171377804
0.82285958676
-0.607061998207
4.4408920985e-16
0.794654472292
-0.148437959162
-0.107846490101
0.983023553559
-0.259840661819
-0.106230742381
0.959790529146
-0.29183602164
-0.212031280926
0.932670613015
-0.366945063637
-0.103271246746
0.924492493138
-0.398565285329
-0.207020081042
0.893469864839
-0.467682590696
-0.0990809710995
0.878325654599
-0.425325404176
-0.309016994375
0.850650808352
-0.499263944865
-0.199406541216
0.843191878921
-0.560446647894
-0.0938171377804
0.82285958676
-0.724918316805
0.444129437554
0.526538200568
-0.79337701144
0.36072915935
0.490333958963
-0.716951911247
0.357566106642
0.598436660258
-0.781334042192
0.272656376534
0.561405036357
-0.700227699986
0.268034882679
0.661693637448
-0.836209780746
0.183479406194
0.516806066226
-0.759409101524
0.181870567492
0.624676646916
-0.675605628735
0.177485034844
0.715580950577
-0.810029044514
0.0919258387385
0.579139523099
-0.728436325358
0.0903677064688
0.679127526704
-0.644162508401
0.0876613551728
0.759848767572
-0.850650808352
5.55111512313e-16
0.525731112119
-0.773723503017
3.88578058619e-16
0.633523433567
-0.689574860165
2.77555756156e-16
0.724214410398
-0.635119968981
0.378887118914
0.673102649023
-0.617268424599
0.285141814238
0.733262461719
-0.525090347793
0.298945919781
0.796813317974
-0.592063068074
0.189448677568
0.783307424956
-0.72360679775
-0.525731112119
0.4472135955
-0.724918316806
-0.444129437554
0.526538200568
-0.644939052279
-0.468575649452
0.603730469321
-0.716951911257
-0.357566106635
0.59843666025
-0.635119968981
-0.378887118914
0.673102649023
-0.700227699987
-0.268034882679
0.661693637448
-0.544373759105
-0.39551068712
0.739748948476
-0.617268424599
-0.285141814238
0.733262461719
-0.675605628735
-0.177485034843
0.715580950577
-0.525090347793
-0.298945919781
0.796813317974
-0.592063068074
-0.189448677568
0.783307424956
-0.644162508401
-0.0876613551728
0.759848767572
-0.79337701144
-0.36072915935
0.490333958963
-0.781334042192
-0.272656376534
0.561405036357
-0.836209780746
-0.183479406194
0.516806066226
-0.759409101524
-0.181870567492
0.624676646916
-0.810029044514
-0.0919258387385
0.579139523099
-0.728436325358
-0.0903677064688
0.679127526704
-0.939449812529
-3.79585252119e-13
-0.342686518176
-0.972068933806
-7.39797112459e-12
-0.23469552175
-0.974667023562
0.106230742381
-0.196822820208
-0.992077941485
-2.92432744686e-13
-0.125623875198
-0.990994044998
0.103271246746
-0.0852399693484
-0.999843465531
-3.23463478225e-13
-0.0176930617654
-0.977387555745
0.207020081042
-0.0430842421386
-0.994752360964
0.0990809710995
0.0255088518627
-0.996190531126
-4.39093206239e-14
0.0872033582766
-0.977451367624
0.199406541216
0.069468375904
-0.986627349264
0.0938171377804
0.133284726595
-0.982246946377
5.55111512313e-16
0.187592474085
-0.945626469122
-0.107846490101
-0.306854550998
-0.974667023562
-0.106230742381
-0.196822820208
-0.964718993062
-0.212031280926
-0.156076905195
-0.990994044998
-0.103271246746
-0.0852399693484
-0.977387555745
-0.207020081042
-0.0430842421386
-0.994752360964
-0.0990809710995
0.0255088518627
-0.951056516295
-0.309016994375
5.55111512313e-17
-0.977451367624
-0.199406541216
0.069468375904
-0.986627349264
-0.0938171377804
0.133284726595
-0.795143410591
0.444129437554
0.41291161196
-0.855888663055
0.357566106642
0.373632273546
-0.851559135977
0.272656376534
0.447778447749
-0.904988128825
0.268034882679
0.330384304036
-0.898345853332
0.181870567492
0.399872260204
-0.942175081924
0.177485034844
0.284262514954
-0.880254138299
0.0919258387385
0.465512934492
-0.933196754196
0.0903677064688
0.347818193292
-0.967707630232
0.0876613551728
0.236341763555
-0.912660254825
4.4408920985e-16
0.408719046855
-0.956144313355
2.77555756156e-16
0.292895974775
-0.886075596522
0.378887118914
0.267047913994
-0.931900715455
0.285141814238
0.224176721156
-0.947519040146
0.298945919781
0.113309335924
-0.965390113228
0.189448677568
0.179251576976
-0.795143410591
-0.444129437554
0.412911611961
-0.828418460244
-0.468575649452
0.306854550998
-0.855888663052
-0.357566106635
0.373632273558
-0.886075596522
-0.378887118914
0.267047913994
-0.904988128825
-0.268034882679
0.330384304037
-0.905102920136
-0.39551068712
0.156076905195
-0.931900715455
-0.285141814238
0.224176721156
-0.942175081924
-0.177485034843
0.284262514955
-0.947519040146
-0.298945919781
0.113309335924
-0.965390113228
-0.189448677568
0.179251576976
-0.967707630232
-0.0876613551728
0.236341763555
-0.851559135977
-0.272656376534
0.447778447749
-0.898345853332
-0.181870567492
0.399872260204
-0.880254138299
-0.0919258387385
0.465512934492
-0.933196754196
-0.0903677064688
0.347818193292
-0.091925841196
-0.066788033052
-0.993523526828
-0.181870569247
-0.13213670316
-0.974403914052
-0.272656374952
-0.066788033052
-0.959790529146
-0.268034881125
-0.194738740126
-0.943522191363
-0.357566108308
-0.13213670316
-0.924492493138
-0.348943944405
-0.253522615501
-0.902199760082
-0.444129439764
-0.066788033052
-0.893469864839
-0.436601497441
-0.194738740126
-0.878325654599
-0.423526062924
-0.307709696433
-0.852021371061
-0.521121240211
-0.13213670316
-0.843191878921
-0.508555192586
-0.253522615501
-0.82285958676
-0.491123473188
-0.356822089773
-0.794654472292
-0.0566982551791
-0.174499286551
-0.983023553559
-0.14777464753
-0.238672984874
-0.959790529146
-0.111471441125
-0.343073819216
-0.932670613015
-0.236163476661
-0.299233090455
-0.924492493138
-0.200762738634
-0.401753560532
-0.893469864839
-0.320124830251
-0.355055119004
-0.878325654599
-0.162459848116
-0.5
-0.850650808352
-0.286704791937
-0.454783264426
-0.843191878921
-0.398266532587
-0.405321933157
-0.82285958676
-0.847523971333
-0.0667880330514
-0.526538200568
-0.85388676514
-0.174499286551
-0.490333958963
-0.790198364552
-0.132136703148
-0.598436660258
-0.792375915487
-0.238672984874
-0.561405036357
-0.72404306036
-0.194738740126
-0.661693637448
-0.784354412546
-0.343073819216
-0.516806066226
-0.721275706214
-0.299233090455
-0.624676646916
-0.650899521125
-0.2535226155
-0.715580950577
-0.709359915264
-0.401753560532
-0.579139523099
-0.64243417168
-0.355055119004
-0.679127526704
-0.572664468202
-0.307709696433
-0.759848767572
-0.688190960236
-0.5
-0.525731112119
-0.625955462888
-0.454783264426
-0.633523433567
-0.557877780768
-0.405321933157
-0.724214410398
-0.736527109154
-0.066788033052
-0.673102649023
-0.666982798812
-0.13213670316
-0.733262461719
-0.600523017827
-0.066788033052
-0.796813317974
-0.590344222554
-0.194738740126
-0.783307424956
-0.27639320225
-0.850650808352
-0.4472135955
-0.325418504327
-0.785404558418
-0.526538200568
-0.246344797298
-0.758171327114
-0.603730469321
-0.369854196157
-0.71069081692
-0.59843666025
-0.291118587591
-0.679840269355
-0.673102649023
-0.408949158083
-0.628428290471
-0.661693637448
-0.207932273395
-0.639949734674
-0.739748948476
-0.331778492371
-0.59350585021
-0.733262461719
-0.442253349159
-0.540699434372
-0.715580950577
-0.249091012066
-0.550492692056
-0.796813317974
-0.367633945073
-0.501273139555
-0.783307424956
-0.469612364669
-0.449548748602
-0.759848767572
-0.429824205264
-0.758171327114
-0.490333958963
-0.471849121347
-0.679840269355
-0.561405036357
-0.568661434425
-0.639949734674
-0.516806066226
-0.507474031418
-0.59350585021
-0.624676646916
-0.601294610634
-0.550492692056
-0.579139523099
-0.536200561389
-0.501273139555
-0.679127526704
-0.760030863698
-0.552194745074
0.342686518176
-0.786420287148
-0.571367783509
0.23469552175
-0.85096304963
-0.486952426434
0.196822820208
-0.802607914405
-0.58312878313
0.125623875198
-0.862432339551
-0.498943491112
0.0852399693484
-0.808890355329
-0.58769324364
0.0176930617654
-0.912406493253
-0.407011227301
0.0430842421386
-0.863009898809
-0.504542578019
-0.0255088518627
-0.805935069316
-0.585546102669
-0.0872033582766
-0.90798299172
-0.413208218089
-0.069468375904
-0.853342622669
-0.504025346578
-0.133284726595
-0.794654472292
-0.57735026919
-0.187592474085
-0.701637307458
-0.643074936003
0.306854550998
-0.726081322207
-0.658837378256
0.196822820208
-0.65584520023
-0.738584506336
0.156076905195
-0.741029707904
-0.666039878407
0.0852399693484
-0.669039792123
-0.741976754781
0.0430842421386
-0.746533231619
-0.664858956896
-0.0255088518627
-0.587785252292
-0.809016994375
-5.55111512313e-17
-0.673566543446
-0.735854779355
-0.069468375904
-0.74305396267
-0.655824664234
-0.133284726595
-0.904337265637
-0.108065307519
-0.41291161196
-0.902600557908
-0.213801676862
-0.373632273546
-0.849189209791
-0.279950259342
-0.447778447749
-0.889697727066
-0.31509390045
-0.330384304036
-0.83367789957
-0.380898064169
-0.399872260204
-0.866558738937
-0.410208208797
-0.284262514954
-0.766173209568
-0.443030835
-0.465512934492
-0.808088838386
-0.475410279328
-0.347818193292
-0.834417970211
-0.497884747496
-0.236341763555
-0.738357656244
-0.53644823814
-0.408719046855
-0.773536998579
-0.562007526453
-0.292895974775
-0.939554476669
-0.214296049901
-0.267047913994
-0.921525669094
-0.31707292362
-0.224176721156
-0.942275008852
-0.315085388562
-0.113309335924
-0.892372146544
-0.41417487155
-0.179251576976
-0.38223179863
-0.826681832886
-0.412911611961
-0.39478275646
-0.866017817215
-0.306854550998
-0.482256389503
-0.792355790627
-0.373632273558
-0.494145955106
-0.827348286204
-0.267047913994
-0.574603824788
-0.748783450795
-0.330384304037
-0.499768295035
-0.8519810156
-0.156076905195
-0.586321362652
-0.77844207067
-0.224176721156
-0.65791256697
-0.697385027668
-0.284262514955
-0.590843003092
-0.798790047566
-0.113309335924
-0.669661869062
-0.720709270979
-0.179251576976
-0.731365866677
-0.639723799666
-0.236341763555
-0.528662415651
-0.721117543823
-0.447778447749
-0.619876224774
-0.675170823924
-0.399872260204
-0.658107904938
-0.591769966523
-0.465512934492
-0.701855228095
-0.62162829988
-0.347818193292
-0.0351125468922
-0.10806530752
0.993523526828
-0.0694683758938
-0.213801676867
0.974403914052
-0.181326620104
-0.214296049901
0.959790529146
-0.102380214419
-0.31509390045
0.943522191363
-0.21160905283
-0.31707292362
0.924492493138
-0.133284726594
-0.410208208797
0.902199760082
-0.320051243614
-0.315085388562
0.893469864839
-0.238753471703
-0.41417487155
0.878325654599
-0.161772560916
-0.497884747497
0.852021371061
-0.343927934057
-0.413208218089
0.843191878921
-0.262412938866
-0.504025346578
0.82285958676
-0.187592474085
-0.57735026919
0.794654472292
0.0566982551791
-0.174499286551
0.983023553559
0.0207362594403
-0.279950259342
0.959790529146
0.111471441125
-0.343073819216
0.932670613015
-0.0151754685023
-0.380898064169
0.924492493138
0.0737243505447
-0.443030835
0.893469864839
-0.0502902652933
-0.475410279328
0.878325654599
0.162459848116
-0.5
0.850650808352
0.0353658467731
-0.53644823814
0.843191878921
-0.0839621384135
-0.562007526453
0.82285958676
-0.646404275091
-0.552194745073
0.526538200568
-0.588240797099
-0.643074936003
0.490333958963
-0.561615900453
-0.571367783497
0.598436660258
-0.500757120933
-0.658837378256
0.561405036357
-0.471298580994
-0.583128783129
0.661693637448
-0.43290231798
-0.738584506336
0.516806066226
-0.407639506389
-0.666039878407
0.624676646916
-0.377571919707
-0.58769324364
0.715580950577
-0.33773940864
-0.741976754781
0.579139523099
-0.311043999955
-0.664858956896
0.679127526704
-0.282428065299
-0.585546102669
0.759848767572
-0.26286555606
-0.809016994375
0.525731112119
-0.23909371138
-0.735854779355
0.633523433567
-0.213090350685
-0.655824664234
0.724214410398
-0.556605927266
-0.486952426434
0.673102649023
-0.461932413791
-0.498943491112
0.733262461719
-0.446576306078
-0.407011227301
0.796813317974
-0.363133949081
-0.504542578019
0.783307424956
0.27639320225
-0.850650808352
0.4472135955
0.198380116237
-0.826681832886
0.526538200568
0.246344797298
-0.758171327114
0.603730469321
0.118515250993
-0.792355790634
0.59843666025
0.164080199502
-0.721117543823
0.673102649023
0.0385340625383
-0.748783450796
0.661693637448
0.207932273395
-0.639949734674
0.739748948476
0.0804395472069
-0.675170823924
0.733262461719
-0.039975321842
-0.697385027668
0.715580950577
0.122052623977
-0.591769966523
0.796813317974
-0.00278115047179
-0.62162829988
0.783307424956
-0.115686259171
-0.639723799666
0.759848767572
0.0979068381365
-0.866017817215
0.490333958963
0.0178661262909
-0.827348286204
0.561405036357
-0.0839037482458
-0.8519810156
0.516806066226
-0.0617011297186
-0.77844207067
0.624676646916
-0.162886072744
-0.798790047566
0.579139523099
-0.139154407756
-0.720709270979
0.679127526704
-0.290305957433
-0.893469865938
-0.342686518176
-0.300385820243
-0.924492493786
-0.23469552175
-0.402220113909
-0.894136319256
-0.196822820208
-0.306568943663
-0.943522190922
-0.125623875198
-0.404450793392
-0.91057877383
-0.0852399693484
-0.308968622564
-0.950907643169
-0.0176930617654
-0.498917161895
-0.865578080618
-0.0430842421386
-0.401626987937
-0.915448011105
0.0255088518627
-0.307839803753
-0.947433496099
0.0872033582766
-0.491695974186
-0.867991482515
0.069468375904
-0.394110018264
-0.909347279735
0.133284726595
-0.303530999103
-0.934172358963
0.187592474085
-0.189646542119
-0.932670613665
-0.306854550998
-0.200157234365
-0.959790528697
-0.196822820208
-0.0964608322695
-0.98302355389
-0.156076905195
-0.208017209065
-0.97440391438
-0.0852399693484
-0.105141567736
-0.993523527056
-0.0430842421386
-0.213163781527
-0.976683418883
0.0255088518627
-5.55111512313e-16
-1.0
5.55111512313e-17
-0.112402193356
-0.991231502565
0.069468375904
-0.215659217811
-0.96732945961
0.133284726595
-0.668105022502
-0.618982778125
0.41291161196
-0.604549717905
-0.703504486657
0.373632273546
-0.522457868344
-0.725625411308
0.447778447749
-0.534573033281
-0.777867523255
0.330384304036
-0.450573323841
-0.798176581567
0.399872260204
-0.459946410924
-0.841215859141
0.284262514954
-0.359440156051
-0.808764787833
0.465512934492
-0.374318452242
-0.859597697022
0.347818193292
-0.382409006392
-0.893255799102
0.236341763555
-0.282027528832
-0.867991482515
0.408719046855
-0.295464841902
-0.909347279735
0.292895974775
-0.63415548101
-0.725625411308
0.267047913994
-0.559159138645
-0.798176581567
0.224176721156
-0.577113950926
-0.808764787833
0.113309335924
-0.478498350494
-0.859597697022
0.179251576976
0.176679368826
-0.893469865938
0.412911611961
0.189646542119
-0.932670613665
0.306854550998
0.0755814335452
-0.924492493782
0.373632273558
0.0865306457576
-0.959790528697
0.267047913994
-0.0247403897482
-0.943522190921
0.330384304037
0.0964608322695
-0.98302355389
0.156076905195
-0.0167871776467
-0.97440391438
0.224176721156
-0.122349813059
-0.950907643168
0.284262514955
-0.00848502087148
-0.993523527056
0.113309335924
-0.118145551884
-0.976683418883
0.179251576976
-0.215667200264
-0.947433496099
0.236341763555
-0.00383462112034
-0.894136319256
0.447778447749
-0.104634947171
-0.91057877383
0.399872260204
-0.184586820155
-0.865578080618
0.465512934492
-0.202428860042
-0.915448011105
0.347818193292
0.0351125468929
-0.108065307519
-0.993523526828
0.0694683759079
-0.213801676862
-0.974403914052
-0.0207362594403
-0.279950259342
-0.959790529146
0.102380214419
-0.31509390045
-0.943522191363
0.0151754685023
-0.380898064169
-0.924492493138
0.133284726595
-0.410208208797
-0.902199760082
-0.0737243505447
-0.443030835
-0.893469864839
0.0502902652933
-0.475410279328
-0.878325654599
0.161772560916
-0.497884747496
-0.852021371061
-0.0353658467731
-0.53644823814
-0.843191878921
0.0839621384135
-0.562007526453
-0.82285958676
0.187592474085
-0.57735026919
-0.794654472292
0.148437959162
-0.107846490101
-0.983023553559
0.181326620104
-0.214296049901
-0.959790529146
0.29183602164
-0.212031280926
-0.932670613015
0.21160905283
-0.31707292362
-0.924492493138
0.320051243614
-0.315085388562
-0.893469864839
0.238753471703
-0.41417487155
-0.878325654599
0.425325404176
-0.309016994375
-0.850650808352
0.343927934057
-0.413208218089
-0.843191878921
0.262412938866
-0.504025346578
-0.82285958676
-0.198380116238
-0.826681832886
-0.526538200568
-0.0979068381365
-0.866017817215
-0.490333958963
-0.118515251003
-0.792355790627
-0.598436660258
-0.0178661262909
-0.827348286204
-0.561405036357
-0.0385340625387
-0.748783450795
-0.661693637448
0.0839037482458
-0.8519810156
-0.516806066226
0.0617011297186
-0.77844207067
-0.624676646916
0.0399753218416
-0.697385027668
-0.715580950577
0.162886072744
-0.798790047566
-0.579139523099
0.139154407756
-0.720709270979
-0.679127526704
0.115686259171
-0.639723799666
-0.759848767572
0.26286555606
-0.809016994375
-0.525731112119
0.23909371138
-0.735854779355
-0.633523433567
0.213090350685
-0.655824664234
-0.724214410398
-0.164080199502
-0.721117543823
-0.673102649023
-0.0804395472069
-0.675170823924
-0.733262461719
-0.122052623977
-0.591769966523
-0.796813317974
0.00278115047179
-0.62162829988
-0.783307424956
0.72360679775
-0.525731112119
-0.4472135955
0.646404275091
-0.552194745074
-0.526538200568
0.644939052279
-0.468575649452
-0.603730469321
0.561615900449
-0.571367783509
-0.59843666025
0.556605927266
-0.486952426434
-0.673102649023
0.471298580994
-0.58312878313
-0.661693637448
0.544373759105
-0.39551068712
-0.739748948476
0.461932413791
-0.498943491112
-0.733262461719
0.377571919707
-0.58769324364
-0.715580950577
0.446576306078
-0.407011227301
-0.796813317974
0.363133949081
-0.504542578019
-0.783307424956
0.282428065299
-0.585546102669
-0.759848767572
0.588240797099
-0.643074936003
-0.490333958963
0.500757120933
-0.658837378256
-0.561405036357
0.43290231798
-0.738584506336
-0.516806066226
0.407639506389
-0.666039878407
-0.624676646916
0.33773940864
-0.741976754781
-0.579139523099
0.311043999955
-0.664858956896
-0.679127526704
0.290305957434
-0.893469865938
0.342686518176
0.300385820257
-0.924492493782
0.23469552175
0.200157234365
-0.959790528697
0.196822820208
0.306568943664
-0.943522190921
0.125623875198
0.208017209065
-0.97440391438
0.0852399693484
0.308968622564
-0.950907643168
0.0176930617654
0.105141567736
-0.993523527056
0.0430842421386
0.213163781527
-0.976683418883
-0.0255088518627
0.307839803753
-0.947433496099
-0.0872033582766
0.112402193356
-0.991231502565
-0.069468375904
0.215659217811
-0.96732945961
-0.133284726595
0.303530999103
-0.934172358963
-0.187592474085
0.39478275646
-0.866017817215
0.306854550998
0.402220113909
-0.894136319256
0.196822820208
0.499768295035
-0.8519810156
0.156076905195
0.404450793392
-0.91057877383
0.0852399693484
0.498917161895
-0.865578080618
0.0430842421386
0.401626987937
-0.915448011105
-0.0255088518627
0.587785252292
-0.809016994375
-5.55111512313e-17
0.491695974186
-0.867991482515
-0.069468375904
0.394110018264
-0.909347279735
-0.133284726595
-0.176679368827
-0.893469865938
-0.41291161196
-0.0755814335515
-0.924492493786
-0.373632273546
0.00383462112034
-0.894136319256
-0.447778447749
0.0247403897479
-0.943522190922
-0.330384304036
0.104634947171
-0.91057877383
-0.399872260204
0.122349813058
-0.950907643169
-0.284262514954
0.184586820155
-0.865578080618
-0.465512934492
0.202428860042
-0.915448011105
-0.347818193292
0.215667200264
-0.947433496099
-0.236341763555
0.282027528832
-0.867991482515
-0.408719046855
0.295464841902
-0.909347279735
-0.292895974775
-0.0865306457576
-0.959790528697
-0.267047913994
0.0167871776467
-0.97440391438
-0.224176721156
0.00848502087148
-0.993523527056
-0.113309335924
0.118145551884
-0.976683418883
-0.179251576976
0.668105022502
-0.618982778125
-0.412911611961
0.701637307458
-0.643074936003
-0.306854550998
0.604549717897
-0.703504486657
-0.373632273558
0.63415548101
-0.725625411308
-0.267047913994
0.534573033281
-0.777867523255
-0.330384304037
0.65584520023
-0.738584506336
-0.156076905195
0.559159138645
-0.798176581567
-0.224176721156
0.459946410924
-0.841215859141
-0.284262514955
0.577113950926
-0.808764787833
-0.113309335924
0.478498350494
-0.859597697022
-0.179251576976
0.382409006392
-0.893255799102
-0.236341763555
0.522457868344
-0.725625411308
-0.447778447749
0.450573323841
-0.798176581567
-0.399872260204
0.359440156051
-0.808764787833
-0.465512934492
0.374318452242
-0.859597697022
-0.347818193292
0.0919258411964
-0.0667880330514
0.993523526828
0.181870569256
-0.132136703148
0.974403914052
0.14777464753
-0.238672984874
0.959790529146
0.268034881125
-0.194738740126
0.943522191363
0.236163476661
-0.299233090455
0.924492493138
0.348943944406
-0.2535226155
0.902199760082
0.200762738634
-0.401753560532
0.893469864839
0.320124830251
-0.355055119004
0.878325654599
0.423526062924
-0.307709696433
0.852021371061
0.286704791937
-0.454783264426
0.843191878921
0.398266532587
-0.405321933157
0.82285958676
0.491123473188
-0.356822089773
0.794654472292
0.272656374952
-0.066788033052
0.959790529146
0.357566108308
-0.13213670316
0.924492493138
0.444129439764
-0.066788033052
0.893469864839
0.436601497441
-0.194738740126
0.878325654599
0.521121240211
-0.13213670316
0.843191878921
0.508555192586
-0.253522615501
0.82285958676
0.325418504326
-0.785404558418
0.526538200568
0.429824205264
-0.758171327114
0.490333958963
0.369854196144
-0.71069081692
0.598436660258
0.471849121347
-0.679840269355
0.561405036357
0.408949158082
-0.628428290471
0.661693637448
0.568661434425
-0.639949734674
0.516806066226
0.507474031418
-0.59350585021
0.624676646916
0.442253349158
-0.540699434372
0.715580950577
0.601294610634
-0.550492692056
0.579139523099
0.536200561389
-0.501273139555
0.679127526704
0.469612364669
-0.449548748602
0.759848767572
0.688190960236
-0.5
0.525731112119
0.625955462888
-0.454783264426
0.633523433567
0.557877780768
-0.405321933157
0.724214410398
0.291118587591
-0.679840269355
0.673102649023
0.331778492371
-0.59350585021
0.733262461719
0.249091012066
-0.550492692056
0.796813317974
0.367633945073
-0.501273139555
0.783307424956
0.847523971333
-0.066788033052
0.526538200568
0.790198364556
-0.13213670316
0.59843666025
0.736527109154
-0.066788033052
0.673102649023
0.72404306036
-0.194738740126
0.661693637448
0.666982798812
-0.13213670316
0.733262461719
0.650899521126
-0.253522615501
0.715580950577
0.600523017827
-0.066788033052
0.796813317974
0.590344222554
-0.194738740126
0.783307424956
0.572664468202
-0.307709696433
0.759848767572
0.85388676514
-0.174499286551
0.490333958963
0.792375915487
-0.238672984874
0.561405036357
0.784354412546
-0.343073819216
0.516806066226
0.721275706214
-0.299233090455
0.624676646916
0.709359915264
-0.401753560532
0.579139523099
0.64243417168
-0.355055119004
0.679127526704
0.760030863698
-0.552194745073
-0.342686518176
0.786420287157
-0.571367783497
-0.23469552175
0.726081322207
-0.658837378256
-0.196822820208
0.802607914406
-0.583128783129
-0.125623875198
0.741029707904
-0.666039878407
-0.0852399693484
0.80889035533
-0.58769324364
-0.0176930617654
0.669039792123
-0.741976754781
-0.0430842421386
0.746533231619
-0.664858956896
0.0255088518627
0.805935069316
-0.585546102669
0.0872033582766
0.673566543446
-0.735854779355
0.069468375904
0.74305396267
-0.655824664234
0.133284726595
0.794654472292
-0.57735026919
0.187592474085
0.828418460244
-0.468575649452
-0.306854550998
0.85096304963
-0.486952426434
-0.196822820208
0.905102920136
-0.39551068712
-0.156076905195
0.862432339551
-0.498943491112
-0.0852399693484
0.912406493253
-0.407011227301
-0.0430842421386
0.863009898809
-0.504542578019
0.0255088518627
0.951056516295
-0.309016994375
5.55111512313e-17
0.90798299172
-0.413208218089
0.069468375904
0.853342622669
-0.504025346578
0.133284726595
0.38223179863
-0.826681832886
0.41291161196
0.4822563895
-0.792355790634
0.373632273546
0.528662415651
-0.721117543823
0.447778447749
0.574603824788
-0.748783450796
0.330384304036
0.619876224774
-0.675170823924
0.399872260204
0.657912566969
-0.697385027668
0.284262514954
0.658107904938
-0.591769966523
0.465512934492
0.701855228095
-0.62162829988
0.347818193292
0.731365866677
-0.639723799666
0.236341763555
0.738357656244
-0.53644823814
0.408719046855
0.773536998579
-0.562007526453
0.292895974775
0.494145955106
-0.827348286204
0.267047913994
0.586321362652
-0.77844207067
0.224176721156
0.590843003092
-0.798790047566
0.113309335924
0.669661869062
-0.720709270979
0.179251576976
0.904337265636
-0.10806530752
0.412911611961
0.945626469122
-0.107846490101
0.306854550998
0.902600557902
-0.213801676867
0.373632273558
0.939554476669
-0.214296049901
0.267047913994
0.889697727065
-0.31509390045
0.330384304037
0.964718993062
-0.212031280926
0.156076905195
0.921525669094
-0.31707292362
0.224176721156
0.866558738937
-0.410208208797
0.284262514955
0.942275008852
-0.315085388562
0.113309335924
0.892372146544
-0.41417487155
0.179251576976
0.834417970211
-0.497884747497
0.236341763555
0.849189209791
-0.279950259342
0.447778447749
0.83367789957
-0.380898064169
0.399872260204
0.766173209568
-0.443030835
0.465512934492
0.808088838386
-0.475410279328
0.347818193292
0.113626588607
3.79786480043e-13
-0.993523526828
0.224804386702
7.39802663574e-12
-0.974403914052
0.259840661819
-0.106230742381
-0.959790529146
0.331309333411
2.92488255837e-13
-0.943522191363
0.366945063637
-0.103271246746
-0.924492493138
0.431318435622
3.23546744951e-13
-0.902199760082
0.398565285329
-0.207020081042
-0.893469864839
0.467682590696
-0.0990809710995
-0.878325654599
0.523507004017
4.40203429264e-14
-0.852021371061
0.499263944865
-0.199406541216
-0.843191878921
0.560446647894
-0.0938171377804
-0.82285958676
0.607061998207
-5.27355936697e-16
-0.794654472292
0.259840661819
0.106230742381
-0.959790529146
0.366945063637
0.103271246746
-0.924492493138
0.398565285329
0.207020081042
-0.893469864839
0.467682590696
0.0990809710995
-0.878325654599
0.499263944865
0.199406541216
-0.843191878921
0.560446647894
0.0938171377804
-0.82285958676
0.724918316805
-0.444129437554
-0.526538200568
0.79337701144
-0.36072915935
-0.490333958963
0.716951911247
-0.357566106642
-0.598436660258
0.781334042192
-0.272656376534
-0.561405036357
0.700227699986
-0.268034882679
-0.661693637448
0.836209780746
-0.183479406194
-0.516806066226
0.759409101524
-0.181870567492
-0.624676646916
0.675605628735
-0.177485034844
-0.715580950577
0.810029044514
-0.0919258387385
-0.579139523099
0.728436325358
-0.0903677064688
-0.679127526704
0.644162508401
-0.0876613551728
-0.759848767572
0.850650808352
-6.10622663544e-16
-0.525731112119
0.773723503017
-3.60822483003e-16
-0.633523433567
0.689574860165
-3.05311331772e-16
-0.724214410398
0.635119968981
-0.378887118914
-0.673102649023
0.617268424599
-0.285141814238
-0.733262461719
0.525090347793
-0.298945919781
-0.796813317974
0.592063068074
-0.189448677568
-0.783307424956
0.724918316806
0.444129437554
-0.526538200568
0.716951911257
0.357566106635
-0.59843666025
0.635119968981
0.378887118914
-0.673102649023
0.700227699987
0.268034882679
-0.661693637448
0.617268424599
0.285141814238
-0.733262461719
0.675605628735
0.177485034843
-0.715580950577
0.525090347793
0.298945919781
-0.796813317974
0.592063068074
0.189448677568
-0.783307424956
0.644162508401
0.0876613551728
-0.759848767572
0.79337701144
0.36072915935
-0.490333958963
0.781334042192
0.272656376534
-0.561405036357
0.836209780746
0.183479406194
-0.516806066226
0.759409101524
0.181870567492
-0.624676646916
0.810029044514
0.0919258387385
-0.579139523099
0.728436325358
0.0903677064688
-0.679127526704
0.939449812529
3.79585252119e-13
0.342686518176
0.972068933806
7.39791561344e-12
0.23469552175
0.974667023562
-0.106230742381
0.196822820208
0.992077941485
2.92321722384e-13
0.125623875198
0.990994044998
-0.103271246746
0.0852399693484
0.999843465531
3.23407967073e-13
0.0176930617654
0.977387555745
-0.207020081042
0.0430842421386
0.994752360964
-0.0990809710995
-0.0255088518627
0.996190531126
4.38538094727e-14
-0.0872033582766
0.977451367624
-0.199406541216
-0.069468375904
0.986627349264
-0.0938171377804
-0.133284726595
0.982246946377
-6.10622663544e-16
-0.187592474085
0.974667023562
0.106230742381
0.196822820208
0.990994044998
0.103271246746
0.0852399693484
0.977387555745
0.207020081042
0.0430842421386
0.994752360964
0.0990809710995
-0.0255088518627
0.977451367624
0.199406541216
-0.069468375904
0.986627349264
0.0938171377804
-0.133284726595
0.795143410591
-0.444129437554
-0.41291161196
0.855888663055
-0.357566106642
-0.373632273546
0.851559135977
-0.272656376534
-0.447778447749
0.904988128825
-0.268034882679
-0.330384304036
0.898345853332
-0.181870567492
-0.399872260204
0.942175081924
-0.177485034844
-0.284262514954
0.880254138299
-0.0919258387385
-0.465512934492
0.933196754196
-0.0903677064688
-0.347818193292
0.967707630232
-0.0876613551728
-0.236341763555
0.912660254825
-6.10622663544e-16
-0.408719046855
0.956144313355
-3.88578058619e-16
-0.292895974775
0.886075596522
-0.378887118914
-0.267047913994
0.931900715455
-0.285141814238
-0.224176721156
0.947519040146
-0.298945919781
-0.113309335924
0.965390113228
-0.189448677568
-0.179251576976
0.795143410591
0.444129437554
-0.412911611961
0.855888663052
0.357566106635
-0.373632273558
0.886075596522
0.378887118914
-0.267047913994
0.904988128825
0.268034882679
-0.330384304037
0.931900715455
0.285141814238
-0.224176721156
0.942175081924
0.177485034843
-0.284262514955
0.947519040146
0.298945919781
-0.113309335924
0.965390113228
0.189448677568
-0.179251576976
0.967707630232
0.0876613551728
-0.236341763555
0.851559135977
0.272656376534
-0.447778447749
0.898345853332
0.181870567492
-0.399872260204
0.880254138299
0.0919258387385
-0.465512934492
0.933196754196
0.0903677064688
-0.347818193292
