0.0
0.0
1.0
0.078869840792
0.0573022935127
0.995236652948
0.157505490873
0.0
0.987518111401
0.156484224158
0.113692443818
0.98111503699
0.234640634413
0.0573022935127
0.970391786775
0.231673519507
0.168320664558
0.958120834886
0.311079050236
0.0
0.950384040535
0.309062011477
0.113692443818
0.944221743702
0.303425844264
0.220451779954
0.927002572676
0.384553911103
0.0573022935127
0.921322276195
0.37969108909
0.168320664558
0.909671825852
0.370935049743
0.269500088767
0.888693924266
0.456886901602
0.0
0.889524794002
0.453924443704
0.113692443818
0.883757108954
0.445646512507
0.220451779954
0.867640592991
0.433620878831
0.315044009502
0.844227579222
0.524867269474
0.0573022935127
0.849253081592
0.518230134763
0.168320664558
0.83851397204
0.506279252635
0.269500088767
0.819177038562
0.491123473188
0.356822089773
0.794654472292
0.0486718733872
0.149796623447
0.987518111401
0.127005663249
0.205449121835
0.970391786775
0.096128713117
0.29585375781
0.950384040535
0.203633353408
0.258802542683
0.944221743702
0.173331413428
0.348025120509
0.921322276195
0.277413463996
0.309093738606
0.909671825852
0.141185817102
0.434525264978
0.889524794002
0.248398306813
0.396574902819
0.883757108954
0.347374447703
0.355711673238
0.867640592991
0.216690625703
0.481471054311
0.849253081592
0.320224383493
0.440852200754
0.83851397204
0.412758708527
0.398220074869
0.819177038562
0.894427191
-1.66533453694e-16
0.4472135955
0.854895058799
0.0573022935123
0.515626692093
0.861496326945
0.149796623447
0.485164972215
0.807554094056
0.113692443811
0.578731728345
0.811146140704
0.205449121835
0.547569718628
0.753361779335
0.168320664527
0.635699758794
0.807059260323
0.29585375781
0.511004798721
0.753469997759
0.258802542683
0.604404009233
0.693440144347
0.220451779954
0.685960479126
0.746539530891
0.348025120509
0.567060176976
0.689572143254
0.309093738606
0.654943753312
0.628984813047
0.269500088766
0.729210399755
0.732474945924
0.434525264978
0.524088015212
0.679369288582
0.396574902819
0.617402394056
0.620690762644
0.355711673238
0.698721820677
0.561178949942
0.315044009502
0.765392355736
0.662688054384
0.481471054311
0.573611511771
0.606780998717
0.440852200754
0.661412244131
0.548102911418
0.398220074869
0.735529720995
0.812824453557
2.28953337288e-17
0.58250871899
0.763010318248
0.0573022935127
0.64384136354
0.710930547206
6.37738683193e-17
0.703262224955
0.706320868516
0.113692443818
0.698702267721
0.652077958255
0.0573022935127
0.755983322248
0.643832198797
0.168320664558
0.746423642227
0.591289128822
7.39089688336e-17
0.806459649416
0.587455205934
0.113692443818
0.801230559352
0.576742159206
0.220451779954
0.786619027554
0.27639320225
0.850650808352
0.4472135955
0.31867482122
0.795346133908
0.515626692093
0.251176569593
0.77304199316
0.58250871899
0.357675878487
0.732896686143
0.578731728341
0.290280874866
0.707958552658
0.64384136354
0.392884057585
0.664475683521
0.635699758774
0.219689620907
0.676135129554
0.703262224955
0.326393091399
0.636618167326
0.698702267721
0.423946891039
0.591377421496
0.685960479126
0.256000890402
0.602455608819
0.755983322248
0.359037555809
0.560306862214
0.746423642227
0.450676811999
0.514919997685
0.729210399755
0.182718389395
0.562349378981
0.806459649416
0.289661581614
0.523570204363
0.801230559352
0.387885230422
0.480391042289
0.786619027554
0.473038490574
0.436358944238
0.765392355736
0.408682060466
0.77304199316
0.485164972215
0.446051668487
0.707958552658
0.547569718628
0.530768671143
0.676135129554
0.511004798721
0.478970878712
0.636618167326
0.604404009233
0.561684960713
0.602455608819
0.567060176976
0.50705512536
0.560306862214
0.654943753312
0.639605290997
0.562349378981
0.524088015212
0.587101801153
0.523570204363
0.617402394056
0.530105898664
0.480391042289
0.698721820677
0.72360679775
0.525731112119
-0.4472135955
0.75543167252
0.548853237088
-0.357887010508
0.815094287245
0.477766226504
-0.327659481342
0.779923382664
0.566647506096
-0.265763280023
0.836866149512
0.494844741682
-0.234059243422
0.796910296824
0.578989221671
-0.172352719749
0.886233944746
0.417874491052
-0.199925748485
0.850601770124
0.50714410908
-0.138857773592
0.806481525901
0.585943126618
-0.0791087905974
0.897033261741
0.429640336476
-0.10363642508
0.856316574358
0.514609349535
-0.0435791446828
0.80895216201
0.587738148823
0.0126596997317
0.935249855408
0.347551029762
-0.0672011136101
0.899299861275
0.437276625611
-0.00699372618702
0.854291540955
0.51734977198
0.0503505360944
0.804809967479
0.584728668336
0.101849401927
0.934431011022
0.354867769676
0.0301255984954
0.893241415698
0.440782308639
0.0884914101705
0.845025481224
0.515613630038
0.141684581383
0.794654472292
0.57735026919
0.187592474085
0.706260669759
0.627562849951
-0.327659481342
0.729231178347
0.642991570003
-0.234059243422
0.671283607627
0.713728248862
-0.199925748485
0.745173112055
0.652254207946
-0.138857773592
0.685810764066
0.720363163472
-0.10363642508
0.754038949263
0.655382423584
-0.0435791446828
0.619548770908
0.782076294741
-0.0672011136101
0.693773724383
0.720159084612
-0.00699372618702
0.756019476151
0.652609665263
0.0503505360944
0.626254367251
0.779036530475
0.0301255984954
0.695235664428
0.713313844835
0.0884914101705
0.751504937116
0.64433361614
0.141684581383
0.903639301096
0.0927170585365
0.418138207499
0.904266663293
0.183958238354
0.385306589871
0.859890383001
0.240863886859
0.450081234034
0.896543888703
0.272348556233
0.349335540057
0.850182566996
0.329068337226
0.41097887076
0.880967629168
0.356698472846
0.310905509485
0.795283773188
0.383439885534
0.469571692382
0.832754252623
0.413121630311
0.368579534575
0.858235281407
0.436060303595
0.270709463035
0.776081857819
0.466840697362
0.423977255582
0.808218247465
0.49195836613
0.323666851036
0.829171391291
0.509751915326
0.229407473037
0.711432296681
0.516885819336
0.476123027177
0.749963108086
0.544880092459
0.375048025394
0.777353379778
0.564780289698
0.277028784274
0.940249072381
0.0925794046905
0.327659481342
0.937775779812
0.184276833765
0.294310440413
0.962598785441
0.182847678026
0.199925748485
0.926471460653
0.27364121157
0.258401083447
0.948125808343
0.272393646926
0.163887622071
0.906763037398
0.359351100726
0.220561965024
0.960918396725
0.268551382727
0.0672011136101
0.924801967589
0.358789212845
0.126537036042
0.879328581586
0.44029368421
0.181446182794
0.367419063517
0.830760898932
0.418138207499
0.378601188417
0.86562139785
0.327659481342
0.454388447719
0.803162480683
0.385306589878
0.46504633643
0.834933092911
0.294310440413
0.536066166927
0.768503575207
0.34933554009
0.471357859142
0.85898280758
0.199925748485
0.546543683536
0.796566935078
0.258401083447
0.61147437586
0.727624114388
0.310905509485
0.55204874049
0.817546962232
0.163887622071
0.62196839441
0.751337298382
0.220561965024
0.679927280359
0.681480212513
0.270709463035
0.552347657298
0.830900761708
0.0672011136101
0.627008343269
0.76866697339
0.126537036042
0.690471652802
0.700232946545
0.181446182794
0.741030931923
0.631066850062
0.229407473037
0.494795910784
0.743373317682
0.450081234034
0.575683447949
0.706883961869
0.41097887076
0.61042920301
0.637870373843
0.469571692382
0.650237234728
0.664334753919
0.368579534575
0.68381437039
0.593835998906
0.423977255582
0.717633383484
0.616637735181
0.323666851036
0.0
0.0
-1.0
0.0301255984951
0.0927170585366
-0.995236652948
0.127424618824
0.0925794046905
-0.987518111401
0.0597716549223
0.183958238357
-0.98111503699
0.156146817762
0.184276833765
-0.970391786775
0.0884914101444
0.272348556244
-0.958120834886
0.251668238235
0.182847678026
-0.950384040535
0.183209677828
0.27364121157
-0.944221743702
0.115898359444
0.356698472846
-0.927002572676
0.277429206287
0.272393646926
-0.921322276195
0.208240139404
0.359351100726
-0.909671825852
0.141684581383
0.436060303595
-0.888693924266
0.369629267903
0.268551382727
-0.889524794002
0.300405847346
0.358789212845
-0.883757108954
0.230957297003
0.44029368421
-0.867640592991
0.165628437482
0.509751915326
-0.844227579222
0.390945097747
0.354867769676
-0.849253081592
0.320320581737
0.440782308639
-0.83851397204
0.251180341612
0.515613630038
-0.819177038562
0.187592474085
0.57735026919
-0.794654472292
-0.0486718733872
0.149796623447
-0.987518111401
-0.0180102239608
0.240863886859
-0.970391786775
-0.096128713117
0.29585375781
-0.950384040535
0.0126225256841
0.329068337226
-0.944221743702
-0.0643359741404
0.383439885534
-0.921322276195
0.042751465713
0.413121630311
-0.909671825852
-0.141185817102
0.434525264978
-0.889524794002
-0.0321424277206
0.466840697362
-0.883757108954
0.0719497560059
0.49195836613
-0.867640592991
-0.107695186415
0.516885819336
-0.849253081592
-5.94537842432e-05
0.544880092459
-0.83851397204
0.0998609226001
0.564780289698
-0.819177038562
0.657943187927
0.548853237088
-0.515626692093
0.608916922984
0.627562849951
-0.485164972215
0.586498244199
0.56664750609
-0.578731728345
0.535471048841
0.642991570003
-0.547569718628
0.510546078129
0.578989221641
-0.635699758794
0.479026181393
0.713728248862
-0.511004798721
0.457449715094
0.652254207946
-0.604404009233
0.43142655626
0.585943126617
-0.685960479126
0.3993991342
0.720363163472
-0.567060176976
0.376194841612
0.655382423584
-0.654943753312
0.35045122529
0.587738148822
-0.729210399755
0.337177136704
0.782076294741
-0.524088015212
0.316520420613
0.720159084612
-0.617402394056
0.293067299633
0.652609665263
-0.698721820677
0.26882508478
0.584728668336
-0.765392355736
0.253124312836
0.779036530475
-0.573611511771
0.231769717782
0.713313844835
-0.661412244131
0.209356682829
0.64433361614
-0.735529720995
0.657588796371
0.477766226504
-0.58250871899
0.583606871297
0.494844741682
-0.64384136354
0.57515489451
0.417874491052
-0.703262224955
0.504598844338
0.50714410908
-0.698702267721
0.493860706836
0.429640336476
-0.755983322248
0.421934786069
0.514609349535
-0.746423642227
0.478362953806
0.347551029762
-0.806459649416
0.408434503261
0.437276625611
-0.801230559352
0.337015903071
0.51734977198
-0.786619027554
-0.27639320225
0.850650808352
-0.4472135955
-0.209679381932
0.830760898932
-0.515626692093
-0.251176569593
0.77304199316
-0.58250871899
-0.141419999395
0.803162480687
-0.578731728341
-0.181285435578
0.743373317682
-0.64384136354
-0.0727191278755
0.768503575226
-0.635699758774
-0.219689620907
0.676135129554
-0.703262224955
-0.110137212307
0.706883961869
-0.698702267721
-0.00462268733066
0.727624114388
-0.685960479126
-0.147005451114
0.637870373843
-0.755983322248
-0.0388726260994
0.664334753919
-0.746423642227
0.0619428191283
0.681480212513
-0.729210399755
-0.182718389395
0.562349378981
-0.806459649416
-0.0734057025214
0.593835998906
-0.801230559352
0.0314389732872
0.616637735181
-0.786619027554
0.126210825739
0.631066850062
-0.765392355736
-0.123751950769
0.86562139785
-0.485164972215
-0.0552642163114
0.834933092911
-0.547569718628
0.0319786173282
0.85898280758
-0.511004798721
0.013300810593
0.796566935078
-0.604404009233
0.100298156677
0.817546962232
-0.567060176976
0.0808761031339
0.751337298382
-0.654943753312
0.186910878508
0.830900761708
-0.524088015212
0.167228489897
0.76866697339
-0.617402394056
0.146497910846
0.700232946545
-0.698721820677
0.288549222724
0.888063192444
0.357887010508
0.297904223554
0.9168549245
0.265763280023
0.386176495637
0.892235386423
0.234059243422
0.304392647388
0.936824239765
0.172352719749
0.390059459371
0.910259378896
0.138857773592
0.308048531595
0.948075894342
0.0791087905974
0.473178899698
0.874849255745
0.10363642508
0.390294874871
0.919657962939
0.0435791446828
0.308992230615
0.95098030128
-0.0126596997317
0.470524119104
0.882359417208
0.00699372618702
0.387045808537
0.920684726499
-0.0503505360944
0.307410053092
0.946110859564
-0.101849401927
0.547384526458
0.836338823988
-0.0301255984954
0.46356214489
0.881634509392
-0.0884914101705
0.380569887372
0.913833704907
-0.141684581383
0.303530999103
0.934172358963
-0.187592474085
0.202504696206
0.922838616607
0.327659481342
0.212019453914
0.948822439517
0.234059243422
0.12356090779
0.971988887364
0.199925748485
0.219472307228
0.965686504552
0.138857773592
0.131413719271
0.985895494352
0.10363642508
0.224806201181
0.973428492525
0.0435791446828
0.0415325722929
0.996874643959
0.0672011136101
0.137975844038
0.990410901725
0.00699372618702
0.228038267539
0.972349408419
-0.0503505360944
0.048744242297
0.998356873647
-0.0301255984954
0.143182109368
0.985732293213
-0.0884914101705
0.22925046836
0.963000364566
-0.141684581383
0.676561831728
0.606155530601
-0.418138207499
0.623439158508
0.680339949907
-0.385306589871
0.554089692642
0.700293863516
-0.450081234034
0.565236777327
0.747309886198
-0.349335540057
0.494390629403
0.765946651763
-0.41097887076
0.503055681637
0.806394906572
-0.310905509485
0.418017778002
0.777665456985
-0.469571692382
0.43088554081
0.823703088141
-0.368579534575
0.438017112267
0.857238237589
-0.270709463035
0.353461334922
0.833851528429
-0.423977255582
0.36469642501
0.873061445218
-0.323666851036
0.371189088648
0.899772677838
-0.229407473037
0.271742956638
0.836338823988
-0.476123027177
0.28646041698
0.881634509392
-0.375048025394
0.296922569806
0.913833704907
-0.277028784274
0.650361337555
0.700293863516
-0.294310440413
0.588688887891
0.765946651763
-0.258401083447
0.606940923274
0.777665456985
-0.163887622071
0.522365429725
0.823703088141
-0.220561965024
0.537289500219
0.833851528429
-0.126537036042
0.452593631886
0.873061445218
-0.181446182794
-0.191060738131
0.888063192444
-0.418138207499
-0.202504696206
0.922838616607
-0.327659481342
-0.104479085088
0.916854924498
-0.385306589878
-0.11453096932
0.948822439517
-0.294310440413
-0.0180284286876
0.936824239753
-0.34933554009
-0.12356090779
0.971988887364
-0.199925748485
-0.0260471687541
0.965686504552
-0.258401083447
0.0670064380459
0.948075894342
-0.310905509485
-0.0339252346768
0.985895494352
-0.163887622071
0.0615580175559
0.973428492525
-0.220561965024
0.149508706105
0.95098030128
-0.270709463035
-0.0415325722929
0.996874643959
-0.0672011136101
0.0554492944361
0.990410901725
-0.126537036042
0.147016702102
0.972349408419
-0.181446182794
0.228574829606
0.946110859564
-0.229407473037
-0.0366455725099
0.892235386423
-0.450081234034
0.0502417249022
0.910259378896
-0.41097887076
0.118916800479
0.874849255745
-0.469571692382
0.135566802332
0.919657962939
-0.368579534575
0.204169404206
0.882359417208
-0.423977255582
0.218127036223
0.920684726499
-0.323666851036
-0.0301255984955
0.0927170585365
0.995236652948
-0.0597716549298
0.183958238354
0.98111503699
0.0180102239608
0.240863886859
0.970391786775
-0.0884914101804
0.272348556233
0.958120834886
-0.012622525684
0.329068337226
0.944221743702
-0.115898359444
0.356698472846
0.927002572676
0.0643359741404
0.383439885534
0.921322276195
-0.042751465713
0.413121630311
0.909671825852
-0.141684581384
0.436060303595
0.888693924266
0.0321424277206
0.466840697362
0.883757108954
-0.0719497560059
0.49195836613
0.867640592991
-0.165628437482
0.509751915326
0.844227579222
0.107695186415
0.516885819336
0.849253081592
5.94537842434e-05
0.544880092459
0.83851397204
-0.0998609226001
0.564780289698
0.819177038562
-0.187592474085
0.57735026919
0.794654472292
-0.127424618824
0.0925794046905
0.987518111401
-0.156146817762
0.184276833765
0.970391786775
-0.251668238235
0.182847678026
0.950384040535
-0.183209677828
0.27364121157
0.944221743702
-0.277429206287
0.272393646926
0.921322276195
-0.208240139404
0.359351100726
0.909671825852
-0.369629267903
0.268551382727
0.889524794002
-0.300405847346
0.358789212845
0.883757108954
-0.230957297003
0.44029368421
0.867640592991
-0.390945097747
0.354867769676
0.849253081592
-0.320320581737
0.440782308639
0.83851397204
-0.251180341612
0.515613630038
0.819177038562
0.209679381933
0.830760898932
0.515626692093
0.123751950769
0.86562139785
0.485164972215
0.1414199994
0.803162480683
0.578731728345
0.0552642163114
0.834933092911
0.547569718628
0.0727191279015
0.768503575207
0.635699758794
-0.0319786173282
0.85898280758
0.511004798721
-0.013300810593
0.796566935078
0.604404009233
0.00462268733113
0.727624114388
0.685960479126
-0.100298156677
0.817546962232
0.567060176976
-0.0808761031339
0.751337298382
0.654943753312
-0.061942819128
0.681480212513
0.729210399755
-0.186910878508
0.830900761708
0.524088015212
-0.167228489897
0.76866697339
0.617402394056
-0.146497910846
0.700232946545
0.698721820677
-0.126210825739
0.631066850062
0.765392355736
-0.253124312836
0.779036530475
0.573611511771
-0.231769717782
0.713313844835
0.661412244131
-0.209356682829
0.64433361614
0.735529720995
0.181285435578
0.743373317682
0.64384136354
0.110137212307
0.706883961869
0.698702267721
0.147005451114
0.637870373843
0.755983322248
0.0388726260994
0.664334753919
0.746423642227
0.0734057025214
0.593835998906
0.801230559352
-0.0314389732872
0.616637735181
0.786619027554
-0.72360679775
0.525731112119
0.4472135955
-0.657943187927
0.548853237088
0.515626692093
-0.657588796371
0.477766226504
0.58250871899
-0.586498244197
0.566647506096
0.578731728341
-0.583606871297
0.494844741682
0.64384136354
-0.510546078119
0.578989221671
0.635699758774
-0.57515489451
0.417874491052
0.703262224955
-0.504598844338
0.50714410908
0.698702267721
-0.43142655626
0.585943126618
0.685960479126
-0.493860706836
0.429640336476
0.755983322248
-0.421934786069
0.514609349535
0.746423642227
-0.35045122529
0.587738148823
0.729210399755
-0.478362953806
0.347551029762
0.806459649416
-0.408434503261
0.437276625611
0.801230559352
-0.337015903071
0.51734977198
0.786619027554
-0.26882508478
0.584728668336
0.765392355736
-0.608916922984
0.627562849951
0.485164972215
-0.535471048841
0.642991570003
0.547569718628
-0.479026181393
0.713728248862
0.511004798721
-0.457449715094
0.652254207946
0.604404009233
-0.3993991342
0.720363163472
0.567060176976
-0.376194841612
0.655382423584
0.654943753312
-0.337177136704
0.782076294741
0.524088015212
-0.316520420613
0.720159084612
0.617402394056
-0.293067299633
0.652609665263
0.698721820677
-0.288549222725
0.888063192444
-0.357887010508
-0.297904223562
0.916854924498
-0.265763280023
-0.212019453914
0.948822439517
-0.234059243422
-0.304392647424
0.936824239753
-0.172352719749
-0.219472307228
0.965686504552
-0.138857773592
-0.308048531596
0.948075894342
-0.0791087905974
-0.131413719271
0.985895494352
-0.10363642508
-0.224806201181
0.973428492525
-0.0435791446828
-0.308992230616
0.95098030128
0.0126596997317
-0.137975844038
0.990410901725
-0.00699372618702
-0.228038267539
0.972349408419
0.0503505360944
-0.307410053092
0.946110859564
0.101849401927
-0.048744242297
0.998356873647
0.0301255984954
-0.143182109368
0.985732293213
0.0884914101705
-0.22925046836
0.963000364566
0.141684581383
-0.303530999103
0.934172358963
0.187592474085
-0.378601188417
0.86562139785
-0.327659481342
-0.386176495637
0.892235386423
-0.234059243422
-0.471357859142
0.85898280758
-0.199925748485
-0.390059459371
0.910259378896
-0.138857773592
-0.473178899698
0.874849255745
-0.10363642508
-0.390294874871
0.919657962939
-0.0435791446828
-0.552347657298
0.830900761708
-0.0672011136101
-0.470524119104
0.882359417208
-0.00699372618702
-0.387045808537
0.920684726499
0.0503505360944
-0.547384526458
0.836338823988
0.0301255984954
-0.46356214489
0.881634509392
0.0884914101705
-0.380569887372
0.913833704907
0.141684581383
0.191060738131
0.888063192444
0.418138207499
0.104479085091
0.9168549245
0.385306589871
0.0366455725099
0.892235386423
0.450081234034
0.0180284287037
0.936824239765
0.349335540057
-0.0502417249022
0.910259378896
0.41097887076
-0.0670064380456
0.948075894342
0.310905509485
-0.118916800479
0.874849255745
0.469571692382
-0.135566802332
0.919657962939
0.368579534575
-0.149508706105
0.95098030128
0.270709463035
-0.204169404206
0.882359417208
0.423977255582
-0.218127036223
0.920684726499
0.323666851036
-0.228574829606
0.946110859564
0.229407473037
-0.271742956638
0.836338823988
0.476123027177
-0.28646041698
0.881634509392
0.375048025394
-0.296922569806
0.913833704907
0.277028784274
0.11453096932
0.948822439517
0.294310440413
0.0260471687541
0.965686504552
0.258401083447
0.0339252346768
0.985895494352
0.163887622071
-0.0615580175559
0.973428492525
0.220561965024
-0.0554492944361
0.990410901725
0.126537036042
-0.147016702102
0.972349408419
0.181446182794
-0.676561831728
0.606155530601
0.418138207499
-0.706260669759
0.627562849951
0.327659481342
-0.623439158504
0.680339949907
0.385306589878
-0.650361337555
0.700293863516
0.294310440413
-0.565236777307
0.747309886198
0.34933554009
-0.671283607627
0.713728248862
0.199925748485
-0.588688887891
0.765946651763
0.258401083447
-0.503055681636
0.806394906572
0.310905509485
-0.606940923274
0.777665456985
0.163887622071
-0.522365429725
0.823703088141
0.220561965024
-0.438017112267
0.857238237589
0.270709463035
-0.619548770908
0.782076294741
0.0672011136101
-0.537289500219
0.833851528429
0.126537036042
-0.452593631886
0.873061445218
0.181446182794
-0.371189088648
0.899772677838
0.229407473037
-0.554089692642
0.700293863516
0.450081234034
-0.494390629403
0.765946651763
0.41097887076
-0.418017778002
0.777665456985
0.469571692382
-0.43088554081
0.823703088141
0.368579534575
-0.353461334922
0.833851528429
0.423977255582
-0.36469642501
0.873061445218
0.323666851036
-0.0788698407922
0.0573022935123
-0.995236652948
-0.156484224163
0.113692443811
-0.98111503699
-0.127005663249
0.205449121835
-0.970391786775
-0.231673519529
0.168320664527
-0.958120834886
-0.203633353408
0.258802542683
-0.944221743702
-0.303425844265
0.220451779954
-0.927002572676
-0.173331413428
0.348025120509
-0.921322276195
-0.277413463996
0.309093738606
-0.909671825852
-0.370935049744
0.269500088766
-0.888693924266
-0.248398306813
0.396574902819
-0.883757108954
-0.347374447703
0.355711673238
-0.867640592991
-0.433620878831
0.315044009502
-0.844227579222
-0.216690625703
0.481471054311
-0.849253081592
-0.320224383493
0.440852200754
-0.83851397204
-0.412758708527
0.398220074869
-0.819177038562
-0.491123473188
0.356822089773
-0.794654472292
-0.157505490873
1.87350135405e-16
-0.987518111401
-0.234640634413
0.0573022935127
-0.970391786775
-0.311079050236
1.94289029309e-16
-0.950384040535
-0.309062011477
0.113692443818
-0.944221743702
-0.384553911103
0.0573022935127
-0.921322276195
-0.37969108909
0.168320664558
-0.909671825852
-0.456886901602
1.94289029309e-16
-0.889524794002
-0.453924443704
0.113692443818
-0.883757108954
-0.445646512507
0.220451779954
-0.867640592991
-0.524867269474
0.0573022935127
-0.849253081592
-0.518230134763
0.168320664558
-0.83851397204
-0.506279252635
0.269500088767
-0.819177038562
-0.31867482122
0.795346133908
-0.515626692093
-0.408682060466
0.77304199316
-0.485164972215
-0.357675878481
0.732896686143
-0.578731728345
-0.446051668487
0.707958552658
-0.547569718628
-0.392884057553
0.664475683521
-0.635699758794
-0.530768671143
0.676135129554
-0.511004798721
-0.478970878712
0.636618167326
-0.604404009233
-0.423946891039
0.591377421496
-0.685960479126
-0.561684960713
0.602455608819
-0.567060176976
-0.50705512536
0.560306862214
-0.654943753312
-0.450676811998
0.514919997685
-0.729210399755
-0.639605290997
0.562349378981
-0.524088015212
-0.587101801153
0.523570204363
-0.617402394056
-0.530105898664
0.480391042289
-0.698721820677
-0.473038490574
0.436358944238
-0.765392355736
-0.662688054384
0.481471054311
-0.573611511771
-0.606780998717
0.440852200754
-0.661412244131
-0.548102911418
0.398220074869
-0.735529720995
-0.290280874866
0.707958552658
-0.64384136354
-0.326393091399
0.636618167326
-0.698702267721
-0.256000890402
0.602455608819
-0.755983322248
-0.359037555809
0.560306862214
-0.746423642227
-0.289661581614
0.523570204363
-0.801230559352
-0.387885230422
0.480391042289
-0.786619027554
-0.894427191
2.22044604925e-16
-0.4472135955
-0.8548950588
0.0573022935127
-0.515626692093
-0.812824453557
1.11022302463e-16
-0.58250871899
-0.807554094058
0.113692443818
-0.578731728341
-0.763010318248
0.0573022935127
-0.64384136354
-0.753361779345
0.168320664558
-0.635699758774
-0.710930547206
8.32667268469e-17
-0.703262224955
-0.706320868516
0.113692443818
-0.698702267721
-0.693440144347
0.220451779954
-0.685960479126
-0.652077958255
0.0573022935127
-0.755983322248
-0.643832198797
0.168320664558
-0.746423642227
-0.628984813047
0.269500088767
-0.729210399755
-0.591289128822
2.77555756156e-17
-0.806459649416
-0.587455205934
0.113692443818
-0.801230559352
-0.576742159206
0.220451779954
-0.786619027554
-0.561178949942
0.315044009502
-0.765392355736
-0.861496326945
0.149796623447
-0.485164972215
-0.811146140704
0.205449121835
-0.547569718628
-0.807059260323
0.29585375781
-0.511004798721
-0.753469997759
0.258802542683
-0.604404009233
-0.746539530891
0.348025120509
-0.567060176976
-0.689572143254
0.309093738606
-0.654943753312
-0.732474945924
0.434525264978
-0.524088015212
-0.679369288582
0.396574902819
-0.617402394056
-0.620690762644
0.355711673238
-0.698721820677
-0.755431672521
0.548853237088
0.357887010508
-0.779923382669
0.56664750609
0.265763280023
-0.729231178347
0.642991570003
0.234059243422
-0.796910296846
0.578989221641
0.172352719749
-0.745173112055
0.652254207946
0.138857773592
-0.806481525901
0.585943126617
0.0791087905974
-0.685810764066
0.720363163472
0.10363642508
-0.754038949263
0.655382423584
0.0435791446828
-0.808952162011
0.587738148822
-0.0126596997317
-0.693773724383
0.720159084612
0.00699372618702
-0.756019476151
0.652609665263
-0.0503505360944
-0.804809967479
0.584728668336
-0.101849401927
-0.626254367251
0.779036530475
-0.0301255984954
-0.695235664428
0.713313844835
-0.0884914101705
-0.751504937116
0.64433361614
-0.141684581383
-0.794654472292
0.57735026919
-0.187592474085
-0.815094287245
0.477766226504
0.327659481342
-0.836866149512
0.494844741682
0.234059243422
-0.886233944746
0.417874491052
0.199925748485
-0.850601770124
0.50714410908
0.138857773592
-0.897033261741
0.429640336476
0.10363642508
-0.856316574358
0.514609349535
0.0435791446828
-0.935249855408
0.347551029762
0.0672011136101
-0.899299861275
0.437276625611
0.00699372618702
-0.854291540955
0.51734977198
-0.0503505360944
-0.934431011022
0.354867769676
-0.0301255984954
-0.893241415698
0.440782308639
-0.0884914101705
-0.845025481224
0.515613630038
-0.141684581383
-0.367419063517
0.830760898932
-0.418138207499
-0.454388447717
0.803162480687
-0.385306589871
-0.494795910784
0.743373317682
-0.450081234034
-0.536066166921
0.768503575226
-0.349335540057
-0.575683447949
0.706883961869
-0.41097887076
-0.61147437586
0.727624114388
-0.310905509485
-0.61042920301
0.637870373843
-0.469571692382
-0.650237234728
0.664334753919
-0.368579534575
-0.679927280359
0.681480212513
-0.270709463035
-0.68381437039
0.593835998906
-0.423977255582
-0.717633383484
0.616637735181
-0.323666851036
-0.741030931923
0.631066850062
-0.229407473037
-0.711432296681
0.516885819336
-0.476123027177
-0.749963108086
0.544880092459
-0.375048025394
-0.777353379778
0.564780289698
-0.277028784274
-0.46504633643
0.834933092911
-0.294310440413
-0.546543683536
0.796566935078
-0.258401083447
-0.55204874049
0.817546962232
-0.163887622071
-0.62196839441
0.751337298382
-0.220561965024
-0.627008343269
0.76866697339
-0.126537036042
-0.690471652802
0.700232946545
-0.181446182794
-0.903639301096
0.0927170585366
-0.418138207499
-0.940249072381
0.0925794046905
-0.327659481342
-0.90426666329
0.183958238357
-0.385306589878
-0.937775779812
0.184276833765
-0.294310440413
-0.896543888687
0.272348556244
-0.34933554009
-0.962598785441
0.182847678026
-0.199925748485
-0.926471460653
0.27364121157
-0.258401083447
-0.880967629167
0.356698472846
-0.310905509485
-0.948125808343
0.272393646926
-0.163887622071
-0.906763037398
0.359351100726
-0.220561965024
-0.858235281407
0.436060303595
-0.270709463035
-0.960918396725
0.268551382727
-0.0672011136101
-0.924801967589
0.358789212845
-0.126537036042
-0.879328581586
0.44029368421
-0.181446182794
-0.829171391291
0.509751915326
-0.229407473037
-0.859890383001
0.240863886859
-0.450081234034
-0.850182566996
0.329068337226
-0.41097887076
-0.795283773188
0.383439885534
-0.469571692382
-0.832754252623
0.413121630311
-0.368579534575
-0.776081857819
0.466840697362
-0.423977255582
-0.808218247465
0.49195836613
-0.323666851036
-0.0974884845937
-1.95302107819e-13
0.995236652948
-0.193425138468
-3.93984844749e-12
0.98111503699
-0.223509703861
0.0915597752284
0.970391786775
-0.28636421871
-1.89209758972e-11
0.958120834886
-0.316863161374
0.0896829732097
0.944221743702
-0.375054969641
-3.4514058278e-13
0.927002572676
-0.344792092385
0.17967658839
0.921322276195
-0.40611294797
0.0870025444626
0.909671825852
-0.45850093672
-2.30315766458e-13
0.888693924266
-0.434059330892
0.174830974484
0.883757108954
-0.490113907201
0.0835952113639
0.867640592991
-0.535984882699
-2.76445533132e-14
0.844227579222
-0.458307983845
0.26215071114
0.849253081592
-0.518193390303
0.168433752375
0.83851397204
-0.567996696949
0.0795533264425
0.819177038562
-0.607061998207
4.4408920985e-16
0.794654472292
-0.127424618824
-0.0925794046905
0.987518111401
-0.223509703861
-0.0915597752284
0.970391786775
-0.251668238235
-0.182847678026
0.950384040535
-0.316863161374
-0.0896829732097
0.944221743702
-0.344792092385
-0.17967658839
0.921322276195
-0.40611294797
-0.0870025444626
0.909671825852
-0.369629267903
-0.268551382727
0.889524794002
-0.434059330892
-0.174830974484
0.883757108954
-0.490113907201
-0.0835952113639
0.867640592991
-0.458307983845
-0.26215071114
0.849253081592
-0.518193390303
-0.168433752375
0.83851397204
-0.567996696949
-0.0795533264425
0.819177038562
-0.725306074025
0.456136178552
0.515626692093
-0.785013415195
0.385186821813
0.485164972215
-0.720151727738
0.382689267739
0.578731728345
-0.776990976662
0.310567907916
0.547569718628
-0.708418886659
0.306640665427
0.635699758794
-0.826823132745
0.235026813026
0.511004798721
-0.761690350784
0.23350289751
0.604404009233
-0.690583166457
0.229244653772
0.685960479126
-0.808527200726
0.157246689549
0.567060176976
-0.739556323869
0.15525824881
0.654943753312
-0.667267580627
0.151677845227
0.729210399755
-0.847992221709
0.0789996470353
0.524088015212
-0.782722179225
0.0784874127659
0.617402394056
-0.711231450828
0.0770560877695
0.698721820677
-0.639181529997
0.0749767530098
0.765392355736
-0.819127483096
4.99600361081e-16
0.573611511771
-0.75002256187
4.4408920985e-16
0.661412244131
-0.677492457178
3.88578058619e-16
0.735529720995
-0.650969757395
0.402127683145
0.64384136354
-0.638252327884
0.32318587072
0.698702267721
-0.561223592935
0.336923277939
0.755983322248
-0.619807594635
0.242260793272
0.746423642227
-0.542087986807
0.25331838725
0.801230559352
-0.596172513269
0.160651299133
0.786619027554
-0.72360679775
-0.525731112119
0.4472135955
-0.725306074025
-0.456136178552
0.515626692093
-0.657588796371
-0.477766226504
0.58250871899
-0.720151727743
-0.382689267736
0.578731728341
-0.650969757395
-0.402127683145
0.64384136354
-0.708418886685
-0.306640665408
0.635699758774
-0.57515489451
-0.417874491052
0.703262224955
-0.638252327884
-0.32318587072
0.698702267721
-0.690583166457
-0.229244653772
0.685960479126
-0.561223592935
-0.336923277939
0.755983322248
-0.619807594635
-0.242260793272
0.746423642227
-0.667267580627
-0.151677845227
0.729210399755
-0.478362953806
-0.347551029762
0.806459649416
-0.542087986807
-0.25331838725
0.801230559352
-0.596172513269
-0.160651299133
0.786619027554
-0.639181529997
-0.0749767530098
0.765392355736
-0.785013415195
-0.385186821813
0.485164972215
-0.776990976662
-0.310567907916
0.547569718628
-0.826823132745
-0.235026813026
0.511004798721
-0.761690350784
-0.23350289751
0.604404009233
-0.808527200726
-0.157246689549
0.567060176976
-0.739556323869
-0.15525824881
0.654943753312
-0.847992221709
-0.0789996470353
0.524088015212
-0.782722179225
-0.0784874127659
0.617402394056
-0.711231450828
-0.0770560877695
0.698721820677
-0.933764899592
-1.9523271888e-13
-0.357887010508
-0.964038318218
-3.93979293634e-12
-0.265763280023
-0.967901378307
0.0915597752284
-0.234059243422
-0.985035298857
-1.89208093637e-11
-0.172352719749
-0.98624311558
0.0896829732097
-0.138857773592
-0.996865988611
-3.45057316053e-13
-0.0791087905974
-0.978251406838
0.17967658839
-0.10363642508
-0.995254447569
0.0870025444626
-0.0435791446828
-0.99991986279
-2.30204744156e-13
0.0126596997317
-0.984573622516
0.174830974484
-0.00699372618702
-0.99522694103
0.0835952113639
0.0503505360944
-0.994799828773
-2.76445533132e-14
0.101849401927
-0.964556609518
0.26215071114
0.0301255984954
-0.981732825868
0.168433752375
0.0884914101705
-0.986710062607
0.0795533264425
0.141684581383
-0.982246946377
5.55111512313e-16
0.187592474085
-0.940249072381
-0.0925794046905
-0.327659481342
-0.967901378307
-0.0915597752284
-0.234059243422
-0.962598785441
-0.182847678026
-0.199925748485
-0.98624311558
-0.0896829732097
-0.138857773592
-0.978251406838
-0.17967658839
-0.10363642508
-0.995254447569
-0.0870025444626
-0.0435791446828
-0.960918396725
-0.268551382727
-0.0672011136101
-0.984573622516
-0.174830974484
-0.00699372618702
-0.99522694103
-0.0835952113639
0.0503505360944
-0.964556609518
-0.26215071114
0.0301255984954
-0.981732825868
-0.168433752375
0.0884914101705
-0.986710062607
-0.0795533264425
0.141684581383
-0.785557271016
0.456136178552
0.418138207499
-0.839695037593
0.382689267739
0.385306589871
-0.837242173653
0.310567907916
0.450081234034
-0.885401707
0.306640665427
0.349335540057
-0.881233660639
0.23350289751
0.41097887076
-0.922379885345
0.229244653772
0.310905509485
-0.868778397717
0.157246689549
0.469571692382
-0.91653914421
0.15525824881
0.368579534575
-0.950636743394
0.151677845227
0.270709463035
-0.902265489081
0.0784874127659
0.423977255582
-0.943028169716
0.0770560877695
0.323666851036
-0.970438404961
0.0749767530098
0.229407473037
-0.879378680087
4.99600361081e-16
0.476123027177
-0.927005382211
5.55111512313e-16
0.375048025394
-0.960861619945
4.4408920985e-16
0.277028784274
-0.866991748007
0.402127683145
0.294310440413
-0.910373425052
0.32318587072
0.258401083447
-0.927158860236
0.336923277939
0.163887622071
-0.944807984528
0.242260793272
0.220561965024
-0.959071516202
0.25331838725
0.126537036042
-0.970189900399
0.160651299133
0.181446182794
-0.785557271016
-0.456136178552
0.418138207499
-0.815094287245
-0.477766226504
0.327659481342
-0.839695037592
-0.382689267736
0.385306589878
-0.866991748007
-0.402127683145
0.294310440413
-0.885401706994
-0.306640665408
0.34933554009
-0.886233944746
-0.417874491052
0.199925748485
-0.910373425052
-0.32318587072
0.258401083447
-0.922379885345
-0.229244653772
0.310905509485
-0.927158860236
-0.336923277939
0.163887622071
-0.944807984528
-0.242260793272
0.220561965024
-0.950636743394
-0.151677845227
0.270709463035
-0.935249855408
-0.347551029762
0.0672011136101
-0.959071516202
-0.25331838725
0.126537036042
-0.970189900399
-0.160651299133
0.181446182794
-0.970438404961
-0.0749767530098
0.229407473037
-0.837242173653
-0.310567907916
0.450081234034
-0.881233660639
-0.23350289751
0.41097887076
-0.868778397717
-0.157246689549
0.469571692382
-0.91653914421
-0.15525824881
0.368579534575
-0.902265489081
-0.0784874127659
0.423977255582
-0.943028169716
-0.0770560877695
0.323666851036
-0.078869840792
-0.0573022935127
-0.995236652948
-0.156484224158
-0.113692443818
-0.98111503699
-0.234640634413
-0.0573022935127
-0.970391786775
-0.231673519507
-0.168320664558
-0.958120834886
-0.309062011477
-0.113692443818
-0.944221743702
-0.303425844264
-0.220451779954
-0.927002572676
-0.384553911103
-0.0573022935127
-0.921322276195
-0.37969108909
-0.168320664558
-0.909671825852
-0.370935049743
-0.269500088767
-0.888693924266
-0.453924443704
-0.113692443818
-0.883757108954
-0.445646512507
-0.220451779954
-0.867640592991
-0.433620878831
-0.315044009502
-0.844227579222
-0.524867269474
-0.0573022935127
-0.849253081592
-0.518230134763
-0.168320664558
-0.83851397204
-0.506279252635
-0.269500088767
-0.819177038562
-0.491123473188
-0.356822089773
-0.794654472292
-0.0486718733872
-0.149796623447
-0.987518111401
-0.127005663249
-0.205449121835
-0.970391786775
-0.096128713117
-0.29585375781
-0.950384040535
-0.203633353408
-0.258802542683
-0.944221743702
-0.173331413428
-0.348025120509
-0.921322276195
-0.277413463996
-0.309093738606
-0.909671825852
-0.141185817102
-0.434525264978
-0.889524794002
-0.248398306813
-0.396574902819
-0.883757108954
-0.347374447703
-0.355711673238
-0.867640592991
-0.216690625703
-0.481471054311
-0.849253081592
-0.320224383493
-0.440852200754
-0.83851397204
-0.412758708527
-0.398220074869
-0.819177038562
-0.854895058799
-0.0573022935123
-0.515626692093
-0.861496326945
-0.149796623447
-0.485164972215
-0.807554094056
-0.113692443811
-0.578731728345
-0.811146140704
-0.205449121835
-0.547569718628
-0.753361779335
-0.168320664527
-0.635699758794
-0.807059260323
-0.29585375781
-0.511004798721
-0.753469997759
-0.258802542683
-0.604404009233
-0.693440144347
-0.220451779954
-0.685960479126
-0.746539530891
-0.348025120509
-0.567060176976
-0.689572143254
-0.309093738606
-0.654943753312
-0.628984813047
-0.269500088766
-0.729210399755
-0.732474945924
-0.434525264978
-0.524088015212
-0.679369288582
-0.396574902819
-0.617402394056
-0.620690762644
-0.355711673238
-0.698721820677
-0.561178949942
-0.315044009502
-0.765392355736
-0.662688054384
-0.481471054311
-0.573611511771
-0.606780998717
-0.440852200754
-0.661412244131
-0.548102911418
-0.398220074869
-0.735529720995
-0.763010318248
-0.0573022935127
-0.64384136354
-0.706320868516
-0.113692443818
-0.698702267721
-0.652077958255
-0.0573022935127
-0.755983322248
-0.643832198797
-0.168320664558
-0.746423642227
-0.587455205934
-0.113692443818
-0.801230559352
-0.576742159206
-0.220451779954
-0.786619027554
-0.27639320225
-0.850650808352
-0.4472135955
-0.31867482122
-0.795346133908
-0.515626692093
-0.251176569593
-0.77304199316
-0.58250871899
-0.357675878487
-0.732896686143
-0.578731728341
-0.290280874866
-0.707958552658
-0.64384136354
-0.392884057585
-0.664475683521
-0.635699758774
-0.219689620907
-0.676135129554
-0.703262224955
-0.326393091399
-0.636618167326
-0.698702267721
-0.423946891039
-0.591377421496
-0.685960479126
-0.256000890402
-0.602455608819
-0.755983322248
-0.359037555809
-0.560306862214
-0.746423642227
-0.450676811999
-0.514919997685
-0.729210399755
-0.182718389395
-0.562349378981
-0.806459649416
-0.289661581614
-0.523570204363
-0.801230559352
-0.387885230422
-0.480391042289
-0.786619027554
-0.473038490574
-0.436358944238
-0.765392355736
-0.408682060466
-0.77304199316
-0.485164972215
-0.446051668487
-0.707958552658
-0.547569718628
-0.530768671143
-0.676135129554
-0.511004798721
-0.478970878712
-0.636618167326
-0.604404009233
-0.561684960713
-0.602455608819
-0.567060176976
-0.50705512536
-0.560306862214
-0.654943753312
-0.639605290997
-0.562349378981
-0.524088015212
-0.587101801153
-0.523570204363
-0.617402394056
-0.530105898664
-0.480391042289
-0.698721820677
-0.75543167252
-0.548853237088
0.357887010508
-0.779923382664
-0.566647506096
0.265763280023
-0.836866149512
-0.494844741682
0.234059243422
-0.796910296824
-0.578989221671
0.172352719749
-0.850601770124
-0.50714410908
0.138857773592
-0.806481525901
-0.585943126618
0.0791087905974
-0.897033261741
-0.429640336476
0.10363642508
-0.856316574358
-0.514609349535
0.0435791446828
-0.80895216201
-0.587738148823
-0.0126596997317
-0.899299861275
-0.437276625611
0.00699372618702
-0.854291540955
-0.51734977198
-0.0503505360944
-0.804809967479
-0.584728668336
-0.101849401927
-0.934431011022
-0.354867769676
-0.0301255984954
-0.893241415698
-0.440782308639
-0.0884914101705
-0.845025481224
-0.515613630038
-0.141684581383
-0.794654472292
-0.57735026919
-0.187592474085
-0.706260669759
-0.627562849951
0.327659481342
-0.729231178347
-0.642991570003
0.234059243422
-0.671283607627
-0.713728248862
0.199925748485
-0.745173112055
-0.652254207946
0.138857773592
-0.685810764066
-0.720363163472
0.10363642508
-0.754038949263
-0.655382423584
0.0435791446828
-0.619548770908
-0.782076294741
0.0672011136101
-0.693773724383
-0.720159084612
0.00699372618702
-0.756019476151
-0.652609665263
-0.0503505360944
-0.626254367251
-0.779036530475
-0.0301255984954
-0.695235664428
-0.713313844835
-0.0884914101705
-0.751504937116
-0.64433361614
-0.141684581383
-0.903639301096
-0.0927170585365
-0.418138207499
-0.904266663293
-0.183958238354
-0.385306589871
-0.859890383001
-0.240863886859
-0.450081234034
-0.896543888703
-0.272348556233
-0.349335540057
-0.850182566996
-0.329068337226
-0.41097887076
-0.880967629168
-0.356698472846
-0.310905509485
-0.795283773188
-0.383439885534
-0.469571692382
-0.832754252623
-0.413121630311
-0.368579534575
-0.858235281407
-0.436060303595
-0.270709463035
-0.776081857819
-0.466840697362
-0.423977255582
-0.808218247465
-0.49195836613
-0.323666851036
-0.829171391291
-0.509751915326
-0.229407473037
-0.711432296681
-0.516885819336
-0.476123027177
-0.749963108086
-0.544880092459
-0.375048025394
-0.777353379778
-0.564780289698
-0.277028784274
-0.937775779812
-0.184276833765
-0.294310440413
-0.926471460653
-0.27364121157
-0.258401083447
-0.948125808343
-0.272393646926
-0.163887622071
-0.906763037398
-0.359351100726
-0.220561965024
-0.924801967589
-0.358789212845
-0.126537036042
-0.879328581586
-0.44029368421
-0.181446182794
-0.367419063517
-0.830760898932
-0.418138207499
-0.378601188417
-0.86562139785
-0.327659481342
-0.454388447719
-0.803162480683
-0.385306589878
-0.46504633643
-0.834933092911
-0.294310440413
-0.536066166927
-0.768503575207
-0.34933554009
-0.471357859142
-0.85898280758
-0.199925748485
-0.546543683536
-0.796566935078
-0.258401083447
-0.61147437586
-0.727624114388
-0.310905509485
-0.55204874049
-0.817546962232
-0.163887622071
-0.62196839441
-0.751337298382
-0.220561965024
-0.679927280359
-0.681480212513
-0.270709463035
-0.552347657298
-0.830900761708
-0.0672011136101
-0.627008343269
-0.76866697339
-0.126537036042
-0.690471652802
-0.700232946545
-0.181446182794
-0.741030931923
-0.631066850062
-0.229407473037
-0.494795910784
-0.743373317682
-0.450081234034
-0.575683447949
-0.706883961869
-0.41097887076
-0.61042920301
-0.637870373843
-0.469571692382
-0.650237234728
-0.664334753919
-0.368579534575
-0.68381437039
-0.593835998906
-0.423977255582
-0.717633383484
-0.616637735181
-0.323666851036
-0.0301255984951
-0.0927170585366
0.995236652948
-0.0597716549223
-0.183958238357
0.98111503699
-0.156146817762
-0.184276833765
0.970391786775
-0.0884914101444
-0.272348556244
0.958120834886
-0.183209677828
-0.27364121157
0.944221743702
-0.115898359444
-0.356698472846
0.927002572676
-0.277429206287
-0.272393646926
0.921322276195
-0.208240139404
-0.359351100726
0.909671825852
-0.141684581383
-0.436060303595
0.888693924266
-0.300405847346
-0.358789212845
0.883757108954
-0.230957297003
-0.44029368421
0.867640592991
-0.165628437482
-0.509751915326
0.844227579222
-0.390945097747
-0.354867769676
0.849253081592
-0.320320581737
-0.440782308639
0.83851397204
-0.251180341612
-0.515613630038
0.819177038562
-0.187592474085
-0.57735026919
0.794654472292
0.0486718733872
-0.149796623447
0.987518111401
0.0180102239608
-0.240863886859
0.970391786775
0.096128713117
-0.29585375781
0.950384040535
-0.0126225256841
-0.329068337226
0.944221743702
0.0643359741404
-0.383439885534
0.921322276195
-0.042751465713
-0.413121630311
0.909671825852
0.141185817102
-0.434525264978
0.889524794002
0.0321424277206
-0.466840697362
0.883757108954
-0.0719497560059
-0.49195836613
0.867640592991
0.107695186415
-0.516885819336
0.849253081592
5.9453784243e-05
-0.544880092459
0.83851397204
-0.0998609226001
-0.564780289698
0.819177038562
-0.657943187927
-0.548853237088
0.515626692093
-0.608916922984
-0.627562849951
0.485164972215
-0.586498244199
-0.56664750609
0.578731728345
-0.535471048841
-0.642991570003
0.547569718628
-0.510546078129
-0.578989221641
0.635699758794
-0.479026181393
-0.713728248862
0.511004798721
-0.457449715094
-0.652254207946
0.604404009233
-0.43142655626
-0.585943126617
0.685960479126
-0.3993991342
-0.720363163472
0.567060176976
-0.376194841612
-0.655382423584
0.654943753312
-0.35045122529
-0.587738148822
0.729210399755
-0.337177136704
-0.782076294741
0.524088015212
-0.316520420613
-0.720159084612
0.617402394056
-0.293067299633
-0.652609665263
0.698721820677
-0.26882508478
-0.584728668336
0.765392355736
-0.253124312836
-0.779036530475
0.573611511771
-0.231769717782
-0.713313844835
0.661412244131
-0.209356682829
-0.64433361614
0.735529720995
-0.583606871297
-0.494844741682
0.64384136354
-0.504598844338
-0.50714410908
0.698702267721
-0.493860706836
-0.429640336476
0.755983322248
-0.421934786069
-0.514609349535
0.746423642227
-0.408434503261
-0.437276625611
0.801230559352
-0.337015903071
-0.51734977198
0.786619027554
0.27639320225
-0.850650808352
0.4472135955
0.209679381932
-0.830760898932
0.515626692093
0.251176569593
-0.77304199316
0.58250871899
0.141419999395
-0.803162480687
0.578731728341
0.181285435578
-0.743373317682
0.64384136354
0.0727191278755
-0.768503575226
0.635699758774
0.219689620907
-0.676135129554
0.703262224955
0.110137212307
-0.706883961869
0.698702267721
0.00462268733066
-0.727624114388
0.685960479126
0.147005451114
-0.637870373843
0.755983322248
0.0388726260994
-0.664334753919
0.746423642227
-0.0619428191283
-0.681480212513
0.729210399755
0.182718389395
-0.562349378981
0.806459649416
0.0734057025214
-0.593835998906
0.801230559352
-0.0314389732872
-0.616637735181
0.786619027554
-0.126210825739
-0.631066850062
0.765392355736
0.123751950769
-0.86562139785
0.485164972215
0.0552642163114
-0.834933092911
0.547569718628
-0.0319786173282
-0.85898280758
0.511004798721
-0.013300810593
-0.796566935078
0.604404009233
-0.100298156677
-0.817546962232
0.567060176976
-0.0808761031339
-0.751337298382
0.654943753312
-0.186910878508
-0.830900761708
0.524088015212
-0.167228489897
-0.76866697339
0.617402394056
-0.146497910846
-0.700232946545
0.698721820677
-0.288549222724
-0.888063192444
-0.357887010508
-0.297904223554
-0.9168549245
-0.265763280023
-0.386176495637
-0.892235386423
-0.234059243422
-0.304392647388
-0.936824239765
-0.172352719749
-0.390059459371
-0.910259378896
-0.138857773592
-0.308048531595
-0.948075894342
-0.0791087905974
-0.473178899698
-0.874849255745
-0.10363642508
-0.390294874871
-0.919657962939
-0.0435791446828
-0.308992230615
-0.95098030128
0.0126596997317
-0.470524119104
-0.882359417208
-0.00699372618702
-0.387045808537
-0.920684726499
0.0503505360944
-0.307410053092
-0.946110859564
0.101849401927
-0.547384526458
-0.836338823988
0.0301255984954
-0.46356214489
-0.881634509392
0.0884914101705
-0.380569887372
-0.913833704907
0.141684581383
-0.303530999103
-0.934172358963
0.187592474085
-0.202504696206
-0.922838616607
-0.327659481342
-0.212019453914
-0.948822439517
-0.234059243422
-0.12356090779
-0.971988887364
-0.199925748485
-0.219472307228
-0.965686504552
-0.138857773592
-0.131413719271
-0.985895494352
-0.10363642508
-0.224806201181
-0.973428492525
-0.0435791446828
-0.0415325722929
-0.996874643959
-0.0672011136101
-0.137975844038
-0.990410901725
-0.00699372618702
-0.228038267539
-0.972349408419
0.0503505360944
-0.048744242297
-0.998356873647
0.0301255984954
-0.143182109368
-0.985732293213
0.0884914101705
-0.22925046836
-0.963000364566
0.141684581383
-0.676561831728
-0.606155530601
0.418138207499
-0.623439158508
-0.680339949907
0.385306589871
-0.554089692642
-0.700293863516
0.450081234034
-0.565236777327
-0.747309886198
0.349335540057
-0.494390629403
-0.765946651763
0.41097887076
-0.503055681637
-0.806394906572
0.310905509485
-0.418017778002
-0.777665456985
0.469571692382
-0.43088554081
-0.823703088141
0.368579534575
-0.438017112267
-0.857238237589
0.270709463035
-0.353461334922
-0.833851528429
0.423977255582
-0.36469642501
-0.873061445218
0.323666851036
-0.371189088648
-0.899772677838
0.229407473037
-0.271742956638
-0.836338823988
0.476123027177
-0.28646041698
-0.881634509392
0.375048025394
-0.296922569806
-0.913833704907
0.277028784274
-0.650361337555
-0.700293863516
0.294310440413
-0.588688887891
-0.765946651763
0.258401083447
-0.606940923274
-0.777665456985
0.163887622071
-0.522365429725
-0.823703088141
0.220561965024
-0.537289500219
-0.833851528429
0.126537036042
-0.452593631886
-0.873061445218
0.181446182794
0.191060738131
-0.888063192444
0.418138207499
0.202504696206
-0.922838616607
0.327659481342
0.104479085088
-0.916854924498
0.385306589878
0.11453096932
-0.948822439517
0.294310440413
0.0180284286876
-0.936824239753
0.34933554009
0.12356090779
-0.971988887364
0.199925748485
0.0260471687541
-0.965686504552
0.258401083447
-0.0670064380459
-0.948075894342
0.310905509485
0.0339252346768
-0.985895494352
0.163887622071
-0.0615580175559
-0.973428492525
0.220561965024
-0.149508706105
-0.95098030128
0.270709463035
0.0415325722929
-0.996874643959
0.0672011136101
-0.0554492944361
-0.990410901725
0.126537036042
-0.147016702102
-0.972349408419
0.181446182794
-0.228574829606
-0.946110859564
0.229407473037
0.0366455725099
-0.892235386423
0.450081234034
-0.0502417249022
-0.910259378896
0.41097887076
-0.118916800479
-0.874849255745
0.469571692382
-0.135566802332
-0.919657962939
0.368579534575
-0.204169404206
-0.882359417208
0.423977255582
-0.218127036223
-0.920684726499
0.323666851036
0.0301255984955
-0.0927170585365
-0.995236652948
0.0597716549298
-0.183958238354
-0.98111503699
-0.0180102239608
-0.240863886859
-0.970391786775
0.0884914101804
-0.272348556233
-0.958120834886
0.012622525684
-0.329068337226
-0.944221743702
0.115898359444
-0.356698472846
-0.927002572676
-0.0643359741404
-0.383439885534
-0.921322276195
0.042751465713
-0.413121630311
-0.909671825852
0.141684581384
-0.436060303595
-0.888693924266
-0.0321424277206
-0.466840697362
-0.883757108954
0.0719497560059
-0.49195836613
-0.867640592991
0.165628437482
-0.509751915326
-0.844227579222
-0.107695186415
-0.516885819336
-0.849253081592
-5.94537842434e-05
-0.544880092459
-0.83851397204
0.0998609226001
-0.564780289698
-0.819177038562
0.187592474085
-0.57735026919
-0.794654472292
0.127424618824
-0.0925794046905
-0.987518111401
0.156146817762
-0.184276833765
-0.970391786775
0.251668238235
-0.182847678026
-0.950384040535
0.183209677828
-0.27364121157
-0.944221743702
0.277429206287
-0.272393646926
-0.921322276195
0.208240139404
-0.359351100726
-0.909671825852
0.369629267903
-0.268551382727
-0.889524794002
0.300405847346
-0.358789212845
-0.883757108954
0.230957297003
-0.44029368421
-0.867640592991
0.390945097747
-0.354867769676
-0.849253081592
0.320320581737
-0.440782308639
-0.83851397204
0.251180341612
-0.515613630038
-0.819177038562
-0.209679381933
-0.830760898932
-0.515626692093
-0.123751950769
-0.86562139785
-0.485164972215
-0.1414199994
-0.803162480683
-0.578731728345
-0.0552642163114
-0.834933092911
-0.547569718628
-0.0727191279015
-0.768503575207
-0.635699758794
0.0319786173282
-0.85898280758
-0.511004798721
0.013300810593
-0.796566935078
-0.604404009233
-0.00462268733113
-0.727624114388
-0.685960479126
0.100298156677
-0.817546962232
-0.567060176976
0.0808761031339
-0.751337298382
-0.654943753312
0.061942819128
-0.681480212513
-0.729210399755
0.186910878508
-0.830900761708
-0.524088015212
0.167228489897
-0.76866697339
-0.617402394056
0.146497910846
-0.700232946545
-0.698721820677
0.126210825739
-0.631066850062
-0.765392355736
0.253124312836
-0.779036530475
-0.573611511771
0.231769717782
-0.713313844835
-0.661412244131
0.209356682829
-0.64433361614
-0.735529720995
-0.181285435578
-0.743373317682
-0.64384136354
-0.110137212307
-0.706883961869
-0.698702267721
-0.147005451114
-0.637870373843
-0.755983322248
-0.0388726260994
-0.664334753919
-0.746423642227
-0.0734057025214
-0.593835998906
-0.801230559352
0.0314389732872
-0.616637735181
-0.786619027554
0.72360679775
-0.525731112119
-0.4472135955
0.657943187927
-0.548853237088
-0.515626692093
0.657588796371
-0.477766226504
-0.58250871899
0.586498244197
-0.566647506096
-0.578731728341
0.583606871297
-0.494844741682
-0.64384136354
0.510546078119
-0.578989221671
-0.635699758774
0.57515489451
-0.417874491052
-0.703262224955
0.504598844338
-0.50714410908
-0.698702267721
0.43142655626
-0.585943126618
-0.685960479126
0.493860706836
-0.429640336476
-0.755983322248
0.421934786069
-0.514609349535
-0.746423642227
0.35045122529
-0.587738148823
-0.729210399755
0.478362953806
-0.347551029762
-0.806459649416
0.408434503261
-0.437276625611
-0.801230559352
0.337015903071
-0.51734977198
-0.786619027554
0.26882508478
-0.584728668336
-0.765392355736
0.608916922984
-0.627562849951
-0.485164972215
0.535471048841
-0.642991570003
-0.547569718628
0.479026181393
-0.713728248862
-0.511004798721
0.457449715094
-0.652254207946
-0.604404009233
0.3993991342
-0.720363163472
-0.567060176976
0.376194841612
-0.655382423584
-0.654943753312
0.337177136704
-0.782076294741
-0.524088015212
0.316520420613
-0.720159084612
-0.617402394056
0.293067299633
-0.652609665263
-0.698721820677
0.288549222725
-0.888063192444
0.357887010508
0.297904223562
-0.916854924498
0.265763280023
0.212019453914
-0.948822439517
0.234059243422
0.304392647424
-0.936824239753
0.172352719749
0.219472307228
-0.965686504552
0.138857773592
0.308048531596
-0.948075894342
0.0791087905974
0.131413719271
-0.985895494352
0.10363642508
0.224806201181
-0.973428492525
0.0435791446828
0.308992230616
-0.95098030128
-0.0126596997317
0.137975844038
-0.990410901725
0.00699372618702
0.228038267539
-0.972349408419
-0.0503505360944
0.307410053092
-0.946110859564
-0.101849401927
0.048744242297
-0.998356873647
-0.0301255984954
0.143182109368
-0.985732293213
-0.0884914101705
0.22925046836
-0.963000364566
-0.141684581383
0.303530999103
-0.934172358963
-0.187592474085
0.378601188417
-0.86562139785
0.327659481342
0.386176495637
-0.892235386423
0.234059243422
0.471357859142
-0.85898280758
0.199925748485
0.390059459371
-0.910259378896
0.138857773592
0.473178899698
-0.874849255745
0.10363642508
0.390294874871
-0.919657962939
0.0435791446828
0.552347657298
-0.830900761708
0.0672011136101
0.470524119104
-0.882359417208
0.00699372618702
0.387045808537
-0.920684726499
-0.0503505360944
0.547384526458
-0.836338823988
-0.0301255984954
0.46356214489
-0.881634509392
-0.0884914101705
0.380569887372
-0.913833704907
-0.141684581383
-0.191060738131
-0.888063192444
-0.418138207499
-0.104479085091
-0.9168549245
-0.385306589871
-0.0366455725099
-0.892235386423
-0.450081234034
-0.0180284287037
-0.936824239765
-0.349335540057
0.0502417249022
-0.910259378896
-0.41097887076
0.0670064380456
-0.948075894342
-0.310905509485
0.118916800479
-0.874849255745
-0.469571692382
0.135566802332
-0.919657962939
-0.368579534575
0.149508706105
-0.95098030128
-0.270709463035
0.204169404206
-0.882359417208
-0.423977255582
0.218127036223
-0.920684726499
-0.323666851036
0.228574829606
-0.946110859564
-0.229407473037
0.271742956638
-0.836338823988
-0.476123027177
0.28646041698
-0.881634509392
-0.375048025394
0.296922569806
-0.913833704907
-0.277028784274
-0.11453096932
-0.948822439517
-0.294310440413
-0.0260471687541
-0.965686504552
-0.258401083447
-0.0339252346768
-0.985895494352
-0.163887622071
0.0615580175559
-0.973428492525
-0.220561965024
0.0554492944361
-0.990410901725
-0.126537036042
0.147016702102
-0.972349408419
-0.181446182794
0.676561831728
-0.606155530601
-0.418138207499
0.706260669759
-0.627562849951
-0.327659481342
0.623439158504
-0.680339949907
-0.385306589878
0.650361337555
-0.700293863516
-0.294310440413
0.565236777307
-0.747309886198
-0.34933554009
0.671283607627
-0.713728248862
-0.199925748485
0.588688887891
-0.765946651763
-0.258401083447
0.503055681636
-0.806394906572
-0.310905509485
0.606940923274
-0.777665456985
-0.163887622071
0.522365429725
-0.823703088141
-0.220561965024
0.438017112267
-0.857238237589
-0.270709463035
0.619548770908
-0.782076294741
-0.0672011136101
0.537289500219
-0.833851528429
-0.126537036042
0.452593631886
-0.873061445218
-0.181446182794
0.371189088648
-0.899772677838
-0.229407473037
0.554089692642
-0.700293863516
-0.450081234034
0.494390629403
-0.765946651763
-0.41097887076
0.418017778002
-0.777665456985
-0.469571692382
0.43088554081
-0.823703088141
-0.368579534575
0.353461334922
-0.833851528429
-0.423977255582
0.36469642501
-0.873061445218
-0.323666851036
0.0788698407922
-0.0573022935123
0.995236652948
0.156484224163
-0.113692443811
0.98111503699
0.127005663249
-0.205449121835
0.970391786775
0.231673519529
-0.168320664527
0.958120834886
0.203633353408
-0.258802542683
0.944221743702
0.303425844265
-0.220451779954
0.927002572676
0.173331413428
-0.348025120509
0.921322276195
0.277413463996
-0.309093738606
0.909671825852
0.370935049744
-0.269500088766
0.888693924266
0.248398306813
-0.396574902819
0.883757108954
0.347374447703
-0.355711673238
0.867640592991
0.433620878831
-0.315044009502
0.844227579222
0.216690625703
-0.481471054311
0.849253081592
0.320224383493
-0.440852200754
0.83851397204
0.412758708527
-0.398220074869
0.819177038562
0.491123473188
-0.356822089773
0.794654472292
0.234640634413
-0.0573022935127
0.970391786775
0.309062011477
-0.113692443818
0.944221743702
0.384553911103
-0.0573022935127
0.921322276195
0.37969108909
-0.168320664558
0.909671825852
0.453924443704
-0.113692443818
0.883757108954
0.445646512507
-0.220451779954
0.867640592991
0.524867269474
-0.0573022935127
0.849253081592
0.518230134763
-0.168320664558
0.83851397204
0.506279252635
-0.269500088767
0.819177038562
0.31867482122
-0.795346133908
0.515626692093
0.408682060466
-0.77304199316
0.485164972215
0.357675878481
-0.732896686143
0.578731728345
0.446051668487
-0.707958552658
0.547569718628
0.392884057553
-0.664475683521
0.635699758794
0.530768671143
-0.676135129554
0.511004798721
0.478970878712
-0.636618167326
0.604404009233
0.423946891039
-0.591377421496
0.685960479126
0.561684960713
-0.602455608819
0.567060176976
0.50705512536
-0.560306862214
0.654943753312
0.450676811998
-0.514919997685
0.729210399755
0.639605290997
-0.562349378981
0.524088015212
0.587101801153
-0.523570204363
0.617402394056
0.530105898664
-0.480391042289
0.698721820677
0.473038490574
-0.436358944238
0.765392355736
0.662688054384
-0.481471054311
0.573611511771
0.606780998717
-0.440852200754
0.661412244131
0.548102911418
-0.398220074869
0.735529720995
0.290280874866
-0.707958552658
0.64384136354
0.326393091399
-0.636618167326
0.698702267721
0.256000890402
-0.602455608819
0.755983322248
0.359037555809
-0.560306862214
0.746423642227
0.289661581614
-0.523570204363
0.801230559352
0.387885230422
-0.480391042289
0.786619027554
0.8548950588
-0.0573022935127
0.515626692093
0.807554094058
-0.113692443818
0.578731728341
0.763010318248
-0.0573022935127
0.64384136354
0.753361779345
-0.168320664558
0.635699758774
0.706320868516
-0.113692443818
0.698702267721
0.693440144347
-0.220451779954
0.685960479126
0.652077958255
-0.0573022935127
0.755983322248
0.643832198797
-0.168320664558
0.746423642227
0.628984813047
-0.269500088767
0.729210399755
0.587455205934
-0.113692443818
0.801230559352
0.576742159206
-0.220451779954
0.786619027554
0.561178949942
-0.315044009502
0.765392355736
0.861496326945
-0.149796623447
0.485164972215
0.811146140704
-0.205449121835
0.547569718628
0.807059260323
-0.29585375781
0.511004798721
0.753469997759
-0.258802542683
0.604404009233
0.746539530891
-0.348025120509
0.567060176976
0.689572143254
-0.309093738606
0.654943753312
0.732474945924
-0.434525264978
0.524088015212
0.679369288582
-0.396574902819
0.617402394056
0.620690762644
-0.355711673238
0.698721820677
0.755431672521
-0.548853237088
-0.357887010508
0.779923382669
-0.56664750609
-0.265763280023
0.729231178347
-0.642991570003
-0.234059243422
0.796910296846
-0.578989221641
-0.172352719749
0.745173112055
-0.652254207946
-0.138857773592
0.806481525901
-0.585943126617
-0.0791087905974
0.685810764066
-0.720363163472
-0.10363642508
0.754038949263
-0.655382423584
-0.0435791446828
0.808952162011
-0.587738148822
0.0126596997317
0.693773724383
-0.720159084612
-0.00699372618702
0.756019476151
-0.652609665263
0.0503505360944
0.804809967479
-0.584728668336
0.101849401927
0.626254367251
-0.779036530475
0.0301255984954
0.695235664428
-0.713313844835
0.0884914101705
0.751504937116
-0.64433361614
0.141684581383
0.794654472292
-0.57735026919
0.187592474085
0.815094287245
-0.477766226504
-0.327659481342
0.836866149512
-0.494844741682
-0.234059243422
0.886233944746
-0.417874491052
-0.199925748485
0.850601770124
-0.50714410908
-0.138857773592
0.897033261741
-0.429640336476
-0.10363642508
0.856316574358
-0.514609349535
-0.0435791446828
0.935249855408
-0.347551029762
-0.0672011136101
0.899299861275
-0.437276625611
-0.00699372618702
0.854291540955
-0.51734977198
0.0503505360944
0.934431011022
-0.354867769676
0.0301255984954
0.893241415698
-0.440782308639
0.0884914101705
0.845025481224
-0.515613630038
0.141684581383
0.367419063517
-0.830760898932
0.418138207499
0.454388447717
-0.803162480687
0.385306589871
0.494795910784
-0.743373317682
0.450081234034
0.536066166921
-0.768503575226
0.349335540057
0.575683447949
-0.706883961869
0.41097887076
0.61147437586
-0.727624114388
0.310905509485
0.61042920301
-0.637870373843
0.469571692382
0.650237234728
-0.664334753919
0.368579534575
0.679927280359
-0.681480212513
0.270709463035
0.68381437039
-0.593835998906
0.423977255582
0.717633383484
-0.616637735181
0.323666851036
0.741030931923
-0.631066850062
0.229407473037
0.711432296681
-0.516885819336
0.476123027177
0.749963108086
-0.544880092459
0.375048025394
0.777353379778
-0.564780289698
0.277028784274
0.46504633643
-0.834933092911
0.294310440413
0.546543683536
-0.796566935078
0.258401083447
0.55204874049
-0.817546962232
0.163887622071
0.62196839441
-0.751337298382
0.220561965024
0.627008343269
-0.76866697339
0.126537036042
0.690471652802
-0.700232946545
0.181446182794
0.903639301096
-0.0927170585366
0.418138207499
0.940249072381
-0.0925794046905
0.327659481342
0.90426666329
-0.183958238357
0.385306589878
0.937775779812
-0.184276833765
0.294310440413
0.896543888687
-0.272348556244
0.34933554009
0.962598785441
-0.182847678026
0.199925748485
0.926471460653
-0.27364121157
0.258401083447
0.880967629167
-0.356698472846
0.310905509485
0.948125808343
-0.272393646926
0.163887622071
0.906763037398
-0.359351100726
0.220561965024
0.858235281407
-0.436060303595
0.270709463035
0.960918396725
-0.268551382727
0.0672011136101
0.924801967589
-0.358789212845
0.126537036042
0.879328581586
-0.44029368421
0.181446182794
0.829171391291
-0.509751915326
0.229407473037
0.859890383001
-0.240863886859
0.450081234034
0.850182566996
-0.329068337226
0.41097887076
0.795283773188
-0.383439885534
0.469571692382
0.832754252623
-0.413121630311
0.368579534575
0.776081857819
-0.466840697362
0.423977255582
0.808218247465
-0.49195836613
0.323666851036
0.0974884845937
1.95298638372e-13
-0.995236652948
0.193425138468
3.9398345697e-12
-0.98111503699
0.223509703861
-0.0915597752284
-0.970391786775
0.28636421871
1.8920989775e-11
-0.958120834886
0.316863161374
-0.0896829732097
-0.944221743702
0.375054969641
3.45112827205e-13
-0.927002572676
0.344792092385
-0.17967658839
-0.921322276195
0.40611294797
-0.0870025444626
-0.909671825852
0.45850093672
2.30288010883e-13
-0.888693924266
0.434059330892
-0.174830974484
-0.883757108954
0.490113907201
-0.0835952113639
-0.867640592991
0.535984882699
2.76445533132e-14
-0.844227579222
0.458307983845
-0.26215071114
-0.849253081592
0.518193390303
-0.168433752375
-0.83851397204
0.567996696949
-0.0795533264425
-0.819177038562
0.607061998207
-5.27355936697e-16
-0.794654472292
0.223509703861
0.0915597752284
-0.970391786775
0.316863161374
0.0896829732097
-0.944221743702
0.344792092385
0.17967658839
-0.921322276195
0.40611294797
0.0870025444626
-0.909671825852
0.434059330892
0.174830974484
-0.883757108954
0.490113907201
0.0835952113639
-0.867640592991
0.458307983845
0.26215071114
-0.849253081592
0.518193390303
0.168433752375
-0.83851397204
0.567996696949
0.0795533264425
-0.819177038562
0.725306074025
-0.456136178552
-0.515626692093
0.785013415195
-0.385186821813
-0.485164972215
0.720151727738
-0.382689267739
-0.578731728345
0.776990976662
-0.310567907916
-0.547569718628
0.708418886659
-0.306640665427
-0.635699758794
0.826823132745
-0.235026813026
-0.511004798721
0.761690350784
-0.23350289751
-0.604404009233
0.690583166457
-0.229244653772
-0.685960479126
0.808527200726
-0.157246689549
-0.567060176976
0.739556323869
-0.15525824881
-0.654943753312
0.667267580627
-0.151677845227
-0.729210399755
0.847992221709
-0.0789996470353
-0.524088015212
0.782722179225
-0.0784874127659
-0.617402394056
0.711231450828
-0.0770560877695
-0.698721820677
0.639181529997
-0.0749767530098
-0.765392355736
0.819127483096
-5.27355936697e-16
-0.573611511771
0.75002256187
-4.71844785466e-16
-0.661412244131
0.677492457178
-4.71844785466e-16
-0.735529720995
0.650969757395
-0.402127683145
-0.64384136354
0.638252327884
-0.32318587072
-0.698702267721
0.561223592935
-0.336923277939
-0.755983322248
0.619807594635
-0.242260793272
-0.746423642227
0.542087986807
-0.25331838725
-0.801230559352
0.596172513269
-0.160651299133
-0.786619027554
0.725306074025
0.456136178552
-0.515626692093
0.720151727743
0.382689267736
-0.578731728341
0.650969757395
0.402127683145
-0.64384136354
0.708418886685
0.306640665408
-0.635699758774
0.638252327884
0.32318587072
-0.698702267721
0.690583166457
0.229244653772
-0.685960479126
0.561223592935
0.336923277939
-0.755983322248
0.619807594635
0.242260793272
-0.746423642227
0.667267580627
0.151677845227
-0.729210399755
0.542087986807
0.25331838725
-0.801230559352
0.596172513269
0.160651299133
-0.786619027554
0.639181529997
0.0749767530098
-0.765392355736
0.785013415195
0.385186821813
-0.485164972215
0.776990976662
0.310567907916
-0.547569718628
0.826823132745
0.235026813026
-0.511004798721
0.761690350784
0.23350289751
-0.604404009233
0.808527200726
0.157246689549
-0.567060176976
0.739556323869
0.15525824881
-0.654943753312
0.847992221709
0.0789996470353
-0.524088015212
0.782722179225
0.0784874127659
-0.617402394056
0.711231450828
0.0770560877695
-0.698721820677
0.933764899592
1.95121696578e-13
0.357887010508
0.964038318218
3.93973742518e-12
0.265763280023
0.967901378307
-0.0915597752284
0.234059243422
0.985035298857
1.89207538526e-11
0.172352719749
0.98624311558
-0.0896829732097
0.138857773592
0.996865988611
3.45001804902e-13
0.0791087905974
0.978251406838
-0.17967658839
0.10363642508
0.995254447569
-0.0870025444626
0.0435791446828
0.99991986279
2.30093721854e-13
-0.0126596997317
0.984573622516
-0.174830974484
0.00699372618702
0.99522694103
-0.0835952113639
-0.0503505360944
0.994799828773
2.75335310107e-14
-0.101849401927
0.964556609518
-0.26215071114
-0.0301255984954
0.981732825868
-0.168433752375
-0.0884914101705
0.986710062607
-0.0795533264425
-0.141684581383
0.982246946377
-6.10622663544e-16
-0.187592474085
0.967901378307
0.0915597752284
0.234059243422
0.98624311558
0.0896829732097
0.138857773592
0.978251406838
0.17967658839
0.10363642508
0.995254447569
0.0870025444626
0.0435791446828
0.984573622516
0.174830974484
0.00699372618702
0.99522694103
0.0835952113639
-0.0503505360944
0.964556609518
0.26215071114
-0.0301255984954
0.981732825868
0.168433752375
-0.0884914101705
0.986710062607
0.0795533264425
-0.141684581383
0.785557271016
-0.456136178552
-0.418138207499
0.839695037593
-0.382689267739
-0.385306589871
0.837242173653
-0.310567907916
-0.450081234034
0.885401707
-0.306640665427
-0.349335540057
0.881233660639
-0.23350289751
-0.41097887076
0.922379885345
-0.229244653772
-0.310905509485
0.868778397717
-0.157246689549
-0.469571692382
0.91653914421
-0.15525824881
-0.368579534575
0.950636743394
-0.151677845227
-0.270709463035
0.902265489081
-0.0784874127659
-0.423977255582
0.943028169716
-0.0770560877695
-0.323666851036
0.970438404961
-0.0749767530098
-0.229407473037
0.879378680087
-6.10622663544e-16
-0.476123027177
0.927005382211
-6.66133814775e-16
-0.375048025394
0.960861619945
-5.55111512313e-16
-0.277028784274
0.866991748007
-0.402127683145
-0.294310440413
0.910373425052
-0.32318587072
-0.258401083447
0.927158860236
-0.336923277939
-0.163887622071
0.944807984528
-0.242260793272
-0.220561965024
0.959071516202
-0.25331838725
-0.126537036042
0.970189900399
-0.160651299133
-0.181446182794
0.785557271016
0.456136178552
-0.418138207499
0.839695037592
0.382689267736
-0.385306589878
0.866991748007
0.402127683145
-0.294310440413
0.885401706994
0.306640665408
-0.34933554009
0.910373425052
0.32318587072
-0.258401083447
0.922379885345
0.229244653772
-0.310905509485
0.927158860236
0.336923277939
-0.163887622071
0.944807984528
0.242260793272
-0.220561965024
0.950636743394
0.151677845227
-0.270709463035
0.959071516202
0.25331838725
-0.126537036042
0.970189900399
0.160651299133
-0.181446182794
0.970438404961
0.0749767530098
-0.229407473037
0.837242173653
0.310567907916
-0.450081234034
0.881233660639
0.23350289751
-0.41097887076
0.868778397717
0.157246689549
-0.469571692382
0.91653914421
0.15525824881
-0.368579534575
0.902265489081
0.0784874127659
-0.423977255582
0.943028169716
0.0770560877695
-0.323666851036
