0.0
0.0
1.0
0.0690545120469
0.0501710397528
0.996350511184
0.137952241863
0.0
0.990438881994
0.137264506661
0.0997285016779
0.985501233467
0.205843061003
0.0501710397528
0.977298061498
0.203830070356
0.148091214614
0.967740819937
0.27326652812
0.0
0.961938358009
0.271904208754
0.0997285016779
0.957142793534
0.268034881125
0.194738740126
0.943522191363
0.338695429498
0.0501710397528
0.939557487761
0.335383242395
0.148091214614
0.930369320687
0.329275179641
0.239232421426
0.913425259455
0.403355348827
0.0
0.915043421141
0.40134449588
0.0997285016779
0.910481642637
0.395633170727
0.194738740126
0.897525051079
0.38707638679
0.28122745659
0.878113311851
0.465071185674
0.0501710397528
0.883850473229
0.460523138523
0.148091214614
0.875207078947
0.45213600442
0.239232421426
0.859267642848
0.441097277525
0.320475931109
0.838288953369
0.525731112119
0.0
0.850650808352
0.523110177603
0.0997285016779
0.846410047223
0.515666068251
0.194738740126
0.834365225275
0.504513203789
0.28122745659
0.816319511504
0.491123473188
0.356822089773
0.794654472292
0.0426295871477
0.131200378561
0.990438881994
0.11132449831
0.180264680592
0.977298061498
0.084444001183
0.259891912254
0.961938358009
0.178870462728
0.227778467701
0.957142793534
0.152378137918
0.306614791354
0.939557487761
0.244482236193
0.273205716103
0.930369320687
0.124643657559
0.383613732884
0.915043421141
0.218869711207
0.350883496244
0.910481642637
0.307464921065
0.31609192492
0.897525051079
0.191430394253
0.426805277767
0.883850473229
0.283152590771
0.392220829763
0.875207078947
0.367241262441
0.356080009429
0.859267642848
0.162459848116
0.5
0.850650808352
0.256497376191
0.466689541308
0.846410047223
0.344557126284
0.43024999428
0.834365225275
0.423366359008
0.39291650665
0.816319511504
0.894427191
-1.66533453694e-16
0.4472135955
0.860280872351
0.0501710397527
0.507345727721
0.866810936136
0.131200378561
0.481066795425
0.820072546417
0.0997285016743
0.563502657108
0.824336130758
0.180264680592
0.536632638271
0.774418124552
0.148091214595
0.615098008878
0.822619318082
0.259891912254
0.505720922509
0.776101237441
0.227778467701
0.588033875634
0.72404306036
0.194738740126
0.661693637448
0.772220189627
0.306614791354
0.556474032148
0.72281183821
0.273205716103
0.634745368815
0.669736052007
0.239232421426
0.703008868494
0.76269737856
0.383613732884
0.520704534914
0.716478027586
0.350883496244
0.60294279003
0.665268317449
0.31609192492
0.676390390824
0.612302600229
0.281227456589
0.738915856788
0.704929621132
0.426805277767
0.566490497821
0.656179320972
0.392220829763
0.644663880971
0.604317058718
0.356080009429
0.712746742839
0.552523734361
0.320475931109
0.769423615798
0.688190960236
0.5
0.525731112119
0.642343047129
0.466689541308
0.607944308172
0.59218831341
0.43024999428
0.681320734957
0.540803176007
0.39291650665
0.743739567068
0.824181348988
2.93478216184e-17
0.566325969721
0.782066144495
0.0501710397528
0.621172610797
0.738175316899
3.40941123096e-17
0.674608924875
0.734495281378
0.0997285016779
0.67124578776
0.688896563756
0.0501710397528
0.723121283891
0.682159672392
0.148091214614
0.716049700451
0.638053721001
6.96592637227e-17
0.769991850033
0.634872823045
0.0997285016779
0.766153199114
0.625838277509
0.194738740126
0.755250470704
0.582553738925
0.0501710397528
0.811242262234
0.576856800576
0.148091214614
0.803308921762
0.566350975918
0.239232421426
0.788678908438
0.27639320225
0.850650808352
0.4472135955
0.313556903779
0.802672025585
0.507345727721
0.254686043284
0.783843042564
0.566325969721
0.348263794845
0.749117537263
0.563502657105
0.289387223661
0.728285398987
0.621172610797
0.380151475905
0.690752701664
0.615098008866
0.22810871775
0.702046445305
0.674608924875
0.321818965615
0.667728721701
0.67124578776
0.408949158083
0.628428290471
0.661693637448
0.260596239853
0.639675862104
0.723121283891
0.351642046311
0.603009699549
0.716049700451
0.434483375122
0.563029952633
0.703008868494
0.197169443113
0.606825149104
0.769991850033
0.291033932969
0.572982133533
0.766153199114
0.378602211253
0.53502999181
0.755250470704
0.456675114321
0.495430314521
0.738915856788
0.227734499751
0.538537825588
0.811242262234
0.319101669364
0.502860717124
0.803308921762
0.402535629646
0.464704902331
0.788678908438
0.47552994631
0.42644878897
0.769423615798
0.392638285147
0.783843042564
0.481066795425
0.426175772616
0.728285398987
0.536632638271
0.50137524587
0.702046445305
0.505720922509
0.456458667704
0.667728721701
0.588033875634
0.530237157304
0.639675862104
0.556474032148
0.483195218331
0.603009699549
0.634745368815
0.60052479194
0.606825149104
0.520704534914
0.555113922184
0.572982133533
0.60294279003
0.506200500855
0.53502999181
0.676390390824
0.623751173377
0.538537825588
0.566490497821
0.575794737511
0.502860717124
0.644663880971
0.525396454424
0.464704902331
0.712746742839
0.72360679775
0.525731112119
-0.4472135955
0.751848119452
0.546249633383
-0.369236703627
0.804728959641
0.48444164215
-0.343114553563
0.774501945285
0.562708601275
-0.288973643781
0.825359624362
0.500276169837
-0.261735065221
0.791419414398
0.574999862063
-0.207437868147
0.870462904319
0.433888564879
-0.232454394389
0.839908185629
0.512407546954
-0.178865160215
0.802607914405
0.58312878313
-0.125623875198
0.88283621868
0.445512464316
-0.148724090603
0.84833393076
0.520771704481
-0.0955320560446
0.808217063974
0.587204068837
-0.0444585092115
0.919551652441
0.375038567375
-0.117349186087
0.888752210941
0.453850935148
-0.0643337874851
0.850756865752
0.525405460065
-0.0127223389719
0.808514584319
0.587420230021
0.0352369167916
0.923178822338
0.383005720194
-0.0323648001004
0.888282014033
0.458876229404
0.0196893279272
0.847437605233
0.526435845805
0.0686644412223
0.803856284583
0.584035777154
0.112770939252
0.951056516295
0.309016994375
5.55111512313e-17
0.920100013167
0.3881585004
0.0524303760971
0.881658573679
0.460647860251
0.102380214419
0.838747947786
0.52406321244
0.147850023511
0.794654472292
0.57735026919
0.187592474085
0.709406304926
0.615642020711
-0.343114553563
0.730841061669
0.630369810676
-0.261735065221
0.681640377382
0.693780477133
-0.232454394389
0.746874439603
0.640457512977
-0.178865160215
0.6965189271
0.701956215917
-0.148724090603
0.757432924559
0.64588620597
-0.0955320560446
0.640839961173
0.758652300259
-0.117349186087
0.706277426268
0.705005929714
-0.0643337874851
0.762588616091
0.646758644859
-0.0127223389719
0.649538030918
0.759639958208
-0.0323648001004
0.710911466281
0.703005844553
0.0196893279272
0.762542863254
0.643283433808
0.0686644412223
0.587785252292
0.809016994375
5.55111512313e-17
0.653487211754
0.755119540031
0.0524303760971
0.710549631712
0.696159114405
0.102380214419
0.757601103005
0.6357522625
0.147850023511
0.902958907873
0.0811784475708
0.421989656678
0.904906676985
0.161364105358
0.393834395972
0.86701416628
0.21127208841
0.451276567227
0.900392035973
0.239616618662
0.363150186035
0.86093536801
0.289414071385
0.418365614498
0.889697727066
0.31509390045
0.330384304036
0.814898225148
0.337622199172
0.471117961105
0.848785749632
0.364731120169
0.382797545972
0.873239304677
0.387086189078
0.296002363154
0.801312158154
0.412519099928
0.433274528894
0.830922984155
0.436447085244
0.345081057412
0.851528963508
0.455035583331
0.260463130231
0.747607656653
0.457812685585
0.481134426778
0.782153232393
0.48374623383
0.392716058128
0.807820311388
0.503933777081
0.305740237499
0.825136844216
0.518540949111
0.224197396087
0.727177177697
0.528325144992
0.438276047035
0.757842980116
0.550605154605
0.350011401545
0.780029539286
0.566724633392
0.265286840511
0.935787057067
0.0810862932876
0.343114553563
0.935408440758
0.16158073933
0.314488018272
0.959252582142
0.160622035174
0.232454394389
0.928255219054
0.240503336623
0.283725912409
0.949718683874
0.239669402263
0.201477043654
0.914562335641
0.316941633086
0.251244373953
0.964375052974
0.237086325474
0.117349186087
0.933352152762
0.316586428448
0.169194539679
0.894722128956
0.390094293296
0.21748276781
0.945615993467
0.313951207991
0.0851177531513
0.910499766467
0.390497018503
0.136022989981
0.869250723777
0.459301969968
0.18287941272
0.3562349393
0.833679433403
0.421989656678
0.366291751363
0.864929335852
0.343114553563
0.43309792541
0.810753140945
0.393834395975
0.442729519923
0.839695098564
0.314488018272
0.50612538731
0.782278105719
0.363150186055
0.449185982993
0.862668480479
0.232454394389
0.515578903291
0.808503556646
0.283725912409
0.574603824788
0.748783450795
0.330384304037
0.521418359971
0.829174224614
0.201477043654
0.58404470956
0.771860118021
0.251244373953
0.637986627792
0.710883720285
0.296002363154
0.523490775086
0.843911474578
0.117349186087
0.589513262686
0.789840060303
0.169194539679
0.6474860627
0.73038554498
0.21748276781
0.6959014776
0.669238441263
0.260463130231
0.590796754292
0.802317993826
0.0851177531513
0.652744635254
0.745266521013
0.136022989981
0.705435377505
0.684774450872
0.18287941272
0.748143056166
0.624513806972
0.224197396087
0.468853808138
0.759292806805
0.451276567227
0.541292798272
0.729364325385
0.418365614498
0.572915192826
0.670683269922
0.471117961105
0.609169129752
0.694535103616
0.382797545972
0.639948052752
0.634617737217
0.433274528894
0.67185516756
0.655385152134
0.345081057412
0.666429208899
0.569545233406
0.481134426778
0.701768648932
0.594386121191
0.392716058128
0.728899707095
0.612558669983
0.305740237499
0.0
0.0
-1.0
0.0263764765253
0.0811784475709
-0.996350511184
0.111605708079
0.0810862932876
-0.990438881994
0.052430376094
0.16136410536
-0.985501233467
0.137040737267
0.16158073933
-0.977298061498
0.0778561589381
0.239616618669
-0.967740819937
0.221077265243
0.160622035174
-0.961938358009
0.161356183204
0.240503336623
-0.957142793534
0.102380214419
0.31509390045
-0.943522191363
0.244520561122
0.239669402263
-0.939557487761
0.184284910782
0.316941633086
-0.930369320687
0.125771926971
0.387086189078
-0.913425259455
0.326321331973
0.237086325474
-0.915043421141
0.266075575246
0.316586428448
-0.910481642637
0.20560939916
0.390094293296
-0.897525051079
0.147850023511
0.455035583331
-0.878113311851
0.346760695545
0.313951207991
-0.883850473229
0.285525213423
0.390497018503
-0.875207078947
0.22516842216
0.459301969968
-0.859267642848
0.168484167669
0.518540949111
-0.838288953369
0.425325404176
0.309016994375
-0.850650808352
0.364586081092
0.3881585004
-0.846410047223
0.302718053141
0.460647860251
-0.834365225275
0.242858404229
0.52406321244
-0.816319511504
0.187592474085
0.57735026919
-0.794654472292
-0.0426295871477
0.131200378561
-0.990438881994
-0.0158935097378
0.21127208841
-0.977298061498
-0.084444001183
0.259891912254
-0.961938358009
0.0108244200341
0.289414071385
-0.957142793534
-0.0569471493457
0.337622199172
-0.939557487761
0.0372039931362
0.364731120169
-0.930369320687
-0.124643657559
0.383613732884
-0.915043421141
-0.0291748284447
0.412519099928
-0.910481642637
0.0629501744792
0.436447085244
-0.897525051079
-0.095999405681
0.457812685585
-0.883850473229
-0.00146636144159
0.48374623383
-0.875207078947
0.0878058441719
0.503933777081
-0.859267642848
-0.162459848116
0.5
-0.850650808352
-0.0668024934288
0.528325144992
-0.846410047223
0.0258579692601
0.550605154605
-0.834365225275
0.111560051293
0.566724633392
-0.816319511504
0.666492048409
0.546249633383
-0.507345727721
0.624147130631
0.615642020711
-0.481066795425
0.604833684154
0.562708601272
-0.563502657108
0.5609450181
0.630369810676
-0.536632638271
0.539471591581
0.574999862045
-0.615098008878
0.512752375016
0.693780477133
-0.505720922509
0.493994266341
0.640457512977
-0.588033875634
0.471298580994
0.583128783129
-0.661693637448
0.444515604315
0.701956215917
-0.556474032148
0.42418077008
0.64588620597
-0.634745368815
0.401210558635
0.587204068837
-0.703008868494
0.391552646055
0.758652300259
-0.520704534914
0.373398756049
0.705005929714
-0.60294279003
0.352419202799
0.646758644859
-0.676390390824
0.330061857762
0.587420230021
-0.738915856788
0.319430195462
0.759639958208
-0.566490497821
0.300318602647
0.703005844553
-0.644663880971
0.279604192315
0.643283433808
-0.712746742839
0.258630064873
0.584035777154
-0.769423615798
0.26286555606
0.809016994375
-0.525731112119
0.245353211566
0.755119540031
-0.607944308172
0.226195807982
0.696159114405
-0.681320734957
0.206568432011
0.6357522625
-0.743739567068
0.666776717778
0.48444164215
-0.566325969721
0.603215004363
0.500276169837
-0.621172610797
0.597196376199
0.433888564879
-0.674608924875
0.535600222404
0.512407546954
-0.67124578776
0.527839230186
0.445512464316
-0.723121283891
0.464832935898
0.520771704481
-0.716049700451
0.516196303614
0.375038567375
-0.769991850033
0.45500396059
0.453850935148
-0.766153199114
0.391849242739
0.525405460065
-0.755250470704
0.441806077668
0.383005720194
-0.811242262234
0.379641123043
0.458876229404
-0.803308921762
0.317570275114
0.526435845805
-0.788678908438
-0.27639320225
0.850650808352
-0.4472135955
-0.218125915206
0.833679433403
-0.507345727721
-0.254686043284
0.783843042564
-0.566325969721
-0.158568912082
0.810753140948
-0.563502657105
-0.193956235088
0.759292806805
-0.621172610797
-0.0984652465755
0.782278105731
-0.615098008866
-0.22810871775
0.702046445305
-0.674608924875
-0.132124082853
0.729364325385
-0.67124578776
-0.0385340625383
0.748783450796
-0.661693637448
-0.165165251281
0.670683269922
-0.723121283891
-0.0699558169817
0.694535103616
-0.716049700451
0.0205637314908
0.710883720285
-0.703008868494
-0.197169443113
0.606825149104
-0.769991850033
-0.101339050206
0.634617737217
-0.766153199114
-0.00818711570846
0.655385152134
-0.755250470704
0.0782512959799
0.669238441263
-0.738915856788
-0.132303511178
0.569545233406
-0.811242262234
-0.0374154400341
0.594386121191
-0.803308921762
0.052511476967
0.612558669983
-0.788678908438
0.134051498884
0.624513806972
-0.769423615798
-0.143080335205
0.864929335852
-0.481066795425
-0.0832919743468
0.839695098564
-0.536632638271
-0.00703145250672
0.862668480479
-0.505720922509
-0.0231982757457
0.808503556646
-0.588033875634
0.0529788333159
0.829174224614
-0.556474032148
0.036472934846
0.771860118021
-0.634745368815
0.129151888859
0.843911474578
-0.520704534914
0.112306148943
0.789840060303
-0.60294279003
0.0950420690325
0.73038554498
-0.676390390824
0.188080707841
0.802317993826
-0.566490497821
0.170253614435
0.745266521013
-0.644663880971
0.151907972156
0.684774450872
-0.712746742839
0.287180427253
0.883850473156
0.369236703627
0.295833418744
0.910481642623
0.288973643781
0.373675007876
0.889866138317
0.261735065221
0.302295316935
0.930369320334
0.207437868147
0.378314396626
0.908232058324
0.178865160215
0.306568943663
0.943522190922
0.125623875198
0.452363847924
0.879345264367
0.148724090603
0.380214639185
0.919951332635
0.0955320560446
0.30871144815
0.950116141711
0.0444585092115
0.452248756021
0.889568561981
0.0643337874851
0.379451181575
0.925124285106
0.0127223389719
0.30882509081
0.950465897853
-0.0352369167916
0.521742242245
0.852489033578
0.0323648001004
0.448914564879
0.893357735627
-0.0196893279272
0.376160197863
0.924006872299
-0.0686644412223
0.307045778641
0.944989738081
-0.112770939252
0.516222705089
0.854848041708
-0.0524303760971
0.442514750587
0.890897854531
-0.102380214419
0.370524716215
0.91697971909
-0.147850023511
0.303530999103
0.934172358963
-0.187592474085
0.212056456137
0.915043421125
0.343114553563
0.220740760872
0.939557487397
0.261735065221
0.143664716567
0.961938357559
0.232454394389
0.227782633455
0.957142793086
0.178865160215
0.150896137457
0.977298061277
0.148724090603
0.233133721539
0.967740819718
0.0955320560446
0.0725257855541
0.990438881988
0.117349186087
0.15699835233
0.985501233461
0.0643337874851
0.236791956893
0.971477077054
0.0127223389719
0.0789821410189
0.996350511173
0.0323648001004
0.161922990014
0.986606950954
-0.0196893279272
0.238797619875
0.968638679412
-0.0686644412223
3.33066907388e-16
1.0
-5.55111512313e-17
0.0848341305681
0.9950146863
-0.0524303760971
0.165654666706
0.980855148885
-0.102380214419
0.239226363279
0.959641140041
-0.147850023511
0.682793607405
0.596420673136
-0.421989656678
0.637237438625
0.66243710295
-0.393834395972
0.577246577096
0.680540850429
-0.451276567227
0.587589344048
0.723091076659
-0.363150186035
0.526398020812
0.740186014655
-0.418365614498
0.534573033281
0.777867523255
-0.330384304036
0.460817163311
0.75212725567
-0.471117961105
0.472298522548
0.793977420584
-0.382797545972
0.478941884334
0.826436490263
-0.296002363154
0.405802510519
0.804734431392
-0.433274528894
0.415693655085
0.841497384985
-0.345081057412
0.42143819753
0.86864768661
-0.260463130231
0.335731754458
0.80981099796
-0.481134426778
0.348436355114
0.851097059167
-0.392716058128
0.357335518013
0.882515855234
-0.305740237499
0.362759007059
0.904511708263
-0.224197396087
0.277756966037
0.854848041708
-0.438276047035
0.289470260269
0.890897854531
-0.350011401545
0.297944771778
0.91697971909
-0.265286840511
0.661786549622
0.680540850429
-0.314488018272
0.609609932938
0.740186014655
-0.283725912409
0.627464415053
0.75212725567
-0.201477043654
0.553602854184
0.793977420584
-0.251244373953
0.569012919603
0.804734431392
-0.169194539679
0.494553734966
0.841497384985
-0.21748276781
0.580483518871
0.80981099796
-0.0851177531513
0.507081395906
0.851097059167
-0.136022989981
0.433267683612
0.882515855234
-0.18287941272
-0.20182435621
0.883850473156
-0.421989656678
-0.212056456137
0.915043421125
-0.343114553563
-0.126165157613
0.910481642622
-0.393834395975
-0.135384689829
0.939557487397
-0.314488018272
-0.0503474941145
0.930369320326
-0.363150186055
-0.143664716567
0.961938357559
-0.232454394389
-0.0581143723191
0.957142793086
-0.283725912409
0.0247403897482
0.943522190921
-0.330384304037
-0.0655400664134
0.977298061277
-0.201477043654
0.0188141013034
0.967740819718
-0.251244373953
0.0982950571895
0.950116141711
-0.296002363154
-0.0725257855541
0.990438881988
-0.117349186087
0.0126699088063
0.985501233461
-0.169194539679
0.0945173765182
0.971477077054
-0.21748276781
0.169627635747
0.950465897853
-0.260463130231
0.00637393002428
0.996350511173
-0.0851177531513
0.0900248328288
0.986606950954
-0.136022989981
0.168208885465
0.968638679412
-0.18287941272
0.23818044107
0.944989738081
-0.224197396087
-0.0669904153506
0.889866138317
-0.451276567227
0.00920547872527
0.908232058324
-0.418365614498
0.069280392312
0.879345264367
-0.471117961105
0.0845906873132
0.919951332635
-0.382797545972
0.144709903414
0.889568561981
-0.433274528894
0.158316521319
0.925124285106
-0.345081057412
0.204382266838
0.852489033578
-0.481134426778
0.218371366902
0.893357735627
-0.392716058128
0.229639297854
0.924006872299
-0.305740237499
-0.0263764765255
0.0811784475708
0.996350511184
-0.0524303760983
0.161364105358
0.985501233467
0.0158935097378
0.21127208841
0.977298061498
-0.0778561589603
0.239616618662
0.967740819937
-0.0108244200341
0.289414071385
0.957142793534
-0.102380214419
0.31509390045
0.943522191363
0.0569471493457
0.337622199172
0.939557487761
-0.0372039931362
0.364731120169
0.930369320687
-0.125771926972
0.387086189078
0.913425259455
0.0291748284447
0.412519099928
0.910481642637
-0.0629501744792
0.436447085244
0.897525051079
-0.147850023511
0.455035583331
0.878113311851
0.095999405681
0.457812685585
0.883850473229
0.00146636144159
0.48374623383
0.875207078947
-0.0878058441719
0.503933777081
0.859267642848
-0.168484167669
0.518540949111
0.838288953369
0.0668024934288
0.528325144992
0.846410047223
-0.0258579692601
0.550605154605
0.834365225275
-0.111560051293
0.566724633392
0.816319511504
-0.187592474085
0.57735026919
0.794654472292
-0.111605708079
0.0810862932876
0.990438881994
-0.137040737267
0.16158073933
0.977298061498
-0.221077265243
0.160622035174
0.961938358009
-0.161356183204
0.240503336623
0.957142793534
-0.244520561122
0.239669402263
0.939557487761
-0.184284910782
0.316941633086
0.930369320687
-0.326321331973
0.237086325474
0.915043421141
-0.266075575246
0.316586428448
0.910481642637
-0.20560939916
0.390094293296
0.897525051079
-0.346760695545
0.313951207991
0.883850473229
-0.285525213423
0.390497018503
0.875207078947
-0.22516842216
0.459301969968
0.859267642848
-0.425325404176
0.309016994375
0.850650808352
-0.364586081092
0.3881585004
0.846410047223
-0.302718053141
0.460647860251
0.834365225275
-0.242858404229
0.52406321244
0.816319511504
0.218125915206
0.833679433403
0.507345727721
0.143080335205
0.864929335852
0.481066795425
0.158568912085
0.810753140945
0.563502657108
0.0832919743468
0.839695098564
0.536632638271
0.0984652465916
0.782278105719
0.615098008878
0.00703145250672
0.862668480479
0.505720922509
0.0231982757457
0.808503556646
0.588033875634
0.0385340625387
0.748783450795
0.661693637448
-0.0529788333159
0.829174224614
0.556474032148
-0.036472934846
0.771860118021
0.634745368815
-0.0205637314903
0.710883720285
0.703008868494
-0.129151888859
0.843911474578
0.520704534914
-0.112306148943
0.789840060303
0.60294279003
-0.0950420690325
0.73038554498
0.676390390824
-0.0782512959797
0.669238441263
0.738915856788
-0.188080707841
0.802317993826
0.566490497821
-0.170253614435
0.745266521013
0.644663880971
-0.151907972156
0.684774450872
0.712746742839
-0.134051498884
0.624513806972
0.769423615798
-0.26286555606
0.809016994375
0.525731112119
-0.245353211566
0.755119540031
0.607944308172
-0.226195807982
0.696159114405
0.681320734957
-0.206568432011
0.6357522625
0.743739567068
0.193956235088
0.759292806805
0.621172610797
0.132124082853
0.729364325385
0.67124578776
0.165165251281
0.670683269922
0.723121283891
0.0699558169817
0.694535103616
0.716049700451
0.101339050206
0.634617737217
0.766153199114
0.00818711570846
0.655385152134
0.755250470704
0.132303511178
0.569545233406
0.811242262234
0.0374154400341
0.594386121191
0.803308921762
-0.052511476967
0.612558669983
0.788678908438
-0.72360679775
0.525731112119
0.4472135955
-0.666492048409
0.546249633383
0.507345727721
-0.666776717778
0.48444164215
0.566325969721
-0.604833684153
0.562708601275
0.563502657105
-0.603215004363
0.500276169837
0.621172610797
-0.539471591575
0.574999862063
0.615098008866
-0.597196376199
0.433888564879
0.674608924875
-0.535600222404
0.512407546954
0.67124578776
-0.471298580994
0.58312878313
0.661693637448
-0.527839230186
0.445512464316
0.723121283891
-0.464832935898
0.520771704481
0.716049700451
-0.401210558635
0.587204068837
0.703008868494
-0.516196303614
0.375038567375
0.769991850033
-0.45500396059
0.453850935148
0.766153199114
-0.391849242739
0.525405460065
0.755250470704
-0.330061857762
0.587420230021
0.738915856788
-0.441806077668
0.383005720194
0.811242262234
-0.379641123043
0.458876229404
0.803308921762
-0.317570275114
0.526435845805
0.788678908438
-0.258630064873
0.584035777154
0.769423615798
-0.624147130631
0.615642020711
0.481066795425
-0.5609450181
0.630369810676
0.536632638271
-0.512752375016
0.693780477133
0.505720922509
-0.493994266341
0.640457512977
0.588033875634
-0.444515604315
0.701956215917
0.556474032148
-0.42418077008
0.64588620597
0.634745368815
-0.391552646055
0.758652300259
0.520704534914
-0.373398756049
0.705005929714
0.60294279003
-0.352419202799
0.646758644859
0.676390390824
-0.319430195462
0.759639958208
0.566490497821
-0.300318602647
0.703005844553
0.644663880971
-0.279604192315
0.643283433808
0.712746742839
-0.287180427253
0.883850473156
-0.369236703627
-0.295833418749
0.910481642622
-0.288973643781
-0.220740760872
0.939557487397
-0.261735065221
-0.302295316957
0.930369320326
-0.207437868147
-0.227782633455
0.957142793086
-0.178865160215
-0.306568943664
0.943522190921
-0.125623875198
-0.150896137457
0.977298061277
-0.148724090603
-0.233133721539
0.967740819718
-0.0955320560446
-0.308711448151
0.950116141711
-0.0444585092115
-0.15699835233
0.985501233461
-0.0643337874851
-0.236791956893
0.971477077054
-0.0127223389719
-0.30882509081
0.950465897853
0.0352369167916
-0.0789821410189
0.996350511173
-0.0323648001004
-0.161922990014
0.986606950954
0.0196893279272
-0.238797619875
0.968638679412
0.0686644412223
-0.307045778641
0.944989738081
0.112770939252
-0.0848341305681
0.9950146863
0.0524303760971
-0.165654666706
0.980855148885
0.102380214419
-0.239226363279
0.959641140041
0.147850023511
-0.303530999103
0.934172358963
0.187592474085
-0.366291751363
0.864929335852
-0.343114553563
-0.373675007876
0.889866138317
-0.261735065221
-0.449185982993
0.862668480479
-0.232454394389
-0.378314396626
0.908232058324
-0.178865160215
-0.452363847924
0.879345264367
-0.148724090603
-0.380214639185
0.919951332635
-0.0955320560446
-0.523490775086
0.843911474578
-0.117349186087
-0.452248756021
0.889568561981
-0.0643337874851
-0.379451181575
0.925124285106
-0.0127223389719
-0.521742242245
0.852489033578
-0.0323648001004
-0.448914564879
0.893357735627
0.0196893279272
-0.376160197863
0.924006872299
0.0686644412223
-0.587785252292
0.809016994375
5.55111512313e-17
-0.516222705089
0.854848041708
0.0524303760971
-0.442514750587
0.890897854531
0.102380214419
-0.370524716215
0.91697971909
0.147850023511
0.20182435621
0.883850473156
0.421989656678
0.126165157614
0.910481642623
0.393834395972
0.0669904153506
0.889866138317
0.451276567227
0.0503474941245
0.930369320334
0.363150186035
-0.00920547872527
0.908232058324
0.418365614498
-0.0247403897479
0.943522190922
0.330384304036
-0.069280392312
0.879345264367
0.471117961105
-0.0845906873132
0.919951332635
0.382797545972
-0.0982950571892
0.950116141711
0.296002363154
-0.144709903414
0.889568561981
0.433274528894
-0.158316521319
0.925124285106
0.345081057412
-0.169627635747
0.950465897853
0.260463130231
-0.204382266838
0.852489033578
0.481134426778
-0.218371366902
0.893357735627
0.392716058128
-0.229639297854
0.924006872299
0.305740237499
-0.23818044107
0.944989738081
0.224197396087
-0.277756966037
0.854848041708
0.438276047035
-0.289470260269
0.890897854531
0.350011401545
-0.297944771778
0.91697971909
0.265286840511
0.135384689829
0.939557487397
0.314488018272
0.0581143723191
0.957142793086
0.283725912409
0.0655400664134
0.977298061277
0.201477043654
-0.0188141013034
0.967740819718
0.251244373953
-0.0126699088063
0.985501233461
0.169194539679
-0.0945173765182
0.971477077054
0.21748276781
-0.00637393002428
0.996350511173
0.0851177531513
-0.0900248328288
0.986606950954
0.136022989981
-0.168208885465
0.968638679412
0.18287941272
-0.682793607405
0.596420673136
0.421989656678
-0.709406304926
0.615642020711
0.343114553563
-0.637237438623
0.66243710295
0.393834395975
-0.661786549622
0.680540850429
0.314488018272
-0.587589344036
0.723091076659
0.363150186055
-0.681640377382
0.693780477133
0.232454394389
-0.609609932938
0.740186014655
0.283725912409
-0.534573033281
0.777867523255
0.330384304037
-0.627464415053
0.75212725567
0.201477043654
-0.553602854184
0.793977420584
0.251244373953
-0.478941884333
0.826436490263
0.296002363154
-0.640839961173
0.758652300259
0.117349186087
-0.569012919603
0.804734431392
0.169194539679
-0.494553734966
0.841497384985
0.21748276781
-0.42143819753
0.86864768661
0.260463130231
-0.580483518871
0.80981099796
0.0851177531513
-0.507081395906
0.851097059167
0.136022989981
-0.433267683612
0.882515855234
0.18287941272
-0.362759007058
0.904511708263
0.224197396087
-0.577246577096
0.680540850429
0.451276567227
-0.526398020812
0.740186014655
0.418365614498
-0.460817163311
0.75212725567
0.471117961105
-0.472298522548
0.793977420584
0.382797545972
-0.405802510519
0.804734431392
0.433274528894
-0.415693655085
0.841497384985
0.345081057412
-0.335731754458
0.80981099796
0.481134426778
-0.348436355114
0.851097059167
0.392716058128
-0.357335518013
0.882515855234
0.305740237499
-0.069054512047
0.0501710397527
-0.996350511184
-0.137264506664
0.0997285016743
-0.985501233467
-0.11132449831
0.180264680592
-0.977298061498
-0.203830070369
0.148091214595
-0.967740819937
-0.178870462728
0.227778467701
-0.957142793534
-0.268034881125
0.194738740126
-0.943522191363
-0.152378137918
0.306614791354
-0.939557487761
-0.244482236193
0.273205716103
-0.930369320687
-0.329275179641
0.239232421426
-0.913425259455
-0.218869711207
0.350883496244
-0.910481642637
-0.307464921065
0.31609192492
-0.897525051079
-0.38707638679
0.281227456589
-0.878113311851
-0.191430394253
0.426805277767
-0.883850473229
-0.283152590771
0.392220829763
-0.875207078947
-0.367241262441
0.356080009429
-0.859267642848
-0.441097277525
0.320475931109
-0.838288953369
-0.256497376191
0.466689541308
-0.846410047223
-0.344557126284
0.43024999428
-0.834365225275
-0.423366359008
0.39291650665
-0.816319511504
-0.491123473188
0.356822089773
-0.794654472292
-0.137952241863
1.80411241502e-16
-0.990438881994
-0.205843061003
0.0501710397528
-0.977298061498
-0.27326652812
1.94289029309e-16
-0.961938358009
-0.271904208754
0.0997285016779
-0.957142793534
-0.338695429498
0.0501710397528
-0.939557487761
-0.335383242395
0.148091214614
-0.930369320687
-0.403355348827
1.80411241502e-16
-0.915043421141
-0.40134449588
0.0997285016779
-0.910481642637
-0.395633170727
0.194738740126
-0.897525051079
-0.465071185674
0.0501710397528
-0.883850473229
-0.460523138523
0.148091214614
-0.875207078947
-0.45213600442
0.239232421426
-0.859267642848
-0.525731112119
2.77555756156e-16
-0.850650808352
-0.523110177603
0.0997285016779
-0.846410047223
-0.515666068251
0.194738740126
-0.834365225275
-0.504513203789
0.28122745659
-0.816319511504
-0.313556903778
0.802672025585
-0.507345727721
-0.392638285147
0.783843042564
-0.481066795425
-0.348263794841
0.749117537263
-0.563502657108
-0.426175772616
0.728285398987
-0.536632638271
-0.380151475885
0.690752701664
-0.615098008878
-0.50137524587
0.702046445305
-0.505720922509
-0.456458667704
0.667728721701
-0.588033875634
-0.408949158082
0.628428290471
-0.661693637448
-0.530237157304
0.639675862104
-0.556474032148
-0.483195218331
0.603009699549
-0.634745368815
-0.434483375122
0.563029952633
-0.703008868494
-0.60052479194
0.606825149104
-0.520704534914
-0.555113922184
0.572982133533
-0.60294279003
-0.506200500855
0.53502999181
-0.676390390824
-0.456675114321
0.495430314521
-0.738915856788
-0.623751173377
0.538537825588
-0.566490497821
-0.575794737511
0.502860717124
-0.644663880971
-0.525396454424
0.464704902331
-0.712746742839
-0.47552994631
0.42644878897
-0.769423615798
-0.688190960236
0.5
-0.525731112119
-0.642343047129
0.466689541308
-0.607944308172
-0.59218831341
0.43024999428
-0.681320734957
-0.540803176007
0.39291650665
-0.743739567068
-0.289387223661
0.728285398987
-0.621172610797
-0.321818965615
0.667728721701
-0.67124578776
-0.260596239853
0.639675862104
-0.723121283891
-0.351642046311
0.603009699549
-0.716049700451
-0.291033932969
0.572982133533
-0.766153199114
-0.378602211253
0.53502999181
-0.755250470704
-0.227734499751
0.538537825588
-0.811242262234
-0.319101669364
0.502860717124
-0.803308921762
-0.402535629646
0.464704902331
-0.788678908438
-0.894427191
2.22044604925e-16
-0.4472135955
-0.860280872351
0.0501710397528
-0.507345727721
-0.824181348988
1.66533453694e-16
-0.566325969721
-0.820072546418
0.0997285016779
-0.563502657105
-0.782066144495
0.0501710397528
-0.621172610797
-0.774418124558
0.148091214614
-0.615098008866
-0.738175316899
8.32667268469e-17
-0.674608924875
-0.734495281378
0.0997285016779
-0.67124578776
-0.72404306036
0.194738740126
-0.661693637448
-0.688896563756
0.0501710397528
-0.723121283891
-0.682159672392
0.148091214614
-0.716049700451
-0.669736052007
0.239232421426
-0.703008868494
-0.638053721001
8.32667268469e-17
-0.769991850033
-0.634872823045
0.0997285016779
-0.766153199114
-0.625838277509
0.194738740126
-0.755250470704
-0.612302600229
0.28122745659
-0.738915856788
-0.582553738925
0.0501710397528
-0.811242262234
-0.576856800576
0.148091214614
-0.803308921762
-0.566350975918
0.239232421426
-0.788678908438
-0.552523734361
0.320475931109
-0.769423615798
-0.866810936136
0.131200378561
-0.481066795425
-0.824336130758
0.180264680592
-0.536632638271
-0.822619318082
0.259891912254
-0.505720922509
-0.776101237441
0.227778467701
-0.588033875634
-0.772220189627
0.306614791354
-0.556474032148
-0.72281183821
0.273205716103
-0.634745368815
-0.76269737856
0.383613732884
-0.520704534914
-0.716478027586
0.350883496244
-0.60294279003
-0.665268317449
0.31609192492
-0.676390390824
-0.704929621132
0.426805277767
-0.566490497821
-0.656179320972
0.392220829763
-0.644663880971
-0.604317058718
0.356080009429
-0.712746742839
-0.751848119452
0.546249633383
0.369236703627
-0.774501945288
0.562708601272
0.288973643781
-0.730841061669
0.630369810676
0.261735065221
-0.791419414411
0.574999862045
0.207437868147
-0.746874439603
0.640457512977
0.178865160215
-0.802607914406
0.583128783129
0.125623875198
-0.6965189271
0.701956215917
0.148724090603
-0.757432924559
0.64588620597
0.0955320560446
-0.808217063975
0.587204068837
0.0444585092115
-0.706277426268
0.705005929714
0.0643337874851
-0.762588616091
0.646758644859
0.0127223389719
-0.80851458432
0.587420230021
-0.0352369167916
-0.649538030918
0.759639958208
0.0323648001004
-0.710911466281
0.703005844553
-0.0196893279272
-0.762542863254
0.643283433808
-0.0686644412223
-0.803856284583
0.584035777154
-0.112770939252
-0.653487211754
0.755119540031
-0.0524303760971
-0.710549631712
0.696159114405
-0.102380214419
-0.757601103005
0.6357522625
-0.147850023511
-0.794654472292
0.57735026919
-0.187592474085
-0.804728959641
0.48444164215
0.343114553563
-0.825359624362
0.500276169837
0.261735065221
-0.870462904319
0.433888564879
0.232454394389
-0.839908185629
0.512407546954
0.178865160215
-0.88283621868
0.445512464316
0.148724090603
-0.84833393076
0.520771704481
0.0955320560446
-0.919551652441
0.375038567375
0.117349186087
-0.888752210941
0.453850935148
0.0643337874851
-0.850756865752
0.525405460065
0.0127223389719
-0.923178822338
0.383005720194
0.0323648001004
-0.888282014033
0.458876229404
-0.0196893279272
-0.847437605233
0.526435845805
-0.0686644412223
-0.951056516295
0.309016994375
-5.55111512313e-17
-0.920100013167
0.3881585004
-0.0524303760971
-0.881658573679
0.460647860251
-0.102380214419
-0.838747947786
0.52406321244
-0.147850023511
-0.3562349393
0.833679433403
-0.421989656678
-0.433097925409
0.810753140948
-0.393834395972
-0.468853808138
0.759292806805
-0.451276567227
-0.506125387307
0.782278105731
-0.363150186035
-0.541292798272
0.729364325385
-0.418365614498
-0.574603824788
0.748783450796
-0.330384304036
-0.572915192826
0.670683269922
-0.471117961105
-0.609169129752
0.694535103616
-0.382797545972
-0.637986627792
0.710883720285
-0.296002363154
-0.639948052752
0.634617737217
-0.433274528894
-0.67185516756
0.655385152134
-0.345081057412
-0.6959014776
0.669238441263
-0.260463130231
-0.666429208899
0.569545233406
-0.481134426778
-0.701768648932
0.594386121191
-0.392716058128
-0.728899707095
0.612558669983
-0.305740237499
-0.748143056166
0.624513806972
-0.224197396087
-0.727177177697
0.528325144992
-0.438276047035
-0.757842980116
0.550605154605
-0.350011401545
-0.780029539286
0.566724633392
-0.265286840511
-0.442729519923
0.839695098564
-0.314488018272
-0.515578903291
0.808503556646
-0.283725912409
-0.521418359971
0.829174224614
-0.201477043654
-0.58404470956
0.771860118021
-0.251244373953
-0.589513262686
0.789840060303
-0.169194539679
-0.6474860627
0.73038554498
-0.21748276781
-0.590796754292
0.802317993826
-0.0851177531513
-0.652744635254
0.745266521013
-0.136022989981
-0.705435377505
0.684774450872
-0.18287941272
-0.902958907873
0.0811784475709
-0.421989656678
-0.935787057067
0.0810862932876
-0.343114553563
-0.904906676983
0.16136410536
-0.393834395975
-0.935408440758
0.16158073933
-0.314488018272
-0.900392035963
0.239616618669
-0.363150186055
-0.959252582142
0.160622035174
-0.232454394389
-0.928255219054
0.240503336623
-0.283725912409
-0.889697727065
0.31509390045
-0.330384304037
-0.949718683874
0.239669402263
-0.201477043654
-0.914562335641
0.316941633086
-0.251244373953
-0.873239304677
0.387086189078
-0.296002363154
-0.964375052974
0.237086325474
-0.117349186087
-0.933352152762
0.316586428448
-0.169194539679
-0.894722128956
0.390094293296
-0.21748276781
-0.851528963508
0.455035583331
-0.260463130231
-0.945615993467
0.313951207991
-0.0851177531513
-0.910499766467
0.390497018503
-0.136022989981
-0.869250723777
0.459301969968
-0.18287941272
-0.825136844216
0.518540949111
-0.224197396087
-0.86701416628
0.21127208841
-0.451276567227
-0.86093536801
0.289414071385
-0.418365614498
-0.814898225148
0.337622199172
-0.471117961105
-0.848785749632
0.364731120169
-0.382797545972
-0.801312158154
0.412519099928
-0.433274528894
-0.830922984155
0.436447085244
-0.345081057412
-0.747607656653
0.457812685585
-0.481134426778
-0.782153232393
0.48374623383
-0.392716058128
-0.807820311388
0.503933777081
-0.305740237499
-0.0853560710431
-1.08794917519e-13
0.996350511184
-0.169668261133
-2.23990270776e-12
0.985501233467
-0.196020331784
0.0804022917588
0.977298061498
-0.251947822827
-1.16854442789e-11
0.967740819937
-0.278594068243
0.0791392312608
0.957142793534
-0.331309333411
-2.92516011413e-13
0.943522191363
-0.30350015564
0.158490954692
0.939557487761
-0.35837657467
0.0773250144053
0.930369320687
-0.40700650534
-3.70065089683e-13
0.913425259455
-0.383313460285
0.155222323086
0.910481642637
-0.434538518153
0.0750003928456
0.897525051079
-0.478452726557
-1.58401070038e-13
0.878113311851
-0.405740290063
0.23277276042
0.883850473229
-0.459616877312
0.150880399823
0.875207078947
-0.506403000529
0.0722157808892
0.859267642848
-0.545226219711
-1.84297022088e-14
0.838288953369
-0.481823966131
0.226794395038
0.846410047223
-0.531647172134
0.1455539598
0.834365225275
-0.573461107275
0.0690276291083
0.816319511504
-0.607061998207
4.4408920985e-16
0.794654472292
-0.111605708079
-0.0810862932876
0.990438881994
-0.196020331784
-0.0804022917588
0.977298061498
-0.221077265243
-0.160622035174
0.961938358009
-0.278594068243
-0.0791392312608
0.957142793534
-0.30350015564
-0.158490954692
0.939557487761
-0.35837657467
-0.0773250144053
0.930369320687
-0.326321331973
-0.237086325474
0.915043421141
-0.383313460285
-0.155222323086
0.910481642637
-0.434538518153
-0.0750003928456
0.897525051079
-0.405740290063
-0.23277276042
0.883850473229
-0.459616877312
-0.150880399823
0.875207078947
-0.506403000529
-0.0722157808892
0.859267642848
-0.425325404176
-0.309016994375
0.850650808352
-0.481823966131
-0.226794395038
0.846410047223
-0.531647172134
-0.1455539598
0.834365225275
-0.573461107275
-0.0690276291083
0.816319511504
-0.725471642927
0.465071185812
0.507345727721
-0.778382425857
0.403355348862
0.481066795425
-0.722071569189
0.401344495916
0.563502657108
-0.772858859622
0.338695430507
0.536632638271
-0.713563255447
0.335383243394
0.615098008878
-0.818273641442
0.273266529705
0.505720922509
-0.76176391455
0.271904210331
0.588033875634
-0.700227699986
0.268034882679
0.661693637448
-0.8049629093
0.205843062053
0.556474032148
-0.745353351615
0.203830071395
0.634745368815
-0.682445137003
0.200117879759
0.703008868494
-0.842517635587
0.137952241901
0.520704534914
-0.785887044779
0.1372645067
0.60294279003
-0.724007546472
0.135311166769
0.676390390824
-0.660664560808
0.132384646689
0.738915856788
-0.821169891206
0.069054512203
0.566490497821
-0.761401841401
0.0683792109004
0.644663880971
-0.698201348672
0.0671338758376
0.712746742839
-0.635372116914
0.0654948280432
0.769423615798
-0.850650808352
5.55111512313e-16
0.525731112119
-0.793979671126
4.4408920985e-16
0.607944308172
-0.731985010856
4.4408920985e-16
0.681320734957
-0.668469487993
3.88578058619e-16
0.743739567068
-0.662194598881
0.419097722266
0.621172610797
-0.652838107443
0.351043441592
0.67124578776
-0.586818824704
0.364334016745
0.723121283891
-0.638924599787
0.2811550858
0.716049700451
-0.572241845629
0.292486829786
0.766153199114
-0.620778361731
0.210311559615
0.755250470704
-0.500785672186
0.301827272623
0.811242262234
-0.553732786931
0.219259610723
0.803308921762
-0.598804853483
0.139349656727
0.788678908438
-0.72360679775
-0.525731112119
0.4472135955
-0.725471642927
-0.465071185812
0.507345727721
-0.666776717778
-0.48444164215
0.566325969721
-0.722071569192
-0.401344495913
0.563502657105
-0.662194598881
-0.419097722266
0.621172610797
-0.713563255463
-0.335383243383
0.615098008866
-0.597196376199
-0.433888564879
0.674608924875
-0.652838107443
-0.351043441592
0.67124578776
-0.700227699987
-0.268034882679
0.661693637448
-0.586818824704
-0.364334016745
0.723121283891
-0.638924599787
-0.2811550858
0.716049700451
-0.682445137004
-0.200117879759
0.703008868494
-0.516196303614
-0.375038567375
0.769991850033
-0.572241845629
-0.292486829786
0.766153199114
-0.620778361731
-0.210311559615
0.755250470704
-0.660664560808
-0.132384646689
0.738915856788
-0.500785672186
-0.301827272623
0.811242262234
-0.553732786931
-0.219259610723
0.803308921762
-0.598804853483
-0.139349656727
0.788678908438
-0.635372116914
-0.0654948280432
0.769423615798
-0.778382425857
-0.403355348862
0.481066795425
-0.772858859622
-0.338695430507
0.536632638271
-0.818273641442
-0.273266529705
0.505720922509
-0.76176391455
-0.271904210331
0.588033875634
-0.8049629093
-0.205843062053
0.556474032148
-0.745353351615
-0.203830071395
0.634745368815
-0.842517635587
-0.137952241901
0.520704534914
-0.785887044779
-0.1372645067
0.60294279003
-0.724007546472
-0.135311166769
0.676390390824
-0.821169891206
-0.069054512203
0.566490497821
-0.761401841401
-0.0683792109004
0.644663880971
-0.698201348672
-0.0671338758376
0.712746742839
-0.929335384398
-1.08579811808e-13
-0.369236703627
-0.95733705308
-2.23976392988e-12
-0.288973643781
-0.961784917283
0.0804022917588
-0.261735065221
-0.978248194917
-1.16852638676e-11
-0.207437868147
-0.980685595151
0.0791392312608
-0.178865160215
-0.992077941485
-2.92432744686e-13
-0.125623875198
-0.976095160399
0.158490954692
-0.148724090603
-0.992418494595
0.0773250144053
-0.0955320560446
-0.999011231648
-3.69926311805e-13
-0.0444585092115
-0.985782528859
0.155222323086
-0.0643337874851
-0.997102343375
0.0750003928456
-0.0127223389719
-0.999378987019
-1.58317803312e-13
0.0352369167916
-0.971992469992
0.23277276042
-0.0323648001004
-0.988355925421
0.150880399823
0.0196893279272
-0.995022650748
0.0722157808892
0.0686644412223
-0.993621011885
-1.83186799063e-14
0.112770939252
-0.972530389264
0.226794395038
0.0524303760971
-0.984038788098
0.1455539598
0.102380214419
-0.986597971297
0.0690276291083
0.147850023511
-0.982246946377
5.55111512313e-16
0.187592474085
-0.935787057067
-0.0810862932876
-0.343114553563
-0.961784917283
-0.0804022917588
-0.261735065221
-0.959252582142
-0.160622035174
-0.232454394389
-0.980685595151
-0.0791392312608
-0.178865160215
-0.976095160399
-0.158490954692
-0.148724090603
-0.992418494595
-0.0773250144053
-0.0955320560446
-0.964375052974
-0.237086325474
-0.117349186087
-0.985782528859
-0.155222323086
-0.0643337874851
-0.997102343375
-0.0750003928456
-0.0127223389719
-0.971992469992
-0.23277276042
-0.0323648001004
-0.988355925421
-0.150880399823
0.0196893279272
-0.995022650748
-0.0722157808892
0.0686644412223
-0.951056516295
-0.309016994375
5.55111512313e-17
-0.972530389264
-0.226794395038
0.0524303760971
-0.984038788098
-0.1455539598
0.102380214419
-0.986597971297
-0.0690276291083
0.147850023511
-0.778224595978
0.465071185812
0.421989656678
-0.826932321383
0.401344495916
0.393834395972
-0.825611812673
0.338695430507
0.451276567227
-0.869275573356
0.335383243394
0.363150186035
-0.866624666744
0.271904210331
0.418365614498
-0.904988128825
0.268034882679
0.330384304036
-0.857715862351
0.205843062053
0.471117961105
-0.901065669523
0.203830071395
0.382797545972
-0.933988990946
0.200117879759
0.296002363154
-0.890747796973
0.1372645067
0.433274528894
-0.928767975311
0.135311166769
0.345081057412
-0.956364607831
0.132384646689
0.260463130231
-0.873922844257
0.069054512203
0.481134426778
-0.917114159309
0.0683792109004
0.392716058128
-0.949745202614
0.0671338758376
0.305740237499
-0.972340452253
0.0654948280432
0.224197396087
-0.898840423321
4.99600361081e-16
0.438276047035
-0.936745439694
4.4408920985e-16
0.350011401545
-0.964169535015
4.4408920985e-16
0.265286840511
-0.851736100888
0.419097722266
0.314488018272
-0.892338561726
0.351043441592
0.283725912409
-0.909212695205
0.364334016745
0.201477043654
-0.926190089715
0.2811550858
0.251244373953
-0.941182587039
0.292486829786
0.169194539679
-0.953137080172
0.210311559615
0.21748276781
-0.949555298863
0.301827272623
0.0851177531513
-0.966138172987
0.219259610723
0.136022989981
-0.973209532204
0.139349656727
0.18287941272
-0.778224595978
-0.465071185812
0.421989656678
-0.804728959641
-0.48444164215
0.343114553563
-0.826932321382
-0.401344495913
0.393834395975
-0.851736100888
-0.419097722266
0.314488018272
-0.869275573352
-0.335383243383
0.363150186055
-0.870462904319
-0.433888564879
0.232454394389
-0.892338561726
-0.351043441592
0.283725912409
-0.904988128825
-0.268034882679
0.330384304037
-0.909212695205
-0.364334016745
0.201477043654
-0.926190089715
-0.2811550858
0.251244373953
-0.933988990946
-0.200117879759
0.296002363154
-0.919551652441
-0.375038567375
0.117349186087
-0.941182587039
-0.292486829786
0.169194539679
-0.953137080172
-0.210311559615
0.21748276781
-0.956364607831
-0.132384646689
0.260463130231
-0.949555298863
-0.301827272623
0.0851177531513
-0.966138172987
-0.219259610723
0.136022989981
-0.973209532204
-0.139349656727
0.18287941272
-0.972340452253
-0.0654948280432
0.224197396087
-0.825611812673
-0.338695430507
0.451276567227
-0.866624666744
-0.271904210331
0.418365614498
-0.857715862351
-0.205843062053
0.471117961105
-0.901065669523
-0.203830071395
0.382797545972
-0.890747796973
-0.1372645067
0.433274528894
-0.928767975311
-0.135311166769
0.345081057412
-0.873922844257
-0.069054512203
0.481134426778
-0.917114159309
-0.0683792109004
0.392716058128
-0.949745202614
-0.0671338758376
0.305740237499
-0.0690545120469
-0.0501710397528
-0.996350511184
-0.137264506661
-0.0997285016779
-0.985501233467
-0.205843061003
-0.0501710397528
-0.977298061498
-0.203830070356
-0.148091214614
-0.967740819937
-0.271904208754
-0.0997285016779
-0.957142793534
-0.268034881125
-0.194738740126
-0.943522191363
-0.338695429498
-0.0501710397528
-0.939557487761
-0.335383242395
-0.148091214614
-0.930369320687
-0.329275179641
-0.239232421426
-0.913425259455
-0.40134449588
-0.0997285016779
-0.910481642637
-0.395633170727
-0.194738740126
-0.897525051079
-0.38707638679
-0.28122745659
-0.878113311851
-0.465071185674
-0.0501710397528
-0.883850473229
-0.460523138523
-0.148091214614
-0.875207078947
-0.45213600442
-0.239232421426
-0.859267642848
-0.441097277525
-0.320475931109
-0.838288953369
-0.523110177603
-0.0997285016779
-0.846410047223
-0.515666068251
-0.194738740126
-0.834365225275
-0.504513203789
-0.28122745659
-0.816319511504
-0.491123473188
-0.356822089773
-0.794654472292
-0.0426295871477
-0.131200378561
-0.990438881994
-0.11132449831
-0.180264680592
-0.977298061498
-0.084444001183
-0.259891912254
-0.961938358009
-0.178870462728
-0.227778467701
-0.957142793534
-0.152378137918
-0.306614791354
-0.939557487761
-0.244482236193
-0.273205716103
-0.930369320687
-0.124643657559
-0.383613732884
-0.915043421141
-0.218869711207
-0.350883496244
-0.910481642637
-0.307464921065
-0.31609192492
-0.897525051079
-0.191430394253
-0.426805277767
-0.883850473229
-0.283152590771
-0.392220829763
-0.875207078947
-0.367241262441
-0.356080009429
-0.859267642848
-0.162459848116
-0.5
-0.850650808352
-0.256497376191
-0.466689541308
-0.846410047223
-0.344557126284
-0.43024999428
-0.834365225275
-0.423366359008
-0.39291650665
-0.816319511504
-0.860280872351
-0.0501710397527
-0.507345727721
-0.866810936136
-0.131200378561
-0.481066795425
-0.820072546417
-0.0997285016743
-0.563502657108
-0.824336130758
-0.180264680592
-0.536632638271
-0.774418124552
-0.148091214595
-0.615098008878
-0.822619318082
-0.259891912254
-0.505720922509
-0.776101237441
-0.227778467701
-0.588033875634
-0.72404306036
-0.194738740126
-0.661693637448
-0.772220189627
-0.306614791354
-0.556474032148
-0.72281183821
-0.273205716103
-0.634745368815
-0.669736052007
-0.239232421426
-0.703008868494
-0.76269737856
-0.383613732884
-0.520704534914
-0.716478027586
-0.350883496244
-0.60294279003
-0.665268317449
-0.31609192492
-0.676390390824
-0.612302600229
-0.281227456589
-0.738915856788
-0.704929621132
-0.426805277767
-0.566490497821
-0.656179320972
-0.392220829763
-0.644663880971
-0.604317058718
-0.356080009429
-0.712746742839
-0.552523734361
-0.320475931109
-0.769423615798
-0.688190960236
-0.5
-0.525731112119
-0.642343047129
-0.466689541308
-0.607944308172
-0.59218831341
-0.43024999428
-0.681320734957
-0.540803176007
-0.39291650665
-0.743739567068
-0.782066144495
-0.0501710397528
-0.621172610797
-0.734495281378
-0.0997285016779
-0.67124578776
-0.688896563756
-0.0501710397528
-0.723121283891
-0.682159672392
-0.148091214614
-0.716049700451
-0.634872823045
-0.0997285016779
-0.766153199114
-0.625838277509
-0.194738740126
-0.755250470704
-0.582553738925
-0.0501710397528
-0.811242262234
-0.576856800576
-0.148091214614
-0.803308921762
-0.566350975918
-0.239232421426
-0.788678908438
-0.27639320225
-0.850650808352
-0.4472135955
-0.313556903779
-0.802672025585
-0.507345727721
-0.254686043284
-0.783843042564
-0.566325969721
-0.348263794845
-0.749117537263
-0.563502657105
-0.289387223661
-0.728285398987
-0.621172610797
-0.380151475905
-0.690752701664
-0.615098008866
-0.22810871775
-0.702046445305
-0.674608924875
-0.321818965615
-0.667728721701
-0.67124578776
-0.408949158083
-0.628428290471
-0.661693637448
-0.260596239853
-0.639675862104
-0.723121283891
-0.351642046311
-0.603009699549
-0.716049700451
-0.434483375122
-0.563029952633
-0.703008868494
-0.197169443113
-0.606825149104
-0.769991850033
-0.291033932969
-0.572982133533
-0.766153199114
-0.378602211253
-0.53502999181
-0.755250470704
-0.456675114321
-0.495430314521
-0.738915856788
-0.227734499751
-0.538537825588
-0.811242262234
-0.319101669364
-0.502860717124
-0.803308921762
-0.402535629646
-0.464704902331
-0.788678908438
-0.47552994631
-0.42644878897
-0.769423615798
-0.392638285147
-0.783843042564
-0.481066795425
-0.426175772616
-0.728285398987
-0.536632638271
-0.50137524587
-0.702046445305
-0.505720922509
-0.456458667704
-0.667728721701
-0.588033875634
-0.530237157304
-0.639675862104
-0.556474032148
-0.483195218331
-0.603009699549
-0.634745368815
-0.60052479194
-0.606825149104
-0.520704534914
-0.555113922184
-0.572982133533
-0.60294279003
-0.506200500855
-0.53502999181
-0.676390390824
-0.623751173377
-0.538537825588
-0.566490497821
-0.575794737511
-0.502860717124
-0.644663880971
-0.525396454424
-0.464704902331
-0.712746742839
-0.751848119452
-0.546249633383
0.369236703627
-0.774501945285
-0.562708601275
0.288973643781
-0.825359624362
-0.500276169837
0.261735065221
-0.791419414398
-0.574999862063
0.207437868147
-0.839908185629
-0.512407546954
0.178865160215
-0.802607914405
-0.58312878313
0.125623875198
-0.88283621868
-0.445512464316
0.148724090603
-0.84833393076
-0.520771704481
0.0955320560446
-0.808217063974
-0.587204068837
0.0444585092115
-0.888752210941
-0.453850935148
0.0643337874851
-0.850756865752
-0.525405460065
0.0127223389719
-0.808514584319
-0.587420230021
-0.0352369167916
-0.923178822338
-0.383005720194
0.0323648001004
-0.888282014033
-0.458876229404
-0.0196893279272
-0.847437605233
-0.526435845805
-0.0686644412223
-0.803856284583
-0.584035777154
-0.112770939252
-0.920100013167
-0.3881585004
-0.0524303760971
-0.881658573679
-0.460647860251
-0.102380214419
-0.838747947786
-0.52406321244
-0.147850023511
-0.794654472292
-0.57735026919
-0.187592474085
-0.709406304926
-0.615642020711
0.343114553563
-0.730841061669
-0.630369810676
0.261735065221
-0.681640377382
-0.693780477133
0.232454394389
-0.746874439603
-0.640457512977
0.178865160215
-0.6965189271
-0.701956215917
0.148724090603
-0.757432924559
-0.64588620597
0.0955320560446
-0.640839961173
-0.758652300259
0.117349186087
-0.706277426268
-0.705005929714
0.0643337874851
-0.762588616091
-0.646758644859
0.0127223389719
-0.649538030918
-0.759639958208
0.0323648001004
-0.710911466281
-0.703005844553
-0.0196893279272
-0.762542863254
-0.643283433808
-0.0686644412223
-0.587785252292
-0.809016994375
-5.55111512313e-17
-0.653487211754
-0.755119540031
-0.0524303760971
-0.710549631712
-0.696159114405
-0.102380214419
-0.757601103005
-0.6357522625
-0.147850023511
-0.902958907873
-0.0811784475708
-0.421989656678
-0.904906676985
-0.161364105358
-0.393834395972
-0.86701416628
-0.21127208841
-0.451276567227
-0.900392035973
-0.239616618662
-0.363150186035
-0.86093536801
-0.289414071385
-0.418365614498
-0.889697727066
-0.31509390045
-0.330384304036
-0.814898225148
-0.337622199172
-0.471117961105
-0.848785749632
-0.364731120169
-0.382797545972
-0.873239304677
-0.387086189078
-0.296002363154
-0.801312158154
-0.412519099928
-0.433274528894
-0.830922984155
-0.436447085244
-0.345081057412
-0.851528963508
-0.455035583331
-0.260463130231
-0.747607656653
-0.457812685585
-0.481134426778
-0.782153232393
-0.48374623383
-0.392716058128
-0.807820311388
-0.503933777081
-0.305740237499
-0.825136844216
-0.518540949111
-0.224197396087
-0.727177177697
-0.528325144992
-0.438276047035
-0.757842980116
-0.550605154605
-0.350011401545
-0.780029539286
-0.566724633392
-0.265286840511
-0.935408440758
-0.16158073933
-0.314488018272
-0.928255219054
-0.240503336623
-0.283725912409
-0.949718683874
-0.239669402263
-0.201477043654
-0.914562335641
-0.316941633086
-0.251244373953
-0.933352152762
-0.316586428448
-0.169194539679
-0.894722128956
-0.390094293296
-0.21748276781
-0.945615993467
-0.313951207991
-0.0851177531513
-0.910499766467
-0.390497018503
-0.136022989981
-0.869250723777
-0.459301969968
-0.18287941272
-0.3562349393
-0.833679433403
-0.421989656678
-0.366291751363
-0.864929335852
-0.343114553563
-0.43309792541
-0.810753140945
-0.393834395975
-0.442729519923
-0.839695098564
-0.314488018272
-0.50612538731
-0.782278105719
-0.363150186055
-0.449185982993
-0.862668480479
-0.232454394389
-0.515578903291
-0.808503556646
-0.283725912409
-0.574603824788
-0.748783450795
-0.330384304037
-0.521418359971
-0.829174224614
-0.201477043654
-0.58404470956
-0.771860118021
-0.251244373953
-0.637986627792
-0.710883720285
-0.296002363154
-0.523490775086
-0.843911474578
-0.117349186087
-0.589513262686
-0.789840060303
-0.169194539679
-0.6474860627
-0.73038554498
-0.21748276781
-0.6959014776
-0.669238441263
-0.260463130231
-0.590796754292
-0.802317993826
-0.0851177531513
-0.652744635254
-0.745266521013
-0.136022989981
-0.705435377505
-0.684774450872
-0.18287941272
-0.748143056166
-0.624513806972
-0.224197396087
-0.468853808138
-0.759292806805
-0.451276567227
-0.541292798272
-0.729364325385
-0.418365614498
-0.572915192826
-0.670683269922
-0.471117961105
-0.609169129752
-0.694535103616
-0.382797545972
-0.639948052752
-0.634617737217
-0.433274528894
-0.67185516756
-0.655385152134
-0.345081057412
-0.666429208899
-0.569545233406
-0.481134426778
-0.701768648932
-0.594386121191
-0.392716058128
-0.728899707095
-0.612558669983
-0.305740237499
-0.0263764765253
-0.0811784475709
0.996350511184
-0.052430376094
-0.16136410536
0.985501233467
-0.137040737267
-0.16158073933
0.977298061498
-0.0778561589381
-0.239616618669
0.967740819937
-0.161356183204
-0.240503336623
0.957142793534
-0.102380214419
-0.31509390045
0.943522191363
-0.244520561122
-0.239669402263
0.939557487761
-0.184284910782
-0.316941633086
0.930369320687
-0.125771926971
-0.387086189078
0.913425259455
-0.266075575246
-0.316586428448
0.910481642637
-0.20560939916
-0.390094293296
0.897525051079
-0.147850023511
-0.455035583331
0.878113311851
-0.346760695545
-0.313951207991
0.883850473229
-0.285525213423
-0.390497018503
0.875207078947
-0.22516842216
-0.459301969968
0.859267642848
-0.168484167669
-0.518540949111
0.838288953369
-0.364586081092
-0.3881585004
0.846410047223
-0.302718053141
-0.460647860251
0.834365225275
-0.242858404229
-0.52406321244
0.816319511504
-0.187592474085
-0.57735026919
0.794654472292
0.0426295871477
-0.131200378561
0.990438881994
0.0158935097378
-0.21127208841
0.977298061498
0.084444001183
-0.259891912254
0.961938358009
-0.0108244200341
-0.289414071385
0.957142793534
0.0569471493457
-0.337622199172
0.939557487761
-0.0372039931362
-0.364731120169
0.930369320687
0.124643657559
-0.383613732884
0.915043421141
0.0291748284447
-0.412519099928
0.910481642637
-0.0629501744792
-0.436447085244
0.897525051079
0.095999405681
-0.457812685585
0.883850473229
0.00146636144159
-0.48374623383
0.875207078947
-0.0878058441719
-0.503933777081
0.859267642848
0.162459848116
-0.5
0.850650808352
0.0668024934288
-0.528325144992
0.846410047223
-0.0258579692601
-0.550605154605
0.834365225275
-0.111560051293
-0.566724633392
0.816319511504
-0.666492048409
-0.546249633383
0.507345727721
-0.624147130631
-0.615642020711
0.481066795425
-0.604833684154
-0.562708601272
0.563502657108
-0.5609450181
-0.630369810676
0.536632638271
-0.539471591581
-0.574999862045
0.615098008878
-0.512752375016
-0.693780477133
0.505720922509
-0.493994266341
-0.640457512977
0.588033875634
-0.471298580994
-0.583128783129
0.661693637448
-0.444515604315
-0.701956215917
0.556474032148
-0.42418077008
-0.64588620597
0.634745368815
-0.401210558635
-0.587204068837
0.703008868494
-0.391552646055
-0.758652300259
0.520704534914
-0.373398756049
-0.705005929714
0.60294279003
-0.352419202799
-0.646758644859
0.676390390824
-0.330061857762
-0.587420230021
0.738915856788
-0.319430195462
-0.759639958208
0.566490497821
-0.300318602647
-0.703005844553
0.644663880971
-0.279604192315
-0.643283433808
0.712746742839
-0.258630064873
-0.584035777154
0.769423615798
-0.26286555606
-0.809016994375
0.525731112119
-0.245353211566
-0.755119540031
0.607944308172
-0.226195807982
-0.696159114405
0.681320734957
-0.206568432011
-0.6357522625
0.743739567068
-0.603215004363
-0.500276169837
0.621172610797
-0.535600222404
-0.512407546954
0.67124578776
-0.527839230186
-0.445512464316
0.723121283891
-0.464832935898
-0.520771704481
0.716049700451
-0.45500396059
-0.453850935148
0.766153199114
-0.391849242739
-0.525405460065
0.755250470704
-0.441806077668
-0.383005720194
0.811242262234
-0.379641123043
-0.458876229404
0.803308921762
-0.317570275114
-0.526435845805
0.788678908438
0.27639320225
-0.850650808352
0.4472135955
0.218125915206
-0.833679433403
0.507345727721
0.254686043284
-0.783843042564
0.566325969721
0.158568912082
-0.810753140948
0.563502657105
0.193956235088
-0.759292806805
0.621172610797
0.0984652465755
-0.782278105731
0.615098008866
0.22810871775
-0.702046445305
0.674608924875
0.132124082853
-0.729364325385
0.67124578776
0.0385340625383
-0.748783450796
0.661693637448
0.165165251281
-0.670683269922
0.723121283891
0.0699558169817
-0.694535103616
0.716049700451
-0.0205637314908
-0.710883720285
0.703008868494
0.197169443113
-0.606825149104
0.769991850033
0.101339050206
-0.634617737217
0.766153199114
0.00818711570846
-0.655385152134
0.755250470704
-0.0782512959799
-0.669238441263
0.738915856788
0.132303511178
-0.569545233406
0.811242262234
0.0374154400341
-0.594386121191
0.803308921762
-0.052511476967
-0.612558669983
0.788678908438
-0.134051498884
-0.624513806972
0.769423615798
0.143080335205
-0.864929335852
0.481066795425
0.0832919743468
-0.839695098564
0.536632638271
0.00703145250672
-0.862668480479
0.505720922509
0.0231982757457
-0.808503556646
0.588033875634
-0.0529788333159
-0.829174224614
0.556474032148
-0.036472934846
-0.771860118021
0.634745368815
-0.129151888859
-0.843911474578
0.520704534914
-0.112306148943
-0.789840060303
0.60294279003
-0.0950420690325
-0.73038554498
0.676390390824
-0.188080707841
-0.802317993826
0.566490497821
-0.170253614435
-0.745266521013
0.644663880971
-0.151907972156
-0.684774450872
0.712746742839
-0.287180427253
-0.883850473156
-0.369236703627
-0.295833418744
-0.910481642623
-0.288973643781
-0.373675007876
-0.889866138317
-0.261735065221
-0.302295316935
-0.930369320334
-0.207437868147
-0.378314396626
-0.908232058324
-0.178865160215
-0.306568943663
-0.943522190922
-0.125623875198
-0.452363847924
-0.879345264367
-0.148724090603
-0.380214639185
-0.919951332635
-0.0955320560446
-0.30871144815
-0.950116141711
-0.0444585092115
-0.452248756021
-0.889568561981
-0.0643337874851
-0.379451181575
-0.925124285106
-0.0127223389719
-0.30882509081
-0.950465897853
0.0352369167916
-0.521742242245
-0.852489033578
-0.0323648001004
-0.448914564879
-0.893357735627
0.0196893279272
-0.376160197863
-0.924006872299
0.0686644412223
-0.307045778641
-0.944989738081
0.112770939252
-0.516222705089
-0.854848041708
0.0524303760971
-0.442514750587
-0.890897854531
0.102380214419
-0.370524716215
-0.91697971909
0.147850023511
-0.303530999103
-0.934172358963
0.187592474085
-0.212056456137
-0.915043421125
-0.343114553563
-0.220740760872
-0.939557487397
-0.261735065221
-0.143664716567
-0.961938357559
-0.232454394389
-0.227782633455
-0.957142793086
-0.178865160215
-0.150896137457
-0.977298061277
-0.148724090603
-0.233133721539
-0.967740819718
-0.0955320560446
-0.0725257855541
-0.990438881988
-0.117349186087
-0.15699835233
-0.985501233461
-0.0643337874851
-0.236791956893
-0.971477077054
-0.0127223389719
-0.0789821410189
-0.996350511173
-0.0323648001004
-0.161922990014
-0.986606950954
0.0196893279272
-0.238797619875
-0.968638679412
0.0686644412223
-5.55111512313e-16
-1.0
5.55111512313e-17
-0.0848341305681
-0.9950146863
0.0524303760971
-0.165654666706
-0.980855148885
0.102380214419
-0.239226363279
-0.959641140041
0.147850023511
-0.682793607405
-0.596420673136
0.421989656678
-0.637237438625
-0.66243710295
0.393834395972
-0.577246577096
-0.680540850429
0.451276567227
-0.587589344048
-0.723091076659
0.363150186035
-0.526398020812
-0.740186014655
0.418365614498
-0.534573033281
-0.777867523255
0.330384304036
-0.460817163311
-0.75212725567
0.471117961105
-0.472298522548
-0.793977420584
0.382797545972
-0.478941884334
-0.826436490263
0.296002363154
-0.405802510519
-0.804734431392
0.433274528894
-0.415693655085
-0.841497384985
0.345081057412
-0.42143819753
-0.86864768661
0.260463130231
-0.335731754458
-0.80981099796
0.481134426778
-0.348436355114
-0.851097059167
0.392716058128
-0.357335518013
-0.882515855234
0.305740237499
-0.362759007059
-0.904511708263
0.224197396087
-0.277756966037
-0.854848041708
0.438276047035
-0.289470260269
-0.890897854531
0.350011401545
-0.297944771778
-0.91697971909
0.265286840511
-0.661786549622
-0.680540850429
0.314488018272
-0.609609932938
-0.740186014655
0.283725912409
-0.627464415053
-0.75212725567
0.201477043654
-0.553602854184
-0.793977420584
0.251244373953
-0.569012919603
-0.804734431392
0.169194539679
-0.494553734966
-0.841497384985
0.21748276781
-0.580483518871
-0.80981099796
0.0851177531513
-0.507081395906
-0.851097059167
0.136022989981
-0.433267683612
-0.882515855234
0.18287941272
0.20182435621
-0.883850473156
0.421989656678
0.212056456137
-0.915043421125
0.343114553563
0.126165157613
-0.910481642622
0.393834395975
0.135384689829
-0.939557487397
0.314488018272
0.0503474941145
-0.930369320326
0.363150186055
0.143664716567
-0.961938357559
0.232454394389
0.0581143723191
-0.957142793086
0.283725912409
-0.0247403897482
-0.943522190921
0.330384304037
0.0655400664134
-0.977298061277
0.201477043654
-0.0188141013034
-0.967740819718
0.251244373953
-0.0982950571895
-0.950116141711
0.296002363154
0.0725257855541
-0.990438881988
0.117349186087
-0.0126699088063
-0.985501233461
0.169194539679
-0.0945173765182
-0.971477077054
0.21748276781
-0.169627635747
-0.950465897853
0.260463130231
-0.00637393002428
-0.996350511173
0.0851177531513
-0.0900248328288
-0.986606950954
0.136022989981
-0.168208885465
-0.968638679412
0.18287941272
-0.23818044107
-0.944989738081
0.224197396087
0.0669904153506
-0.889866138317
0.451276567227
-0.00920547872527
-0.908232058324
0.418365614498
-0.069280392312
-0.879345264367
0.471117961105
-0.0845906873132
-0.919951332635
0.382797545972
-0.144709903414
-0.889568561981
0.433274528894
-0.158316521319
-0.925124285106
0.345081057412
-0.204382266838
-0.852489033578
0.481134426778
-0.218371366902
-0.893357735627
0.392716058128
-0.229639297854
-0.924006872299
0.305740237499
0.0263764765255
-0.0811784475708
-0.996350511184
0.0524303760983
-0.161364105358
-0.985501233467
-0.0158935097378
-0.21127208841
-0.977298061498
0.0778561589603
-0.239616618662
-0.967740819937
0.0108244200341
-0.289414071385
-0.957142793534
0.102380214419
-0.31509390045
-0.943522191363
-0.0569471493457
-0.337622199172
-0.939557487761
0.0372039931362
-0.364731120169
-0.930369320687
0.125771926972
-0.387086189078
-0.913425259455
-0.0291748284447
-0.412519099928
-0.910481642637
0.0629501744792
-0.436447085244
-0.897525051079
0.147850023511
-0.455035583331
-0.878113311851
-0.095999405681
-0.457812685585
-0.883850473229
-0.00146636144159
-0.48374623383
-0.875207078947
0.0878058441719
-0.503933777081
-0.859267642848
0.168484167669
-0.518540949111
-0.838288953369
-0.0668024934288
-0.528325144992
-0.846410047223
0.0258579692601
-0.550605154605
-0.834365225275
0.111560051293
-0.566724633392
-0.816319511504
0.187592474085
-0.57735026919
-0.794654472292
0.111605708079
-0.0810862932876
-0.990438881994
0.137040737267
-0.16158073933
-0.977298061498
0.221077265243
-0.160622035174
-0.961938358009
0.161356183204
-0.240503336623
-0.957142793534
0.244520561122
-0.239669402263
-0.939557487761
0.184284910782
-0.316941633086
-0.930369320687
0.326321331973
-0.237086325474
-0.915043421141
0.266075575246
-0.316586428448
-0.910481642637
0.20560939916
-0.390094293296
-0.897525051079
0.346760695545
-0.313951207991
-0.883850473229
0.285525213423
-0.390497018503
-0.875207078947
0.22516842216
-0.459301969968
-0.859267642848
0.425325404176
-0.309016994375
-0.850650808352
0.364586081092
-0.3881585004
-0.846410047223
0.302718053141
-0.460647860251
-0.834365225275
0.242858404229
-0.52406321244
-0.816319511504
-0.218125915206
-0.833679433403
-0.507345727721
-0.143080335205
-0.864929335852
-0.481066795425
-0.158568912085
-0.810753140945
-0.563502657108
-0.0832919743468
-0.839695098564
-0.536632638271
-0.0984652465916
-0.782278105719
-0.615098008878
-0.00703145250672
-0.862668480479
-0.505720922509
-0.0231982757457
-0.808503556646
-0.588033875634
-0.0385340625387
-0.748783450795
-0.661693637448
0.0529788333159
-0.829174224614
-0.556474032148
0.036472934846
-0.771860118021
-0.634745368815
0.0205637314903
-0.710883720285
-0.703008868494
0.129151888859
-0.843911474578
-0.520704534914
0.112306148943
-0.789840060303
-0.60294279003
0.0950420690325
-0.73038554498
-0.676390390824
0.0782512959797
-0.669238441263
-0.738915856788
0.188080707841
-0.802317993826
-0.566490497821
0.170253614435
-0.745266521013
-0.644663880971
0.151907972156
-0.684774450872
-0.712746742839
0.134051498884
-0.624513806972
-0.769423615798
0.26286555606
-0.809016994375
-0.525731112119
0.245353211566
-0.755119540031
-0.607944308172
0.226195807982
-0.696159114405
-0.681320734957
0.206568432011
-0.6357522625
-0.743739567068
-0.193956235088
-0.759292806805
-0.621172610797
-0.132124082853
-0.729364325385
-0.67124578776
-0.165165251281
-0.670683269922
-0.723121283891
-0.0699558169817
-0.694535103616
-0.716049700451
-0.101339050206
-0.634617737217
-0.766153199114
-0.00818711570846
-0.655385152134
-0.755250470704
-0.132303511178
-0.569545233406
-0.811242262234
-0.0374154400341
-0.594386121191
-0.803308921762
0.052511476967
-0.612558669983
-0.788678908438
0.72360679775
-0.525731112119
-0.4472135955
0.666492048409
-0.546249633383
-0.507345727721
0.666776717778
-0.48444164215
-0.566325969721
0.604833684153
-0.562708601275
-0.563502657105
0.603215004363
-0.500276169837
-0.621172610797
0.539471591575
-0.574999862063
-0.615098008866
0.597196376199
-0.433888564879
-0.674608924875
0.535600222404
-0.512407546954
-0.67124578776
0.471298580994
-0.58312878313
-0.661693637448
0.527839230186
-0.445512464316
-0.723121283891
0.464832935898
-0.520771704481
-0.716049700451
0.401210558635
-0.587204068837
-0.703008868494
0.516196303614
-0.375038567375
-0.769991850033
0.45500396059
-0.453850935148
-0.766153199114
0.391849242739
-0.525405460065
-0.755250470704
0.330061857762
-0.587420230021
-0.738915856788
0.441806077668
-0.383005720194
-0.811242262234
0.379641123043
-0.458876229404
-0.803308921762
0.317570275114
-0.526435845805
-0.788678908438
0.258630064873
-0.584035777154
-0.769423615798
0.624147130631
-0.615642020711
-0.481066795425
0.5609450181
-0.630369810676
-0.536632638271
0.512752375016
-0.693780477133
-0.505720922509
0.493994266341
-0.640457512977
-0.588033875634
0.444515604315
-0.701956215917
-0.556474032148
0.42418077008
-0.64588620597
-0.634745368815
0.391552646055
-0.758652300259
-0.520704534914
0.373398756049
-0.705005929714
-0.60294279003
0.352419202799
-0.646758644859
-0.676390390824
0.319430195462
-0.759639958208
-0.566490497821
0.300318602647
-0.703005844553
-0.644663880971
0.279604192315
-0.643283433808
-0.712746742839
0.287180427253
-0.883850473156
0.369236703627
0.295833418749
-0.910481642622
0.288973643781
0.220740760872
-0.939557487397
0.261735065221
0.302295316957
-0.930369320326
0.207437868147
0.227782633455
-0.957142793086
0.178865160215
0.306568943664
-0.943522190921
0.125623875198
0.150896137457
-0.977298061277
0.148724090603
0.233133721539
-0.967740819718
0.0955320560446
0.308711448151
-0.950116141711
0.0444585092115
0.15699835233
-0.985501233461
0.0643337874851
0.236791956893
-0.971477077054
0.0127223389719
0.30882509081
-0.950465897853
-0.0352369167916
0.0789821410189
-0.996350511173
0.0323648001004
0.161922990014
-0.986606950954
-0.0196893279272
0.238797619875
-0.968638679412
-0.0686644412223
0.307045778641
-0.944989738081
-0.112770939252
0.0848341305681
-0.9950146863
-0.0524303760971
0.165654666706
-0.980855148885
-0.102380214419
0.239226363279
-0.959641140041
-0.147850023511
0.303530999103
-0.934172358963
-0.187592474085
0.366291751363
-0.864929335852
0.343114553563
0.373675007876
-0.889866138317
0.261735065221
0.449185982993
-0.862668480479
0.232454394389
0.378314396626
-0.908232058324
0.178865160215
0.452363847924
-0.879345264367
0.148724090603
0.380214639185
-0.919951332635
0.0955320560446
0.523490775086
-0.843911474578
0.117349186087
0.452248756021
-0.889568561981
0.0643337874851
0.379451181575
-0.925124285106
0.0127223389719
0.521742242245
-0.852489033578
0.0323648001004
0.448914564879
-0.893357735627
-0.0196893279272
0.376160197863
-0.924006872299
-0.0686644412223
0.587785252292
-0.809016994375
-5.55111512313e-17
0.516222705089
-0.854848041708
-0.0524303760971
0.442514750587
-0.890897854531
-0.102380214419
0.370524716215
-0.91697971909
-0.147850023511
-0.20182435621
-0.883850473156
-0.421989656678
-0.126165157614
-0.910481642623
-0.393834395972
-0.0669904153507
-0.889866138317
-0.451276567227
-0.0503474941245
-0.930369320334
-0.363150186035
0.00920547872527
-0.908232058324
-0.418365614498
0.0247403897479
-0.943522190922
-0.330384304036
0.069280392312
-0.879345264367
-0.471117961105
0.0845906873132
-0.919951332635
-0.382797545972
0.0982950571892
-0.950116141711
-0.296002363154
0.144709903414
-0.889568561981
-0.433274528894
0.158316521319
-0.925124285106
-0.345081057412
0.169627635747
-0.950465897853
-0.260463130231
0.204382266838
-0.852489033578
-0.481134426778
0.218371366902
-0.893357735627
-0.392716058128
0.229639297854
-0.924006872299
-0.305740237499
0.23818044107
-0.944989738081
-0.224197396087
0.277756966037
-0.854848041708
-0.438276047035
0.289470260269
-0.890897854531
-0.350011401545
0.297944771778
-0.91697971909
-0.265286840511
-0.135384689829
-0.939557487397
-0.314488018272
-0.0581143723191
-0.957142793086
-0.283725912409
-0.0655400664134
-0.977298061277
-0.201477043654
0.0188141013034
-0.967740819718
-0.251244373953
0.0126699088063
-0.985501233461
-0.169194539679
0.0945173765182
-0.971477077054
-0.21748276781
0.00637393002428
-0.996350511173
-0.0851177531513
0.0900248328288
-0.986606950954
-0.136022989981
0.168208885465
-0.968638679412
-0.18287941272
0.682793607405
-0.596420673136
-0.421989656678
0.709406304926
-0.615642020711
-0.343114553563
0.637237438623
-0.66243710295
-0.393834395975
0.661786549622
-0.680540850429
-0.314488018272
0.587589344036
-0.723091076659
-0.363150186055
0.681640377382
-0.693780477133
-0.232454394389
0.609609932938
-0.740186014655
-0.283725912409
0.534573033281
-0.777867523255
-0.330384304037
0.627464415053
-0.75212725567
-0.201477043654
0.553602854184
-0.793977420584
-0.251244373953
0.478941884333
-0.826436490263
-0.296002363154
0.640839961173
-0.758652300259
-0.117349186087
0.569012919603
-0.804734431392
-0.169194539679
0.494553734966
-0.841497384985
-0.21748276781
0.42143819753
-0.86864768661
-0.260463130231
0.580483518871
-0.80981099796
-0.0851177531513
0.507081395906
-0.851097059167
-0.136022989981
0.433267683612
-0.882515855234
-0.18287941272
0.362759007058
-0.904511708263
-0.224197396087
0.577246577096
-0.680540850429
-0.451276567227
0.526398020812
-0.740186014655
-0.418365614498
0.460817163311
-0.75212725567
-0.471117961105
0.472298522548
-0.793977420584
-0.382797545972
0.405802510519
-0.804734431392
-0.433274528894
0.415693655085
-0.841497384985
-0.345081057412
0.335731754458
-0.80981099796
-0.481134426778
0.348436355114
-0.851097059167
-0.392716058128
0.357335518013
-0.882515855234
-0.305740237499
0.069054512047
-0.0501710397527
0.996350511184
0.137264506664
-0.0997285016743
0.985501233467
0.11132449831
-0.180264680592
0.977298061498
0.203830070369
-0.148091214595
0.967740819937
0.178870462728
-0.227778467701
0.957142793534
0.268034881125
-0.194738740126
0.943522191363
0.152378137918
-0.306614791354
0.939557487761
0.244482236193
-0.273205716103
0.930369320687
0.329275179641
-0.239232421426
0.913425259455
0.218869711207
-0.350883496244
0.910481642637
0.307464921065
-0.31609192492
0.897525051079
0.38707638679
-0.281227456589
0.878113311851
0.191430394253
-0.426805277767
0.883850473229
0.283152590771
-0.392220829763
0.875207078947
0.367241262441
-0.356080009429
0.859267642848
0.441097277525
-0.320475931109
0.838288953369
0.256497376191
-0.466689541308
0.846410047223
0.344557126284
-0.43024999428
0.834365225275
0.423366359008
-0.39291650665
0.816319511504
0.491123473188
-0.356822089773
0.794654472292
0.205843061003
-0.0501710397528
0.977298061498
0.271904208754
-0.0997285016779
0.957142793534
0.338695429498
-0.0501710397528
0.939557487761
0.335383242395
-0.148091214614
0.930369320687
0.40134449588
-0.0997285016779
0.910481642637
0.395633170727
-0.194738740126
0.897525051079
0.465071185674
-0.0501710397528
0.883850473229
0.460523138523
-0.148091214614
0.875207078947
0.45213600442
-0.239232421426
0.859267642848
0.523110177603
-0.0997285016779
0.846410047223
0.515666068251
-0.194738740126
0.834365225275
0.504513203789
-0.28122745659
0.816319511504
0.313556903778
-0.802672025585
0.507345727721
0.392638285147
-0.783843042564
0.481066795425
0.348263794841
-0.749117537263
0.563502657108
0.426175772616
-0.728285398987
0.536632638271
0.380151475885
-0.690752701664
0.615098008878
0.50137524587
-0.702046445305
0.505720922509
0.456458667704
-0.667728721701
0.588033875634
0.408949158082
-0.628428290471
0.661693637448
0.530237157304
-0.639675862104
0.556474032148
0.483195218331
-0.603009699549
0.634745368815
0.434483375122
-0.563029952633
0.703008868494
0.60052479194
-0.606825149104
0.520704534914
0.555113922184
-0.572982133533
0.60294279003
0.506200500855
-0.53502999181
0.676390390824
0.456675114321
-0.495430314521
0.738915856788
0.623751173377
-0.538537825588
0.566490497821
0.575794737511
-0.502860717124
0.644663880971
0.525396454424
-0.464704902331
0.712746742839
0.47552994631
-0.42644878897
0.769423615798
0.688190960236
-0.5
0.525731112119
0.642343047129
-0.466689541308
0.607944308172
0.59218831341
-0.43024999428
0.681320734957
0.540803176007
-0.39291650665
0.743739567068
0.289387223661
-0.728285398987
0.621172610797
0.321818965615
-0.667728721701
0.67124578776
0.260596239853
-0.639675862104
0.723121283891
0.351642046311
-0.603009699549
0.716049700451
0.291033932969
-0.572982133533
0.766153199114
0.378602211253
-0.53502999181
0.755250470704
0.227734499751
-0.538537825588
0.811242262234
0.319101669364
-0.502860717124
0.803308921762
0.402535629646
-0.464704902331
0.788678908438
0.860280872351
-0.0501710397528
0.507345727721
0.820072546418
-0.0997285016779
0.563502657105
0.782066144495
-0.0501710397528
0.621172610797
0.774418124558
-0.148091214614
0.615098008866
0.734495281378
-0.0997285016779
0.67124578776
0.72404306036
-0.194738740126
0.661693637448
0.688896563756
-0.0501710397528
0.723121283891
0.682159672392
-0.148091214614
0.716049700451
0.669736052007
-0.239232421426
0.703008868494
0.634872823045
-0.0997285016779
0.766153199114
0.625838277509
-0.194738740126
0.755250470704
0.612302600229
-0.28122745659
0.738915856788
0.582553738925
-0.0501710397528
0.811242262234
0.576856800576
-0.148091214614
0.803308921762
0.566350975918
-0.239232421426
0.788678908438
0.552523734361
-0.320475931109
0.769423615798
0.866810936136
-0.131200378561
0.481066795425
0.824336130758
-0.180264680592
0.536632638271
0.822619318082
-0.259891912254
0.505720922509
0.776101237441
-0.227778467701
0.588033875634
0.772220189627
-0.306614791354
0.556474032148
0.72281183821
-0.273205716103
0.634745368815
0.76269737856
-0.383613732884
0.520704534914
0.716478027586
-0.350883496244
0.60294279003
0.665268317449
-0.31609192492
0.676390390824
0.704929621132
-0.426805277767
0.566490497821
0.656179320972
-0.392220829763
0.644663880971
0.604317058718
-0.356080009429
0.712746742839
0.751848119452
-0.546249633383
-0.369236703627
0.774501945288
-0.562708601272
-0.288973643781
0.730841061669
-0.630369810676
-0.261735065221
0.791419414411
-0.574999862045
-0.207437868147
0.746874439603
-0.640457512977
-0.178865160215
0.802607914406
-0.583128783129
-0.125623875198
0.6965189271
-0.701956215917
-0.148724090603
0.757432924559
-0.64588620597
-0.0955320560446
0.808217063975
-0.587204068837
-0.0444585092115
0.706277426268
-0.705005929714
-0.0643337874851
0.762588616091
-0.646758644859
-0.0127223389719
0.80851458432
-0.587420230021
0.0352369167916
0.649538030918
-0.759639958208
-0.0323648001004
0.710911466281
-0.703005844553
0.0196893279272
0.762542863254
-0.643283433808
0.0686644412223
0.803856284583
-0.584035777154
0.112770939252
0.653487211754
-0.755119540031
0.0524303760971
0.710549631712
-0.696159114405
0.102380214419
0.757601103005
-0.6357522625
0.147850023511
0.794654472292
-0.57735026919
0.187592474085
0.804728959641
-0.48444164215
-0.343114553563
0.825359624362
-0.500276169837
-0.261735065221
0.870462904319
-0.433888564879
-0.232454394389
0.839908185629
-0.512407546954
-0.178865160215
0.88283621868
-0.445512464316
-0.148724090603
0.84833393076
-0.520771704481
-0.0955320560446
0.919551652441
-0.375038567375
-0.117349186087
0.888752210941
-0.453850935148
-0.0643337874851
0.850756865752
-0.525405460065
-0.0127223389719
0.923178822338
-0.383005720194
-0.0323648001004
0.888282014033
-0.458876229404
0.0196893279272
0.847437605233
-0.526435845805
0.0686644412223
0.951056516295
-0.309016994375
5.55111512313e-17
0.920100013167
-0.3881585004
0.0524303760971
0.881658573679
-0.460647860251
0.102380214419
0.838747947786
-0.52406321244
0.147850023511
0.3562349393
-0.833679433403
0.421989656678
0.433097925409
-0.810753140948
0.393834395972
0.468853808138
-0.759292806805
0.451276567227
0.506125387307
-0.782278105731
0.363150186035
0.541292798272
-0.729364325385
0.418365614498
0.574603824788
-0.748783450796
0.330384304036
0.572915192826
-0.670683269922
0.471117961105
0.609169129752
-0.694535103616
0.382797545972
0.637986627792
-0.710883720285
0.296002363154
0.639948052752
-0.634617737217
0.433274528894
0.67185516756
-0.655385152134
0.345081057412
0.6959014776
-0.669238441263
0.260463130231
0.666429208899
-0.569545233406
0.481134426778
0.701768648932
-0.594386121191
0.392716058128
0.728899707095
-0.612558669983
0.305740237499
0.748143056166
-0.624513806972
0.224197396087
0.727177177697
-0.528325144992
0.438276047035
0.757842980116
-0.550605154605
0.350011401545
0.780029539286
-0.566724633392
0.265286840511
0.442729519923
-0.839695098564
0.314488018272
0.515578903291
-0.808503556646
0.283725912409
0.521418359971
-0.829174224614
0.201477043654
0.58404470956
-0.771860118021
0.251244373953
0.589513262686
-0.789840060303
0.169194539679
0.6474860627
-0.73038554498
0.21748276781
0.590796754292
-0.802317993826
0.0851177531513
0.652744635254
-0.745266521013
0.136022989981
0.705435377505
-0.684774450872
0.18287941272
0.902958907873
-0.0811784475709
0.421989656678
0.935787057067
-0.0810862932876
0.343114553563
0.904906676983
-0.16136410536
0.393834395975
0.935408440758
-0.16158073933
0.314488018272
0.900392035963
-0.239616618669
0.363150186055
0.959252582142
-0.160622035174
0.232454394389
0.928255219054
-0.240503336623
0.283725912409
0.889697727065
-0.31509390045
0.330384304037
0.949718683874
-0.239669402263
0.201477043654
0.914562335641
-0.316941633086
0.251244373953
0.873239304677
-0.387086189078
0.296002363154
0.964375052974
-0.237086325474
0.117349186087
0.933352152762
-0.316586428448
0.169194539679
0.894722128956
-0.390094293296
0.21748276781
0.851528963508
-0.455035583331
0.260463130231
0.945615993467
-0.313951207991
0.0851177531513
0.910499766467
-0.390497018503
0.136022989981
0.869250723777
-0.459301969968
0.18287941272
0.825136844216
-0.518540949111
0.224197396087
0.86701416628
-0.21127208841
0.451276567227
0.86093536801
-0.289414071385
0.418365614498
0.814898225148
-0.337622199172
0.471117961105
0.848785749632
-0.364731120169
0.382797545972
0.801312158154
-0.412519099928
0.433274528894
0.830922984155
-0.436447085244
0.345081057412
0.747607656653
-0.457812685585
0.481134426778
0.782153232393
-0.48374623383
0.392716058128
0.807820311388
-0.503933777081
0.305740237499
0.0853560710431
1.08787978625e-13
-0.996350511184
0.169668261133
2.23988882997e-12
-0.985501233467
0.196020331784
-0.0804022917588
-0.977298061498
0.251947822827
1.16854165233e-11
-0.967740819937
0.278594068243
-0.0791392312608
-0.957142793534
0.331309333411
2.92488255837e-13
-0.943522191363
0.30350015564
-0.158490954692
-0.939557487761
0.35837657467
-0.0773250144053
-0.930369320687
0.40700650534
3.70065089683e-13
-0.913425259455
0.383313460285
-0.155222323086
-0.910481642637
0.434538518153
-0.0750003928456
-0.897525051079
0.478452726557
1.58345558887e-13
-0.878113311851
0.405740290063
-0.23277276042
-0.883850473229
0.459616877312
-0.150880399823
-0.875207078947
0.506403000529
-0.0722157808892
-0.859267642848
0.545226219711
1.83741910575e-14
-0.838288953369
0.481823966131
-0.226794395038
-0.846410047223
0.531647172134
-0.1455539598
-0.834365225275
0.573461107275
-0.0690276291083
-0.816319511504
0.607061998207
-5.27355936697e-16
-0.794654472292
0.196020331784
0.0804022917588
-0.977298061498
0.278594068243
0.0791392312608
-0.957142793534
0.30350015564
0.158490954692
-0.939557487761
0.35837657467
0.0773250144053
-0.930369320687
0.383313460285
0.155222323086
-0.910481642637
0.434538518153
0.0750003928456
-0.897525051079
0.405740290063
0.23277276042
-0.883850473229
0.459616877312
0.150880399823
-0.875207078947
0.506403000529
0.0722157808892
-0.859267642848
0.481823966131
0.226794395038
-0.846410047223
0.531647172134
0.1455539598
-0.834365225275
0.573461107275
0.0690276291083
-0.816319511504
0.725471642927
-0.465071185812
-0.507345727721
0.778382425857
-0.403355348862
-0.481066795425
0.722071569189
-0.401344495916
-0.563502657108
0.772858859622
-0.338695430507
-0.536632638271
0.713563255447
-0.335383243394
-0.615098008878
0.818273641442
-0.273266529705
-0.505720922509
0.76176391455
-0.271904210331
-0.588033875634
0.700227699986
-0.268034882679
-0.661693637448
0.8049629093
-0.205843062053
-0.556474032148
0.745353351615
-0.203830071395
-0.634745368815
0.682445137003
-0.200117879759
-0.703008868494
0.842517635587
-0.137952241901
-0.520704534914
0.785887044779
-0.1372645067
-0.60294279003
0.724007546472
-0.135311166769
-0.676390390824
0.660664560808
-0.132384646689
-0.738915856788
0.821169891206
-0.069054512203
-0.566490497821
0.761401841401
-0.0683792109004
-0.644663880971
0.698201348672
-0.0671338758376
-0.712746742839
0.635372116914
-0.0654948280432
-0.769423615798
0.850650808352
-6.10622663544e-16
-0.525731112119
0.793979671126
-4.71844785466e-16
-0.607944308172
0.731985010856
-4.4408920985e-16
-0.681320734957
0.668469487993
-4.16333634234e-16
-0.743739567068
0.662194598881
-0.419097722266
-0.621172610797
0.652838107443
-0.351043441592
-0.67124578776
0.586818824704
-0.364334016745
-0.723121283891
0.638924599787
-0.2811550858
-0.716049700451
0.572241845629
-0.292486829786
-0.766153199114
0.620778361731
-0.210311559615
-0.755250470704
0.500785672186
-0.301827272623
-0.811242262234
0.553732786931
-0.219259610723
-0.803308921762
0.598804853483
-0.139349656727
-0.788678908438
0.725471642927
0.465071185812
-0.507345727721
0.722071569192
0.401344495913
-0.563502657105
0.662194598881
0.419097722266
-0.621172610797
0.713563255463
0.335383243383
-0.615098008866
0.652838107443
0.351043441592
-0.67124578776
0.700227699987
0.268034882679
-0.661693637448
0.586818824704
0.364334016745
-0.723121283891
0.638924599787
0.2811550858
-0.716049700451
0.682445137004
0.200117879759
-0.703008868494
0.572241845629
0.292486829786
-0.766153199114
0.620778361731
0.210311559615
-0.755250470704
0.660664560808
0.132384646689
-0.738915856788
0.500785672186
0.301827272623
-0.811242262234
0.553732786931
0.219259610723
-0.803308921762
0.598804853483
0.139349656727
-0.788678908438
0.635372116914
0.0654948280432
-0.769423615798
0.778382425857
0.403355348862
-0.481066795425
0.772858859622
0.338695430507
-0.536632638271
0.818273641442
0.273266529705
-0.505720922509
0.76176391455
0.271904210331
-0.588033875634
0.8049629093
0.205843062053
-0.556474032148
0.745353351615
0.203830071395
-0.634745368815
0.842517635587
0.137952241901
-0.520704534914
0.785887044779
0.1372645067
-0.60294279003
0.724007546472
0.135311166769
-0.676390390824
0.821169891206
0.069054512203
-0.566490497821
0.761401841401
0.0683792109004
-0.644663880971
0.698201348672
0.0671338758376
-0.712746742839
0.929335384398
1.0863532296e-13
0.369236703627
0.95733705308
2.23970841873e-12
0.288973643781
0.961784917283
-0.0804022917588
0.261735065221
0.978248194917
1.16850973342e-11
0.207437868147
0.980685595151
-0.0791392312608
0.178865160215
0.992077941485
2.92321722384e-13
0.125623875198
0.976095160399
-0.158490954692
0.148724090603
0.992418494595
-0.0773250144053
0.0955320560446
0.999011231648
3.69870800654e-13
0.0444585092115
0.985782528859
-0.155222323086
0.0643337874851
0.997102343375
-0.0750003928456
0.0127223389719
0.999378987019
1.58151269858e-13
-0.0352369167916
0.971992469992
-0.23277276042
0.0323648001004
0.988355925421
-0.150880399823
-0.0196893279272
0.995022650748
-0.0722157808892
-0.0686644412223
0.993621011885
1.82076576039e-14
-0.112770939252
0.972530389264
-0.226794395038
-0.0524303760971
0.984038788098
-0.1455539598
-0.102380214419
0.986597971297
-0.0690276291083
-0.147850023511
0.982246946377
-6.10622663544e-16
-0.187592474085
0.961784917283
0.0804022917588
0.261735065221
0.980685595151
0.0791392312608
0.178865160215
0.976095160399
0.158490954692
0.148724090603
0.992418494595
0.0773250144053
0.0955320560446
0.985782528859
0.155222323086
0.0643337874851
0.997102343375
0.0750003928456
0.0127223389719
0.971992469992
0.23277276042
0.0323648001004
0.988355925421
0.150880399823
-0.0196893279272
0.995022650748
0.0722157808892
-0.0686644412223
0.972530389264
0.226794395038
-0.0524303760971
0.984038788098
0.1455539598
-0.102380214419
0.986597971297
0.0690276291083
-0.147850023511
0.778224595978
-0.465071185812
-0.421989656678
0.826932321383
-0.401344495916
-0.393834395972
0.825611812673
-0.338695430507
-0.451276567227
0.869275573356
-0.335383243394
-0.363150186035
0.866624666744
-0.271904210331
-0.418365614498
0.904988128825
-0.268034882679
-0.330384304036
0.857715862351
-0.205843062053
-0.471117961105
0.901065669523
-0.203830071395
-0.382797545972
0.933988990946
-0.200117879759
-0.296002363154
0.890747796973
-0.1372645067
-0.433274528894
0.928767975311
-0.135311166769
-0.345081057412
0.956364607831
-0.132384646689
-0.260463130231
0.873922844257
-0.069054512203
-0.481134426778
0.917114159309
-0.0683792109004
-0.392716058128
0.949745202614
-0.0671338758376
-0.305740237499
0.972340452253
-0.0654948280432
-0.224197396087
0.898840423321
-5.55111512313e-16
-0.438276047035
0.936745439694
-4.99600361081e-16
-0.350011401545
0.964169535015
-5.55111512313e-16
-0.265286840511
0.851736100888
-0.419097722266
-0.314488018272
0.892338561726
-0.351043441592
-0.283725912409
0.909212695205
-0.364334016745
-0.201477043654
0.926190089715
-0.2811550858
-0.251244373953
0.941182587039
-0.292486829786
-0.169194539679
0.953137080172
-0.210311559615
-0.21748276781
0.949555298863
-0.301827272623
-0.0851177531513
0.966138172987
-0.219259610723
-0.136022989981
0.973209532204
-0.139349656727
-0.18287941272
0.778224595978
0.465071185812
-0.421989656678
0.826932321382
0.401344495913
-0.393834395975
0.851736100888
0.419097722266
-0.314488018272
0.869275573352
0.335383243383
-0.363150186055
0.892338561726
0.351043441592
-0.283725912409
0.904988128825
0.268034882679
-0.330384304037
0.909212695205
0.364334016745
-0.201477043654
0.926190089715
0.2811550858
-0.251244373953
0.933988990946
0.200117879759
-0.296002363154
0.941182587039
0.292486829786
-0.169194539679
0.953137080172
0.210311559615
-0.21748276781
0.956364607831
0.132384646689
-0.260463130231
0.949555298863
0.301827272623
-0.0851177531513
0.966138172987
0.219259610723
-0.136022989981
0.973209532204
0.139349656727
-0.18287941272
0.972340452253
0.0654948280432
-0.224197396087
0.825611812673
0.338695430507
-0.451276567227
0.866624666744
0.271904210331
-0.418365614498
0.857715862351
0.205843062053
-0.471117961105
0.901065669523
0.203830071395
-0.382797545972
0.890747796973
0.1372645067
-0.433274528894
0.928767975311
0.135311166769
-0.345081057412
0.873922844257
0.069054512203
-0.481134426778
0.917114159309
0.0683792109004
-0.392716058128
0.949745202614
0.0671338758376
-0.305740237499
