0.0
0.0
1.0
0.181870569247
0.13213670316
0.974403914052
0.360729161031
0.0
0.932670613015
0.348943944405
0.253522615501
0.902199760082
0.521121240211
0.13213670316
0.843191878921
0.491123473188
0.356822089773
0.794654472292
0.111471441125
0.343073819216
0.932670613015
0.286704791937
0.454783264426
0.843191878921
0.894427191
-1.66533453694e-16
0.4472135955
0.790198364552
0.132136703148
0.598436660258
0.784354412546
0.343073819216
0.516806066226
0.650899521125
0.2535226155
0.715580950577
0.625955462888
0.454783264426
0.633523433567
0.672882971421
5.28459587731e-17
0.739748948476
0.27639320225
0.850650808352
0.4472135955
0.369854196157
0.71069081692
0.59843666025
0.207932273395
0.639949734674
0.739748948476
0.442253349159
0.540699434372
0.715580950577
0.568661434425
0.639949734674
0.516806066226
0.72360679775
0.525731112119
-0.4472135955
0.786420287148
0.571367783509
-0.23469552175
0.905102920136
0.39551068712
-0.156076905195
0.808890355329
0.58769324364
-0.0176930617654
0.90798299172
0.413208218089
0.069468375904
0.794654472292
0.57735026919
0.187592474085
0.65584520023
0.738584506336
-0.156076905195
0.673566543446
0.735854779355
0.069468375904
0.902600557908
0.213801676862
0.373632273546
0.866558738937
0.410208208797
0.284262514954
0.738357656244
0.53644823814
0.408719046855
0.964718993062
0.212031280926
0.156076905195
0.482256389503
0.792355790627
0.373632273558
0.499768295035
0.8519810156
0.156076905195
0.65791256697
0.697385027668
0.284262514955
0.0
0.0
-1.0
0.0694683758938
0.213801676867
-0.974403914052
0.29183602164
0.212031280926
-0.932670613015
0.133284726594
0.410208208797
-0.902199760082
0.343927934057
0.413208218089
-0.843191878921
0.187592474085
0.57735026919
-0.794654472292
-0.111471441125
0.343073819216
-0.932670613015
-0.0353658467731
0.53644823814
-0.843191878921
0.561615900453
0.571367783497
-0.598436660258
0.43290231798
0.738584506336
-0.516806066226
0.377571919707
0.58769324364
-0.715580950577
0.23909371138
0.735854779355
-0.633523433567
0.544373759105
0.39551068712
-0.739748948476
-0.27639320225
0.850650808352
-0.4472135955
-0.118515250993
0.792355790634
-0.59843666025
-0.207932273395
0.639949734674
-0.739748948476
0.039975321842
0.697385027668
-0.715580950577
0.0839037482458
0.8519810156
-0.516806066226
0.300385820243
0.924492493786
0.23469552175
0.308968622564
0.950907643169
0.0176930617654
0.491695974186
0.867991482515
-0.069468375904
0.303530999103
0.934172358963
-0.187592474085
0.0964608322695
0.98302355389
0.156076905195
0.112402193356
0.991231502565
-0.069468375904
0.604549717905
0.703504486657
-0.373632273546
0.459946410924
0.841215859141
-0.284262514954
0.282027528832
0.867991482515
-0.408719046855
-0.0755814335452
0.924492493782
-0.373632273558
-0.0964608322695
0.98302355389
-0.156076905195
0.122349813059
0.950907643168
-0.284262514955
-0.0694683759079
0.213801676862
0.974403914052
-0.133284726595
0.410208208797
0.902199760082
0.0353658467731
0.53644823814
0.843191878921
-0.187592474085
0.57735026919
0.794654472292
-0.29183602164
0.212031280926
0.932670613015
-0.343927934057
0.413208218089
0.843191878921
0.118515251003
0.792355790627
0.598436660258
-0.0839037482458
0.8519810156
0.516806066226
-0.0399753218416
0.697385027668
0.715580950577
-0.23909371138
0.735854779355
0.633523433567
-0.72360679775
0.525731112119
0.4472135955
-0.561615900449
0.571367783509
0.59843666025
-0.544373759105
0.39551068712
0.739748948476
-0.377571919707
0.58769324364
0.715580950577
-0.43290231798
0.738584506336
0.516806066226
-0.300385820257
0.924492493782
-0.23469552175
-0.308968622564
0.950907643168
-0.0176930617654
-0.112402193356
0.991231502565
0.069468375904
-0.303530999103
0.934172358963
0.187592474085
-0.499768295035
0.8519810156
-0.156076905195
-0.491695974186
0.867991482515
0.069468375904
0.0755814335515
0.924492493786
0.373632273546
-0.122349813058
0.950907643169
0.284262514954
-0.282027528832
0.867991482515
0.408719046855
-0.604549717897
0.703504486657
0.373632273558
-0.65584520023
0.738584506336
0.156076905195
-0.459946410924
0.841215859141
0.284262514955
-0.181870569256
0.132136703148
-0.974403914052
-0.348943944406
0.2535226155
-0.902199760082
-0.286704791937
0.454783264426
-0.843191878921
-0.491123473188
0.356822089773
-0.794654472292
-0.360729161031
1.94289029309e-16
-0.932670613015
-0.521121240211
0.13213670316
-0.843191878921
-0.369854196144
0.71069081692
-0.598436660258
-0.568661434425
0.639949734674
-0.516806066226
-0.442253349158
0.540699434372
-0.715580950577
-0.625955462888
0.454783264426
-0.633523433567
-0.894427191
2.22044604925e-16
-0.4472135955
-0.790198364556
0.13213670316
-0.59843666025
-0.672882971421
2.77555756156e-17
-0.739748948476
-0.650899521126
0.253522615501
-0.715580950577
-0.784354412546
0.343073819216
-0.516806066226
-0.786420287157
0.571367783497
0.23469552175
-0.80889035533
0.58769324364
0.0176930617654
-0.673566543446
0.735854779355
-0.069468375904
-0.794654472292
0.57735026919
-0.187592474085
-0.905102920136
0.39551068712
0.156076905195
-0.90798299172
0.413208218089
-0.069468375904
-0.4822563895
0.792355790634
-0.373632273546
-0.657912566969
0.697385027668
-0.284262514954
-0.738357656244
0.53644823814
-0.408719046855
-0.902600557902
0.213801676867
-0.373632273558
-0.964718993062
0.212031280926
-0.156076905195
-0.866558738937
0.410208208797
-0.284262514955
-0.224804386702
-7.3980682691e-12
0.974403914052
-0.431318435622
-3.23546744951e-13
0.902199760082
-0.499263944865
0.199406541216
0.843191878921
-0.607061998207
4.4408920985e-16
0.794654472292
-0.29183602164
-0.212031280926
0.932670613015
-0.499263944865
-0.199406541216
0.843191878921
-0.716951911247
0.357566106642
0.598436660258
-0.836209780746
0.183479406194
0.516806066226
-0.675605628735
0.177485034844
0.715580950577
-0.773723503017
3.88578058619e-16
0.633523433567
-0.72360679775
-0.525731112119
0.4472135955
-0.716951911257
-0.357566106635
0.59843666025
-0.544373759105
-0.39551068712
0.739748948476
-0.675605628735
-0.177485034843
0.715580950577
-0.836209780746
-0.183479406194
0.516806066226
-0.972068933806
-7.39797112459e-12
-0.23469552175
-0.999843465531
-3.23463478225e-13
-0.0176930617654
-0.977451367624
0.199406541216
0.069468375904
-0.982246946377
5.55111512313e-16
0.187592474085
-0.964718993062
-0.212031280926
-0.156076905195
-0.977451367624
-0.199406541216
0.069468375904
-0.855888663055
0.357566106642
0.373632273546
-0.942175081924
0.177485034844
0.284262514954
-0.912660254825
4.4408920985e-16
0.408719046855
-0.855888663052
-0.357566106635
0.373632273558
-0.905102920136
-0.39551068712
0.156076905195
-0.942175081924
-0.177485034843
0.284262514955
-0.181870569247
-0.13213670316
-0.974403914052
-0.348943944405
-0.253522615501
-0.902199760082
-0.521121240211
-0.13213670316
-0.843191878921
-0.491123473188
-0.356822089773
-0.794654472292
-0.111471441125
-0.343073819216
-0.932670613015
-0.286704791937
-0.454783264426
-0.843191878921
-0.790198364552
-0.132136703148
-0.598436660258
-0.784354412546
-0.343073819216
-0.516806066226
-0.650899521125
-0.2535226155
-0.715580950577
-0.625955462888
-0.454783264426
-0.633523433567
-0.27639320225
-0.850650808352
-0.4472135955
-0.369854196157
-0.71069081692
-0.59843666025
-0.207932273395
-0.639949734674
-0.739748948476
-0.442253349159
-0.540699434372
-0.715580950577
-0.568661434425
-0.639949734674
-0.516806066226
-0.786420287148
-0.571367783509
0.23469552175
-0.808890355329
-0.58769324364
0.0176930617654
-0.90798299172
-0.413208218089
-0.069468375904
-0.794654472292
-0.57735026919
-0.187592474085
-0.65584520023
-0.738584506336
0.156076905195
-0.673566543446
-0.735854779355
-0.069468375904
-0.902600557908
-0.213801676862
-0.373632273546
-0.866558738937
-0.410208208797
-0.284262514954
-0.738357656244
-0.53644823814
-0.408719046855
-0.482256389503
-0.792355790627
-0.373632273558
-0.499768295035
-0.8519810156
-0.156076905195
-0.65791256697
-0.697385027668
-0.284262514955
-0.0694683758938
-0.213801676867
0.974403914052
-0.133284726594
-0.410208208797
0.902199760082
-0.343927934057
-0.413208218089
0.843191878921
-0.187592474085
-0.57735026919
0.794654472292
0.111471441125
-0.343073819216
0.932670613015
0.0353658467731
-0.53644823814
0.843191878921
-0.561615900453
-0.571367783497
0.598436660258
-0.43290231798
-0.738584506336
0.516806066226
-0.377571919707
-0.58769324364
0.715580950577
-0.23909371138
-0.735854779355
0.633523433567
0.27639320225
-0.850650808352
0.4472135955
0.118515250993
-0.792355790634
0.59843666025
0.207932273395
-0.639949734674
0.739748948476
-0.039975321842
-0.697385027668
0.715580950577
-0.0839037482458
-0.8519810156
0.516806066226
-0.300385820243
-0.924492493786
-0.23469552175
-0.308968622564
-0.950907643169
-0.0176930617654
-0.491695974186
-0.867991482515
0.069468375904
-0.303530999103
-0.934172358963
0.187592474085
-0.0964608322695
-0.98302355389
-0.156076905195
-0.112402193356
-0.991231502565
0.069468375904
-0.604549717905
-0.703504486657
0.373632273546
-0.459946410924
-0.841215859141
0.284262514954
-0.282027528832
-0.867991482515
0.408719046855
0.0755814335452
-0.924492493782
0.373632273558
0.0964608322695
-0.98302355389
0.156076905195
-0.122349813059
-0.950907643168
0.284262514955
0.0694683759079
-0.213801676862
-0.974403914052
0.133284726595
-0.410208208797
-0.902199760082
-0.0353658467731
-0.53644823814
-0.843191878921
0.187592474085
-0.57735026919
-0.794654472292
0.29183602164
-0.212031280926
-0.932670613015
0.343927934057
-0.413208218089
-0.843191878921
-0.118515251003
-0.792355790627
-0.598436660258
0.0839037482458
-0.8519810156
-0.516806066226
0.0399753218416
-0.697385027668
-0.715580950577
0.23909371138
-0.735854779355
-0.633523433567
0.72360679775
-0.525731112119
-0.4472135955
0.561615900449
-0.571367783509
-0.59843666025
0.544373759105
-0.39551068712
-0.739748948476
0.377571919707
-0.58769324364
-0.715580950577
0.43290231798
-0.738584506336
-0.516806066226
0.300385820257
-0.924492493782
0.23469552175
0.308968622564
-0.950907643168
0.0176930617654
0.112402193356
-0.991231502565
-0.069468375904
0.303530999103
-0.934172358963
-0.187592474085
0.499768295035
-0.8519810156
0.156076905195
0.491695974186
-0.867991482515
-0.069468375904
-0.0755814335515
-0.924492493786
-0.373632273546
0.122349813058
-0.950907643169
-0.284262514954
0.282027528832
-0.867991482515
-0.408719046855
0.604549717897
-0.703504486657
-0.373632273558
0.65584520023
-0.738584506336
-0.156076905195
0.459946410924
-0.841215859141
-0.284262514955
0.181870569256
-0.132136703148
0.974403914052
0.348943944406
-0.2535226155
0.902199760082
0.286704791937
-0.454783264426
0.843191878921
0.491123473188
-0.356822089773
0.794654472292
0.521121240211
-0.13213670316
0.843191878921
0.369854196144
-0.71069081692
0.598436660258
0.568661434425
-0.639949734674
0.516806066226
0.442253349158
-0.540699434372
0.715580950577
0.625955462888
-0.454783264426
0.633523433567
0.790198364556
-0.13213670316
0.59843666025
0.650899521126
-0.253522615501
0.715580950577
0.784354412546
-0.343073819216
0.516806066226
0.786420287157
-0.571367783497
-0.23469552175
0.80889035533
-0.58769324364
-0.0176930617654
0.673566543446
-0.735854779355
0.069468375904
0.794654472292
-0.57735026919
0.187592474085
0.905102920136
-0.39551068712
-0.156076905195
0.90798299172
-0.413208218089
0.069468375904
0.4822563895
-0.792355790634
0.373632273546
0.657912566969
-0.697385027668
0.284262514954
0.738357656244
-0.53644823814
0.408719046855
0.902600557902
-0.213801676867
0.373632273558
0.964718993062
-0.212031280926
0.156076905195
0.866558738937
-0.410208208797
0.284262514955
0.224804386702
7.39802663574e-12
-0.974403914052
0.431318435622
3.23546744951e-13
-0.902199760082
0.499263944865
-0.199406541216
-0.843191878921
0.607061998207
-5.27355936697e-16
-0.794654472292
0.499263944865
0.199406541216
-0.843191878921
0.716951911247
-0.357566106642
-0.598436660258
0.836209780746
-0.183479406194
-0.516806066226
0.675605628735
-0.177485034844
-0.715580950577
0.773723503017
-3.60822483003e-16
-0.633523433567
0.716951911257
0.357566106635
-0.59843666025
0.675605628735
0.177485034843
-0.715580950577
0.836209780746
0.183479406194
-0.516806066226
0.972068933806
7.39791561344e-12
0.23469552175
0.999843465531
3.23407967073e-13
0.0176930617654
0.977451367624
-0.199406541216
-0.069468375904
0.982246946377
-6.10622663544e-16
-0.187592474085
0.977451367624
0.199406541216
-0.069468375904
0.855888663055
-0.357566106642
-0.373632273546
0.942175081924
-0.177485034844
-0.284262514954
0.912660254825
-6.10622663544e-16
-0.408719046855
0.855888663052
0.357566106635
-0.373632273558
0.942175081924
0.177485034843
-0.284262514955
