0.0
0.0
1.0
0.137264506661
0.0997285016779
0.985501233467
0.27326652812
0.0
0.961938358009
0.268034881125
0.194738740126
0.943522191363
0.40134449588
0.0997285016779
0.910481642637
0.38707638679
0.28122745659
0.878113311851
0.525731112119
0.0
0.850650808352
0.515666068251
0.194738740126
0.834365225275
0.491123473188
0.356822089773
0.794654472292
0.084444001183
0.259891912254
0.961938358009
0.218869711207
0.350883496244
0.910481642637
0.162459848116
0.5
0.850650808352
0.344557126284
0.43024999428
0.834365225275
0.894427191
-1.66533453694e-16
0.4472135955
0.820072546417
0.0997285016743
0.563502657108
0.822619318082
0.259891912254
0.505720922509
0.72404306036
0.194738740126
0.661693637448
0.716478027586
0.350883496244
0.60294279003
0.612302600229
0.281227456589
0.738915856788
0.688190960236
0.5
0.525731112119
0.59218831341
0.43024999428
0.681320734957
0.738175316899
3.40941123096e-17
0.674608924875
0.634872823045
0.0997285016779
0.766153199114
0.27639320225
0.850650808352
0.4472135955
0.348263794845
0.749117537263
0.563502657105
0.22810871775
0.702046445305
0.674608924875
0.408949158083
0.628428290471
0.661693637448
0.291033932969
0.572982133533
0.766153199114
0.456675114321
0.495430314521
0.738915856788
0.50137524587
0.702046445305
0.505720922509
0.555113922184
0.572982133533
0.60294279003
0.72360679775
0.525731112119
-0.4472135955
0.774501945285
0.562708601275
-0.288973643781
0.870462904319
0.433888564879
-0.232454394389
0.802607914405
0.58312878313
-0.125623875198
0.888752210941
0.453850935148
-0.0643337874851
0.808514584319
0.587420230021
0.0352369167916
0.951056516295
0.309016994375
5.55111512313e-17
0.881658573679
0.460647860251
0.102380214419
0.794654472292
0.57735026919
0.187592474085
0.681640377382
0.693780477133
-0.232454394389
0.706277426268
0.705005929714
-0.0643337874851
0.587785252292
0.809016994375
5.55111512313e-17
0.710549631712
0.696159114405
0.102380214419
0.904906676985
0.161364105358
0.393834395972
0.889697727066
0.31509390045
0.330384304036
0.801312158154
0.412519099928
0.433274528894
0.851528963508
0.455035583331
0.260463130231
0.757842980116
0.550605154605
0.350011401545
0.959252582142
0.160622035174
0.232454394389
0.933352152762
0.316586428448
0.169194539679
0.43309792541
0.810753140945
0.393834395975
0.449185982993
0.862668480479
0.232454394389
0.574603824788
0.748783450795
0.330384304037
0.589513262686
0.789840060303
0.169194539679
0.6959014776
0.669238441263
0.260463130231
0.639948052752
0.634617737217
0.433274528894
0.0
0.0
-1.0
0.052430376094
0.16136410536
-0.985501233467
0.221077265243
0.160622035174
-0.961938358009
0.102380214419
0.31509390045
-0.943522191363
0.266075575246
0.316586428448
-0.910481642637
0.147850023511
0.455035583331
-0.878113311851
0.425325404176
0.309016994375
-0.850650808352
0.302718053141
0.460647860251
-0.834365225275
0.187592474085
0.57735026919
-0.794654472292
-0.084444001183
0.259891912254
-0.961938358009
-0.0291748284447
0.412519099928
-0.910481642637
-0.162459848116
0.5
-0.850650808352
0.0258579692601
0.550605154605
-0.834365225275
0.604833684154
0.562708601272
-0.563502657108
0.512752375016
0.693780477133
-0.505720922509
0.471298580994
0.583128783129
-0.661693637448
0.373398756049
0.705005929714
-0.60294279003
0.330061857762
0.587420230021
-0.738915856788
0.26286555606
0.809016994375
-0.525731112119
0.226195807982
0.696159114405
-0.681320734957
0.597196376199
0.433888564879
-0.674608924875
0.45500396059
0.453850935148
-0.766153199114
-0.27639320225
0.850650808352
-0.4472135955
-0.158568912082
0.810753140948
-0.563502657105
-0.22810871775
0.702046445305
-0.674608924875
-0.0385340625383
0.748783450796
-0.661693637448
-0.101339050206
0.634617737217
-0.766153199114
0.0782512959799
0.669238441263
-0.738915856788
-0.00703145250672
0.862668480479
-0.505720922509
0.112306148943
0.789840060303
-0.60294279003
0.295833418744
0.910481642623
0.288973643781
0.306568943663
0.943522190922
0.125623875198
0.452248756021
0.889568561981
0.0643337874851
0.30882509081
0.950465897853
-0.0352369167916
0.442514750587
0.890897854531
-0.102380214419
0.303530999103
0.934172358963
-0.187592474085
0.143664716567
0.961938357559
0.232454394389
0.15699835233
0.985501233461
0.0643337874851
3.33066907388e-16
1.0
-5.55111512313e-17
0.165654666706
0.980855148885
-0.102380214419
0.637237438625
0.66243710295
-0.393834395972
0.534573033281
0.777867523255
-0.330384304036
0.405802510519
0.804734431392
-0.433274528894
0.42143819753
0.86864768661
-0.260463130231
0.289470260269
0.890897854531
-0.350011401545
0.569012919603
0.804734431392
-0.169194539679
-0.126165157613
0.910481642622
-0.393834395975
-0.143664716567
0.961938357559
-0.232454394389
0.0247403897482
0.943522190921
-0.330384304037
0.0126699088063
0.985501233461
-0.169194539679
0.169627635747
0.950465897853
-0.260463130231
0.144709903414
0.889568561981
-0.433274528894
-0.0524303760983
0.161364105358
0.985501233467
-0.102380214419
0.31509390045
0.943522191363
0.0291748284447
0.412519099928
0.910481642637
-0.147850023511
0.455035583331
0.878113311851
-0.0258579692601
0.550605154605
0.834365225275
-0.187592474085
0.57735026919
0.794654472292
-0.221077265243
0.160622035174
0.961938358009
-0.266075575246
0.316586428448
0.910481642637
-0.425325404176
0.309016994375
0.850650808352
-0.302718053141
0.460647860251
0.834365225275
0.158568912085
0.810753140945
0.563502657108
0.00703145250672
0.862668480479
0.505720922509
0.0385340625387
0.748783450795
0.661693637448
-0.112306148943
0.789840060303
0.60294279003
-0.0782512959797
0.669238441263
0.738915856788
-0.26286555606
0.809016994375
0.525731112119
-0.226195807982
0.696159114405
0.681320734957
0.101339050206
0.634617737217
0.766153199114
-0.72360679775
0.525731112119
0.4472135955
-0.604833684153
0.562708601275
0.563502657105
-0.597196376199
0.433888564879
0.674608924875
-0.471298580994
0.58312878313
0.661693637448
-0.45500396059
0.453850935148
0.766153199114
-0.330061857762
0.587420230021
0.738915856788
-0.512752375016
0.693780477133
0.505720922509
-0.373398756049
0.705005929714
0.60294279003
-0.295833418749
0.910481642622
-0.288973643781
-0.306568943664
0.943522190921
-0.125623875198
-0.15699835233
0.985501233461
-0.0643337874851
-0.30882509081
0.950465897853
0.0352369167916
-0.165654666706
0.980855148885
0.102380214419
-0.303530999103
0.934172358963
0.187592474085
-0.449185982993
0.862668480479
-0.232454394389
-0.452248756021
0.889568561981
-0.0643337874851
-0.587785252292
0.809016994375
5.55111512313e-17
-0.442514750587
0.890897854531
0.102380214419
0.126165157614
0.910481642623
0.393834395972
-0.0247403897479
0.943522190922
0.330384304036
-0.144709903414
0.889568561981
0.433274528894
-0.169627635747
0.950465897853
0.260463130231
-0.289470260269
0.890897854531
0.350011401545
-0.0126699088063
0.985501233461
0.169194539679
-0.637237438623
0.66243710295
0.393834395975
-0.681640377382
0.693780477133
0.232454394389
-0.534573033281
0.777867523255
0.330384304037
-0.569012919603
0.804734431392
0.169194539679
-0.42143819753
0.86864768661
0.260463130231
-0.405802510519
0.804734431392
0.433274528894
-0.137264506664
0.0997285016743
-0.985501233467
-0.268034881125
0.194738740126
-0.943522191363
-0.218869711207
0.350883496244
-0.910481642637
-0.38707638679
0.281227456589
-0.878113311851
-0.344557126284
0.43024999428
-0.834365225275
-0.491123473188
0.356822089773
-0.794654472292
-0.27326652812
1.94289029309e-16
-0.961938358009
-0.40134449588
0.0997285016779
-0.910481642637
-0.525731112119
2.77555756156e-16
-0.850650808352
-0.515666068251
0.194738740126
-0.834365225275
-0.348263794841
0.749117537263
-0.563502657108
-0.50137524587
0.702046445305
-0.505720922509
-0.408949158082
0.628428290471
-0.661693637448
-0.555113922184
0.572982133533
-0.60294279003
-0.456675114321
0.495430314521
-0.738915856788
-0.688190960236
0.5
-0.525731112119
-0.59218831341
0.43024999428
-0.681320734957
-0.291033932969
0.572982133533
-0.766153199114
-0.894427191
2.22044604925e-16
-0.4472135955
-0.820072546418
0.0997285016779
-0.563502657105
-0.738175316899
8.32667268469e-17
-0.674608924875
-0.72404306036
0.194738740126
-0.661693637448
-0.634872823045
0.0997285016779
-0.766153199114
-0.612302600229
0.28122745659
-0.738915856788
-0.822619318082
0.259891912254
-0.505720922509
-0.716478027586
0.350883496244
-0.60294279003
-0.774501945288
0.562708601272
0.288973643781
-0.802607914406
0.583128783129
0.125623875198
-0.706277426268
0.705005929714
0.0643337874851
-0.80851458432
0.587420230021
-0.0352369167916
-0.710549631712
0.696159114405
-0.102380214419
-0.794654472292
0.57735026919
-0.187592474085
-0.870462904319
0.433888564879
0.232454394389
-0.888752210941
0.453850935148
0.0643337874851
-0.951056516295
0.309016994375
-5.55111512313e-17
-0.881658573679
0.460647860251
-0.102380214419
-0.433097925409
0.810753140948
-0.393834395972
-0.574603824788
0.748783450796
-0.330384304036
-0.639948052752
0.634617737217
-0.433274528894
-0.6959014776
0.669238441263
-0.260463130231
-0.757842980116
0.550605154605
-0.350011401545
-0.589513262686
0.789840060303
-0.169194539679
-0.904906676983
0.16136410536
-0.393834395975
-0.959252582142
0.160622035174
-0.232454394389
-0.889697727065
0.31509390045
-0.330384304037
-0.933352152762
0.316586428448
-0.169194539679
-0.851528963508
0.455035583331
-0.260463130231
-0.801312158154
0.412519099928
-0.433274528894
-0.169668261133
-2.23990270776e-12
0.985501233467
-0.331309333411
-2.92516011413e-13
0.943522191363
-0.383313460285
0.155222323086
0.910481642637
-0.478452726557
-1.58401070038e-13
0.878113311851
-0.531647172134
0.1455539598
0.834365225275
-0.607061998207
4.4408920985e-16
0.794654472292
-0.221077265243
-0.160622035174
0.961938358009
-0.383313460285
-0.155222323086
0.910481642637
-0.425325404176
-0.309016994375
0.850650808352
-0.531647172134
-0.1455539598
0.834365225275
-0.722071569189
0.401344495916
0.563502657108
-0.818273641442
0.273266529705
0.505720922509
-0.700227699986
0.268034882679
0.661693637448
-0.785887044779
0.1372645067
0.60294279003
-0.660664560808
0.132384646689
0.738915856788
-0.850650808352
5.55111512313e-16
0.525731112119
-0.731985010856
4.4408920985e-16
0.681320734957
-0.572241845629
0.292486829786
0.766153199114
-0.72360679775
-0.525731112119
0.4472135955
-0.722071569192
-0.401344495913
0.563502657105
-0.597196376199
-0.433888564879
0.674608924875
-0.700227699987
-0.268034882679
0.661693637448
-0.572241845629
-0.292486829786
0.766153199114
-0.660664560808
-0.132384646689
0.738915856788
-0.818273641442
-0.273266529705
0.505720922509
-0.785887044779
-0.1372645067
0.60294279003
-0.95733705308
-2.23976392988e-12
-0.288973643781
-0.992077941485
-2.92432744686e-13
-0.125623875198
-0.985782528859
0.155222323086
-0.0643337874851
-0.999378987019
-1.58317803312e-13
0.0352369167916
-0.984038788098
0.1455539598
0.102380214419
-0.982246946377
5.55111512313e-16
0.187592474085
-0.959252582142
-0.160622035174
-0.232454394389
-0.985782528859
-0.155222323086
-0.0643337874851
-0.951056516295
-0.309016994375
5.55111512313e-17
-0.984038788098
-0.1455539598
0.102380214419
-0.826932321383
0.401344495916
0.393834395972
-0.904988128825
0.268034882679
0.330384304036
-0.890747796973
0.1372645067
0.433274528894
-0.956364607831
0.132384646689
0.260463130231
-0.936745439694
4.4408920985e-16
0.350011401545
-0.941182587039
0.292486829786
0.169194539679
-0.826932321382
-0.401344495913
0.393834395975
-0.870462904319
-0.433888564879
0.232454394389
-0.904988128825
-0.268034882679
0.330384304037
-0.941182587039
-0.292486829786
0.169194539679
-0.956364607831
-0.132384646689
0.260463130231
-0.890747796973
-0.1372645067
0.433274528894
-0.137264506661
-0.0997285016779
-0.985501233467
-0.268034881125
-0.194738740126
-0.943522191363
-0.40134449588
-0.0997285016779
-0.910481642637
-0.38707638679
-0.28122745659
-0.878113311851
-0.515666068251
-0.194738740126
-0.834365225275
-0.491123473188
-0.356822089773
-0.794654472292
-0.084444001183
-0.259891912254
-0.961938358009
-0.218869711207
-0.350883496244
-0.910481642637
-0.162459848116
-0.5
-0.850650808352
-0.344557126284
-0.43024999428
-0.834365225275
-0.820072546417
-0.0997285016743
-0.563502657108
-0.822619318082
-0.259891912254
-0.505720922509
-0.72404306036
-0.194738740126
-0.661693637448
-0.716478027586
-0.350883496244
-0.60294279003
-0.612302600229
-0.281227456589
-0.738915856788
-0.688190960236
-0.5
-0.525731112119
-0.59218831341
-0.43024999428
-0.681320734957
-0.634872823045
-0.0997285016779
-0.766153199114
-0.27639320225
-0.850650808352
-0.4472135955
-0.348263794845
-0.749117537263
-0.563502657105
-0.22810871775
-0.702046445305
-0.674608924875
-0.408949158083
-0.628428290471
-0.661693637448
-0.291033932969
-0.572982133533
-0.766153199114
-0.456675114321
-0.495430314521
-0.738915856788
-0.50137524587
-0.702046445305
-0.505720922509
-0.555113922184
-0.572982133533
-0.60294279003
-0.774501945285
-0.562708601275
0.288973643781
-0.802607914405
-0.58312878313
0.125623875198
-0.888752210941
-0.453850935148
0.0643337874851
-0.808514584319
-0.587420230021
-0.0352369167916
-0.881658573679
-0.460647860251
-0.102380214419
-0.794654472292
-0.57735026919
-0.187592474085
-0.681640377382
-0.693780477133
0.232454394389
-0.706277426268
-0.705005929714
0.0643337874851
-0.587785252292
-0.809016994375
-5.55111512313e-17
-0.710549631712
-0.696159114405
-0.102380214419
-0.904906676985
-0.161364105358
-0.393834395972
-0.889697727066
-0.31509390045
-0.330384304036
-0.801312158154
-0.412519099928
-0.433274528894
-0.851528963508
-0.455035583331
-0.260463130231
-0.757842980116
-0.550605154605
-0.350011401545
-0.933352152762
-0.316586428448
-0.169194539679
-0.43309792541
-0.810753140945
-0.393834395975
-0.449185982993
-0.862668480479
-0.232454394389
-0.574603824788
-0.748783450795
-0.330384304037
-0.589513262686
-0.789840060303
-0.169194539679
-0.6959014776
-0.669238441263
-0.260463130231
-0.639948052752
-0.634617737217
-0.433274528894
-0.052430376094
-0.16136410536
0.985501233467
-0.102380214419
-0.31509390045
0.943522191363
-0.266075575246
-0.316586428448
0.910481642637
-0.147850023511
-0.455035583331
0.878113311851
-0.302718053141
-0.460647860251
0.834365225275
-0.187592474085
-0.57735026919
0.794654472292
0.084444001183
-0.259891912254
0.961938358009
0.0291748284447
-0.412519099928
0.910481642637
0.162459848116
-0.5
0.850650808352
-0.0258579692601
-0.550605154605
0.834365225275
-0.604833684154
-0.562708601272
0.563502657108
-0.512752375016
-0.693780477133
0.505720922509
-0.471298580994
-0.583128783129
0.661693637448
-0.373398756049
-0.705005929714
0.60294279003
-0.330061857762
-0.587420230021
0.738915856788
-0.26286555606
-0.809016994375
0.525731112119
-0.226195807982
-0.696159114405
0.681320734957
-0.45500396059
-0.453850935148
0.766153199114
0.27639320225
-0.850650808352
0.4472135955
0.158568912082
-0.810753140948
0.563502657105
0.22810871775
-0.702046445305
0.674608924875
0.0385340625383
-0.748783450796
0.661693637448
0.101339050206
-0.634617737217
0.766153199114
-0.0782512959799
-0.669238441263
0.738915856788
0.00703145250672
-0.862668480479
0.505720922509
-0.112306148943
-0.789840060303
0.60294279003
-0.295833418744
-0.910481642623
-0.288973643781
-0.306568943663
-0.943522190922
-0.125623875198
-0.452248756021
-0.889568561981
-0.0643337874851
-0.30882509081
-0.950465897853
0.0352369167916
-0.442514750587
-0.890897854531
0.102380214419
-0.303530999103
-0.934172358963
0.187592474085
-0.143664716567
-0.961938357559
-0.232454394389
-0.15699835233
-0.985501233461
-0.0643337874851
-5.55111512313e-16
-1.0
5.55111512313e-17
-0.165654666706
-0.980855148885
0.102380214419
-0.637237438625
-0.66243710295
0.393834395972
-0.534573033281
-0.777867523255
0.330384304036
-0.405802510519
-0.804734431392
0.433274528894
-0.42143819753
-0.86864768661
0.260463130231
-0.289470260269
-0.890897854531
0.350011401545
-0.569012919603
-0.804734431392
0.169194539679
0.126165157613
-0.910481642622
0.393834395975
0.143664716567
-0.961938357559
0.232454394389
-0.0247403897482
-0.943522190921
0.330384304037
-0.0126699088063
-0.985501233461
0.169194539679
-0.169627635747
-0.950465897853
0.260463130231
-0.144709903414
-0.889568561981
0.433274528894
0.0524303760983
-0.161364105358
-0.985501233467
0.102380214419
-0.31509390045
-0.943522191363
-0.0291748284447
-0.412519099928
-0.910481642637
0.147850023511
-0.455035583331
-0.878113311851
0.0258579692601
-0.550605154605
-0.834365225275
0.187592474085
-0.57735026919
-0.794654472292
0.221077265243
-0.160622035174
-0.961938358009
0.266075575246
-0.316586428448
-0.910481642637
0.425325404176
-0.309016994375
-0.850650808352
0.302718053141
-0.460647860251
-0.834365225275
-0.158568912085
-0.810753140945
-0.563502657108
-0.00703145250672
-0.862668480479
-0.505720922509
-0.0385340625387
-0.748783450795
-0.661693637448
0.112306148943
-0.789840060303
-0.60294279003
0.0782512959797
-0.669238441263
-0.738915856788
0.26286555606
-0.809016994375
-0.525731112119
0.226195807982
-0.696159114405
-0.681320734957
-0.101339050206
-0.634617737217
-0.766153199114
0.72360679775
-0.525731112119
-0.4472135955
0.604833684153
-0.562708601275
-0.563502657105
0.597196376199
-0.433888564879
-0.674608924875
0.471298580994
-0.58312878313
-0.661693637448
0.45500396059
-0.453850935148
-0.766153199114
0.330061857762
-0.587420230021
-0.738915856788
0.512752375016
-0.693780477133
-0.505720922509
0.373398756049
-0.705005929714
-0.60294279003
0.295833418749
-0.910481642622
0.288973643781
0.306568943664
-0.943522190921
0.125623875198
0.15699835233
-0.985501233461
0.0643337874851
0.30882509081
-0.950465897853
-0.0352369167916
0.165654666706
-0.980855148885
-0.102380214419
0.303530999103
-0.934172358963
-0.187592474085
0.449185982993
-0.862668480479
0.232454394389
0.452248756021
-0.889568561981
0.0643337874851
0.587785252292
-0.809016994375
-5.55111512313e-17
0.442514750587
-0.890897854531
-0.102380214419
-0.126165157614
-0.910481642623
-0.393834395972
0.0247403897479
-0.943522190922
-0.330384304036
0.144709903414
-0.889568561981
-0.433274528894
0.169627635747
-0.950465897853
-0.260463130231
0.289470260269
-0.890897854531
-0.350011401545
0.0126699088063
-0.985501233461
-0.169194539679
0.637237438623
-0.66243710295
-0.393834395975
0.681640377382
-0.693780477133
-0.232454394389
0.534573033281
-0.777867523255
-0.330384304037
0.569012919603
-0.804734431392
-0.169194539679
0.42143819753
-0.86864768661
-0.260463130231
0.405802510519
-0.804734431392
-0.433274528894
0.137264506664
-0.0997285016743
0.985501233467
0.268034881125
-0.194738740126
0.943522191363
0.218869711207
-0.350883496244
0.910481642637
0.38707638679
-0.281227456589
0.878113311851
0.344557126284
-0.43024999428
0.834365225275
0.491123473188
-0.356822089773
0.794654472292
0.40134449588
-0.0997285016779
0.910481642637
0.515666068251
-0.194738740126
0.834365225275
0.348263794841
-0.749117537263
0.563502657108
0.50137524587
-0.702046445305
0.505720922509
0.408949158082
-0.628428290471
0.661693637448
0.555113922184
-0.572982133533
0.60294279003
0.456675114321
-0.495430314521
0.738915856788
0.688190960236
-0.5
0.525731112119
0.59218831341
-0.43024999428
0.681320734957
0.291033932969
-0.572982133533
0.766153199114
0.820072546418
-0.0997285016779
0.563502657105
0.72404306036
-0.194738740126
0.661693637448
0.634872823045
-0.0997285016779
0.766153199114
0.612302600229
-0.28122745659
0.738915856788
0.822619318082
-0.259891912254
0.505720922509
0.716478027586
-0.350883496244
0.60294279003
0.774501945288
-0.562708601272
-0.288973643781
0.802607914406
-0.583128783129
-0.125623875198
0.706277426268
-0.705005929714
-0.0643337874851
0.80851458432
-0.587420230021
0.0352369167916
0.710549631712
-0.696159114405
0.102380214419
0.794654472292
-0.57735026919
0.187592474085
0.870462904319
-0.433888564879
-0.232454394389
0.888752210941
-0.453850935148
-0.0643337874851
0.951056516295
-0.309016994375
5.55111512313e-17
0.881658573679
-0.460647860251
0.102380214419
0.433097925409
-0.810753140948
0.393834395972
0.574603824788
-0.748783450796
0.330384304036
0.639948052752
-0.634617737217
0.433274528894
0.6959014776
-0.669238441263
0.260463130231
0.757842980116
-0.550605154605
0.350011401545
0.589513262686
-0.789840060303
0.169194539679
0.904906676983
-0.16136410536
0.393834395975
0.959252582142
-0.160622035174
0.232454394389
0.889697727065
-0.31509390045
0.330384304037
0.933352152762
-0.316586428448
0.169194539679
0.851528963508
-0.455035583331
0.260463130231
0.801312158154
-0.412519099928
0.433274528894
0.169668261133
2.23988882997e-12
-0.985501233467
0.331309333411
2.92488255837e-13
-0.943522191363
0.383313460285
-0.155222323086
-0.910481642637
0.478452726557
1.58345558887e-13
-0.878113311851
0.531647172134
-0.1455539598
-0.834365225275
0.607061998207
-5.27355936697e-16
-0.794654472292
0.383313460285
0.155222323086
-0.910481642637
0.531647172134
0.1455539598
-0.834365225275
0.722071569189
-0.401344495916
-0.563502657108
0.818273641442
-0.273266529705
-0.505720922509
0.700227699986
-0.268034882679
-0.661693637448
0.785887044779
-0.1372645067
-0.60294279003
0.660664560808
-0.132384646689
-0.738915856788
0.850650808352
-6.10622663544e-16
-0.525731112119
0.731985010856
-4.4408920985e-16
-0.681320734957
0.572241845629
-0.292486829786
-0.766153199114
0.722071569192
0.401344495913
-0.563502657105
0.700227699987
0.268034882679
-0.661693637448
0.572241845629
0.292486829786
-0.766153199114
0.660664560808
0.132384646689
-0.738915856788
0.818273641442
0.273266529705
-0.505720922509
0.785887044779
0.1372645067
-0.60294279003
0.95733705308
2.23970841873e-12
0.288973643781
0.992077941485
2.92321722384e-13
0.125623875198
0.985782528859
-0.155222323086
0.0643337874851
0.999378987019
1.58151269858e-13
-0.0352369167916
0.984038788098
-0.1455539598
-0.102380214419
0.982246946377
-6.10622663544e-16
-0.187592474085
0.985782528859
0.155222323086
0.0643337874851
0.984038788098
0.1455539598
-0.102380214419
0.826932321383
-0.401344495916
-0.393834395972
0.904988128825
-0.268034882679
-0.330384304036
0.890747796973
-0.1372645067
-0.433274528894
0.956364607831
-0.132384646689
-0.260463130231
0.936745439694
-4.99600361081e-16
-0.350011401545
0.941182587039
-0.292486829786
-0.169194539679
0.826932321382
0.401344495913
-0.393834395975
0.904988128825
0.268034882679
-0.330384304037
0.941182587039
0.292486829786
-0.169194539679
0.956364607831
0.132384646689
-0.260463130231
0.890747796973
0.1372645067
-0.433274528894
